1 0.358465625 0.4915671875 0.3611109375 0.490328125 0.3611109375 0.4858625 0.358465625 0.4861109375 0.35537968750000004 0.482390625 0.3456796875 0.478421875 0.325396875 0.47271875 0.32186875000000004 0.47222187499999996 0.32010625 0.4734625 0.319665625 0.4791671875 0.3223109375 0.4858625 0.32186875000000004 0.49776718750000004 0.325396875 0.50545625 0.3417109375 0.5057046875 0.3505296875 0.5017359375 0.353615625 0.498759375 0.358465625 0.4915671875
1 0.3417109375 0.44022812499999997 0.344796875 0.4350203125 0.3412703125 0.4310515625 0.33465625 0.4283234375 0.3258375 0.4290671875 0.3223109375 0.430803125 0.3179015625 0.4303078125 0.3161375 0.4317953125 0.32186875000000004 0.45659687499999996 0.3240734375 0.460565625 0.32627812500000003 0.4610609375 0.3333328125 0.4588296875 0.339946875 0.45411718749999996 0.3421515625 0.44890937500000005 0.3417109375 0.44022812499999997
1 0.369046875 0.34300625 0.3571421875 0.33978125000000003 0.3518515625 0.3405265625 0.343915625 0.3482140625 0.34347500000000003 0.3571421875 0.34700156249999997 0.36135937500000004 0.34920625 0.3685515625 0.3611109375 0.3692953125 0.37610156250000004 0.36135937500000004 0.377865625 0.3588796875 0.3791890625 0.34920625 0.369046875 0.34300625
1 0.5295421874999999 0.4536203125 0.522928125 0.45535781249999996 0.5158734375 0.462796875 0.5163140625 0.4704859375 0.52425 0.4744546875 0.5321875 0.47247031249999993 0.5405640625 0.466765625 0.5410046875 0.46254999999999996 0.5392421875 0.46006875 0.5348328125 0.45585312499999997 0.5295421874999999 0.4536203125
1 0.458553125 0.534721875 0.443121875 0.5314984375 0.43606718750000006 0.540675 0.4356265625 0.5453875 0.44268124999999997 0.552828125 0.44400312499999994 0.556546875 0.453703125 0.556546875 0.462521875 0.553075 0.46604999999999996 0.544146875 0.462521875 0.5369546875 0.458553125 0.534721875
1 0.5163140625 0.56795625 0.5185187499999999 0.5595234375 0.5158734375 0.5525796875 0.510140625 0.5448906250000001 0.50573125 0.5419140625 0.5017640625 0.5419140625 0.49426875 0.5443953125000001 0.48765468749999996 0.548115625 0.48677187499999997 0.5508437500000001 0.48677187499999997 0.5607640625 0.4845671875 0.5634921875 0.485890625 0.569196875 0.49382656249999995 0.5744046875000001 0.5013234375 0.5766375 0.50485 0.5763890625 0.5123453125 0.57266875 0.5163140625 0.56795625
1 0.1768078125 0.5275296875000001 0.175484375 0.5329859375 0.1856265625 0.539434375 0.1909171875 0.5369546875 0.19268125 0.5329859375 0.1917984375 0.5292656250000001 0.1851859375 0.5248015625 0.1812171875 0.525296875 0.1768078125 0.5275296875000001
1 0.1067015625 0.41170625000000005 0.10317499999999999 0.412946875 0.1000875 0.4171625 0.09920625 0.4203875 0.10229218749999999 0.4223703125 0.1159609375 0.42609062499999995 0.1305109375 0.4275796875 0.1305109375 0.421875 0.12566093750000001 0.41691406249999996 0.1208109375 0.4141859375 0.1067015625 0.41170625000000005
1 0.2323640625 0.41245000000000004 0.241621875 0.41170625000000005 0.244709375 0.408234375 0.24206406249999998 0.4057546875 0.2376546875 0.404265625 0.235890625 0.404265625 0.2323640625 0.4077375 0.2323640625 0.41245000000000004
1 0.4925046875 0.3712796875 0.4920640625 0.3727671875 0.49382656249999995 0.37400781250000004 0.49823593749999995 0.37425625 0.5026453125 0.3727671875 0.50485 0.369046875 0.4977953125 0.366071875 0.49515000000000003 0.3673109375 0.4925046875 0.3712796875
1 0.37830625 0.5763890625 0.3805109375 0.57886875 0.3849203125 0.57886875 0.386684375 0.5766375 0.38580312499999997 0.574653125 0.380953125 0.572171875 0.3787484375 0.5729171875 0.37830625 0.5763890625
1 0.5768125000000001 0.42362500000000003 0.5711593749999999 0.42362500000000003 0.5711593749999999 0.42679687499999996 0.5768125000000001 0.42679687499999996 0.5768125000000001 0.42362500000000003
1 0.581775 0.44081562500000004 0.57545625 0.44081562500000004 0.57545625 0.444903125 0.581775 0.444903125 0.581775 0.44081562500000004
1 0.19266250000000001 0.46472499999999994 0.18481406250000001 0.46472499999999994 0.18481406250000001 0.47023593750000003 0.19266250000000001 0.47023593750000003 0.19266250000000001 0.46472499999999994
1 0.1287984375 0.430071875 0.1184328125 0.430071875 0.1184328125 0.43754218749999996 0.1287984375 0.43754218749999996 0.1287984375 0.430071875
1 0.10317499999999999 0.3412703125 0.1018515625 0.3435015625 0.0965609375 0.34474218749999996 0.0780421875 0.3439984375 0.07407343749999999 0.344990625 0.0736328125 0.3482140625 0.0758375 0.353175 0.08245156249999999 0.3556546875 0.0877421875 0.359375 0.1018515625 0.3571421875 0.1053796875 0.3536703125 0.10493749999999999 0.3415171875 0.10317499999999999 0.3412703125
1 0.226190625 0.438740625 0.2283953125 0.4454359375 0.23985937499999999 0.45213281250000004 0.2438265625 0.4516375 0.24911875 0.4474203125 0.24867656249999998 0.4427078125 0.235890625 0.438740625 0.22883593750000003 0.4377484375 0.226190625 0.438740625
1 0.406415625 0.6144640625 0.3993171875 0.6144640625 0.3993171875 0.6162109375 0.406415625 0.6162109375 0.406415625 0.6144640625
1 0.398884375 0.6165546875000001 0.39466875 0.6165546875000001 0.39466875 0.6179734375 0.398884375 0.6179734375 0.398884375 0.6165546875000001
1 0.5911328124999999 0.5824 0.5818921875 0.5824 0.5818921875 0.58445 0.5911328124999999 0.58445 0.5911328124999999 0.5824
1 0.6355640625000001 0.5879703125 0.6268171875 0.5879703125 0.6268171875 0.5896640625 0.6355640625000001 0.5896640625 0.6355640625000001 0.5879703125
1 0.6682046875000001 0.5139515625 0.662190625 0.5139515625 0.662190625 0.516965625 0.6682046875000001 0.516965625 0.6682046875000001 0.5139515625
1 0.4114234375 0.4696734375 0.4009125 0.4696734375 0.4009125 0.47536562499999996 0.4114234375 0.47536562499999996 0.4114234375 0.4696734375
1 0.354496875 0.6227671875 0.33377500000000004 0.6185515625 0.3258375 0.6185515625 0.321428125 0.620784375 0.3192234375 0.6235125 0.3223109375 0.6269843749999999 0.33818281250000004 0.6297125 0.3452375 0.633184375 0.352734375 0.634671875 0.3611109375 0.634671875 0.358465625 0.626240625 0.354496875 0.6227671875
0 0.0661375 0.4357640625 0.0820109375 0.4548609375 0.08333281249999999 0.459078125 0.08950625 0.466765625 0.098325 0.4702375 0.1018515625 0.4811515625 0.107584375 0.48859062499999995 0.1164015625 0.49553593749999997 0.123015625 0.509671875 0.137125 0.5173609375 0.146384375 0.5292656250000001 0.20326249999999998 0.571925 0.26675468750000003 0.6088796875 0.27954218750000004 0.6116078125 0.2821875 0.6150796875 0.2901234375 0.61805625 0.3650796875 0.6354171875 0.37301562499999996 0.6359125 0.377425 0.63368125 0.3884484375 0.634671875 0.39858906250000004 0.6329359375 0.419753125 0.6326890625 0.428571875 0.631696875 0.4351859375 0.6321921875000001 0.5013234375 0.6227671875 0.574515625 0.6076390625 0.5917109375 0.603421875 0.5952375 0.6014390625 0.6071421875 0.59995 0.641534375 0.5927578125 0.6538796875 0.58755 0.6569671875 0.582340625 0.6569671875 0.5639875 0.660053125 0.56175625 0.670634375 0.5352187500000001 0.6671078125000001 0.508928125 0.6538796875 0.48139843750000005 0.6305109375 0.4536203125 0.6269843749999999 0.451884375 0.619046875 0.43973281249999996 0.6128750000000001 0.4350203125 0.602734375 0.4236109375 0.594796875 0.4193953125 0.5921515625 0.414434375 0.5855375 0.408234375 0.5709875 0.4015375 0.5687828125000001 0.3985609375 0.5617281249999999 0.394840625 0.56040625 0.3923609375 0.552028125 0.3903765625 0.5286593749999999 0.3767359375 0.45105781250000004 0.349703125 0.44488593749999994 0.347221875 0.443121875 0.3452375 0.43342187499999996 0.34573437500000004 0.4263671875 0.34474218749999996 0.423721875 0.3454859375 0.419753125 0.3435015625 0.3999125 0.3392859375 0.363315625 0.3420140625 0.354496875 0.34176562499999996 0.3456796875 0.3400296875 0.3412703125 0.3365578125 0.33509687499999996 0.336309375 0.32980624999999997 0.3338296875 0.306878125 0.3311015625 0.30246875 0.3286203125 0.2870375 0.32614062499999996 0.2821875 0.3266375 0.2791 0.3258921875 0.272928125 0.3278765625 0.2614640625 0.3283734375 0.25396874999999997 0.3266375 0.2425046875 0.328125 0.24118124999999999 0.3258921875 0.23941875 0.3256453125 0.23721406250000002 0.3276296875 0.2323640625 0.3263890625 0.2244265625 0.3303578125 0.21913593750000002 0.33010937500000004 0.2144328125 0.334325 0.206790625 0.334078125 0.20414531249999998 0.33250625 0.20414531249999998 0.3298609375 0.2001765625 0.3283734375 0.193121875 0.3298609375 0.1900359375 0.33308593750000004 0.18298125 0.332340625 0.165784375 0.3328375 0.0780421875 0.344990625 0.0758375 0.34449375 0.069665625 0.34995 0.052468749999999995 0.34920625 0.045854687500000005 0.351190625 0.0401234375 0.3521828125 0.03395 0.351934375 0.027337499999999997 0.35391875 0.0211640625 0.353175 0.00573125 0.3596234375 0.004409375 0.362846875 0.00396875 0.3735125 0.0114640625 0.380953125 0.0396828125 0.39558593750000004 0.0405640625 0.398065625 0.04761875 0.404265625 0.054232812500000005 0.4079859375 0.055556249999999995 0.4161703125 0.0661375 0.4357640625
1 0.5 0.9047625 0.50573125 0.9060015625 0.50881875 0.9040171875 0.5074953125 0.9002968750000001 0.5035265625 0.8988093750000001 0.5013234375 0.8988093750000001 0.5 0.90005 0.5 0.9047625
1 0.5 0.97495 0.5 0.9806546875000001 0.5097 0.9833828125 0.5176359374999999 0.9779265625000001 0.5211640625 0.9702375 0.5167546875 0.9670140625 0.5123453125 0.9667656250000001 0.5035265625 0.9702375 0.5 0.97495
0 0.4647265625 0.9764390625000001 0.4682546875 0.983134375 0.4704578125 0.9923109374999999 0.4748671875 0.9975203125000001 0.4748671875 0.9984375 0.652115625 0.9984375 0.656525 0.9930562500000001 0.6635796875 0.9915671875 0.674603125 0.9821421875 0.708553125 0.964534375 0.7213406250000001 0.9513890625 0.7275125 0.946925 0.7323640625000001 0.9464281250000001 0.736771875 0.9444437499999999 0.7720453125 0.9064984375 0.78306875 0.8988093750000001 0.7901234374999999 0.8903765625 0.7945328125 0.8876484375 0.8086421874999999 0.873759375 0.8183421875000001 0.8616078125 0.8214281250000001 0.84449375 0.8280421875 0.823909375 0.8355375 0.8102671875 0.83950625 0.7991078125 0.8412703125000001 0.7859625 0.8412703125000001 0.782490625 0.8390656249999999 0.7797625 0.8417109375 0.7695937500000001 0.8417109375 0.766865625 0.8386250000000001 0.7638890625 0.8399468750000001 0.7435515625 0.8377421875 0.734375 0.8368609375 0.7177578125 0.8337749999999999 0.709821875 0.835096875 0.7006453125000001 0.8240734375000001 0.6765875 0.8223109375 0.6758437500000001 0.8134921875 0.679315625 0.810846875 0.681546875 0.810846875 0.6865078125 0.7985015625 0.684771875 0.7918875 0.6860125 0.7764546875 0.694940625 0.772928125 0.6939484375 0.7671953125 0.6875 0.7619046875000001 0.6852671875 0.75573125 0.6798109375 0.7464734375 0.6743546874999999 0.735890625 0.6708828125 0.7204578125000001 0.6634421875000001 0.7151671875 0.66319375 0.7054671875 0.650296875 0.6940031249999999 0.6416171875 0.6856265625 0.6307046875 0.673721875 0.6240078125 0.6596124999999999 0.6267359375 0.6556437500000001 0.63045625 0.642415625 0.637896875 0.641534375 0.6401296875 0.6300703125 0.6426093749999999 0.617725 0.6540171875 0.607584375 0.6587296874999999 0.597884375 0.665921875 0.593915625 0.671875 0.5886250000000001 0.6738593749999999 0.5776015625 0.6877484375 0.5661375 0.6892359375 0.55555625 0.7075890625000001 0.5449734375 0.71800625 0.5445328125 0.7207343749999999 0.5467375 0.721478125 0.5467375 0.724703125 0.543209375 0.72743125 0.5423281249999999 0.7304062499999999 0.5388 0.7328875 0.5335093750000001 0.7313984375 0.5321875 0.7318953125000001 0.5304234375 0.7358625 0.5299828125 0.748759375 0.5260140625 0.75074375 0.5185187499999999 0.75074375 0.5097 0.7477671875 0.510140625 0.7524796874999999 0.5017640625 0.7636406250000001 0.5017640625 0.7688484375 0.47795468750000003 0.8182046875 0.4783953125 0.8221718750000001 0.4748671875 0.8234125000000001 0.4748671875 0.8328374999999999 0.4682546875 0.84375 0.46560781249999994 0.8457343749999999 0.4607578125 0.8563984375 0.4563484375 0.8596234375 0.4545859375 0.8638390625 0.452821875 0.889384375 0.4492953125 0.891865625 0.44709062499999996 0.8958328124999999 0.44488593749999994 0.90699375 0.44356249999999997 0.933284375 0.44664843750000005 0.9439484374999999 0.4497359375 0.9511406250000001 0.4532625 0.9546125 0.45723125 0.9667656250000001 0.4629625 0.971478125 0.46208125000000005 0.9744546875 0.4647265625 0.9764390625000001
1 0.48553750000000007 0.9545578125 0.47552031250000004 0.9545578125 0.47552031250000004 0.9605218750000001 0.48553750000000007 0.9605218750000001 0.48553750000000007 0.9545578125
1 0.6124296874999999 0.9528874999999999 0.6027109375 0.9528874999999999 0.6027109375 0.9582593749999999 0.6124296874999999 0.9582593749999999 0.6124296874999999 0.9528874999999999
1 0.666175 0.807196875 0.659575 0.807196875 0.659575 0.8116328125000001 0.666175 0.8116328125000001 0.666175 0.807196875
1 0.6759828125 0.8145484375 0.6699421875 0.8145484375 0.6699421875 0.8182046875 0.6759828125 0.8182046875 0.6759828125 0.8145484375
1 0.387125 0.8650796875 0.37698437500000004 0.8640874999999999 0.37301562499999996 0.8625984375 0.3650796875 0.8688 0.363315625 0.8727671875 0.36375625 0.8794640625 0.3664015625 0.8841765625000001 0.369046875 0.8851687500000001 0.3835984375 0.8802078124999999 0.392415625 0.8730156250000001 0.387565625 0.8678078125 0.387125 0.8650796875
1 0.42813125 0.8849203125 0.43783125 0.88665625 0.443121875 0.8859125000000001 0.44709062499999996 0.8683031250000001 0.4413578125 0.8685515625000001 0.4316578125 0.8730156250000001 0.42813125 0.8802078124999999 0.42813125 0.8849203125
1 0.39109375 0.9146828125 0.38624375 0.9119546875 0.369046875 0.9112109374999999 0.3650796875 0.9129468749999999 0.35537968750000004 0.9243546874999999 0.35405625 0.9285718749999999 0.3558203125 0.9317953125 0.3602296875 0.93353125 0.3694890625 0.934028125 0.37698437500000004 0.9315468750000001 0.391975 0.9208828125 0.3928578125 0.919146875 0.39109375 0.9146828125
1 0.43253906249999996 0.9548609375 0.4276890625 0.9501484375 0.419753125 0.9479171875000001 0.415784375 0.9481640625000001 0.396825 0.9551093749999999 0.3937390625 0.9588296875 0.392415625 0.9630453125 0.39462031249999996 0.9642859375 0.4047625 0.964534375 0.415784375 0.9610609374999999 0.423721875 0.9613093750000001 0.4272484375 0.9603171875 0.430334375 0.9585812499999999 0.43253906249999996 0.9548609375
0 0.4501765625 0.96255 0.442240625 0.9357640625 0.4413578125 0.9247265625000001 0.44356249999999997 0.9171625000000001 0.443121875 0.89459375 0.4457671875 0.8886406250000001 0.4457671875 0.8841765625000001 0.4501765625 0.8769843749999999 0.448853125 0.8745046875 0.4501765625 0.8640874999999999 0.45502656249999995 0.8583828125 0.45546718750000004 0.8484624999999999 0.46208125000000005 0.829365625 0.46560781249999994 0.8221718750000001 0.4700171875 0.8191968749999999 0.471340625 0.8147328125 0.47707187500000003 0.8102671875 0.47927656250000006 0.8025796875 0.485890625 0.7966265625 0.4889765625 0.7852187500000001 0.49382656249999995 0.78050625 0.4973546875 0.7728171875000001 0.5 0.7713296875 0.5079359375 0.7524796874999999 0.5154328125000001 0.7477671875 0.5194 0.7361109375 0.5171953125 0.7363593749999999 0.5158734375 0.7383437500000001 0.513228125 0.7388390625000001 0.4704578125 0.76636875 0.42989375 0.7953875 0.423721875 0.7978671875 0.42019375 0.8015874999999999 0.390653125 0.8224203125 0.37169375 0.8415171875 0.367284375 0.8432546875 0.3602296875 0.8484624999999999 0.3558203125 0.859375 0.34788437499999997 0.8690468750000001 0.3474421875 0.8732640625 0.35141093749999996 0.8767359375 0.34920625 0.8888890625 0.3267203125 0.940228125 0.3240734375 0.9739578124999999 0.3236328125 0.9900796875 0.3271609375 0.9950390625000001 0.3280421875 0.9984375 0.47178125 0.9984375 0.46913593750000004 0.9903281249999999 0.45811250000000003 0.972965625 0.45546718750000004 0.9642859375 0.4501765625 0.96255
0 0.7203125 0 0.7203125 0.025 0.7046875 0.040625 0.7109375 0.05 0.7046875 0.05625 0.7015625 0.1109375 0.73125 0.140625 0.7546875 0.178125 0.7921875 0.2 0.9046875 0.2359375 0.9234375 0.2140625 0.959375 0.2015625 0.9953125 0.1734375 0.9984375 0.01875 0.9890625 0.0078125 0.971875 0 0.7203125 0
0 0.2890625 0.321875 0.34375 0.334375 0.434375 0.3390625 0.4875 0.3078125 0.5234375 0.2734375 0.5203125 0.2640625 0.503125 0.2578125 0.4984375 0.246875 0.4828125 0.2375 0.38125 0.21875 0.28125 0.2234375 0.2328125 0.2421875 0.21875 0.25625 0.184375 0.30625 0.1890625 0.325 0.2359375 0.31875 0.2890625 0.321875
0 0.134375 0 0.13125 0.0046875 0.13125 0.0453125 0.153125 0.10625 0.1921875 0.165625 0.2140625 0.184375 0.284375 0.2171875 0.40625 0.215625 0.409375 0.20625 0.35 0.153125 0.340625 0.13125 0.309375 0.096875 0.2828125 0.04375 0.28125 0 0.134375 0
0 0.640625 0.2015625 0.7078125 0.1578125 0.696875 0.0953125 0.675 0.09718750000000001 0.6734375 0.040625 0.665625 0.0328125 0.6578125 0.034375 0.6140625 0.0921875 0.5921875 0.1609375 0.5890625 0.1984375 0.5984375 0.2125 0.609375 0.2125 0.640625 0.2015625
0 0.7359375 0.1921875 0.75 0.1765625 0.7359375 0.15 0.7328125 0.1625 0.709375 0.171875 0.7078125 0.1875 0.6953125 0.1890625 0.7046875 0.196875 0.7359375 0.1921875
0 0 0.63125 0.0078125 0.64375 0.0484375 0.678125 0.128125 0.703125 0.2109375 0.7109375 0.315625 0.7078125 0.41875 0.6859375 0.4578125 0.6671875 0.4296875 0.634375 0.3609375 0.6359375 0.2703125 0.6140625 0.2 0.5734375 0.1234375 0.515625 0.10625 0.5171875 0.059375 0.5421875 0.03125 0.546875 0.009375 0.5625 0 0.5703125 0 0.63125
1 0.328125 0.140625 0.3046875 0.1421875 0.3015625 0.1515625 0.3125 0.1578125 0.3453125 0.1578125 0.328125 0.140625
1 0.290625 0.2828125 0.28125 0.2859375 0.2796875 0.29375 0.2984375 0.303125 0.2984375 0.2875 0.290625 0.2828125
1 0.3140625 0.3015625 0.3078125 0.30625 0.303125 0.321875 0.3203125 0.3265625 0.3265625 0.309375 0.3140625 0.3015625
1 0.3859375 0.3234375 0.38125 0.3140625 0.3515625 0.3171875 0.35 0.325 0.3578125 0.3328125 0.375 0.3328125 0.3859375 0.3234375
1 0.3984375 0.290625 0.3828125 0.2796875 0.3640625 0.278125 0.359375 0.2828125 0.3640625 0.2921875 0.3828125 0.296875 0.3984375 0.290625
1 0.4390625 0.284375 0.4421875 0.2984375 0.4578125 0.290625 0.453125 0.284375 0.4390625 0.284375
1 0.325 0.2921875 0.3234375 0.2984375 0.33125 0.30625 0.3453125 0.2984375 0.325 0.2921875
1 0.821875 0.165625 0.809375 0.165625 0.8046875 0.1703125 0.8078125 0.1796875 0.821875 0.175 0.821875 0.165625
1 0.8046875 0.1921875 0.8 0.2015625 0.8140625 0.20625 0.81875 0.196875 0.8046875 0.1921875
1 0.8375 0.2015625 0.8203125 0.2 0.81875 0.2078125 0.825 0.2140625 0.8390625 0.2109375 0.8375 0.2015625
1 0.9984375 0.175 0.9984375 0.1546875 0.965625 0.1515625 0.965625 0.1671875 0.9734375 0.16875 0.9796875 0.1796875 0.9984375 0.175
1 0.778125 0.06875 0.759375 0.0703125 0.7546875 0.075 0.7578125 0.0828125 0.78125 0.078125 0.778125 0.06875
1 0.725 0.0234375 0.725 0.03125 0.7359375 0.034375 0.74375 0.0203125 0.725 0.0234375
1 0.7078125 0.071875 0.709375 0.084375 0.7234375 0.0859375 0.721875 0.06875 0.7078125 0.071875
1 0.759375 0.0984375 0.7453125 0.0984375 0.74375 0.109375 0.7515625 0.1125 0.759375 0.10625 0.759375 0.0984375
1 0.8078125 0.0453125 0.8015625 0.0515625 0.8046875 0.0609375 0.8171875 0.0484375 0.8078125 0.0453125
1 0.9046875 0.178125 0.9046875 0.1859375 0.921875 0.184375 0.9125 0.175 0.9046875 0.178125
1 0.9359375 0.103125 0.9296875 0.1140625 0.946875 0.125 0.946875 0.10625 0.9359375 0.103125
1 0.7875 0.1203125 0.775 0.1234375 0.7734375 0.1296875 0.78125 0.134375 0.7921875 0.1265625 0.7875 0.1203125
1 0.8640625 0.11875 0.865625 0.1328125 0.88125 0.121875 0.871875 0.115625 0.8640625 0.11875
1 0.75 0.034375 0.746875 0.0515625 0.7578125 0.0578125 0.759375 0.034375 0.75 0.034375
1 0.9828125 0.2796875 0.9734375 0.2875 0.971875 0.2953125 0.984375 0.2984375 0.996875 0.2828125 0.9828125 0.2796875
1 0.9359375 0.3046875 0.9296875 0.3109375 0.9390625 0.315625 0.9421875 0.3078125 0.9359375 0.3046875
1 0.9828125 0.5890625 0.9984375 0.578125 0.9984375 0.55 0.98125 0.54375 0.8859375 0.55625 0.903125 0.5703125 0.9328125 0.5765625 0.9453125 0.590625 0.9828125 0.5890625
1 0.6765625 0.18125 0.6796875 0.1890625 0.7 0.1859375 0.696875 0.1765625 0.6765625 0.18125
1 0.6375 0.09375 0.640625 0.1015625 0.6515625 0.0984375 0.646875 0.0875 0.6375 0.09375
1 0.0640625 0.5796875 0.071875 0.559375 0.059375 0.5578125 0.0640625 0.5796875
1 0.09375 0.5265625 0.0765625 0.5296875 0.0703125 0.5359375 0.0765625 0.5453125 0.096875 0.540625 0.09375 0.5265625
1 0 0.584375 0.0140625 0.5796875 0.0046875 0.5703125 0 0.584375
1 0.028125 0.6125 0.0203125 0.61875 0.0203125 0.6234375 0.0328125 0.625 0.0390625 0.6171875 0.028125 0.6125
1 0.1375 0.6 0.1390625 0.615625 0.1578125 0.6109375 0.1546875 0.603125 0.1375 0.6
0 0.9984375 0.28125 0.96875 0.278125 0.9 0.3015625 0.8796875 0.3140625 0.8765625 0.3328125 0.8921875 0.34375 0.9984375 0.2921875 0.9984375 0.28125
1 0.5828125 0.2296875 0.596875 0.2125 0.578125 0.1921875 0.571875 0.19375 0.5796875 0.203125 0.575 0.2296875 0.5828125 0.2296875
0 0.3203125 0.984375 0.321875 0.9578125 0.3671875 0.840625 0.3796875 0.8234375 0.371875 0.8125 0.3578125 0.815625 0.3453125 0.8109375 0.3265625 0.8171875 0.209375 0.878125 0.1875 0.9109375 0.1859375 0.9234375 0.196875 0.946875 0.2296875 0.9765625 0.3203125 0.984375
1 0.26875 0.9328125 0.2484375 0.934375 0.246875 0.940625 0.2546875 0.946875 0.275 0.9421875 0.26875 0.9328125
1 0.275 0.8921875 0.265625 0.8984375 0.265625 0.90625 0.29375 0.9078125 0.303125 0.8953125 0.275 0.8921875
1 0.215625 0.8984375 0.21875 0.9078125 0.24375 0.903125 0.23125 0.8953125 0.215625 0.8984375
1 0.234375 0.9734375 0.240625 0.98125 0.2703125 0.978125 0.2546875 0.965625 0.234375 0.9734375
1 0.3015625 0.9609375 0.30625 0.9734375 0.3203125 0.971875 0.3140625 0.9578125 0.3015625 0.9609375
1 0.3578125 0.8078125 0.346875 0.8078125 0.3421875 0.8125 0.3453125 0.821875 0.3609375 0.8140625 0.3578125 0.8078125
1 0.3328125 0.84375 0.3328125 0.8546875 0.34375 0.8625 0.365625 0.840625 0.3328125 0.84375