1 0.135803125 0.43849218749999996 0.135803125 0.43973281249999996 0.1384484375 0.44097187499999996 0.146825 0.44146875 0.151675 0.4392359375 0.151234375 0.435515625 0.14197500000000002 0.43452343750000005 0.1384484375 0.435515625 0.135803125 0.43849218749999996
1 0.0361546875 0.35838281250000004 0.033509375 0.35739062499999996 0.028659374999999997 0.35739062499999996 0.0255734375 0.36011875 0.0251328125 0.3658234375 0.0361546875 0.3727671875 0.0489421875 0.372271875 0.052468749999999995 0.3705359375 0.052909375 0.367559375 0.0507046875 0.3650796875 0.044973437500000005 0.36433593750000004 0.0361546875 0.35838281250000004
1 0.231921875 0.451140625 0.23500937500000002 0.45213281250000004 0.26058125 0.447171875 0.2526453125 0.44295625000000005 0.24118124999999999 0.44171562499999995 0.23633125000000002 0.44246093750000004 0.2323640625 0.4451890625 0.231921875 0.451140625
1 0.1340390625 0.46378906249999996 0.137565625 0.46329374999999995 0.1402109375 0.4588296875 0.1340390625 0.45808593750000004 0.132275 0.459078125 0.1305109375 0.462796875 0.1340390625 0.46378906249999996
1 0.22134062499999999 0.5567953125 0.22354531249999998 0.5587796875000001 0.2283953125 0.5585312499999999 0.231921875 0.5567953125 0.23104062500000003 0.5518359375 0.2244265625 0.5518359375 0.22178124999999999 0.55381875 0.22134062499999999 0.5567953125
1 0.2773375 0.407490625 0.27865937500000004 0.4060015625 0.2773375 0.40203437500000005 0.272928125 0.4010421875 0.27028281249999997 0.40277812500000004 0.27116406249999997 0.408234375 0.2773375 0.407490625
1 0.4925046875 0.462796875 0.5017640625 0.4640375 0.5035265625 0.462053125 0.5035265625 0.4583328125 0.5017640625 0.45734062499999995 0.4977953125 0.45734062499999995 0.4929453125 0.4588296875 0.4925046875 0.462796875
1 0.51366875 0.5133921875 0.514990625 0.515625 0.5167546875 0.5166171875 0.5207234374999999 0.5161203125 0.522928125 0.5141375 0.5224875 0.5126484375 0.5163140625 0.5119046875000001 0.51366875 0.5133921875
1 0.5798062500000001 0.5424109374999999 0.58465625 0.540921875 0.5837749999999999 0.53670625 0.5798062500000001 0.5364578125 0.575396875 0.538690625 0.5758375 0.5424109374999999 0.5798062500000001 0.5424109374999999
1 0.56216875 0.4672625 0.5648140625 0.469990625 0.5723109375 0.469990625 0.5740734375 0.467509375 0.5731921875 0.46602187500000003 0.5683421875 0.46453437500000005 0.5626109375 0.46577343750000005 0.56216875 0.4672625
1 0.30026406250000004 0.26016875 0.2998234375 0.2633921875 0.30246875 0.2678578125 0.3095234375 0.26661718749999996 0.31349218749999996 0.26364062499999996 0.31216875 0.2584328125 0.31040625 0.257440625 0.30731875 0.2576890625 0.30026406250000004 0.26016875
1 0.076278125 0.3826890625 0.0736328125 0.383184375 0.071428125 0.384425 0.071428125 0.3888890625 0.0767203125 0.390625 0.08157031249999999 0.389384375 0.08333281249999999 0.3883921875 0.0828921875 0.387153125 0.079365625 0.38368125000000003 0.076278125 0.3826890625
0 0.0211640625 0.36036718749999996 0.0220453125 0.3650796875 0.0255734375 0.372271875 0.0299828125 0.37599218749999996 0.0321875 0.3802078125 0.0308640625 0.3923609375 0.03306875 0.40079374999999995 0.044532812500000005 0.41914687500000003 0.043651562500000005 0.42410781249999996 0.051587499999999994 0.4350203125 0.0546734375 0.4422125 0.052028125 0.451140625 0.0674609375 0.4704859375 0.0679015625 0.482390625 0.07098750000000001 0.48784687499999996 0.08245156249999999 0.4982640625 0.0784828125 0.5017359375 0.080246875 0.5057046875 0.0903875 0.5133921875 0.10229218749999999 0.519840625 0.1067015625 0.5290171875 0.132715625 0.543403125 0.1349203125 0.5486109375 0.1450625 0.5548109375 0.16049375 0.5600203125000001 0.166225 0.5654765625 0.193121875 0.5751484375 0.21208125 0.5858140625 0.25573125 0.599703125 0.2945328125 0.6076390625 0.3099640625 0.6125984375 0.363315625 0.6232640625 0.3699296875 0.62574375 0.3928578125 0.6294640625000001 0.4043203125 0.6307046875 0.41225781250000004 0.63045625 0.4387125 0.6349203125 0.45105781250000004 0.6349203125 0.4594359375 0.637153125 0.47178125 0.6374015625 0.5013234375 0.640625 0.53395 0.640625 0.5489421875 0.6396328125 0.5912703125000001 0.6307046875 0.5956796875 0.6267359375 0.6049375 0.6247515625 0.6155203124999999 0.61954375 0.6212515625 0.615328125 0.622134375 0.6108625 0.61860625 0.60863125 0.6252203125 0.601190625 0.630953125 0.6021828124999999 0.6388890625 0.606646875 0.6538796875 0.603421875 0.6710765624999999 0.5954859375 0.6816578125 0.5887890625 0.6825390625 0.587053125 0.6675484375 0.55704375 0.664903125 0.5431546875000001 0.669753125 0.5146328125 0.6741625 0.50074375 0.6781312500000001 0.46974218749999996 0.6816578125 0.45858125000000005 0.6851859375 0.4548609375 0.6913578125 0.4357640625 0.6904765625 0.431546875 0.689153125 0.430059375 0.684303125 0.42915000000000003 0.6812171874999999 0.4171625 0.6768078125 0.4119546875 0.6719578125 0.40972187499999996 0.6613749999999999 0.3923609375 0.6155203124999999 0.3521828125 0.6111109375 0.3501984375 0.602734375 0.3484625 0.598765625 0.3435015625 0.593915625 0.3415171875 0.57495625 0.32738125 0.5723109375 0.3263890625 0.56040625 0.3258921875 0.5449734375 0.3129953125 0.5304234375 0.3045640625 0.4828046875 0.28993125000000003 0.476190625 0.28621093750000004 0.47354531250000004 0.28323437500000004 0.467371875 0.28050625 0.46208125000000005 0.2797625 0.45546718750000004 0.2814984375 0.4232796875 0.27108125 0.3994703125 0.265625 0.3880078125 0.2651296875 0.3844796875 0.2658734375 0.2619046875 0.25198437500000004 0.25573125 0.2504953125 0.0873015625 0.2380953125 0.079365625 0.237846875 0.0723109375 0.2395828125 0.07098750000000001 0.2428078125 0.0639328125 0.2447921875 0.060846875 0.241815625 0.051587499999999994 0.24057499999999998 0.0370375 0.23561562500000002 0.0321875 0.2358625 0.029099999999999997 0.23412656250000002 0.01851875 0.23412656250000002 0.0114640625 0.23611093749999998 0.01058125 0.24429531249999997 0.007054687499999999 0.24875937499999998 0.0127859375 0.2633921875 0.01058125 0.26760937500000004 0.013668749999999999 0.273065625 0.014990624999999999 0.331596875 0.022928125 0.3536703125 0.0211640625 0.36036718749999996
1 0.3484375 0.9578125 0.328125 0.959375 0.328125 0.984375 0.3375 0.9859375 0.346875 0.9765625 0.3484375 0.9578125
0 0.7484375 0.953125 0.8015625 0.8921875 0.8171875 0.8609375 0.83125 0.8109375 0.8265625 0.76875 0.8109375 0.734375 0.771875 0.696875 0.746875 0.6875 0.71875 0.6875 0.68125 0.703125 0.6703125 0.6859375 0.6703125 0.6640625 0.646875 0.65 0.490625 0.65625 0.4171875 0.671875 0.3796875 0.6671875 0.3390625 0.671875 0.3125 0.6953125 0.284375 0.7609375 0.2859375 0.771875 0.2609375 0.80625 0.265625 0.825 0.2390625 0.8546875 0.24375 0.86875 0.2390625 0.8890625 0.1796875 0.9484375 0.1328125 0.984375 0.1375 0.9984375 0.7109375 0.9984375 0.7328125 0.98125 0.7484375 0.953125