1 0.5418875 0.4895828125 0.5458546875 0.4900796875 0.5485015625 0.48933593750000004 0.5630515625 0.478421875 0.5586421875 0.4764390625 0.5485015625 0.4670140625 0.54276875 0.46602187500000003 0.5286593749999999 0.4685015625 0.513228125 0.4734625 0.5 0.4848703125 0.5 0.4908234375 0.5030859375000001 0.4982640625 0.50485 0.49925625 0.5224875 0.49900781250000004 0.527778125 0.498015625 0.5335093750000001 0.4947921875 0.5365968750000001 0.49131875 0.5418875 0.4895828125
1 0.4788359375 0.5111609374999999 0.47575 0.5126484375 0.47663124999999995 0.5176093749999999 0.4823640625 0.5203375 0.489859375 0.5200890625000001 0.4969140625 0.5176093749999999 0.4973546875 0.5136406250000001 0.49382656249999995 0.5104171875 0.48633125 0.5099203125 0.4788359375 0.5111609374999999
1 0.3990296875 0.5540671875000001 0.39858906250000004 0.55704375 0.400353125 0.558284375 0.4047625 0.558284375 0.41181718749999996 0.5563 0.4166671875 0.5486109375 0.41225781250000004 0.5466265625 0.4043203125 0.5471234375 0.3990296875 0.5540671875000001
1 0.4320984375 0.6150796875 0.4351859375 0.616815625 0.4413578125 0.6165671875000001 0.44356249999999997 0.61483125 0.443121875 0.6098703125 0.4356265625 0.6078875 0.4320984375 0.6096234375 0.4320984375 0.6150796875
1 0.410053125 0.6354171875 0.40387968750000003 0.6356640625 0.395503125 0.63988125 0.3941796875 0.6416171875 0.3941796875 0.647321875 0.396384375 0.6510421875 0.3999125 0.652034375 0.41357968749999996 0.650296875 0.423721875 0.6463296875 0.42504375000000005 0.6436015625 0.419753125 0.637896875 0.410053125 0.6354171875
1 0.1384484375 0.6254953125 0.142415625 0.6235125 0.14197500000000002 0.6188 0.1388890625 0.6170640625 0.13315625 0.6188 0.1287484375 0.6230156250000001 0.1384484375 0.6254953125
1 0.1543203125 0.5912703125000001 0.1578484375 0.5952375 0.16181718750000001 0.59375 0.1644625 0.587053125 0.1622578125 0.584821875 0.1591703125 0.584325 0.1543203125 0.58680625 0.1543203125 0.5912703125000001
1 0.197971875 0.55233125 0.197971875 0.5587796875000001 0.2001765625 0.5600203125000001 0.2045859375 0.559771875 0.20723124999999998 0.55704375 0.20634843749999998 0.5545640625 0.2045859375 0.5525796875 0.20149843750000002 0.5518359375 0.197971875 0.55233125
0 0.075 0.528125 0.0875 0.4890625 0.0875 0.4671875 0.0828125 0.4390625 0.0609375 0.4 0.0203125 0.36875 0.0015625 0.3625 0 0.65625 0.0046875 0.65625 0.0296875 0.625 0.075 0.528125
1 0.075396875 0.57738125 0.083775 0.5749015625 0.09127031249999999 0.569940625 0.0917109375 0.5602671875 0.085978125 0.5625 0.0731921875 0.5761406250000001 0.075396875 0.57738125
1 0.3258375 0.46775781250000004 0.3425921875 0.4670140625 0.349646875 0.467509375 0.3571421875 0.46949375 0.3659609375 0.46949375 0.37301562499999996 0.467509375 0.38315625 0.459078125 0.3844796875 0.44692499999999996 0.377865625 0.43849218749999996 0.37698437500000004 0.43452343750000005 0.382715625 0.4275796875 0.382715625 0.4236109375 0.37654375 0.421875 0.3646390625 0.4233625 0.353175 0.4275796875 0.3522921875 0.43253906249999996 0.3474421875 0.4372515625 0.3456796875 0.44122031249999993 0.33509687499999996 0.4466765625 0.3267203125 0.45808593750000004 0.3223109375 0.45932500000000004 0.31878281249999996 0.46254999999999996 0.3258375 0.46775781250000004
1 0.5405640625 0.4275796875 0.5361546875000001 0.4250984375 0.5299828125 0.4236109375 0.5251328125 0.4236109375 0.518078125 0.42683593750000004 0.5167546875 0.4275796875 0.5167546875 0.43204374999999995 0.5211640625 0.4379953125 0.5251328125 0.4392359375 0.5313046875 0.4392359375 0.5365968750000001 0.4375 0.5418875 0.4317953125 0.5405640625 0.4275796875
1 0.2244265625 0.47743125 0.22266249999999999 0.478421875 0.22266249999999999 0.482390625 0.22795468749999998 0.484375 0.23148125 0.4838796875 0.23324531249999997 0.48139843750000005 0.23104062500000003 0.47817499999999996 0.2283953125 0.4766859375 0.2244265625 0.47743125
1 0.334215625 0.5181046874999999 0.331128125 0.521578125 0.3315703125 0.525296875 0.3456796875 0.522321875 0.348325 0.5195937500000001 0.348765625 0.5166171875 0.3452375 0.5133921875 0.3417109375 0.5133921875 0.334215625 0.5181046874999999
1 0.5123453125 0.552828125 0.5097 0.5498515625 0.5061734375 0.5515875 0.505290625 0.5525796875 0.5097 0.554315625 0.5123453125 0.552828125
1 0.53306875 0.5515875 0.5370375000000001 0.551090625 0.5401234374999999 0.5491078125 0.537478125 0.5473703125 0.5317453125 0.54761875 0.5304234375 0.5488593749999999 0.53306875 0.5515875
1 0.580246875 0.540921875 0.576278125 0.539434375 0.5718687499999999 0.540178125 0.5709875 0.54141875 0.5758375 0.5446421875 0.580246875 0.540921875
0 0.0771609375 0.6463296875 0.079365625 0.6498015625 0.0784828125 0.6560015625 0.08333281249999999 0.659721875 0.11287499999999999 0.66245 0.1305109375 0.66245 0.1534390625 0.6639390625 0.3425921875 0.6602187500000001 0.367284375 0.6567453125 0.3805109375 0.65625 0.387565625 0.6545140625 0.419753125 0.6545140625 0.4215171875 0.652778125 0.4823640625 0.6391375 0.5365968750000001 0.6240078125 0.552909375 0.6178078124999999 0.5630515625 0.6123515625 0.5758375 0.60863125 0.5837749999999999 0.6049109374999999 0.585978125 0.60243125 0.5912703125000001 0.6014390625 0.617725 0.5890375 0.622575 0.587796875 0.630953125 0.58358125 0.6335984375 0.5806046874999999 0.6455031250000001 0.5766375 0.6618171875 0.5674609375 0.6644625 0.5605156250000001 0.6772484375000001 0.552828125 0.6807765625 0.5473703125 0.6851859375 0.5466265625 0.6900359375 0.5404265625 0.6935625 0.5391859375 0.7076718750000001 0.52579375 0.7186953125 0.5171125 0.7244265624999999 0.5141375 0.7420640625 0.49776718750000004 0.7438265625 0.4942953125 0.7477953125 0.4923109375 0.75 0.485615625 0.7574953125 0.482390625 0.7711640625 0.46651718750000004 0.7716046875 0.454365625 0.773809375 0.4513890625 0.777778125 0.435515625 0.7764546875 0.4310515625 0.77821875 0.419890625 0.7724875 0.41245000000000004 0.77336875 0.400296875 0.7791 0.3891375 0.7791 0.3841765625 0.7751328125 0.3829359375 0.7663140625 0.3826890625 0.7526453125 0.3841765625 0.7477953125 0.3881453125 0.7438265625 0.387896875 0.70723125 0.3807046875 0.6940031249999999 0.3802078125 0.6820984375 0.37574375 0.6569671875 0.37599218749999996 0.6481484375 0.37425625 0.6344796875000001 0.37425625 0.608465625 0.3767359375 0.599646875 0.3754953125 0.58950625 0.3754953125 0.56216875 0.379215625 0.5405640625 0.3772328125 0.50881875 0.382440625 0.5017640625 0.3812 0.49823593749999995 0.3826890625 0.49382656249999995 0.3826890625 0.485890625 0.384671875 0.4823640625 0.387153125 0.47156093749999994 0.38963281250000004 0.447971875 0.3911203125 0.43253906249999996 0.397321875 0.419753125 0.400296875 0.41137499999999994 0.4067453125 0.400353125 0.408234375 0.395503125 0.41765937500000005 0.392415625 0.41691406249999996 0.3902109375 0.420634375 0.3840390625 0.42286718749999996 0.3796296875 0.4265875 0.36684375 0.4250984375 0.36067031250000003 0.42534687499999996 0.3549375 0.4233625 0.3456796875 0.42286718749999996 0.3417109375 0.42534687499999996 0.32980624999999997 0.42633906250000003 0.3086421875 0.431546875 0.306878125 0.43328437500000005 0.2751328125 0.4389875 0.26234531250000004 0.4439484375 0.2517640625 0.4459328125 0.241621875 0.45213281250000004 0.2204578125 0.4603171875 0.2151671875 0.46428593749999997 0.189153125 0.478421875 0.1812171875 0.4848703125 0.165784375 0.4935515625 0.1626984375 0.4985125 0.119046875 0.5332343749999999 0.102734375 0.5486109375 0.1000875 0.5533234375 0.0736328125 0.5803578125 0.0683421875 0.5897812499999999 0.0639328125 0.59375 0.052468749999999995 0.6143359375 0.0502640625 0.6225203125000001 0.0507046875 0.630953125 0.055114062500000005 0.6386406250000001 0.057318749999999995 0.63988125 0.0683421875 0.641865625 0.07407343749999999 0.6416171875 0.0784828125 0.644096875 0.0771609375 0.6463296875
0 0 0.81175625 0.0022046875 0.8122515625 0.0030859375 0.8214281250000001 0.00485 0.8234125000000001 0.0167546875 0.8234125000000001 0.0211640625 0.8251484375 0.027337499999999997 0.8249015625 0.029099999999999997 0.8301093749999999 0.0321875 0.8286203125 0.036596875 0.82886875 0.041446875 0.8271328125 0.044973437500000005 0.8276296875 0.0498234375 0.8306046874999999 0.0586421875 0.8301093749999999 0.06701875 0.8360609374999999 0.0674609375 0.8377968750000001 0.076278125 0.8400296875000001 0.08994687500000001 0.8420140625 0.094796875 0.8415171875 0.1146390625 0.8435015625 0.12477968749999999 0.8432546875 0.1305109375 0.8452375 0.1291890625 0.8494546875 0.12125156249999999 0.853175 0.11816562500000001 0.8571421875 0.1053796875 0.8603671875 0.0956796875 0.8663187499999999 0.093475 0.8692953125 0.09303281249999999 0.875 0.0855375 0.87896875 0.084215625 0.8809531249999999 0.07980625 0.8821921875 0.0767203125 0.89136875 0.065696875 0.8990578125 0.061287499999999995 0.9119546875 0.0537921875 0.9159218750000001 0.051587499999999994 0.9193953125000001 0.0485015625 0.9208828125 0.04276875 0.9330359375 0.0357140625 0.9394843749999999 0.0308640625 0.9623015625000001 0.0313046875 0.9677578125 0.0361546875 0.9707343749999999 0.0396828125 0.978175 0.0405640625 0.9984375 0.3941796875 0.9984375 0.3937390625 0.9933031250000001 0.3880078125 0.9766859374999999 0.39594375 0.9719734375 0.396384375 0.9677578125 0.3844796875 0.946925 0.387125 0.9427078124999999 0.387125 0.9389875 0.380953125 0.9285718749999999 0.3791890625 0.915675 0.3664015625 0.90228125 0.3659609375 0.8960812499999999 0.36067031250000003 0.8921125 0.33377500000000004 0.8603671875 0.32980624999999997 0.8539187500000001 0.32892343749999997 0.8492062499999999 0.320546875 0.8439984375 0.3148140625 0.8392859375 0.3143734375 0.8373015625000001 0.2905640625 0.8182046875 0.286596875 0.8157234375 0.27954218750000004 0.8134921875 0.268078125 0.8033234374999999 0.26455 0.79761875 0.24426874999999998 0.787203125 0.2328046875 0.7790171875 0.21781250000000002 0.77108125 0.1957671875 0.7633921875 0.18430312499999998 0.7606640625 0.169753125 0.7549609375 0.127865625 0.744046875 0.11684375 0.743303125 0.10493749999999999 0.73983125 0.0881828125 0.737103125 0.06525625 0.7348703125 0.0493828125 0.7348703125 0.0343921875 0.737103125 0.019840625 0.74131875 0.0030859375 0.7477671875 0.0022046875 0.757440625 0.0035265625 0.7624015625 0 0.7673609375 0 0.81175625
0 0.5515875 0.9630453125 0.5559968750000001 0.96800625 0.5617281249999999 0.9709828125 0.5630515625 0.9744546875 0.5784828125 0.9923109374999999 0.579365625 0.9984375 0.8179015625 0.9984375 0.8179015625 0.9977671875 0.8231921874999999 0.9928078125 0.831128125 0.9900796875 0.8328921875 0.9868546874999999 0.8302468749999999 0.9811515625 0.831128125 0.9677578125 0.8284828125000001 0.9585812499999999 0.8258374999999999 0.9553578125 0.8276015624999999 0.9508921875 0.81216875 0.9164187500000001 0.805996875 0.91021875 0.8042328124999999 0.9052578125 0.798059375 0.8990578125 0.7892421875 0.8836812500000001 0.7843921875000001 0.8807046875 0.7808640625 0.873759375 0.764109375 0.862103125 0.7535265625 0.8573906250000001 0.736771875 0.844990625 0.6856265625 0.8214281250000001 0.6494703125 0.8070437500000001 0.6331562500000001 0.7921625 0.632715625 0.790178125 0.622575 0.7797625 0.6150796875 0.7748015625 0.6071421875 0.7740578124999999 0.6005296875 0.775296875 0.5912703125000001 0.7810015625 0.584215625 0.7834828125 0.5674609375 0.7948906250000001 0.5617281249999999 0.801090625 0.5551140625000001 0.8050593750000001 0.537478125 0.8229171875000001 0.5246906250000001 0.8298609375 0.5171953125 0.8382937500000001 0.5070546874999999 0.8452375 0.5008812500000001 0.8546625000000001 0.4925046875 0.8608625 0.49029999999999996 0.8802078124999999 0.4920640625 0.8953374999999999 0.49470937499999995 0.9017859375 0.49911874999999994 0.90550625 0.5145500000000001 0.9305562500000001 0.5251328125 0.9444437499999999 0.54276875 0.9585812499999999 0.5515875 0.9630453125
1 0.22001718750000002 0.8100203125000001 0.21208125 0.8028281249999999 0.1904765625 0.8000984375 0.1851859375 0.80084375 0.1741625 0.8045640625000001 0.1569671875 0.813740625 0.1591703125 0.8182046875 0.165784375 0.8211812500000001 0.1913578125 0.8298609375 0.20061718750000002 0.8311015625 0.20855312499999998 0.8291171875 0.21605 0.8251484375 0.21869531250000002 0.8206843750000001 0.22001718750000002 0.8100203125000001
1 0.34788437499999997 0.8754953125 0.33906562500000004 0.8685515625000001 0.33377500000000004 0.862103125 0.3231921875 0.8630953124999999 0.307759375 0.8690468750000001 0.306878125 0.8732640625 0.30908281249999997 0.8782234375 0.3179015625 0.8854171875000001 0.3314234375 0.8870703125 0.33818281250000004 0.8901296875 0.34612031249999997 0.8831843750000001 0.35141093749999996 0.8809531249999999 0.34788437499999997 0.8754953125
1 0.296296875 0.8494546875 0.2985015625 0.847965625 0.2989421875 0.8452375 0.2949734375 0.8427578125 0.2901234375 0.8442453125 0.29100468749999997 0.8484624999999999 0.296296875 0.8494546875
1 0.1538796875 0.9486609375 0.14417968750000001 0.9551093749999999 0.14197500000000002 0.9588296875 0.146384375 0.9615578125 0.151234375 0.9620531250000001 0.166225 0.9563484375 0.1679890625 0.9548609375 0.1671078125 0.9511406250000001 0.16181718750000001 0.9494046875000001 0.1538796875 0.9486609375
1 0.6618171875 0.8511906249999999 0.6701937499999999 0.84995 0.6723984375 0.8454859375 0.66534375 0.8387890625000001 0.64594375 0.824653125 0.642415625 0.824653125 0.64109375 0.8256453125000001 0.6388890625 0.830853125 0.6388890625 0.8422625 0.642415625 0.8505296875000001 0.6384484375 0.8534218750000001 0.642415625 0.853175 0.641534375 0.8526781250000001 0.6455031250000001 0.84771875 0.650353125 0.847965625 0.6618171875 0.8511906249999999
1 0.6168437499999999 0.8526781250000001 0.6111109375 0.8509421875 0.6067015625 0.8603671875 0.6058203125 0.8670640625000001 0.6071421875 0.8690468750000001 0.62169375 0.876240625 0.6305109375 0.8839281250000001 0.6344796875000001 0.8797124999999999 0.6349203125 0.8720234375 0.6252203125 0.8573906250000001 0.6168437499999999 0.8526781250000001
1 0.7539687500000001 0.8985609374999999 0.754409375 0.9015375000000001 0.76058125 0.9047625 0.7667546875 0.9037703125000001 0.7702828125 0.9007937500000001 0.768078125 0.8963296875 0.764109375 0.8953374999999999 0.7561734375 0.8963296875 0.7539687500000001 0.8985609374999999
1 0.7597 0.984375 0.74426875 0.9853671875 0.7380953124999999 0.98834375 0.7376546875 0.990575 0.7438265625 0.9977671875 0.7438265625 0.9984375 0.7861546875000001 0.9984375 0.78395 0.9947921875000001 0.7843921875000001 0.9900796875 0.7821875 0.988590625 0.7597 0.984375
1 0.6812171874999999 0.9806546875000001 0.6776890625 0.98040625 0.675484375 0.981646875 0.6768078125 0.9866078125 0.6860671875000001 0.9980156250000001 0.6860671875000001 0.9984375 0.7151671875 0.9984375 0.7151671875 0.9980156250000001 0.7089953125 0.9923109374999999 0.6962078125 0.9848703125 0.6812171874999999 0.9806546875000001
1 0.576278125 0.9769343750000001 0.5718687499999999 0.9776781250000001 0.570546875 0.9786703125 0.5727515624999999 0.9821421875 0.5718687499999999 0.9863593749999999 0.575396875 0.9984375 0.603615625 0.9984375 0.6005296875 0.9918156249999999 0.5873015625 0.9823906250000001 0.576278125 0.9769343750000001
1 0.2614640625 0.5682046875 0.26322812500000003 0.569196875 0.2671953125 0.569196875 0.268959375 0.5682046875 0.27028281249999997 0.5639875 0.2671953125 0.5627484375 0.2627859375 0.5647328125 0.2614640625 0.5682046875
1 0.6208109375 0.9169140625000001 0.6230156250000001 0.9188984375 0.6269843749999999 0.9193953125000001 0.6287484375 0.9164187500000001 0.62830625 0.9119546875 0.6230156250000001 0.9087296874999999 0.6208109375 0.91021875 0.6208109375 0.9169140625000001
0 0.7921875 0.690625 0.8609375 0.6859375 0.9453125 0.6984375 0.9984375 0.675 0.9984375 0.471875 0.9703125 0.4765625 0.965625 0.484375 0.9375 0.4921875 0.9 0.4859375 0.8 0.540625 0.790625 0.553125 0.8234375 0.6140625 0.8234375 0.6484375 0.7921875 0.690625
1 0.9203125 0.5546875 0.9125 0.5453125 0.8890625 0.54375 0.86875 0.5484375 0.8578125 0.5578125 0.8578125 0.56875 0.8796875 0.575 0.9125 0.565625 0.9203125 0.5546875
1 0.9671875 0.55625 0.965625 0.5640625 0.9984375 0.575 0.9984375 0.5453125 0.9671875 0.55625
1 0.859375 0.53125 0.859375 0.5421875 0.871875 0.540625 0.8703125 0.53125 0.859375 0.53125
1 0.8296875 0.6046875 0.825 0.615625 0.834375 0.6203125 0.8375 0.6109375 0.8296875 0.6046875
1 0.896875 0.9203125 0.8421875 0.896875 0.825 0.896875 0.81875 0.903125 0.821875 0.9203125 0.8421875 0.93125 0.871875 0.93125 0.896875 0.9203125
1 0.9109375 0.8828125 0.928125 0.878125 0.9375 0.8671875 0.9390625 0.840625 0.9328125 0.821875 0.8421875 0.8015625 0.8390625 0.809375 0.859375 0.86875 0.884375 0.8796875 0.9109375 0.8828125
1 0.978125 0.896875 0.9765625 0.9125 0.9984375 0.9203125 0.9984375 0.8875 0.978125 0.896875
0 0.840625 0.9984375 0.9984375 0.9984375 0.9934890624999999 0.86328125 0.8802078124999999 0.8567703124999999 0.8033859375000001 0.8684890624999999 0.8171875 0.9265625 0.8296875 0.9671875 0.828125 0.9875 0.840625 0.9984375
1 0.984375 0.753125 0.9640625 0.7578125 0.96875 0.7671875 0.978125 0.7671875 0.9875 0.7578125 0.984375 0.753125
1 0.0640625 0.8234375 0.0546875 0.8140625 0.0328125 0.8140625 0.00625 0.8234375 0.0046875 0.8296875 0.015625 0.8328125 0.0640625 0.834375 0.0640625 0.8234375
1 0.0375 0.7359375 0.04375 0.753125 0.0640625 0.740625 0.05625 0.734375 0.0375 0.7359375
1 0.4640625 0.946875 0.45625 0.9265625 0.440625 0.9203125 0.415625 0.921875 0.4171875 0.93125 0.4453125 0.9546875 0.4578125 0.9546875 0.4640625 0.946875
1 0.003125 0.9375 0 0.946875 0.009375 0.9453125 0.0109375 0.940625 0.003125 0.9375
1 0.6453125 0.5859375 0.646875 0.603125 0.6578125 0.6078125 0.65625 0.590625 0.6453125 0.5859375
1 0.7140625 0.6125 0.715625 0.628125 0.728125 0.6125 0.7203125 0.6046875 0.7140625 0.6125
1 0.7421875 0.603125 0.740625 0.6140625 0.75 0.6171875 0.7515625 0.6 0.7421875 0.603125
0 0.6890625 0.6734375 0.70625 0.6890625 0.715625 0.715625 0.7921875 0.6921875 0.815625 0.6609375 0.821875 0.6421875 0.81875 0.603125 0.775 0.534375 0.746875 0.5171875 0.73125 0.5171875 0.6546875 0.5765625 0.6515625 0.5828125 0.659375 0.60625 0.6859375 0.6546875 0.6890625 0.6734375
1 0 0.45625 0.0125 0.4390625 0.0046875 0.4296875 0 0.43125 0 0.45625
0 0.8984375 0.471875 0.934375 0.4765625 0.9984375 0.465625 0.9984375 0.3609375 0.825 0.3828125 0.7890625 0.3953125 0.7953125 0.3953125 0.825 0.428125 0.8984375 0.471875
1 0.9234375 0.428125 0.9125 0.43125 0.9125 0.4390625 0.9234375 0.4453125 0.934375 0.4375 0.9234375 0.428125
1 0.9890625 0.4515625 0.9875 0.44375 0.971875 0.440625 0.965625 0.4421875 0.965625 0.45 0.975 0.4546875 0.9890625 0.4515625
1 0.959375 0.384375 0.9578125 0.3953125 0.975 0.390625 0.971875 0.3828125 0.959375 0.384375
1 0.9078125 0.390625 0.896875 0.39375 0.89375 0.403125 0.9 0.4078125 0.915625 0.396875 0.9078125 0.390625
1 0.8796875 0.4515625 0.8859375 0.4640625 0.9 0.4609375 0.8921875 0.4515625 0.8796875 0.4515625
1 0.9421875 0.453125 0.934375 0.4625 0.95625 0.4625 0.9546875 0.45625 0.9421875 0.453125
1 0.8328125 0.3859375 0.821875 0.3875 0.8234375 0.4 0.8375 0.3984375 0.8328125 0.3859375
0 0.5109375 0 0.496875 0.0109375 0.49375 0.028125 0.50625 0.040625 0.5296875 0.0453125 0.575 0.075 0.640625 0.0953125 0.678125 0.1171875 0.684375 0.1140625 0.6890625 0.08125 0.721875 0.0484375 0.7359375 0.015625 0.725 0 0.5109375 0
1 0.571875 0.028125 0.5609375 0.0234375 0.54375 0.040625 0.5421875 0.0484375 0.559375 0.0640625 0.5703125 0.0515625 0.571875 0.028125
1 0.6703125 0.0578125 0.6609375 0.065625 0.659375 0.08125 0.6671875 0.090625 0.678125 0.0703125 0.6703125 0.0578125
1 0.7 0.01875 0.684375 0.01875 0.684375 0.0328125 0.696875 0.0359375 0.709375 0.0265625 0.7 0.01875
1 0.5890625 0.028125 0.59375 0.046875 0.6171875 0.040625 0.6140625 0.0265625 0.5890625 0.028125
0 0.86875 0.228125 0.9515625 0.2328125 0.9984375 0.221875 0.996875 0.13125 0.934375 0.1234375 0.821875 0.125 0.8203125 0.1375 0.834375 0.153125 0.85625 0.2171875 0.86875 0.228125
1 0.9953125 0.190625 0.9390625 0.190625 0.9359375 0.1984375 0.971875 0.2109375 0.9984375 0.2 0.9953125 0.190625
1 0.90625 0.203125 0.90625 0.215625 0.9265625 0.2125 0.9234375 0.203125 0.90625 0.203125
1 0.8875 0.2140625 0.884375 0.221875 0.8953125 0.228125 0.9 0.215625 0.8875 0.2140625
1 0.8703125 0.19375 0.871875 0.209375 0.8953125 0.2015625 0.8875 0.1921875 0.8703125 0.19375
1 0.9734375 0.128125 0.9640625 0.134375 0.965625 0.1421875 0.9859375 0.14375 0.990625 0.1296875 0.9734375 0.128125
1 0.9140625 0.1703125 0.9125 0.18125 0.93125 0.178125 0.9265625 0.1671875 0.9140625 0.1703125
1 0.9390625 0.1390625 0.91875 0.1390625 0.9125 0.146875 0.9171875 0.153125 0.9390625 0.1515625 0.9390625 0.1390625
1 0.9578125 0.1671875 0.9578125 0.18125 0.96875 0.18125 0.9734375 0.16875 0.9578125 0.1671875
0 0.9984375 0.04375 0.9796875 0.0359375 0.903125 0.025 0.865625 0.025 0.8796875 0.046875 0.903125 0.0640625 0.9984375 0.109375 0.9984375 0.04375
1 0.98125 0.0484375 0.98125 0.0578125 0.9984375 0.05625 0.9984375 0.046875 0.98125 0.0484375
1 0.95 0.0890625 0.9609375 0.090625 0.95 0.078125 0.95 0.0890625
1 0.9421875 0.0328125 0.934375 0.0375 0.94375 0.0421875 0.959375 0.0390625 0.9421875 0.0328125
0 0 0.33125 0.1359375 0.3265625 0.1828125 0.31875 0.2703125 0.321875 0.2671875 0.296875 0.2484375 0.275 0.2203125 0.25625 0.1734375 0.240625 0.140625 0.2421875 0.009375 0.2734375 0 0.278125 0 0.33125
1 0.0796875 0.3078125 0.046875 0.30625 0.04375 0.3109375 0.0546875 0.321875 0.08125 0.321875 0.0796875 0.3078125
1 0.153125 0.2859375 0.15 0.2984375 0.165625 0.29375 0.165625 0.2828125 0.153125 0.2859375
1 0.2078125 0.2921875 0.1921875 0.30625 0.2125 0.3046875 0.215625 0.2984375 0.2078125 0.2921875
0 0.2859375 0.3671875 0.3125 0.3953125 0.340625 0.4078125 0.35625 0.4015625 0.4078125 0.4 0.4609375 0.3828125 0.5296875 0.3734375 0.678125 0.371875 0.68125 0.365625 0.6765625 0.3515625 0.6609375 0.3375 0.6140625 0.3140625 0.5546875 0.2984375 0.5015625 0.296875 0.4671875 0.3171875 0.309375 0.321875 0.2796875 0.33125 0.234375 0.353125 0.2390625 0.359375 0.246875 0.3546875 0.2859375 0.3671875
1 0.4625 0.3171875 0.4515625 0.3234375 0.4921875 0.3390625 0.5015625 0.3265625 0.4859375 0.3171875 0.4625 0.3171875
1 0.5859375 0.3703125 0.5546875 0.3453125 0.5328125 0.334375 0.5203125 0.3359375 0.5125 0.346875 0.525 0.3703125 0.546875 0.375 0.5859375 0.3703125
1 0.4703125 0.36875 0.4453125 0.36875 0.4390625 0.375 0.44375 0.3875 0.4859375 0.3796875 0.4703125 0.36875
1 0.5484375 0.3265625 0.5453125 0.3203125 0.5328125 0.31875 0.528125 0.3234375 0.53125 0.33125 0.540625 0.3328125 0.5484375 0.3265625
1 0.603125 0.3515625 0.6015625 0.3609375 0.625 0.3609375 0.621875 0.353125 0.603125 0.3515625
1 0.25625 0.746875 0.2484375 0.734375 0.2390625 0.73125 0.209375 0.7359375 0.2078125 0.74375 0.225 0.75 0.25 0.7515625 0.25625 0.746875
1 0.3703125 0.6734375 0.353125 0.6734375 0.346875 0.6765625 0.35 0.6828125 0.371875 0.68125 0.3703125 0.6734375
1 0.578125 0.6734375 0.5734375 0.6640625 0.5515625 0.6640625 0.5453125 0.6734375 0.5546875 0.68125 0.571875 0.6828125 0.578125 0.6734375
1 0.5515625 0.640625 0.553125 0.65 0.571875 0.6484375 0.565625 0.640625 0.5515625 0.640625
1 0.6 0.628125 0.5890625 0.634375 0.5875 0.6421875 0.5953125 0.65 0.6109375 0.6375 0.6 0.628125
1 0.5359375 0.7 0.5171875 0.7 0.51875 0.7109375 0.5328125 0.7109375 0.5375 0.7046875 0.5359375 0.7
1 0.3890625 0.678125 0.384375 0.684375 0.4 0.6890625 0.3984375 0.6796875 0.3890625 0.678125
1 0.625 0.6625 0.6 0.671875 0.59375 0.6828125 0.60625 0.6890625 0.65625 0.66875 0.625 0.6625
1 0.65 0.7578125 0.65 0.7515625 0.6390625 0.7453125 0.6078125 0.753125 0.60625 0.759375 0.6171875 0.7703125 0.634375 0.7703125 0.65 0.7578125
0 0.425 0.771875 0.4890625 0.75625 0.5453125 0.721875 0.5671875 0.7171875 0.5859375 0.6890625 0.5765625 0.6859375 0.559375 0.6640625 0.5609375 0.6546875 0.534375 0.6296875 0.4828125 0.6453125 0.409375 0.6578125 0.19375 0.665625 0.1421875 0.7125 0.1328125 0.7140625 0.125 0.7078125 0.121875 0.690625 0.1109375 0.7046875 0.0984375 0.7328125 0.215625 0.7625 0.228125 0.771875 0.425 0.771875
0 0.5734375 0.7796875 0.6140625 0.771875 0.6296875 0.778125 0.678125 0.746875 0.6953125 0.7203125 0.696875 0.7 0.6765625 0.6625 0.653125 0.6421875 0.634375 0.653125 0.640625 0.665625 0.6375 0.678125 0.6171875 0.6859375 0.5984375 0.6796875 0.5578125 0.725 0.5296875 0.784375 0.525 0.8 0.540625 0.803125 0.5671875 0.790625 0.5734375 0.7796875
1 0.584375 0.60625 0.56875 0.6125 0.5671875 0.6171875 0.590625 0.6171875 0.6 0.6109375 0.584375 0.60625