1 0.5612874999999999 0.429315625 0.5546734375 0.4327875 0.5537921875 0.4357640625 0.56040625 0.44122031249999993 0.5648140625 0.44171562499999995 0.5731921875 0.43973281249999996 0.5740734375 0.43402812500000004 0.5723109375 0.4310515625 0.5687828125000001 0.429315625 0.5612874999999999 0.429315625
1 0.372134375 0.3256453125 0.367284375 0.326884375 0.3646390625 0.32886875 0.3619921875 0.3338296875 0.368165625 0.341021875 0.37301562499999996 0.3432546875 0.3791890625 0.3439984375 0.38624375 0.3422625 0.387565625 0.33755 0.38139375000000003 0.3276296875 0.372134375 0.3256453125
1 0.49118125 0.309028125 0.48324531249999997 0.3100203125 0.481040625 0.3127484375 0.4806 0.3142359375 0.485009375 0.3172125 0.49382656249999995 0.319196875 0.5008812500000001 0.318453125 0.5039687500000001 0.3149796875 0.5030859375000001 0.3122515625 0.500440625 0.31051562499999996 0.49118125 0.309028125
1 0.514990625 0.3216765625 0.5176359374999999 0.3229171875 0.5251328125 0.321428125 0.527778125 0.318453125 0.5260140625 0.3122515625 0.518959375 0.31175625 0.514109375 0.3139875 0.514990625 0.3216765625
1 0.608025 0.3415171875 0.6150796875 0.34375 0.6256609375 0.340278125 0.6256609375 0.3365578125 0.6230156250000001 0.33358125 0.6119921875000001 0.3338296875 0.608025 0.3365578125 0.608025 0.3415171875
1 0.735890625 0.3311015625 0.730159375 0.33308593750000004 0.730159375 0.3365578125 0.7323640625000001 0.33978125000000003 0.73941875 0.342509375 0.7482359375 0.3412703125 0.7522046875 0.337796875 0.7513234375 0.334078125 0.7438265625 0.3313484375 0.735890625 0.3311015625
1 0.8730156250000001 0.35540625000000003 0.872575 0.3576390625 0.8769843749999999 0.360615625 0.88139375 0.360615625 0.887565625 0.35739062499999996 0.885803125 0.35391875 0.88139375 0.35243125000000003 0.8756609375 0.3529265625 0.8730156250000001 0.35540625000000003
1 0.6578484375 0.287203125 0.6618171875 0.290675 0.6693125 0.290178125 0.6723984375 0.2869546875 0.6693125 0.28224218749999996 0.6613749999999999 0.2829859375 0.6582890625 0.285465625 0.6578484375 0.287203125
1 0.6247796875 0.22817500000000002 0.622575 0.230159375 0.62169375 0.232390625 0.6252203125 0.2358625 0.6305109375 0.2368546875 0.6393296875 0.23611093749999998 0.64109375 0.2318953125 0.6384484375 0.22867031249999997 0.62830625 0.22743125000000003 0.6247796875 0.22817500000000002
1 0.5965609374999999 0.20287656250000002 0.59920625 0.205109375 0.6053796874999999 0.2046125 0.6097890625 0.201140625 0.60405625 0.197171875 0.59920625 0.1974203125 0.5965609374999999 0.1999015625 0.5965609374999999 0.20287656250000002
1 0.7323640625000001 0.18402812500000001 0.7275125 0.1827875 0.7204578125000001 0.18526718749999999 0.711640625 0.1932046875 0.7112 0.1974203125 0.712521875 0.19816406250000002 0.7244265624999999 0.19766875 0.7279546875 0.1966765625 0.731921875 0.19444375 0.7336859375 0.191715625 0.7341265625 0.18675625 0.7323640625000001 0.18402812500000001
1 0.619046875 0.11359062499999999 0.6194890625 0.0994546875 0.613315625 0.0987109375 0.607584375 0.09995000000000001 0.593475 0.107390625 0.5820109375 0.115328125 0.581128125 0.119046875 0.585096875 0.1240078125 0.5956796875 0.13194375 0.6000875 0.1326890625 0.6181656249999999 0.12698437499999998 0.6230156250000001 0.1232640625 0.622575 0.1192953125 0.619046875 0.11359062499999999
1 0.8024687500000001 0.073909375 0.7945328125 0.07291718750000001 0.787478125 0.0736609375 0.7804234375 0.07911718749999999 0.7799828125 0.0880453125 0.78306875 0.09052656249999999 0.7910046875 0.0922625 0.8029093749999999 0.0892859375 0.805996875 0.08754999999999999 0.8077593750000001 0.0838296875 0.80731875 0.07614062499999999 0.8024687500000001 0.073909375
1 0.52425 0.1453375 0.5260140625 0.147321875 0.5370375000000001 0.1470734375 0.5370375000000001 0.1408734375 0.53306875 0.13715312500000001 0.5268953125 0.13839218749999999 0.52425 0.14112031249999998 0.52425 0.1453375
1 0.4096125 0.2271828125 0.4087296875 0.228421875 0.41225781250000004 0.23164687499999997 0.41798906249999995 0.2328875 0.42239843749999995 0.23214218749999999 0.4241625 0.22792656249999999 0.4219578125 0.226190625 0.41181718749999996 0.22569374999999997 0.4096125 0.2271828125
1 0.3880078125 0.23040625 0.392415625 0.232390625 0.396384375 0.23263906250000002 0.39858906250000004 0.2294140625 0.397265625 0.2259421875 0.39109375 0.22494999999999998 0.386684375 0.226934375 0.3880078125 0.23040625
1 0.3456796875 0.238590625 0.343915625 0.24131874999999997 0.343915625 0.2447921875 0.348325 0.24776718749999999 0.3522921875 0.2485125 0.358025 0.24776718749999999 0.3611109375 0.24355156249999999 0.3571421875 0.2393359375 0.34920625 0.23759843749999998 0.3456796875 0.238590625
1 0.36860624999999997 0.3147328125 0.37389843749999996 0.3157234375 0.3791890625 0.3142359375 0.3805109375 0.31051562499999996 0.37698437500000004 0.308284375 0.372575 0.3077875 0.367284375 0.309771875 0.36860624999999997 0.3147328125
1 0.3271609375 0.300346875 0.324515625 0.301090625 0.32275156250000003 0.30381874999999997 0.3223109375 0.3067953125 0.3258375 0.3100203125 0.3430328125 0.3139875 0.3456796875 0.3162203125 0.34920625 0.315228125 0.34920625 0.3092765625 0.3452375 0.306546875 0.3271609375 0.300346875
1 0.2852734375 0.3025796875 0.2870375 0.3067953125 0.29717812499999996 0.306546875 0.2985015625 0.3020828125 0.2945328125 0.2991078125 0.2896828125 0.2991078125 0.2861546875 0.301090625 0.2852734375 0.3025796875
1 0.3324515625 0.359375 0.331128125 0.3616078125 0.33465625 0.365328125 0.3403875 0.3665671875 0.34700156249999997 0.365575 0.3456796875 0.36135937500000004 0.34347500000000003 0.3598703125 0.3377421875 0.35838281250000004 0.3324515625 0.359375
1 0.4373890625 0.40897812499999997 0.4413578125 0.4079859375 0.4417984375 0.404265625 0.439153125 0.40277812500000004 0.43342187499999996 0.405009375 0.43253906249999996 0.408234375 0.4373890625 0.40897812499999997
1 0.44047656249999995 0.3172125 0.443121875 0.3209328125 0.45061718749999996 0.3209328125 0.4541453125 0.318453125 0.4545859375 0.3142359375 0.44709062499999996 0.311259375 0.44091718750000003 0.31349218749999996 0.44047656249999995 0.3172125
1 0.5070546874999999 0.3501984375 0.510140625 0.352678125 0.5185187499999999 0.352678125 0.5216046875 0.351190625 0.5211640625 0.3467265625 0.5176359374999999 0.34474218749999996 0.5079359375 0.34771874999999997 0.5070546874999999 0.3501984375
1 0.5630515625 0.3807046875 0.5559968750000001 0.383184375 0.5542328125 0.384425 0.5551140625000001 0.3883921875 0.56525625 0.3908734375 0.5837749999999999 0.3903765625 0.5864203125 0.38864062499999996 0.5828921874999999 0.38368125000000003 0.57495625 0.3812 0.5630515625 0.3807046875
1 0.50485 0.4372515625 0.5035265625 0.4392359375 0.50485 0.44047656249999995 0.513228125 0.443453125 0.5211640625 0.44444375 0.52425 0.4432046875 0.5211640625 0.43675625 0.5097 0.4350203125 0.50485 0.4372515625
1 0.4312171875 0.4528765625 0.4351859375 0.454365625 0.439153125 0.45411718749999996 0.442240625 0.451140625 0.439153125 0.44915625 0.4356265625 0.44866093749999997 0.4312171875 0.4499015625 0.4312171875 0.4528765625
1 0.390653125 0.44915625 0.387125 0.4528765625 0.387565625 0.45684531249999993 0.390653125 0.4583328125 0.40784843750000005 0.45684531249999993 0.41137499999999994 0.4548609375 0.41093437499999996 0.45089218750000004 0.40740781249999997 0.44915625 0.3999125 0.4479171875 0.390653125 0.44915625
1 0.348325 0.42559531249999993 0.34788437499999997 0.4275796875 0.3505296875 0.42881875 0.357584375 0.42881875 0.3611109375 0.4275796875 0.359346875 0.423859375 0.3571421875 0.42261875 0.3509703125 0.42286718749999996 0.348325 0.42559531249999993
1 0.6071421875 0.4786703125 0.6067015625 0.482390625 0.6097890625 0.4848703125 0.617284375 0.4868546875 0.622575 0.4858625 0.62345625 0.48214218750000004 0.6168437499999999 0.476190625 0.6119921875000001 0.476190625 0.6071421875 0.4786703125
1 0.79276875 0.462796875 0.7989421875 0.46254999999999996 0.8015874999999999 0.4588296875 0.79761875 0.45758906250000003 0.7923281249999999 0.4578375 0.7910046875 0.459821875 0.79276875 0.462796875
1 0.887565625 0.41964218750000004 0.8849203125 0.41815468750000007 0.8778656249999999 0.41815468750000007 0.8615515625000001 0.42113125 0.853615625 0.4270828125 0.8492062499999999 0.4322921875 0.8492062499999999 0.4451890625 0.8505296875000001 0.44618125 0.8571421875 0.4466765625 0.8659609375 0.43973281249999996 0.8734562499999999 0.43650781250000004 0.8849203125 0.4275796875 0.887565625 0.4236109375 0.887565625 0.41964218750000004
1 0.46913593750000004 0.532490625 0.46781249999999996 0.534721875 0.467371875 0.5369546875 0.4704578125 0.53993125 0.4744265625 0.54141875 0.48368593750000005 0.540675 0.48545 0.5369546875 0.481921875 0.5317453125 0.47354531250000004 0.5307546875 0.46913593750000004 0.532490625
1 0.4823640625 0.52579375 0.4841265625 0.5272812499999999 0.49029999999999996 0.5282734375 0.4925046875 0.525296875 0.49029999999999996 0.52256875 0.485009375 0.5213296875 0.4828046875 0.5228171875000001 0.4823640625 0.52579375
1 0.4969140625 0.503471875 0.4964734375 0.5057046875 0.5008812500000001 0.5084328124999999 0.509259375 0.508184375 0.5114640625 0.5057046875 0.5079359375 0.5014875 0.50485 0.5 0.49911874999999994 0.5004953125 0.4969140625 0.503471875
1 0.5216046875 0.514384375 0.5211640625 0.5181046874999999 0.522928125 0.5200890625000001 0.5304234375 0.5205859375 0.5335093750000001 0.5178578125 0.5317453125 0.5136406250000001 0.5286593749999999 0.5124015625 0.5246906250000001 0.5124015625 0.5216046875 0.514384375
1 0.5291 0.2447921875 0.5273375 0.24727187499999997 0.5291 0.2514875 0.5467375 0.251240625 0.5493828125 0.248015625 0.54761875 0.241071875 0.5449734375 0.23983125 0.5410046875 0.240328125 0.5352734375 0.24528750000000002 0.5291 0.2447921875
1 0.646825 0.09474218749999999 0.647265625 0.09995000000000001 0.6578484375 0.10292656250000001 0.6631390625 0.09895781249999999 0.6635796875 0.094990625 0.6618171875 0.092509375 0.6578484375 0.09201406250000001 0.6499125 0.09300625 0.646825 0.09474218749999999
0 0.3430328125 0.41121093750000004 0.348325 0.4350203125 0.35537968750000004 0.44196406250000003 0.3611109375 0.4439484375 0.363315625 0.4459328125 0.3602296875 0.4506453125 0.3619921875 0.4546125 0.3615515625 0.45932500000000004 0.362875 0.4640375 0.3664015625 0.4682546875 0.369046875 0.48710312499999997 0.3752203125 0.5014875 0.37654375 0.5181046874999999 0.3747796875 0.5429062499999999 0.3708109375 0.5493546874999999 0.369046875 0.5575390625 0.37389843749999996 0.5575390625 0.37698437500000004 0.5605156250000001 0.38227500000000003 0.5585312499999999 0.3999125 0.5600203125000001 0.406084375 0.5634921875 0.41181718749999996 0.5649796874999999 0.4351859375 0.5580359374999999 0.4400359375 0.55381875 0.443121875 0.55233125 0.447971875 0.5525796875 0.4594359375 0.5458828125 0.46693125 0.5451390625 0.46913593750000004 0.5404265625 0.48633125 0.53745 0.4929453125 0.5334828125 0.5 0.5352187500000001 0.50573125 0.534721875 0.5185187499999999 0.53050625 0.5440921875 0.52579375 0.54761875 0.5240578124999999 0.560846875 0.52108125 0.56525625 0.5188484375 0.5827453125 0.5158734375 0.5917109375 0.51636875 0.607584375 0.5131453125000001 0.6106703125 0.5109125 0.6230156250000001 0.509671875 0.6238984375000001 0.507440625 0.6296296875 0.5052078125 0.6344796875000001 0.505953125 0.6446203125000001 0.5022328125 0.6538796875 0.5022328125 0.6574078125 0.505953125 0.673721875 0.5057046875 0.6825390625 0.5029765625 0.689153125 0.5044640625000001 0.6917984374999999 0.5037203124999999 0.7010578125 0.5039687500000001 0.7041453125 0.5029765625 0.717371875 0.5032234375 0.73633125 0.505953125 0.739859375 0.5037203124999999 0.7438265625 0.5039687500000001 0.7491187499999999 0.5024796874999999 0.764109375 0.502728125 0.768078125 0.5049609375 0.7799828125 0.5019843749999999 0.7817453125 0.4975203125 0.810846875 0.4875984375 0.8476625 0.45945 0.8558203125 0.4548609375 0.8514109375000001 0.451884375 0.8778656249999999 0.41765937500000005 0.8805109375000001 0.4171625 0.8880078125 0.40897812499999997 0.8924156249999999 0.407490625 0.897265625 0.4037703125 0.9012343749999999 0.3963296875 0.901675 0.38864062499999996 0.9126984374999999 0.37698437500000004 0.9135796875000001 0.3725203125 0.91049375 0.3650796875 0.915784375 0.358134375 0.9276890625 0.3494546875 0.9285718749999999 0.3415171875 0.9228390624999999 0.33680625000000003 0.9232796875 0.3333328125 0.9254843749999999 0.33010937500000004 0.9316578124999999 0.3258921875 0.944003125 0.31051562499999996 0.9431218749999999 0.3048109375 0.9413578125000001 0.305059375 0.9338625 0.301090625 0.9356265625000001 0.29489062499999996 0.939153125 0.2916671875 0.9435625 0.28323437500000004 0.9448859374999999 0.27628906249999996 0.9422406249999999 0.2700890625 0.933421875 0.264384375 0.9387125 0.2529765625 0.9431218749999999 0.24776718749999999 0.9431218749999999 0.24355156249999999 0.93474375 0.2388390625 0.9387125 0.220734375 0.9373890625 0.21329375 0.9351859375 0.2103171875 0.9316578124999999 0.209078125 0.9254843749999999 0.20932499999999998 0.9215171874999999 0.2062671875 0.9241625000000001 0.18055625 0.9197531250000001 0.16964218749999999 0.9144625 0.165921875 0.9096125 0.165178125 0.900353125 0.15228124999999998 0.896384375 0.133928125 0.8884484374999999 0.126240625 0.8778656249999999 0.1267359375 0.8752203125 0.1235125 0.877425 0.0942453125 0.8730156250000001 0.07886875 0.8761015625 0.071428125 0.8853609375 0.0602671875 0.891534375 0.0486109375 0.918871875 0.017609375 0.915784375 0.012896874999999999 0.9069671874999999 0.0141375 0.9047625 0.012896874999999999 0.90564375 0.009671875 0.9034390625000001 0.0091765625 0.900353125 0.0104171875 0.8985890624999999 0.0133921875 0.8840390625 0.0166171875 0.8192234375 0.052331249999999996 0.7288359375 0.07192499999999999 0.7213406250000001 0.072171875 0.697090625 0.080853125 0.6772484375000001 0.091021875 0.6732796875 0.09201406250000001 0.6675484375 0.0915171875 0.664021875 0.0873015625 0.6578484375 0.0873015625 0.5709875 0.1103671875 0.5687828125000001 0.1096234375 0.5643734375 0.11011875 0.5458546875 0.119046875 0.5445328125 0.12177656249999999 0.5299828125 0.12996093749999998 0.5255734375000001 0.1287203125 0.5171953125 0.129215625 0.5039687500000001 0.13368125 0.4272484375 0.17385937499999998 0.41887187499999995 0.1813 0.414021875 0.1877484375 0.400353125 0.1907234375 0.39462031249999996 0.193453125 0.3869046875 0.20225624999999997 0.37698437500000004 0.2036203125 0.3747796875 0.20486093749999998 0.357584375 0.2212296875 0.353175 0.21999062500000002 0.349646875 0.2202375 0.3452375 0.222965625 0.3377421875 0.23164687499999997 0.3267203125 0.2522328125 0.31349218749999996 0.25545625 0.31040625 0.2633921875 0.30643750000000003 0.2686015625 0.30467343750000003 0.2755453125 0.2892421875 0.29290625000000003 0.2892421875 0.29588281250000004 0.2954140625 0.2986109375 0.2958546875 0.3004296875 0.29188749999999997 0.3020828125 0.2905640625 0.3015875 0.2852734375 0.305059375 0.27954218750000004 0.31448437500000004 0.27865937500000004 0.3209328125 0.277778125 0.34176562499999996 0.2958546875 0.3568953125 0.302028125 0.3658234375 0.311728125 0.37003906249999996 0.31878281249999996 0.3764875 0.3355375 0.404265625 0.33950625 0.4064984375 0.3430328125 0.41121093750000004
1 0.11992968749999999 0.435515625 0.11948906249999999 0.439484375 0.12522031250000001 0.44196406250000003 0.1305109375 0.44171562499999995 0.137565625 0.4392359375 0.1384484375 0.43526718750000004 0.1344796875 0.4322921875 0.12654375 0.43253906249999996 0.11992968749999999 0.435515625
1 0.0207234375 0.412203125 0.0167546875 0.4139390625 0.0158734375 0.41641874999999995 0.0176359375 0.41914687500000003 0.02336875 0.42113125 0.0321875 0.419890625 0.0370375 0.4161703125 0.032628125 0.41245000000000004 0.0264546875 0.41170625000000005 0.0207234375 0.412203125
1 0.23148125 0.38988125 0.2306 0.3928578125 0.23412656250000002 0.394840625 0.2403 0.394840625 0.24426874999999998 0.39260937500000004 0.2429453125 0.38963281250000004 0.23985937499999999 0.3881453125 0.23412656250000002 0.3883921875 0.23148125 0.38988125
1 0.268959375 0.39136875 0.268078125 0.3928578125 0.2707234375 0.3963296875 0.27469062499999997 0.397321875 0.28086406249999996 0.3963296875 0.2817453125 0.39260937500000004 0.27865937500000004 0.389384375 0.2724875 0.38963281250000004 0.268959375 0.39136875
1 0.16754843749999998 0.396825 0.17019375 0.3985609375 0.174603125 0.396825 0.174603125 0.3943453125 0.173721875 0.39260937500000004 0.169753125 0.3923609375 0.1679890625 0.3936015625 0.16754843749999998 0.396825
1 0.3646390625 0.4702375 0.3611109375 0.46651718750000004 0.35537968750000004 0.47172656249999995 0.3562609375 0.478421875 0.3650796875 0.4826390625 0.3646390625 0.4702375
1 0.353175 0.44196406250000003 0.349646875 0.44246093750000004 0.3474421875 0.4466765625 0.34700156249999997 0.451140625 0.34920625 0.454365625 0.35670156249999996 0.4603171875 0.35890625 0.460565625 0.36067031250000003 0.45932500000000004 0.35890625 0.45014843750000005 0.35537968750000004 0.4432046875 0.353175 0.44196406250000003
1 0.30643750000000003 0.512896875 0.3033515625 0.5188484375 0.302909375 0.5213296875 0.30643750000000003 0.523065625 0.31878281249999996 0.52430625 0.32186875000000004 0.523809375 0.3231921875 0.5220734375 0.32010625 0.5161203125 0.31040625 0.5111609374999999 0.30643750000000003 0.512896875
1 0.35890625 0.5486109375 0.3650796875 0.5520828125 0.369046875 0.5483625 0.3699296875 0.540675 0.36860624999999997 0.540178125 0.3611109375 0.5419140625 0.359346875 0.543403125 0.35890625 0.5486109375
1 0.325396875 0.55555625 0.3240734375 0.5602671875 0.32627812500000003 0.5607640625 0.329365625 0.556546875 0.325396875 0.55555625
1 0.1305109375 0.5622515625 0.1344796875 0.5615078125 0.135803125 0.556546875 0.1305109375 0.5563 0.1287484375 0.5587796875000001 0.12830625 0.5605156250000001 0.1305109375 0.5622515625
1 0.024690625 0.542659375 0.027778124999999997 0.5411703125 0.0251328125 0.5362109375 0.022928125 0.5369546875 0.0211640625 0.5396828124999999 0.0207234375 0.540921875 0.024690625 0.542659375
1 0.10846562500000001 0.45089218750000004 0.11067031249999999 0.451884375 0.11552031250000001 0.45089218750000004 0.11552031250000001 0.447171875 0.1111109375 0.445684375 0.10846562500000001 0.447171875 0.10846562500000001 0.45089218750000004
0 0 0.41121093750000004 0.0022046875 0.41170625000000005 0.0035265625 0.438740625 0.0022046875 0.5411703125 0.0035265625 0.625 0.00573125 0.6299609375 0.010140625 0.629215625 0.0194 0.633184375 0.02425 0.6326890625 0.044532812500000005 0.637153125 0.0502640625 0.6374015625 0.059964062500000005 0.6403765625 0.099646875 0.6416171875 0.10582031249999999 0.6396328125 0.12698437499999998 0.6436015625 0.1353609375 0.6438484375 0.14109375 0.6450890625000001 0.151234375 0.6445937500000001 0.1578484375 0.646578125 0.1671078125 0.6455859375 0.20943593749999997 0.6463296875 0.2244265625 0.6443453124999999 0.2275125 0.6416171875 0.23721406250000002 0.64136875 0.2438265625 0.6401296875 0.2482359375 0.6386406250000001 0.24955937499999997 0.6356640625 0.2751328125 0.63988125 0.282628125 0.639384375 0.28395000000000004 0.6386406250000001 0.28306875 0.6356640625 0.27954218750000004 0.633928125 0.277778125 0.6279765625 0.27954218750000004 0.6227671875 0.2905640625 0.6200390625 0.302909375 0.619046875 0.3148140625 0.6158234375 0.324515625 0.610615625 0.33068749999999997 0.609375 0.3408296875 0.599703125 0.3509703125 0.5865578124999999 0.358025 0.571925 0.358465625 0.5665921875000001 0.363315625 0.5600203125000001 0.36419687500000003 0.555059375 0.362875 0.553075 0.3655203125 0.5483625 0.3650796875 0.54613125 0.3619921875 0.5471234375 0.359346875 0.5448906250000001 0.3602296875 0.540921875 0.36860624999999997 0.5391859375 0.37169375 0.5307546875 0.37169375 0.5017359375 0.3694890625 0.493303125 0.3650796875 0.482390625 0.36067031250000003 0.48065468750000007 0.3562609375 0.476190625 0.35670156249999996 0.4702375 0.3518515625 0.46527812500000004 0.3522921875 0.46180625 0.34700156249999997 0.4479171875 0.3500875 0.4389875 0.3430328125 0.42633906250000003 0.3425921875 0.4161703125 0.33818281250000004 0.4087296875 0.3315703125 0.40277812500000004 0.324515625 0.38864062499999996 0.3148140625 0.37574375 0.310846875 0.3725203125 0.30114687500000004 0.3678078125 0.28835937500000003 0.35243125000000003 0.27336875 0.344990625 0.2566140625 0.3296125 0.194003125 0.290921875 0.1887125 0.288690625 0.1851859375 0.2849703125 0.1812171875 0.2829859375 0.16534374999999998 0.2787703125 0.164021875 0.275296875 0.1525578125 0.2673609375 0.1384484375 0.2641375 0.132275 0.2641375 0.12698437499999998 0.259671875 0.1111109375 0.25198437500000004 0.0970015625 0.251240625 0.0873015625 0.24776718749999999 0.083775 0.24355156249999999 0.0776015625 0.243303125 0.046296875 0.2333828125 0.044532812500000005 0.2306546875 0.0396828125 0.228421875 0.0255734375 0.22668593750000002 0.0211640625 0.2237109375 0.0167546875 0.222965625 0.013228124999999999 0.21999062500000002 0.00485 0.2202375 0.0022046875 0.2313984375 0.0030859375 0.2447921875 0 0.2522328125 0.0022046875 0.252728125 0.0026453125 0.2688484375 0.0026453125 0.4045140625 0 0.407490625 0 0.41121093750000004
1 0.49426875 0.58680625 0.49074062500000004 0.5853171875000001 0.48633125 0.585565625 0.481921875 0.58755 0.4788359375 0.5907734375 0.47927656250000006 0.594990625 0.4823640625 0.5994546875 0.4885359375 0.6016859375 0.49426875 0.6016859375 0.4977953125 0.599703125 0.49867656250000003 0.5969734375 0.49867656250000003 0.5917656250000001 0.49426875 0.58680625
1 0.35670156249999996 0.6865078125 0.3597890625 0.6855156250000001 0.36067031250000003 0.680803125 0.35670156249999996 0.680059375 0.353615625 0.6825390625 0.353175 0.6855156250000001 0.35670156249999996 0.6865078125
1 0.37169375 0.6932046875 0.36860624999999997 0.6912203124999999 0.362875 0.693453125 0.3611109375 0.697171875 0.3655203125 0.6981640625 0.37169375 0.6932046875
1 0.560846875 0.6626984375 0.5639328124999999 0.6639390625 0.56701875 0.6634421875000001 0.5687828125000001 0.662203125 0.5683421875 0.6577375 0.5643734375 0.65625 0.560846875 0.6579859375 0.560846875 0.6626984375
1 0.6402109375 0.5736609374999999 0.6397703124999999 0.5766375 0.642415625 0.5791171875 0.646384375 0.5798609375 0.651675 0.578125 0.6525578125 0.5751484375 0.6499125 0.571925 0.6437390625 0.571428125 0.6402109375 0.5736609374999999
1 0.5723109375 0.5376984375 0.5758375 0.5404265625 0.5815703125 0.539434375 0.5833328125 0.5369546875 0.580246875 0.5322421875 0.57495625 0.5327375 0.5723109375 0.535465625 0.5723109375 0.5376984375
1 0.58465625 0.5520828125 0.5837749999999999 0.556546875 0.5864203125 0.559028125 0.5912703125000001 0.56175625 0.5961203125 0.5610125 0.597884375 0.5563 0.5956796875 0.554315625 0.5908296875 0.55233125 0.58465625 0.5520828125
1 0.6860671875000001 0.5520828125 0.67989375 0.5525796875 0.6772484375000001 0.5563 0.6768078125 0.561259375 0.6790125 0.5654765625 0.6812171874999999 0.5664687500000001 0.6904765625 0.5654765625 0.693121875 0.5639875 0.6940031249999999 0.559771875 0.6900359375 0.5533234375 0.6860671875000001 0.5520828125
1 0.6635796875 0.5446421875 0.669753125 0.546875 0.674603125 0.54613125 0.6759265625 0.5451390625 0.674603125 0.538690625 0.6693125 0.5376984375 0.664021875 0.539434375 0.6635796875 0.5446421875
1 0.759259375 0.5287703125000001 0.763228125 0.5282734375 0.763228125 0.522321875 0.759259375 0.5213296875 0.7561734375 0.5235609375 0.7566140625 0.527778125 0.759259375 0.5287703125000001
1 0.7323640625000001 0.6113593749999999 0.7244265624999999 0.6217765625 0.7244265624999999 0.627728125 0.7314812500000001 0.6287203124999999 0.7380953124999999 0.6269843749999999 0.74515 0.615328125 0.7438265625 0.6111109375 0.741621875 0.6098703125 0.73633125 0.6098703125 0.7323640625000001 0.6113593749999999
1 0.8126109375 0.62425625 0.81040625 0.6269843749999999 0.8130515624999999 0.629215625 0.8187828125 0.6299609375 0.8218687499999999 0.6289687500000001 0.8236328125 0.6264875 0.8209875 0.6235125 0.8143734374999999 0.6227671875 0.8126109375 0.62425625
1 0.9704578125 0.7452875 0.9700171875000001 0.7485125 0.9744265625 0.7522328125 0.9823640625 0.751240625 0.985009375 0.7480156250000001 0.9841265625 0.744046875 0.9823640625 0.74305625 0.9744265625 0.74305625 0.9704578125 0.7452875
1 0.462521875 0.7703375 0.46604999999999996 0.77108125 0.4704578125 0.7705859375 0.47266250000000004 0.7676093749999999 0.4709 0.7641375 0.4638453125 0.764384375 0.46208125000000005 0.765625 0.462521875 0.7703375
1 0.390653125 0.7408234375 0.392415625 0.7420640625 0.396384375 0.7420640625 0.400353125 0.7400796875 0.40079374999999995 0.7361109375 0.39462031249999996 0.7353671875 0.39109375 0.7361109375 0.390653125 0.7408234375
1 0.46693125 0.8050593750000001 0.46649062499999994 0.8072921875000001 0.4700171875 0.8105156250000001 0.4744265625 0.8122515625 0.48015937500000005 0.8107640625 0.4788359375 0.8070437500000001 0.4744265625 0.8035718749999999 0.4700171875 0.8025796875 0.46693125 0.8050593750000001
1 0.386684375 0.6130953124999999 0.38580312499999997 0.615575 0.3880078125 0.619046875 0.391975 0.6205359374999999 0.396384375 0.6202875 0.396825 0.61805625 0.3941796875 0.6145828125 0.3884484375 0.6123515625 0.386684375 0.6130953124999999
1 0.9166671875000001 0.538690625 0.9241625000000001 0.5376984375 0.929453125 0.5334828125 0.9122578125 0.5310015625 0.9091703125 0.5317453125 0.9096125 0.5369546875 0.9166671875000001 0.538690625
0 0.32627812500000003 0.7423109375 0.32980624999999997 0.7477671875 0.33465625 0.7497515625 0.3509703125 0.7636406250000001 0.359346875 0.7661203125 0.3619921875 0.7713296875 0.3708109375 0.775296875 0.3743390625 0.7792656250000001 0.3884484375 0.7834828125 0.390653125 0.7876984375 0.3999125 0.7943953125000001 0.4559078125 0.8261406250000001 0.48545 0.8420140625 0.4973546875 0.8447421875 0.5022046875 0.8494546875 0.505290625 0.8504468749999999 0.5758375 0.8727671875 0.6000875 0.875 0.60890625 0.8769843749999999 0.6159609374999999 0.8807046875 0.6269843749999999 0.8839281250000001 0.6375656249999999 0.8861609375 0.642415625 0.8856640625000001 0.64594375 0.8886406250000001 0.6596124999999999 0.8908734375 0.6719578125 0.8916171875 0.6909171875 0.8963296875 0.703703125 0.8983140625000001 0.71208125 0.8993062500000001 0.7244265624999999 0.8988093750000001 0.74118125 0.9042656250000001 0.8571421875 0.9188984375 0.956790625 0.924603125 0.9779546874999999 0.9275796875 0.9814812500000001 0.92261875 0.99426875 0.923115625 0.9964734375000001 0.9170796875 0.9984375 0.9141859374999999 0.9984375 0.6579859375 0.9973546875 0.657490625 0.9969140624999999 0.6552578125 0.9969140624999999 0.5577875 0.99603125 0.5486109375 0.99426875 0.5463796875 0.9854499999999999 0.54613125 0.981040625 0.5436515625 0.9783953125 0.540178125 0.96693125 0.53819375 0.9629625 0.5364578125 0.9153437500000001 0.5329859375 0.89594375 0.5275296875000001 0.8646390625 0.5260421875 0.8289234375 0.5208328125 0.810846875 0.5166171875 0.7870375000000001 0.51488125 0.7760140625 0.5158734375 0.7508812500000001 0.5126484375 0.7482359375 0.509425 0.7438265625 0.5104171875 0.7403 0.508928125 0.7191359375 0.507440625 0.689153125 0.5076890625 0.6662250000000001 0.509425 0.6384484375 0.5091765625 0.6349203125 0.5106640625 0.6305109375 0.509425 0.6247796875 0.512153125 0.617284375 0.5133921875 0.617284375 0.5141375 0.580246875 0.5213296875 0.5718687499999999 0.5208328125 0.5291 0.530009375 0.5097 0.5357140625000001 0.50573125 0.537946875 0.4977953125 0.5396828124999999 0.491621875 0.5443953125000001 0.47222187499999996 0.5471234375 0.46649062499999994 0.5488593749999999 0.458553125 0.55381875 0.42460312499999997 0.5639875 0.420634375 0.5664687500000001 0.40564375 0.571925 0.4025578125 0.5744046875000001 0.386684375 0.579365625 0.37169375 0.587796875 0.353175 0.601190625 0.3474421875 0.6071421875 0.34347500000000003 0.6173109375 0.3421515625 0.6264875 0.3430328125 0.6386406250000001 0.34788437499999997 0.6470734375 0.362434375 0.650296875 0.3664015625 0.6532734375 0.3659609375 0.6567453125 0.3597890625 0.6612109375 0.353175 0.659721875 0.3522921875 0.662203125 0.35537968750000004 0.665178125 0.353175 0.667659375 0.34920625 0.6679062499999999 0.3465609375 0.6713796875 0.3412703125 0.6701390625 0.329365625 0.67261875 0.32627812500000003 0.677828125 0.3209875 0.6790671875000001 0.31701875 0.681546875 0.3148140625 0.6852671875 0.30643750000000003 0.6894843749999999 0.302028125 0.7008921875 0.3015875 0.709325 0.3037921875 0.7167656250000001 0.30820156249999997 0.724703125 0.3139328125 0.7294140625 0.3139328125 0.7323906250000001 0.3192234375 0.73511875 0.321428125 0.7395828125 0.32627812500000003 0.7423109375
1 0.2323640625 0.918403125 0.2244265625 0.9161703125 0.216490625 0.9171625000000001 0.2050265625 0.92113125 0.20194062499999998 0.9236109375 0.2001765625 0.9278281249999999 0.2001765625 0.9355156250000001 0.20194062499999998 0.9360125 0.21605 0.936259375 0.22486718749999998 0.9375 0.23985937499999999 0.9352671875 0.24206406249999998 0.9315468750000001 0.23985937499999999 0.923115625 0.2323640625 0.918403125
1 0.0097 0.9898312499999999 0.014990624999999999 0.987103125 0.0176359375 0.980903125 0.013228124999999999 0.9806546875000001 0.009259375 0.9826390625 0.007054687499999999 0.9863593749999999 0.0097 0.9898312499999999
1 0.2940921875 0.92113125 0.2936515625 0.9241078125 0.2989421875 0.9263390625 0.302909375 0.9263390625 0.3086421875 0.9238593749999999 0.30820156249999997 0.9196421875 0.30246875 0.9171625000000001 0.29717812499999996 0.918403125 0.2940921875 0.92113125
1 0.2345671875 0.8983140625000001 0.2336859375 0.9012890625000001 0.23633125000000002 0.9040171875 0.23985937499999999 0.9040171875 0.244709375 0.90228125 0.24603125 0.8995531250000001 0.2438265625 0.8970734374999999 0.23633125000000002 0.896825 0.2345671875 0.8983140625000001
1 0.1208109375 0.8291171875 0.119046875 0.8301093749999999 0.119046875 0.8338296875 0.12257499999999999 0.8355656249999999 0.12698437499999998 0.8355656249999999 0.1305109375 0.8338296875 0.1300703125 0.8301093749999999 0.12698437499999998 0.8286203125 0.1208109375 0.8291171875
1 0.0171953125 0.8020828124999999 0.013668749999999999 0.8060515625000001 0.013228124999999999 0.8107640625 0.0202828125 0.8147328125 0.0251328125 0.8144843749999999 0.0295421875 0.8120046875 0.0343921875 0.8065468750000001 0.0308640625 0.8025796875 0.0211640625 0.801090625 0.0171953125 0.8020828124999999
1 0.24867656249999998 0.8015874999999999 0.2482359375 0.8060515625000001 0.2513234375 0.8072921875000001 0.255290625 0.8065468750000001 0.260140625 0.8025796875 0.25925937499999996 0.8005953124999999 0.2566140625 0.7998515625 0.2517640625 0.8000984375 0.24867656249999998 0.8015874999999999
1 0.14858906249999998 0.8497031249999999 0.150353125 0.8514390625000001 0.1538796875 0.8519343750000001 0.15828906250000002 0.8497031249999999 0.1578484375 0.8452375 0.1534390625 0.844990625 0.1494703125 0.8469734375 0.14858906249999998 0.8497031249999999
1 0.2244265625 0.751240625 0.2195765625 0.751240625 0.216490625 0.7514875 0.217371875 0.759671875 0.2204578125 0.7609125 0.22574999999999998 0.7609125 0.2306 0.759671875 0.23324531249999997 0.7557046875 0.231921875 0.7532234375 0.2244265625 0.751240625
1 0.123015625 0.8025796875 0.12566093750000001 0.8028281249999999 0.1344796875 0.800346875 0.136684375 0.7986109375 0.130953125 0.7953875 0.12698437499999998 0.795634375 0.12345625 0.79761875 0.123015625 0.8025796875
1 0.2821875 0.8134921875 0.28791875 0.8144843749999999 0.2870375 0.8075390625000001 0.28306875 0.8035718749999999 0.2791 0.8065468750000001 0.2791 0.81175625 0.2821875 0.8134921875
0 0 0.832340625 0.0026453125 0.8350687499999999 0.0030859375 0.8489578124999999 0.0022046875 0.980903125 0.00396875 0.9841265625 0.008378125 0.9868546874999999 0.004409375 0.9930562500000001 0.004409375 0.9984375 0.33950625 0.9984375 0.33818281250000004 0.9811515625 0.3355375 0.972221875 0.3373015625 0.9583328124999999 0.3271609375 0.9040171875 0.31349218749999996 0.872271875 0.31040625 0.8568953125000001 0.30246875 0.8382937500000001 0.29188749999999997 0.8214281250000001 0.27954218750000004 0.8094531249999999 0.2791 0.7988593749999999 0.2694 0.7829859375 0.25573125 0.7658734375 0.2513234375 0.7633921875 0.24867656249999998 0.7591765625 0.2323640625 0.7442953125 0.22883593750000003 0.742559375 0.22486718749999998 0.7435515625 0.207671875 0.7341265625 0.20238125 0.733134375 0.180334375 0.7338796875 0.164021875 0.7358625 0.0965609375 0.7519843749999999 0.09127031249999999 0.7549609375 0.079365625 0.7576890625 0.023809375 0.7748015625 0.0194 0.7795140625 0.0127859375 0.7792656250000001 0.00573125 0.7807546875 0.0035265625 0.7827375 0.0022046875 0.78993125 0.0030859375 0.799603125 0 0.8043156249999999 0 0.809028125 0.0022046875 0.8095234375 0.0026453125 0.8154765625 0.0022046875 0.828125 0 0.8286203125 0 0.832340625
1 0.17813125000000002 0.6302078125 0.1768078125 0.6307046875 0.17813125000000002 0.636409375 0.180334375 0.6374015625 0.1851859375 0.6369046875000001 0.188271875 0.6349203125 0.188271875 0.6307046875 0.1851859375 0.6294640625000001 0.17813125000000002 0.6302078125
1 0.4219578125 0.6113593749999999 0.4215171875 0.6076390625 0.415784375 0.6071421875 0.415784375 0.612846875 0.419753125 0.6130953124999999 0.4219578125 0.6113593749999999
1 0.443121875 0.7993546874999999 0.44709062499999996 0.8013390625 0.45105781250000004 0.7986109375 0.45061718749999996 0.7948906250000001 0.443121875 0.7904265625 0.44047656249999995 0.7948906250000001 0.443121875 0.7993546874999999
1 0.2517640625 0.43377968750000007 0.254409375 0.4310515625 0.25396874999999997 0.42633906250000003 0.2517640625 0.42460312499999997 0.244709375 0.4270828125 0.245590625 0.43129999999999996 0.2517640625 0.43377968750000007
1 0.599646875 0.7676093749999999 0.603615625 0.7636406250000001 0.602734375 0.761409375 0.59920625 0.758928125 0.5956796875 0.762153125 0.5956796875 0.7661203125 0.599646875 0.7676093749999999
1 0.1569671875 0.8901296875 0.161375 0.89136875 0.1644625 0.8911203125 0.16534374999999998 0.8883921875 0.16313906250000001 0.8839281250000001 0.1578484375 0.8829359374999999 0.156084375 0.8859125000000001 0.1569671875 0.8901296875
1 0 0.8417656250000001 0.0022046875 0.8422625 0.0022046875 0.8442453125 0.004409375 0.8459828125 0.009259375 0.8462296874999999 0.0123453125 0.8417656250000001 0.0119046875 0.8370531250000001 0.0097 0.8350687499999999 0.004409375 0.8348218749999999 0 0.8368062500000001 0 0.8417656250000001
1 0.1388890625 0.9861109375 0.1384484375 0.990575 0.1402109375 0.9913187499999999 0.146384375 0.9913187499999999 0.1499125 0.9898312499999999 0.150353125 0.9863593749999999 0.1481484375 0.9838796875 0.14197500000000002 0.98363125 0.1388890625 0.9861109375
1 0.168871875 0.628471875 0.1719578125 0.6294640625000001 0.1776890625 0.6289687500000001 0.183421875 0.6267359375 0.1776890625 0.6240078125 0.1719578125 0.62425625 0.1679890625 0.626240625 0.168871875 0.628471875
1 0.5679015625 0.7953875 0.5723109375 0.7958828125 0.575396875 0.7946421875 0.5771609375 0.79141875 0.575396875 0.789434375 0.5718687499999999 0.7884421875000001 0.5679015625 0.79141875 0.5679015625 0.7953875
1 0.193121875 0.5602671875 0.19709062500000002 0.561259375 0.19929531250000002 0.5563 0.193121875 0.553075 0.1909171875 0.5540671875000001 0.1913578125 0.5585312499999999 0.193121875 0.5602671875
0 0.6734375 0 0.25625 0.1421875 0.25625 0.1515625 0.2875 0.1734375 0.3375 0.1890625 0.38125 0.19375 0.4125 0.1828125 0.459375 0.1515625 0.4796875 0.1484375 0.4953125 0.1359375 0.628125 0.09375 0.653125 0.071875 0.65625 0.0625 0.684375 0.0421875 0.6875 0.03125 0.6984375 0.028125 0.7140625 0.0046875 0.7109375 0 0.6734375 0
0 0 0 0 0.0890625 0.1390625 0.11875 0.25 0.13125 0.3109375 0.1296875 0.35 0.1203125 0.371875 0.1078125 0.371875 0.0953125 0.3625 0.0828125 0.3234375 0.0453125 0.25 0 0 0
0 0.93125 0 0.8765625 0.0765625 0.8828125 0.1171875 0.9 0.128125 0.90625 0.153125 0.9203125 0.159375 0.9375 0.184375 0.934375 0.196875 0.946875 0.2234375 0.953125 0.265625 0.9984375 0.303125 0.9984375 0 0.93125 0
0 0 0.7671875 0.06875 0.75 0.1078125 0.7328125 0.178125 0.684375 0.2046875 0.65625 0.1953125 0.65 0.15625 0.646875 0.0578125 0.6484375 0 0.6734375 0 0.7671875
1 0.0203125 0.05625 0.0234375 0.071875 0.0515625 0.071875 0.046875 0.0625 0.0203125 0.05625
1 0.1578125 0.075 0.125 0.059375 0.1203125 0.059375 0.121875 0.065625 0.1328125 0.0734375 0.1578125 0.075
1 0.390625 0.16875 0.4 0.1546875 0.3734375 0.1515625 0.3640625 0.1546875 0.3640625 0.1625 0.3765625 0.1703125 0.390625 0.16875
1 0.365625 0.1375 0.35 0.1390625 0.3421875 0.1453125 0.353125 0.1484375 0.365625 0.1421875 0.365625 0.1375
1 0.49375 0.1109375 0.509375 0.1015625 0.4921875 0.1046875 0.49375 0.1109375
1 0.4765625 0.0890625 0.475 0.096875 0.49375 0.090625 0.4953125 0.084375 0.4765625 0.0890625
1 0.565625 0.0765625 0.553125 0.078125 0.5484375 0.0828125 0.5546875 0.090625 0.571875 0.0828125 0.565625 0.0765625
1 0.553125 0.05 0.553125 0.05625 0.5640625 0.05625 0.571875 0.046875 0.553125 0.05
1 0.3703125 0.1109375 0.3703125 0.115625 0.3796875 0.115625 0.384375 0.10625 0.3703125 0.1109375
1 0.9828125 0.0578125 0.9671875 0.0390625 0.9546875 0.0375 0.946875 0.06875 0.965625 0.0875 0.9828125 0.0703125 0.9828125 0.0578125
1 0.9875 0.1171875 0.9734375 0.115625 0.9734375 0.134375 0.9875 0.134375 0.9921875 0.128125 0.9875 0.1171875
1 0.99375 0.184375 0.9703125 0.184375 0.965625 0.196875 0.98125 0.20625 0.9984375 0.2078125 0.99375 0.184375
1 0.975 0.23125 0.975 0.240625 0.9984375 0.2546875 0.9984375 0.2203125 0.975 0.23125
1 0.434375 0.1515625 0.4265625 0.153125 0.43125 0.1671875 0.453125 0.1578125 0.434375 0.1515625
1 0.0390625 0.6578125 0.03125 0.65 0.0109375 0.653125 0.003125 0.6609375 0.0046875 0.66875 0.015625 0.6703125 0.0390625 0.6578125
1 0.0515625 0.68125 0.0484375 0.6953125 0.0625 0.6921875 0.06875 0.684375 0.0515625 0.68125
1 0.184375 0.6609375 0.16875 0.6671875 0.1671875 0.6734375 0.175 0.678125 0.1875 0.6734375 0.184375 0.6609375
1 0.1015625 0.64375 0.115625 0.6421875 0.1046875 0.6375 0.1015625 0.64375