1 0.48148125 0.2294140625 0.4806 0.2202375 0.4739859375 0.20386875 0.46913593750000004 0.19766875 0.4629625 0.194196875 0.442240625 0.195684375 0.42460312499999997 0.203125 0.420634375 0.2068453125 0.42019375 0.20882968750000003 0.423721875 0.21006874999999997 0.4268078125 0.21304531249999997 0.4307765625 0.212796875 0.43827187500000003 0.2182546875 0.4514984375 0.2232140625 0.47795468750000003 0.2306546875 0.48148125 0.2294140625
0 0.0260140625 0 0.023809375 0.013640625 0.0317453125 0.026785937500000002 0.0317453125 0.029265625 0.0370375 0.0314984375 0.0392421875 0.0337296875 0.056878125 0.07614062499999999 0.06261093749999999 0.0818453125 0.066578125 0.09176562499999999 0.0731921875 0.0967265625 0.0784828125 0.108134375 0.0828921875 0.111359375 0.083775 0.123015625 0.08950625 0.12723281250000001 0.0965609375 0.1388890625 0.10317499999999999 0.14260937499999998 0.11199218749999999 0.1532734375 0.117725 0.1579859375 0.11860625 0.1619546875 0.1243390625 0.16989062500000002 0.1587296875 0.20089218749999999 0.16534374999999998 0.20436562500000002 0.1776890625 0.21651718749999999 0.1856265625 0.220734375 0.1869484375 0.22445468750000003 0.194003125 0.2318953125 0.21252187500000003 0.24776718749999999 0.2204578125 0.2522328125 0.22266249999999999 0.2557046875 0.2323640625 0.2631453125 0.2403 0.26636875 0.2579359375 0.2782734375 0.26455 0.2807546875 0.306878125 0.3045640625 0.3377421875 0.3196921875 0.3412703125 0.3204359375 0.3509703125 0.32614062499999996 0.3615515625 0.329365625 0.368165625 0.3338296875 0.3849203125 0.340278125 0.41490312500000004 0.3571421875 0.4272484375 0.3611109375 0.43253906249999996 0.365328125 0.45502656249999995 0.37400781250000004 0.46428593749999997 0.37574375 0.4783953125 0.3807046875 0.48765468749999996 0.3826890625 0.5066140625 0.38368125000000003 0.5255734375000001 0.381696875 0.5313046875 0.38045625 0.5335093750000001 0.377728125 0.53306875 0.375 0.5304234375 0.373759375 0.5286593749999999 0.3709078125 0.5268953125 0.36011875 0.546296875 0.3568953125 0.5507046875 0.3611109375 0.5493828125 0.3650796875 0.55555625 0.37103125000000003 0.5599640625 0.3727671875 0.5679015625 0.372271875 0.5784828125 0.3650796875 0.5877421875 0.3521828125 0.5917109375 0.3494546875 0.5943562499999999 0.342509375 0.607584375 0.334078125 0.6106703125 0.33010937500000004 0.6155203124999999 0.3276296875 0.61860625 0.32415625000000003 0.670634375 0.295634375 0.6776890625 0.295634375 0.6860671875000001 0.290921875 0.693121875 0.2775296875 0.69444375 0.2687875 0.7178125 0.21875 0.7244265624999999 0.20957343750000001 0.726190625 0.1999015625 0.7323640625000001 0.18700468750000002 0.7403 0.1750984375 0.740740625 0.16964218749999999 0.7380953124999999 0.1654265625 0.7403 0.162946875 0.7517640625 0.132440625 0.7508812500000001 0.1274796875 0.7464734375 0.122271875 0.7477953125 0.117559375 0.7460312499999999 0.10168593749999999 0.74118125 0.0858140625 0.7403 0.072171875 0.735890625 0.056546874999999996 0.7209 0.0437328125 0.7186953125 0.030009374999999998 0.7138453124999999 0.0171125 0.7089953125 0.0079359375 0.7028218749999999 0.003471875 0.697090625 0.001984375 0.6966484375 0 0.0260140625 0
1 0.5343921875000001 0.1693953125 0.5321875 0.1701390625 0.5202828125 0.1813 0.519840625 0.1857640625 0.5251328125 0.18948437499999998 0.5304234375 0.190228125 0.537478125 0.18973281250000001 0.5454140625 0.18253906250000002 0.5449734375 0.178571875 0.5392421875 0.16989062500000002 0.5343921875000001 0.1693953125
1 0.358465625 0.12152812500000001 0.358025 0.12574375 0.3611109375 0.12847187499999999 0.367284375 0.1287203125 0.372575 0.1267359375 0.37389843749999996 0.12252031249999999 0.3703703125 0.12078437500000001 0.3650796875 0.119046875 0.358465625 0.12152812500000001
1 0.40784843750000005 0.13665624999999998 0.415784375 0.13864062500000002 0.4215171875 0.1354171875 0.41842968750000004 0.1321921875 0.41181718749999996 0.13045625 0.4087296875 0.1312 0.4069671875 0.133184375 0.40784843750000005 0.13665624999999998
1 0.37389843749999996 0.188740625 0.3756609375 0.1927078125 0.3800703125 0.1939484375 0.3844796875 0.1937 0.38932968749999997 0.18948437499999998 0.387565625 0.1857640625 0.3844796875 0.184771875 0.37698437500000004 0.18526718749999999 0.37389843749999996 0.188740625
1 0.25044062500000003 0.26488125 0.2597 0.2641375 0.2566140625 0.2579359375 0.2517640625 0.2564484375 0.2469140625 0.25694374999999997 0.2477953125 0.2638890625 0.25044062500000003 0.26488125
1 0.10052968749999999 0.046875 0.1018515625 0.054315625 0.1071421875 0.057043750000000004 0.1146390625 0.056546874999999996 0.1238984375 0.052828125000000004 0.123015625 0.0466265625 0.1150796875 0.0431546875 0.10626093750000001 0.0443953125 0.10052968749999999 0.046875
1 0.287478125 0.06349218749999999 0.287478125 0.06497968750000001 0.2936515625 0.069940625 0.298059375 0.0709328125 0.3033515625 0.0704359375 0.30467343750000003 0.0674609375 0.30246875 0.0639875 0.29100468749999997 0.0622515625 0.287478125 0.06349218749999999
1 0.46164062499999997 0.024306249999999998 0.46428593749999997 0.029265625 0.4744265625 0.0307546875 0.4845671875 0.0255453125 0.485890625 0.0213296875 0.481040625 0.018848437500000002 0.47178125 0.018848437500000002 0.46516718749999997 0.020585937500000002 0.46164062499999997 0.024306249999999998
1 0.5731921875 0.021578125 0.5727515624999999 0.0255453125 0.5758375 0.031001562500000003 0.584215625 0.03125 0.5917109375 0.029017187500000003 0.5917109375 0.023809375 0.5864203125 0.0213296875 0.5780421875 0.020089062499999998 0.5731921875 0.021578125
1 0.3849203125 0 0.3849203125 0.0024796875 0.3902109375 0.006696875 0.39858906250000004 0.008184375 0.41049375 0.001984375 0.41049375 0 0.3849203125 0
1 0.6371249999999999 0 0.6388890625 0.005953125 0.641975 0.0071921875 0.646825 0.0071921875 0.6529984375 0.0057046875 0.6582890625 0.0017359375 0.6582890625 0 0.6371249999999999 0
1 0.5026453125 0.1453375 0.5017640625 0.1463296875 0.5066140625 0.1505453125 0.5154328125000001 0.15079375 0.518959375 0.1490578125 0.519840625 0.14558593749999998 0.5176359374999999 0.1436015625 0.509259375 0.143353125 0.5026453125 0.1453375
1 0.5392421875 0.150296875 0.5436515625 0.153521875 0.5485015625 0.1547625 0.5515875 0.1537703125 0.5542328125 0.1505453125 0.5493828125 0.1485609375 0.5401234374999999 0.14930625 0.5392421875 0.150296875
1 0.6578484375 0.273809375 0.6569671875 0.27628906249999996 0.6587296874999999 0.27926562499999996 0.665784375 0.28025781250000004 0.6701937499999999 0.2790171875 0.6701937499999999 0.27505 0.6671078125000001 0.2735609375 0.6618171875 0.27256874999999997 0.6578484375 0.273809375
1 0.7089953125 0.23040625 0.7129624999999999 0.228421875 0.7134031249999999 0.22445468750000003 0.7089953125 0.22147812500000003 0.7041453125 0.2237109375 0.7045859375 0.228421875 0.7089953125 0.23040625
1 0.3112875 0.29489062499999996 0.3139328125 0.29613125 0.3183421875 0.29588281250000004 0.32010625 0.2943953125 0.320546875 0.290675 0.3179015625 0.2891859375 0.3112875 0.2904265625 0.3112875 0.29489062499999996
1 0.292328125 0.2485125 0.2985015625 0.2490078125 0.3033515625 0.24776718749999999 0.3042328125 0.244046875 0.302028125 0.241071875 0.29717812499999996 0.24057499999999998 0.291446875 0.243303125 0.292328125 0.2485125
1 0.2380953125 0.22817500000000002 0.2389765625 0.2237109375 0.23633125000000002 0.22147812500000003 0.23104062500000003 0.22197343749999998 0.22883593750000003 0.2237109375 0.231921875 0.22891875 0.2380953125 0.22817500000000002
1 0.5211640625 0.2936515625 0.5291 0.29290625000000003 0.5321875 0.290921875 0.5299828125 0.2884421875 0.5255734375000001 0.2864578125 0.5224875 0.2869546875 0.5207234374999999 0.288690625 0.5211640625 0.2936515625
1 0.2306 0.08854218750000001 0.230159375 0.09176562499999999 0.2323640625 0.0932546875 0.236771875 0.09375 0.23985937499999999 0.09275781250000001 0.2403 0.0900296875 0.23853593750000002 0.087796875 0.231921875 0.0873015625 0.2306 0.08854218750000001
1 0.260140625 0.13665624999999998 0.2671953125 0.1403765625 0.2768953125 0.134671875 0.2764546875 0.12896875000000002 0.27425 0.127728125 0.26322812500000003 0.12996093749999998 0.2597 0.1329359375 0.260140625 0.13665624999999998
0 0 0.5783734375 0.0022046875 0.5818453124999999 0.00485 0.6111109375 0.006614062499999999 0.6140875 0.0119046875 0.615328125 0.022928125 0.615328125 0.03791875 0.612846875 0.043209375 0.612846875 0.048059375 0.615328125 0.059964062500000005 0.615328125 0.0903875 0.6103671875 0.1146390625 0.610615625 0.1340390625 0.6076390625 0.16357968750000002 0.6049109374999999 0.18474375 0.600446875 0.193121875 0.6009421875000001 0.2323640625 0.5917656250000001 0.23633125000000002 0.589534375 0.2570546875 0.5838296875 0.2610234375 0.580853125 0.2791 0.5763890625 0.31746093750000004 0.5595234375 0.3368609375 0.5486109375 0.32980624999999997 0.5431546875000001 0.3271609375 0.5453875 0.3240734375 0.5451390625 0.3223109375 0.5436515625 0.31349218749999996 0.543403125 0.3099640625 0.5443953125000001 0.302909375 0.538690625 0.29717812499999996 0.5384421875000001 0.23985937499999999 0.5235609375 0.23500937500000002 0.5186015625 0.22001718750000002 0.5146328125 0.21605 0.505953125 0.213403125 0.5039687500000001 0.20855312499999998 0.5029765625 0.20061718750000002 0.49727187500000003 0.19709062500000002 0.49652812500000004 0.193121875 0.4935515625 0.18959375 0.49305625 0.17504375 0.49553593749999997 0.1538796875 0.49727187500000003 0.132275 0.5022328125 0.11375625 0.5052078125 0.00573125 0.5146328125 0.0026453125 0.5176093749999999 0.0022046875 0.52108125 0.00396875 0.5514640625 0 0.55555625 0 0.5783734375
1 0.0418875 0.5436515625 0.0299828125 0.5448906250000001 0.0251328125 0.5466265625 0.0216046875 0.5486109375 0.0216046875 0.5525796875 0.0255734375 0.556546875 0.03306875 0.55704375 0.0388 0.555803125 0.045414062500000005 0.5513390625000001 0.045854687500000005 0.5458828125 0.0418875 0.5436515625
1 0.057759375 0.584821875 0.052468749999999995 0.5813484375 0.044532812500000005 0.579365625 0.041446875 0.5806046874999999 0.0348328125 0.5811015625 0.028659374999999997 0.58680625 0.029099999999999997 0.59375 0.0317453125 0.5957343749999999 0.038359375 0.5977187500000001 0.052909375 0.5974703124999999 0.056437499999999995 0.5962296874999999 0.060846875 0.5920140625 0.060406249999999995 0.587796875 0.057759375 0.584821875
1 0.16181718750000001 0.587053125 0.16093437500000002 0.5890375 0.16181718750000001 0.5977187500000001 0.1816578125 0.5962296874999999 0.1851859375 0.5947421875 0.188271875 0.5915171875 0.1873890625 0.5845734375 0.1816578125 0.5828375 0.165784375 0.584821875 0.16181718750000001 0.587053125
1 0.2103171875 0.5756453125000001 0.21252187500000003 0.5798609375 0.2112 0.5820937500000001 0.2089953125 0.58358125 0.2045859375 0.5830859375 0.2050265625 0.58680625 0.21075781249999997 0.584078125 0.2138453125 0.584078125 0.2275125 0.5798609375 0.230159375 0.5758921875 0.2239859375 0.5724203125 0.216490625 0.571925 0.2103171875 0.5756453125000001
1 0.2010578125 0.552828125 0.203703125 0.5491078125 0.2010578125 0.545634375 0.1966484375 0.5451390625 0.19268125 0.5463796875 0.19268125 0.553075 0.2010578125 0.552828125
1 0.2610234375 0.5384421875000001 0.25925937499999996 0.5404265625 0.25925937499999996 0.5448906250000001 0.26322812500000003 0.5463796875 0.2707234375 0.5453875 0.272928125 0.54141875 0.2720453125 0.53670625 0.2671953125 0.5357140625000001 0.2610234375 0.5384421875000001
1 0.19709062500000002 0.49603125 0.19444375 0.5 0.19444375 0.5057046875 0.2001765625 0.507440625 0.2045859375 0.507440625 0.20723124999999998 0.505953125 0.20943593749999997 0.5022328125 0.20634843749999998 0.49900781250000004 0.2010578125 0.49627968750000007 0.19709062500000002 0.49603125
1 0.060406249999999995 0.553571875 0.0639328125 0.5525796875 0.0639328125 0.548115625 0.060406249999999995 0.5473703125 0.057318749999999995 0.5493546874999999 0.056437499999999995 0.553075 0.060406249999999995 0.553571875
1 0.045854687500000005 0.4603171875 0.0493828125 0.46254999999999996 0.0679015625 0.4630453125 0.07186875000000001 0.4546125 0.0630515625 0.45585312499999997 0.052468749999999995 0.45386875 0.045854687500000005 0.45734062499999995 0.045854687500000005 0.4603171875
1 0.055996875 0.41121093750000004 0.052028125 0.4146828125 0.051587499999999994 0.4161703125 0.0537921875 0.41741093749999997 0.060406249999999995 0.4186515625 0.06437343749999999 0.4186515625 0.0674609375 0.41641874999999995 0.065696875 0.412946875 0.061287499999999995 0.41121093750000004 0.055996875 0.41121093750000004
1 0.146825 0.427828125 0.150353125 0.4295640625 0.1547625 0.4298109375 0.1569671875 0.427828125 0.156084375 0.42261875 0.150353125 0.42113125 0.146825 0.42286718749999996 0.146825 0.427828125
1 0.1238984375 0.455109375 0.119046875 0.45238125 0.1146390625 0.4536203125 0.114196875 0.4548609375 0.11860625 0.4563484375 0.1238984375 0.455109375
0 0 0.47271875 0.0017640625 0.47271875 0.005290625 0.476190625 0.004409375 0.482390625 0.006614062499999999 0.48511875 0.0026453125 0.4935515625 0.0035265625 0.505953125 0.0022046875 0.512153125 0.005290625 0.515625 0.0260140625 0.5126484375 0.10361562499999999 0.5064484375 0.1490296875 0.49727187500000003 0.18783125 0.4928078125 0.1913578125 0.48983125000000005 0.1851859375 0.4826390625 0.18430312499999998 0.47817499999999996 0.180334375 0.4744546875 0.1732796875 0.4536203125 0.1732796875 0.4466765625 0.1763671875 0.443453125 0.1935625 0.445684375 0.1962078125 0.451140625 0.2045859375 0.4526296875 0.2204578125 0.4528765625 0.2403 0.45089218750000004 0.2403 0.4499015625 0.2438265625 0.44915625 0.2477953125 0.446428125 0.25485 0.444940625 0.2707234375 0.444940625 0.2791 0.4439484375 0.2896828125 0.4377484375 0.30731875 0.4370046875 0.31746093750000004 0.435515625 0.32186875000000004 0.4342765625 0.325396875 0.431546875 0.3223109375 0.4283234375 0.3099640625 0.42609062499999995 0.3007046875 0.42559531249999993 0.27954218750000004 0.421875 0.1596125 0.40699375 0.1164015625 0.40401718750000004 0.0674609375 0.40352187500000003 0.0485015625 0.40401718750000004 0.0418875 0.4057546875 0.03306875 0.4064984375 0.00573125 0.4064984375 0.0026453125 0.4079859375 0.0022046875 0.41021875 0 0.41071406250000003 0 0.41741093749999997 0.0022046875 0.4223703125 0 0.42286718749999996 0 0.42485156249999995 0.0022046875 0.42534687499999996 0.0022046875 0.4370046875 0 0.4377484375 0 0.44022812499999997 0.0022046875 0.4407234375 0.0022046875 0.44766874999999995 0 0.44816406249999996 0 0.47271875
0 0.20855312499999998 0.8769843749999999 0.2142859375 0.8854171875000001 0.216490625 0.8921125 0.2231046875 0.8931046874999999 0.22486718749999998 0.8958328124999999 0.22354531249999998 0.90228125 0.22707187499999998 0.9117062499999999 0.2275125 0.9241078125 0.2292765625 0.9278281249999999 0.2323640625 0.9300593750000001 0.236771875 0.9293156249999999 0.25044062500000003 0.9449406249999999 0.25088125 0.9513890625 0.2561734375 0.9580859374999999 0.25925937499999996 0.967509375 0.26366875 0.9747031249999999 0.268959375 0.9786703125 0.27028281249999997 0.9821421875 0.27821875 0.9833828125 0.287478125 0.9893359374999999 0.2843921875 0.9938 0.2857140625 0.9984375 0.655203125 0.9984375 0.656084375 0.9942953125 0.66049375 0.988590625 0.708553125 0.9375 0.712521875 0.9352671875 0.7164906249999999 0.9303078125 0.7191359375 0.9216265625 0.72663125 0.9151781250000001 0.7323640625000001 0.91245 0.736771875 0.9067453125 0.74118125 0.9042656250000001 0.7420640625 0.8995531250000001 0.7486765625 0.8908734375 0.750440625 0.8767359375 0.763228125 0.8645828124999999 0.7760140625 0.8182046875 0.7751328125 0.794146875 0.7799828125 0.7876984375 0.7768953125 0.75074375 0.7786593749999999 0.74305625 0.777778125 0.7361109375 0.772928125 0.724703125 0.772928125 0.7041171875 0.7716046875 0.696428125 0.768959375 0.693453125 0.7676359374999999 0.6813 0.764109375 0.6775796875 0.76366875 0.6736109375 0.7574953125 0.6634421875000001 0.7570546874999999 0.6579859375 0.754409375 0.65550625 0.740740625 0.6264875 0.73633125 0.6232640625 0.731921875 0.6113593749999999 0.7275125 0.609375 0.7200171875 0.60243125 0.717371875 0.5942453125 0.71208125 0.5917656250000001 0.6997359375000001 0.5729171875 0.6935625 0.5682046875 0.6935625 0.5642359375 0.6882718750000001 0.5629953125 0.6865078125 0.55555625 0.668871875 0.5362109375 0.6622578125 0.5307546875 0.6587296874999999 0.5297625 0.6569671875 0.525296875 0.651675 0.5193453124999999 0.646384375 0.515625 0.6428578125 0.51488125 0.6384484375 0.5071921875000001 0.6340390625000001 0.50545625 0.6305109375 0.5009921875 0.62654375 0.5019843749999999 0.6230156250000001 0.5002484375 0.6150796875 0.498759375 0.6102296875000001 0.4997515625 0.6071421875 0.4952875 0.6058203125 0.49702343750000005 0.6018515625 0.4985125 0.59920625 0.49652812500000004 0.5956796875 0.5 0.5912703125000001 0.49900781250000004 0.5771609375 0.5014875 0.5789234375000001 0.5057046875 0.576278125 0.508184375 0.5643734375 0.5064484375 0.5643734375 0.5106640625 0.566578125 0.5124015625 0.5630515625 0.5176093749999999 0.5626109375 0.527034375 0.5079359375 0.52579375 0.5079359375 0.523809375 0.50573125 0.523065625 0.5022046875 0.5280265625 0.4977953125 0.5262890625 0.49515000000000003 0.5287703125000001 0.4845671875 0.5292656250000001 0.481921875 0.5275296875000001 0.4748671875 0.5302578125 0.46604999999999996 0.53050625 0.453703125 0.5332343749999999 0.44400312499999994 0.537203125 0.43474375 0.5357140625000001 0.4272484375 0.5384421875000001 0.41181718749999996 0.540921875 0.400353125 0.5411703125 0.393959375 0.5436515625 0.3880078125 0.543403125 0.36419687500000003 0.5486109375 0.358465625 0.5560515625 0.3518515625 0.5615078125 0.3430328125 0.5642359375 0.33509687499999996 0.568453125 0.32980624999999997 0.5724203125 0.3271609375 0.5776296875 0.320546875 0.5801093749999999 0.2940921875 0.60243125 0.2905640625 0.6036703125 0.28791875 0.6091265625 0.28306875 0.6130953124999999 0.27821875 0.6225203125000001 0.27028281249999997 0.6269843749999999 0.2522046875 0.65079375 0.2513234375 0.6537703125000001 0.24426874999999998 0.6619546875 0.245590625 0.6639390625 0.2389765625 0.6775796875 0.23853593750000002 0.6822921875 0.23545 0.6852671875 0.23545 0.6894843749999999 0.22795468749999998 0.7008921875 0.22663125 0.709821875 0.2209 0.7165171875 0.2239859375 0.7209828125 0.2195765625 0.72743125 0.216490625 0.7271828124999999 0.21252187500000003 0.730903125 0.2112 0.740328125 0.20723124999999998 0.744046875 0.2059078125 0.7475203125000001 0.207671875 0.756696875 0.20546718749999998 0.762153125 0.2112 0.7765375 0.2081125 0.7829859375 0.20855312499999998 0.795634375 0.20546718749999998 0.8063 0.2050265625 0.8266375 0.2112 0.8583828125 0.2112 0.8730156250000001 0.20855312499999998 0.8769843749999999
1 0.22795468749999998 0.7837296874999999 0.21252187500000003 0.7852187500000001 0.20943593749999997 0.7876984375 0.20943593749999997 0.793403125 0.21252187500000003 0.7971234375 0.22178124999999999 0.7948906250000001 0.2323640625 0.7948906250000001 0.241621875 0.7911703125 0.241621875 0.78670625 0.23633125000000002 0.7844734375 0.22795468749999998 0.7837296874999999
1 0.213403125 0.798115625 0.20943593749999997 0.7998515625 0.20723124999999998 0.8025796875 0.20546718749999998 0.8065468750000001 0.2129625 0.8122515625 0.2239859375 0.8095234375 0.2275125 0.8065468750000001 0.22795468749999998 0.8025796875 0.2231046875 0.7986109375 0.217371875 0.79761875 0.213403125 0.798115625
1 0.3095234375 0.7931546875000001 0.31040625 0.7971234375 0.31701875 0.7998515625 0.32186875000000004 0.7993546874999999 0.3271609375 0.7951390625 0.3267203125 0.790675 0.321428125 0.78819375 0.3143734375 0.7884421875000001 0.3095234375 0.7931546875000001
1 0.5798062500000001 0.8819437499999999 0.57495625 0.8826890625000001 0.56701875 0.8869046875000001 0.5661375 0.8926093749999999 0.5683421875 0.894840625 0.5828921874999999 0.8958328124999999 0.5881828125 0.8950890625 0.5930328125 0.8926093749999999 0.593915625 0.8881453125000001 0.5921515625 0.886409375 0.5798062500000001 0.8819437499999999
1 0.5017640625 0.7993546874999999 0.5030859375000001 0.7986109375 0.5017640625 0.7943953125000001 0.4977953125 0.7931546875000001 0.49382656249999995 0.7938984375 0.49426875 0.7983625 0.5017640625 0.7993546874999999
1 0.5171953125 0.8023312499999999 0.513228125 0.8045640625000001 0.5123453125 0.8065468750000001 0.51366875 0.808284375 0.5211640625 0.8107640625 0.5251328125 0.8105156250000001 0.5295421874999999 0.8070437500000001 0.5268953125 0.8045640625000001 0.5216046875 0.8028281249999999 0.5171953125 0.8023312499999999
1 0.65079375 0.77108125 0.6543203125 0.7748015625 0.6578484375 0.7748015625 0.6596124999999999 0.7720734375 0.6591703125 0.7676093749999999 0.655203125 0.7666171875 0.6499125 0.766865625 0.65079375 0.77108125
1 0.452821875 0.621528125 0.45194062500000004 0.6267359375 0.45502656249999995 0.6287203124999999 0.4603171875 0.6299609375 0.46869531249999996 0.6274796874999999 0.4709 0.6230156250000001 0.46649062499999994 0.61954375 0.45811250000000003 0.61954375 0.452821875 0.621528125
1 0.46604999999999996 0.6076390625 0.4603171875 0.605903125 0.4545859375 0.6071421875 0.458553125 0.610615625 0.4629625 0.61011875 0.46604999999999996 0.6076390625
1 0.22001718750000002 0.7170140625 0.217371875 0.7251984375 0.226190625 0.727678125 0.231921875 0.726934375 0.23633125000000002 0.7204859375 0.22707187499999998 0.7162703125000001 0.2244265625 0.712796875 0.2231046875 0.7155265625 0.22001718750000002 0.7170140625
1 0.2438265625 0.7110609375 0.2469140625 0.7088296875 0.24603125 0.7053578125 0.2403 0.70386875 0.23545 0.7048609375 0.23500937500000002 0.7088296875 0.2438265625 0.7110609375
1 0.2751328125 0.6860125 0.272928125 0.684028125 0.268078125 0.684771875 0.2671953125 0.6892359375 0.272928125 0.6877484375 0.2751328125 0.6860125
1 0.5952375 0.5369546875 0.59920625 0.5384421875000001 0.603175 0.5384421875000001 0.6053796874999999 0.537203125 0.603175 0.5332343749999999 0.59920625 0.5337296874999999 0.5956796875 0.5357140625000001 0.5952375 0.5369546875
1 0.66534375 0.56944375 0.6679890625 0.568453125 0.66534375 0.563740625 0.6626984375 0.5629953125 0.6574078125 0.5634921875 0.6587296874999999 0.5682046875 0.66534375 0.56944375
1 0.6556437500000001 0.6307046875 0.6543203125 0.6297125 0.6490296875 0.6307046875 0.6481484375 0.634671875 0.655203125 0.63516875 0.6556437500000001 0.6307046875
1 0.5837749999999999 0.6634421875000001 0.5855375 0.662203125 0.585978125 0.6582343749999999 0.580246875 0.657490625 0.5789234375000001 0.6594734375 0.579365625 0.662946875 0.5837749999999999 0.6634421875000001
1 0.5211640625 0.65625 0.5176359374999999 0.6540171875 0.5167546875 0.65550625 0.5163140625 0.663690625 0.5176359374999999 0.665178125 0.5211640625 0.65625
0 0.0546734375 0.9739578124999999 0.0683421875 0.9818953125000001 0.07186875000000001 0.9863593749999999 0.0731921875 0.9913187499999999 0.09127031249999999 0.997271875 0.0925921875 0.9984375 0.2773375 0.9984375 0.2768953125 0.9955359375 0.27469062499999997 0.9942953125 0.27557343749999996 0.9890874999999999 0.21869531250000002 0.894840625 0.213403125 0.890625 0.207671875 0.8802078124999999 0.206790625 0.860615625 0.2081125 0.8454859375 0.20326249999999998 0.8400296875000001 0.20149843750000002 0.8340781249999999 0.19929531250000002 0.8102671875 0.1935625 0.8058031250000001 0.1913578125 0.8065468750000001 0.1909171875 0.8087796875000001 0.1873890625 0.811259375 0.18077656250000002 0.8127484375 0.1622578125 0.8142359375 0.1525578125 0.8187 0.1499125 0.8189484374999999 0.146384375 0.8221718750000001 0.085978125 0.855903125 0.08333281249999999 0.8583828125 0.0784828125 0.86011875 0.0723109375 0.8658234374999999 0.06437343749999999 0.8678078125 0.0586421875 0.8725203125000001 0.0489421875 0.87574375 0.0216046875 0.8923609375 0.0216046875 0.903521875 0.0110234375 0.9057546875 0.00881875 0.907490625 0.007495312499999999 0.9122031249999999 0.014990624999999999 0.9186515625 0.0171953125 0.9233625 0.0158734375 0.9275796875 0.018078125 0.9320437500000001 0.0207234375 0.9350203125000001 0.02425 0.9360125 0.0546734375 0.9739578124999999
1 0.052468749999999995 0.921875 0.04761875 0.921875 0.032628125 0.9250984375 0.032628125 0.9283234374999999 0.036596875 0.9295640625000001 0.038359375 0.9322921875000001 0.0418875 0.934028125 0.048059375 0.9330359375 0.056437499999999995 0.9278281249999999 0.055996875 0.9238593749999999 0.052468749999999995 0.921875
0 0.608025 0.438740625 0.6111109375 0.4466765625 0.6106703125 0.451140625 0.608025 0.4548609375 0.60890625 0.459078125 0.619046875 0.4662703125 0.636684375 0.4692453125 0.64109375 0.470734375 0.6485890624999999 0.476190625 0.660053125 0.47891874999999995 0.66534375 0.48164687500000003 0.674603125 0.48214218750000004 0.68474375 0.4848703125 0.7010578125 0.48511875 0.7050265625 0.48710312499999997 0.7209 0.48883906250000003 0.739859375 0.4890875 0.7482359375 0.4875984375 0.7566140625 0.48834375 0.802028125 0.48363125 0.8214281250000001 0.47817499999999996 0.8337749999999999 0.476190625 0.8381828125 0.47321406250000003 0.843915625 0.47147812499999997 0.8606703124999999 0.4682546875 0.8655203124999999 0.46478125 0.8840390625 0.45932500000000004 0.8924156249999999 0.45238125 0.906525 0.44692499999999996 0.9118171875 0.4427078125 0.9131390625 0.4392359375 0.9162250000000001 0.4375 0.9210765625 0.4360125 0.9268078125000001 0.4317953125 0.9435625 0.42633906250000003 0.9514984375 0.42113125 0.962521875 0.4166671875 0.9744265625 0.413690625 0.9792765625 0.41046562499999995 0.9841265625 0.40401718750000004 0.99515 0.39930625000000003 0.9984375 0.3938484375 0.9984375 0.390625 0.9973546875 0.3901296875 0.9984375 0.3861609375 0.9984375 0.3592140625 0.9973546875 0.3556546875 0.9973546875 0.3517859375 0.9984375 0.3489578125 0.9984375 0.31746093750000004 0.9973546875 0.3172125 0.99426875 0.31349218749999996 0.9744265625 0.3048109375 0.9435625 0.2971234375 0.9312171875 0.29588281250000004 0.920634375 0.290921875 0.9109343750000001 0.288690625 0.8985890624999999 0.28819374999999997 0.843475 0.2814984375 0.77336875 0.2817453125 0.75881875 0.2829859375 0.7508812500000001 0.284721875 0.7433859375 0.283978125 0.7376546875 0.2857140625 0.7050265625 0.2904265625 0.69444375 0.29489062499999996 0.6776890625 0.29786718749999996 0.6582890625 0.3048109375 0.652115625 0.3087796875 0.642415625 0.3120046875 0.6155203124999999 0.32886875 0.598325 0.3420140625 0.5965609374999999 0.347221875 0.575396875 0.3705359375 0.57010625 0.37400781250000004 0.5687828125000001 0.379215625 0.5639328124999999 0.384671875 0.5639328124999999 0.396578125 0.5815703125 0.4193953125 0.5789234375000001 0.4236109375 0.580246875 0.427828125 0.5917109375 0.4327875 0.594796875 0.4310515625 0.597884375 0.431546875 0.608025 0.438740625
1 0.9223984375000001 0.43129999999999996 0.9210765625 0.43328437500000005 0.9153437500000001 0.435515625 0.9162250000000001 0.43650781250000004 0.923721875 0.4370046875 0.9356265625000001 0.431546875 0.9329812499999999 0.4283234375 0.9285718749999999 0.42881875 0.9223984375000001 0.43129999999999996
0 0.8859375 0.7453125 0.93125 0.7 0.94375 0.6703125 0.94375 0.640625 0.928125 0.6109375 0.884375 0.575 0.8296875 0.546875 0.7734375 0.53125 0.73125 0.5265625 0.7046875 0.53125 0.70625 0.559375 0.771875 0.6859375 0.7859375 0.7859375 0.8859375 0.7453125
1 0.9453125 0.2859375 0.9296875 0.2859375 0.9265625 0.290625 0.9328125 0.29375 0.9484375 0.2921875 0.9453125 0.2859375
1 0.8375 0.5625 0.8328125 0.5640625 0.834375 0.571875 0.85625 0.571875 0.8375 0.5625
1 0.7125 0.5375 0.7 0.534375 0.6953125 0.5359375 0.696875 0.54375 0.709375 0.5484375 0.7125 0.5375