0 0.3078125 0 0.30069375 0.006481249999999999 0.2729171875 0.0083328125 0.2625 0.017592187500000002 0.2364578125 0.025 0.2203125 0.039814062500000004 0.2052078125 0.046296875 0.1958328125 0.055556249999999995 0.190625 0.065740625 0.1578125 0.077778125 0.1536453125 0.0925921875 0.1276046875 0.10648125 0.1125 0.11944375 0.109375 0.125 0.10625 0.140740625 0.0770828125 0.15648125 0.0697921875 0.1675921875 0.0697921875 0.171296875 0.052604687500000004 0.1851859375 0.0380203125 0.21111093749999998 0.0338546875 0.21203750000000002 0.027082812499999998 0.2203703125 0.0208328125 0.21851875 0.0088546875 0.23055625000000002 0 0.23148125 0 0.65648125 0.0140625 0.66944375 0.028125 0.675 0.0296875 0.6851859375 0.038542187500000005 0.7009265625000001 0.0609375 0.7129624999999999 0.0635421875 0.7203703124999999 0.0786453125 0.7370375 0.0864578125 0.753703125 0.15 0.8148140625 0.190625 0.8379625 0.1916671875 0.8481484375000001 0.2015625 0.8583328124999999 0.2192703125 0.8666671875 0.2291671875 0.8675921875 0.2416671875 0.8824078125 0.2505203125 0.8879625000000001 0.2765625 0.8898140625 0.2885421875 0.8990734375 0.3510421875 0.9 0.359375 0.9046296875 0.3703125 0.9046296875 0.3958328125 0.897221875 0.40729218749999996 0.8888890625 0.428125 0.8870374999999999 0.46145781250000006 0.8675921875 0.4791671875 0.8648140625 0.49791718749999997 0.8509265625 0.5317703125000001 0.81851875 0.5364578125 0.81851875 0.5666671875 0.7759265625 0.5838546874999999 0.75648125 0.5875 0.7453703125 0.5911453125 0.7453703125 0.5953125 0.7342593749999999 0.5989578125 0.7324078125 0.6026046875 0.71944375 0.6078125 0.7166671874999999 0.609375 0.70555625 0.6151046874999999 0.702778125 0.6208328125 0.6916671875 0.6244796874999999 0.6740734374999999 0.6307296874999999 0.66944375 0.6338546875 0.652778125 0.6385421874999999 0.6481484375 0.6395828125 0.6370375 0.6479171874999999 0.60555625 0.6484375 0.5888890625000001 0.6546875 0.559259375 0.6609375 0.46666718749999997 0.659375 0.403703125 0.6651046875 0.3879625 0.6640625 0.37222187500000004 0.6572921875 0.359259375 0.6520828125 0.278703125 0.6442703125 0.2416671875 0.64375 0.234259375 0.646875 0.23148125 0.63125 0.16018593750000001 0.61875 0.159259375 0.6104171875 0.15 0.5916671874999999 0.115740625 0.5776046874999999 0.0990734375 0.5744796875 0.09074062499999999 0.5307296874999999 0.039814062500000004 0.5244796875 0.0388890625 0.5005203125000001 0.0203703125 0.49635468749999995 0.009259375 0.47447968749999997 0.009259375 0.4583328125 0 0.3442703125 0 0.3421875 0.002778125 0.3385421875 0 0.3078125 0
1 0.031770312499999995 0.403703125 0.0375 0.4120375 0.047395312499999995 0.409259375 0.0510421875 0.4009265625 0.0505203125 0.39444375 0.0458328125 0.3898140625 0.03125 0.3953703125 0.031770312499999995 0.403703125
1 0.1671875 0.390740625 0.1671875 0.40277812500000004 0.171875 0.40833281250000003 0.1770828125 0.40555624999999995 0.1802078125 0.396296875 0.1791671875 0.390740625 0.175 0.38703750000000003 0.1697921875 0.3861109375 0.1671875 0.390740625
1 0.2088546875 0.47222187499999996 0.2135421875 0.47037031249999994 0.2177078125 0.4583328125 0.2104171875 0.45555625 0.2057296875 0.4583328125 0.2052078125 0.4629625 0.2088546875 0.47222187499999996
1 0.24375 0.277778125 0.2453125 0.271296875 0.24375 0.2648140625 0.2411453125 0.26203750000000003 0.2369796875 0.2648140625 0.2369796875 0.2740734375 0.24375 0.277778125
1 0.2286453125 0.1648140625 0.2322921875 0.172221875 0.2354171875 0.175 0.2390625 0.1731484375 0.2380203125 0.1620375 0.2328125 0.1583328125 0.2296875 0.16018593750000001 0.2286453125 0.1648140625
1 0.5713546875 0.40555624999999995 0.575 0.39351875000000003 0.5739578125 0.38425937499999996 0.56875 0.3824078125 0.565625 0.3888890625 0.565625 0.40462968750000006 0.5713546875 0.40555624999999995
1 0.5286453125 0.47037031249999994 0.5286453125 0.4870375 0.5328125 0.48796249999999997 0.5333328125000001 0.4731484375 0.5286453125 0.47037031249999994
1 0.6057296875 0.1481484375 0.603125 0.1416671875 0.6010421874999999 0.1425921875 0.5994796874999999 0.1546296875 0.603125 0.1583328125 0.6057296875 0.1481484375
1 0.2036453125 0.6379625 0.2015625 0.6296296875 0.1958328125 0.6324078125 0.1979171875 0.6407406250000001 0.2010421875 0.6416671875 0.2036453125 0.6379625
0 0 0 0 0.234375 0.0359375 0.215625 0.103125 0.1296875 0.1046875 0.11875 0.0703125 0.046875 0.065625 0 0 0
1 0.0171875 0.0921875 0.015625 0.0984375 0.025 0.103125 0.0265625 0.084375 0.0171875 0.0921875
1 0.1125 0.1015625 0.0984375 0.0953125 0.1 0.1125 0.1078125 0.121875 0.1140625 0.1140625 0.1125 0.1015625