1 0.20149843750000002 0.6428578125 0.2103171875 0.6359125 0.22354531249999998 0.6314484375 0.2292765625 0.6267359375 0.2292765625 0.6227671875 0.2244265625 0.615575 0.21693125000000002 0.6125984375 0.2010578125 0.6103671875 0.1812171875 0.6116078125 0.142415625 0.617559375 0.137565625 0.6188 0.1353609375 0.6205359374999999 0.1344796875 0.6232640625 0.135803125 0.6247515625 0.14594374999999998 0.63194375 0.151675 0.6383921875 0.15828906250000002 0.6431046874999999 0.1693125 0.6485609375 0.1816578125 0.6485609375 0.20149843750000002 0.6428578125
1 0.5295421874999999 0.4928078125 0.54218125 0.49545312499999994 0.5454140625 0.49727187500000003 0.548059375 0.5017359375 0.5564375 0.5062 0.5643734375 0.5062 0.580246875 0.5022328125 0.584215625 0.4997515625 0.5925921875 0.49776718750000004 0.599646875 0.4975203125 0.6071421875 0.494046875 0.6053796874999999 0.48983125000000005 0.6097890625 0.47891874999999995 0.608465625 0.47420625000000005 0.6128750000000001 0.46602187500000003 0.6194890625 0.459078125 0.617725 0.4422125 0.6146390625 0.44047656249999995 0.552028125 0.444196875 0.5286593749999999 0.44915625 0.5163140625 0.4506453125 0.4969140625 0.462796875 0.49603125 0.4672625 0.49911874999999994 0.47743125 0.4964734375 0.4818953125 0.4973546875 0.4838796875 0.5066140625 0.486359375 0.509259375 0.4900796875 0.514109375 0.491815625 0.5295421874999999 0.4928078125
1 0.174603125 0.3048109375 0.18430312499999998 0.3020828125 0.18783125 0.2993546875 0.189153125 0.290675 0.18650781249999998 0.28670625 0.174603125 0.2780265625 0.17019375 0.271578125 0.1587296875 0.2633921875 0.1538796875 0.261409375 0.1499125 0.2631453125 0.152115625 0.2735609375 0.1494703125 0.2765375 0.142415625 0.27628906249999996 0.1305109375 0.28224218749999996 0.12698437499999998 0.2859625 0.12257499999999999 0.2946421875 0.1164015625 0.29885937500000004 0.119046875 0.3020828125 0.1340390625 0.30704375 0.150353125 0.3107640625 0.1543203125 0.3127484375 0.165784375 0.309771875 0.174603125 0.3048109375
1 0.589946875 0.5602671875 0.5864203125 0.5592765625 0.5643734375 0.5585312499999999 0.5590828125 0.5602671875 0.55555625 0.5657234375 0.5511468749999999 0.568453125 0.5485015625 0.573909375 0.5489421875 0.5778765625 0.55246875 0.5803578125 0.5630515625 0.5818453124999999 0.5718687499999999 0.5818453124999999 0.5833328125 0.5801093749999999 0.5965609374999999 0.5734125 0.5974421875 0.5716765625 0.589946875 0.5602671875
1 0.576278125 0.6813 0.5679015625 0.6723703125 0.5639328124999999 0.6743546874999999 0.5564375 0.674603125 0.5485015625 0.6733625 0.5396828124999999 0.6701390625 0.5260140625 0.6721234375 0.5211640625 0.67113125 0.514990625 0.67881875 0.5154328125000001 0.686259375 0.518959375 0.693453125 0.5304234375 0.7048609375 0.5352734375 0.7063484375 0.5485015625 0.7051093749999999 0.5648140625 0.6959328124999999 0.5780421875 0.6857640625 0.576278125 0.6813
1 0.43606718750000006 0.6743546874999999 0.4263671875 0.6698906250000001 0.4232796875 0.6696421875 0.4210765625 0.67113125 0.41931250000000003 0.6783234375 0.41798906249999995 0.6939484375 0.4232796875 0.7028765625 0.4276890625 0.7028765625 0.44268124999999997 0.69766875 0.458553125 0.6889875 0.4607578125 0.6855156250000001 0.44664843750000005 0.6775796875 0.43606718750000006 0.6743546874999999
1 0.532628125 0.7651296875 0.5392421875 0.7562 0.5454140625 0.75074375 0.5718687499999999 0.7361109375 0.5683421875 0.7323906250000001 0.56216875 0.730903125 0.552909375 0.71875 0.5445328125 0.7155265625 0.5392421875 0.7150296875000001 0.5260140625 0.7182546875 0.5097 0.725446875 0.5008812500000001 0.7304062499999999 0.4964734375 0.7348703125 0.48809531249999993 0.7400796875 0.4885359375 0.7519843749999999 0.491621875 0.762896875 0.4977953125 0.7646328125 0.5097 0.764384375 0.5220453125 0.759425 0.5246906250000001 0.7641375 0.5299828125 0.7658734375 0.532628125 0.7651296875
1 0.27116406249999997 0.7876984375 0.2694 0.7834828125 0.2627859375 0.7790171875 0.2464734375 0.7720734375 0.24118124999999999 0.7666171875 0.244709375 0.7626484375 0.24426874999999998 0.759671875 0.23985937499999999 0.7552078125 0.235890625 0.7537203124999999 0.2244265625 0.7537203124999999 0.216490625 0.757440625 0.2050265625 0.7571921875000001 0.19885312500000002 0.761409375 0.19709062500000002 0.76488125 0.19929531250000002 0.7671125 0.225309375 0.773065625 0.23324531249999997 0.7762890625 0.2561734375 0.7963796875 0.26058125 0.7971234375 0.26763593750000003 0.793403125 0.27116406249999997 0.7876984375
1 0.0489421875 0.6540171875 0.044973437500000005 0.6515375 0.0392421875 0.6525296875000001 0.0388 0.6542656250000001 0.046296875 0.6641859375 0.052468749999999995 0.66641875 0.059082812500000005 0.665921875 0.061728125 0.6626984375 0.060846875 0.6582343749999999 0.053351562500000005 0.6547625 0.0489421875 0.6540171875
1 0.5202828125 0.5751484375 0.523809375 0.5763890625 0.5268953125 0.5761406250000001 0.52821875 0.5741562499999999 0.5273375 0.5709328124999999 0.522928125 0.569940625 0.5185187499999999 0.57118125 0.5202828125 0.5751484375
0 0.00573125 0.46428593749999997 0.0035265625 0.4846234375 0.007054687499999999 0.5029765625 0.004409375 0.5233140625 0.004409375 0.5994546875 0.0114640625 0.6096234375 0.013228124999999999 0.6150796875 0.01851875 0.6178078124999999 0.0194 0.6240078125 0.022928125 0.6282234375 0.0216046875 0.6321921875000001 0.023809375 0.6386406250000001 0.0299828125 0.641865625 0.033509375 0.64608125 0.0370375 0.6478171875000001 0.04276875 0.6470734375 0.0493828125 0.6490578124999999 0.053351562500000005 0.6530265625 0.06437343749999999 0.657490625 0.0630515625 0.6698906250000001 0.055996875 0.6736109375 0.0595234375 0.67733125 0.0692234375 0.6813 0.07407343749999999 0.6855156250000001 0.080246875 0.6879953125 0.0855375 0.6932046875 0.094796875 0.6984125 0.1014109375 0.705853125 0.10229218749999999 0.7088296875 0.11022968749999999 0.7123015625 0.1380078125 0.7313984375 0.1450625 0.7348703125 0.161375 0.7477671875 0.1856265625 0.7609125 0.193121875 0.762896875 0.1966484375 0.76016875 0.20149843750000002 0.7609125 0.2089953125 0.7641375 0.2098765625 0.755953125 0.21208125 0.7529765625 0.2142859375 0.7519843749999999 0.222221875 0.7532234375 0.22178124999999999 0.7571921875000001 0.2239859375 0.7631453125000001 0.222221875 0.7673609375 0.22486718749999998 0.7686015625 0.22707187499999998 0.7673609375 0.2244265625 0.7633921875 0.22707187499999998 0.759671875 0.2275125 0.7537203124999999 0.2403 0.7537203124999999 0.2403 0.759671875 0.2438265625 0.75868125 0.24735468749999998 0.7626484375 0.24735468749999998 0.7676093749999999 0.24955937499999997 0.771825 0.25308593749999997 0.7733140625 0.2627859375 0.7748015625 0.26675468750000003 0.78050625 0.2716046875 0.7834828125 0.27425 0.7948906250000001 0.269840625 0.7991078125 0.2791 0.8053078125 0.2843921875 0.8063 0.2888 0.8115078125 0.30555625000000003 0.8196921875 0.3130515625 0.8199406249999999 0.3377421875 0.829365625 0.3456796875 0.8340781249999999 0.3562609375 0.8353171875 0.367284375 0.8358140625000001 0.37345625 0.8350687499999999 0.38139375000000003 0.8360609374999999 0.3928578125 0.8318453124999999 0.396384375 0.832340625 0.400353125 0.8303578125 0.4043203125 0.8306046874999999 0.40740781249999997 0.82886875 0.41181718749999996 0.8296125 0.41842968750000004 0.8271328125 0.41887187499999995 0.8244046875000001 0.4307765625 0.8249015625 0.4312171875 0.8271328125 0.43298125 0.8266375 0.443121875 0.8303578125 0.447971875 0.8283734375 0.45105781250000004 0.8311015625 0.4563484375 0.8325890625 0.458553125 0.8358140625000001 0.46649062499999994 0.8350687499999999 0.49029999999999996 0.82415625 0.5 0.811259375 0.52821875 0.790178125 0.5295421874999999 0.78670625 0.5348328125 0.7822421875 0.5410046875 0.7790171875 0.5445328125 0.778521875 0.54761875 0.772321875 0.55246875 0.7703375 0.55555625 0.7653765625 0.56040625 0.764384375 0.5612874999999999 0.7611609374999999 0.5709875 0.7544640625000001 0.5736328125 0.7532234375 0.5837749999999999 0.7537203124999999 0.5877421875 0.7502484375 0.599646875 0.74925625 0.603615625 0.7480156250000001 0.6146390625 0.7480156250000001 0.6194890625 0.742559375 0.6388890625 0.7321421875 0.64594375 0.730159375 0.6485890624999999 0.7266859375 0.6543203125 0.724703125 0.6710765624999999 0.71006875 0.6776890625 0.7061015625 0.6807765625 0.7001484375 0.693121875 0.6974203125 0.701940625 0.6879953125 0.7089953125 0.6860125 0.71208125 0.6822921875 0.7164906249999999 0.6813 0.7178125 0.67733125 0.7332453125 0.6698906250000001 0.7341265625 0.665921875 0.7403 0.6619546875 0.7433859375 0.6542656250000001 0.7433859375 0.6463296875 0.7473546875 0.643353125 0.7508812500000001 0.637896875 0.75573125 0.637153125 0.78791875 0.6116078125 0.78791875 0.5952375 0.7861546875000001 0.5915171875 0.78791875 0.5887890625 0.7905640625 0.571925 0.787478125 0.56944375 0.7945328125 0.5647328125 0.7958546875 0.5625 0.8007046875 0.5605156250000001 0.8029093749999999 0.5572921875 0.805996875 0.5451390625 0.805996875 0.52108125 0.8095234375 0.5176093749999999 0.8024687500000001 0.514384375 0.8002640624999999 0.51488125 0.7967375 0.5126484375 0.7967375 0.5019843749999999 0.7949734375 0.4982640625 0.7967375 0.4868546875 0.8024687500000001 0.47991093749999997 0.8042328124999999 0.4744546875 0.8298062500000001 0.4759421875 0.8289234375 0.47495000000000004 0.8324515625 0.4744546875 0.8346562499999999 0.46453437500000005 0.834215625 0.456225 0.8355375 0.4533734375 0.8390656249999999 0.45089218750000004 0.8337749999999999 0.446428125 0.8223109375 0.444196875 0.8258374999999999 0.4392359375 0.8183421875000001 0.4370046875 0.81525625 0.4377484375 0.8117281249999999 0.4350203125 0.810846875 0.4236109375 0.81525625 0.42113125 0.8174609374999999 0.421875 0.8258374999999999 0.42113125 0.8271609375000001 0.41641874999999995 0.8258374999999999 0.414434375 0.8139328125 0.413690625 0.80731875 0.41245000000000004 0.805996875 0.41071406250000003 0.8055562500000001 0.39608125 0.8068781250000001 0.3923609375 0.81216875 0.38864062499999996 0.8126109375 0.384671875 0.81040625 0.376240625 0.80731875 0.3732640625 0.8086421874999999 0.3685515625 0.8046734375 0.3541671875 0.8042328124999999 0.3454859375 0.7985015625 0.3303578125 0.7945328125 0.32713281250000004 0.7896828124999999 0.3263890625 0.787478125 0.31349218749999996 0.7773375 0.308284375 0.7477953125 0.27505 0.6776890625 0.22792656249999999 0.6693125 0.22743125000000003 0.660934375 0.22891875 0.656525 0.2239578125 0.6547625 0.21899843749999998 0.65079375 0.21651718749999999 0.646384375 0.21081406249999998 0.6353609375 0.2083328125 0.6305109375 0.20858125 0.6252203125 0.21081406249999998 0.6194890625 0.21006874999999997 0.6168437499999999 0.20486093749999998 0.6062609375 0.1951890625 0.5925921875 0.1889875 0.5824515625 0.19146875000000002 0.5798062500000001 0.1907234375 0.5709875 0.18526718749999999 0.5687828125000001 0.180803125 0.5612874999999999 0.1775796875 0.5564375 0.1736109375 0.543209375 0.17237031249999998 0.45105781250000004 0.111359375 0.44753125000000005 0.10317499999999999 0.44356249999999997 0.0994546875 0.44091718750000003 0.08829375 0.42813125 0.07192499999999999 0.42239843749999995 0.072171875 0.415784375 0.070684375 0.4126984375 0.08432500000000001 0.40784843750000005 0.087796875 0.4069671875 0.09127031249999999 0.4043203125 0.121940625 0.3999125 0.1240078125 0.3981484375 0.12896875000000002 0.3271609375 0.17088281249999998 0.3223109375 0.1701390625 0.3130515625 0.17286718750000002 0.310846875 0.17584375000000002 0.292328125 0.18948437499999998 0.286596875 0.1966765625 0.282628125 0.1966765625 0.27028281249999997 0.1937 0.26322812500000003 0.1939484375 0.2597 0.1951890625 0.25573125 0.196925 0.245590625 0.205109375 0.236771875 0.21701406250000002 0.231921875 0.2212296875 0.22266249999999999 0.2239578125 0.21252187500000003 0.22197343749999998 0.2045859375 0.2217265625 0.19268125 0.22867031249999997 0.1851859375 0.241815625 0.18077656250000002 0.24206406249999998 0.173721875 0.23983125 0.16093437500000002 0.244046875 0.1529984375 0.251240625 0.151234375 0.25545625 0.1543203125 0.2787703125 0.1384484375 0.27926562499999996 0.1349203125 0.284721875 0.1305109375 0.283978125 0.1287484375 0.28670625 0.12962968749999998 0.290675 0.1243390625 0.29885937500000004 0.117284375 0.300346875 0.11552031250000001 0.2986109375 0.1115515625 0.2983625 0.1000875 0.2946421875 0.0961203125 0.29489062499999996 0.09215156249999999 0.29786718749999996 0.083775 0.30853125000000003 0.081128125 0.31746093750000004 0.075396875 0.3249015625 0.07010625000000001 0.32738125 0.060406249999999995 0.3286203125 0.0586421875 0.3303578125 0.0207234375 0.384671875 0.0207234375 0.4045140625 0.014549999999999999 0.40401718750000004 0.013228124999999999 0.4015375 0.010140625 0.40724218749999996 0.0110234375 0.413690625 0.008378125 0.4171625 0.00573125 0.41765937500000005 0.005290625 0.41964218750000004 0.00573125 0.420634375 0.01058125 0.41964218750000004 0.014549999999999999 0.4236109375 0.0114640625 0.429315625 0.010140625 0.4303078125 0.00573125 0.4298109375 0.005290625 0.4322921875 0.00573125 0.46428593749999997
0 0.9984375 0.9578374999999999 0.9984375 0.9412203124999999 0.9938265625 0.9370046875 0.9828046875 0.9370046875 0.953703125 0.93353125 0.93959375 0.9305562500000001 0.8950625000000001 0.926090625 0.8703703125000001 0.9250984375 0.849646875 0.9223703125 0.8068781250000001 0.9198906250000001 0.7288359375 0.918403125 0.697971875 0.919146875 0.6865078125 0.9213796875 0.6768078125 0.9216265625 0.665784375 0.9203875 0.646384375 0.9255953124999999 0.6300703125 0.9283234374999999 0.5912703125000001 0.9315468750000001 0.5798062500000001 0.933284375 0.5718687499999999 0.9357640625 0.5533515625 0.9377484375 0.5255734375000001 0.9471718750000001 0.5176359374999999 0.9479171875000001 0.513228125 0.9499015625 0.5013234375 0.9526296875 0.48324531249999997 0.9618062500000001 0.471340625 0.9717265625 0.4629625 0.9769343750000001 0.4603171875 0.9826390625 0.4603171875 0.9903281249999999 0.46560781249999994 0.9940468750000001 0.46913593750000004 0.9984375 0.9984375 0.9984375 0.9984375 0.966021875 0.9973546875 0.9626484375000001 0.9973546875 0.9583328124999999 0.9984375 0.9578374999999999
0 0.3139328125 0.9984375 0.3130515625 0.9923109374999999 0.30820156249999997 0.9866078125 0.3086421875 0.9779265625000001 0.30643750000000003 0.97495 0.302028125 0.97271875 0.2989421875 0.9623015625000001 0.29276875 0.9598218749999999 0.28835937500000003 0.9536203125 0.2813046875 0.9508921875 0.2773375 0.9471718750000001 0.23324531249999997 0.9216265625 0.202821875 0.90625 0.123015625 0.8745046875 0.11067031249999999 0.872271875 0.1071421875 0.8692953125 0.0956796875 0.8660718749999999 0.060406249999999995 0.8529265625000001 0.0489421875 0.84995 0.045414062500000005 0.847965625 0.0207234375 0.842509375 0.00573125 0.8373015625000001 0.00396875 0.8377968750000001 0.0026453125 0.8417656250000001 0.0022046875 0.8573906250000001 0.0022046875 0.936984375 0 0.9392359375 0.0022046875 0.9415046874999999 0.0022046875 0.9794140625000001 0.006614062499999999 0.9900796875 0.0188125 0.9959484375000001 0.0216046875 0.9984375 0.3139328125 0.9984375
1 0.9984375 0.9984375 0.9984375 0.990575 0.9903000000000001 0.9863593749999999 0.9841265625 0.9895828124999999 0.9797171875 0.996528125 0.9792765625 0.9984375 0.9984375 0.9984375
1 0.5375 0.7828125 0.5359375 0.7875 0.571875 0.7625 0.553125 0.7671875 0.5375 0.7828125
1 0.6078125 0.734375 0.6125 0.725 0.596875 0.7296875 0.6078125 0.734375
1 0.99375 0.846875 0.990625 0.853125 0.9984375 0.85625 0.9984375 0.8453125 0.99375 0.846875
0 0.7203125 0.8953125 0.7421875 0.9125 0.9984375 0.93125 0.9984375 0.7515625 0.9765625 0.7296875 0.9546875 0.69375 0.89375 0.7 0.75625 0.7984375 0.7203125 0.8328125 0.7234375 0.859375 0.7078125 0.859375 0.70625 0.871875 0.7203125 0.8953125
1 0.1140625 0.815625 0.1046875 0.8203125 0.10625 0.83125 0.1171875 0.8375 0.1375 0.8328125 0.1140625 0.815625
1 0.13125 0.8515625 0.1046875 0.853125 0.103125 0.8640625 0.1125 0.86875 0.1328125 0.85625 0.13125 0.8515625
1 0.2671875 0.8171875 0.2671875 0.83125 0.2859375 0.828125 0.278125 0.815625 0.2671875 0.8171875
0 0.053125 0.309375 0.071875 0.3109375 0.084375 0.2984375 0.10625 0.290625 0.1140625 0.29375 0.146875 0.271875 0.146875 0.25625 0.1546875 0.24375 0.225 0.2171875 0.159375 0.1640625 0.109375 0.1421875 0.059375 0.13125 0.0078125 0.134375 0 0.1359375 0.003125 0.3203125 0.0203125 0.321875 0.053125 0.309375
1 0.05625 0.184375 0.05625 0.1765625 0.0390625 0.1609375 0.009375 0.159375 0.0078125 0.165625 0.0203125 0.178125 0.0421875 0.1875 0.05625 0.184375
1 0.0671875 0.2234375 0.0671875 0.234375 0.0828125 0.234375 0.0828125 0.225 0.0671875 0.2234375
1 0.071875 0.3171875 0.05 0.309375 0.028125 0.3140625 0.0265625 0.321875 0.040625 0.3265625 0.05625 0.3265625 0.071875 0.3171875
0 0.878125 0.490625 0.990625 0.4890625 0.9984375 0.4828125 0.9984375 0.3609375 0.9515625 0.34375 0.9203125 0.346875 0.896875 0.3265625 0.85625 0.325 0.79375 0.3078125 0.8390625 0.484375 0.878125 0.490625
1 0.8109375 0.35 0.81875 0.3640625 0.8375 0.3546875 0.83125 0.346875 0.8109375 0.35
0 0.7765625 0.2640625 0.81875 0.26875 0.828125 0.2703125 0.8375 0.284375 0.8859375 0.2734375 0.965625 0.271875 0.9984375 0.25625 0.9984375 0.1671875 0.9640625 0.1546875 0.88125 0.14375 0.8046875 0.1546875 0.8046875 0.159375 0.75 0.1828125 0.740625 0.1765625 0.70625 0.18125 0.65625 0.18125 0.65 0.1765625 0.6140625 0.1859375 0.6109375 0.190625 0.6171875 0.196875 0.7546875 0.271875 0.7765625 0.2640625
1 0.834375 0.2859375 0.8015625 0.26875 0.778125 0.2703125 0.765625 0.2796875 0.7671875 0.2890625 0.7859375 0.3015625 0.828125 0.2921875 0.834375 0.2859375
1 0.8140625 0.175 0.80625 0.1640625 0.78125 0.1609375 0.75 0.1875 0.746875 0.2 0.7515625 0.2078125 0.784375 0.2125 0.8140625 0.175
1 0.7359375 0.2234375 0.715625 0.2171875 0.709375 0.2203125 0.7109375 0.2328125 0.7328125 0.240625 0.7359375 0.2234375
0 0.4921875 0 0.4296875 0.04375 0.4078125 0.0484375 0.3890625 0.0609375 0.340625 0.1140625 0.34375 0.146875 0.353125 0.1484375 0.371875 0.1390625 0.396875 0.115625 0.4125 0.0625 0.434375 0.071875 0.4734375 0.1359375 0.50625 0.14375 0.5328125 0.1703125 0.5484375 0.165625 0.571875 0.1734375 0.6625 0.09375 0.678125 0.065625 0.6921875 0.0125 0.6859375 0 0.4921875 0
1 0.5046875 0.04375 0.4984375 0.059375 0.525 0.0625 0.525 0.040625 0.5046875 0.04375
1 0.6578125 0.009375 0.6453125 0.009375 0.63125 0.0203125 0.628125 0.03125 0.64375 0.034375 0.6578125 0.021875 0.6578125 0.009375
1 0.4359375 0.0359375 0.4359375 0.04375 0.4484375 0.0421875 0.4484375 0.034375 0.4359375 0.0359375