1 0.505290625 0.12078437500000001 0.49911874999999994 0.123015625 0.4973546875 0.12698437499999998 0.4977953125 0.1341765625 0.5026453125 0.13839218749999999 0.510140625 0.140625 0.5163140625 0.13963281249999998 0.5202828125 0.1359125 0.519840625 0.1307046875 0.5163140625 0.12549531249999998 0.505290625 0.12078437500000001
1 0.4316578125 0.0592765625 0.4268078125 0.060515624999999997 0.4263671875 0.0682046875 0.43650781250000004 0.07564531249999999 0.439153125 0.07986093749999999 0.442240625 0.07986093749999999 0.45105781250000004 0.07266875 0.45105781250000004 0.0669640625 0.4413578125 0.0602671875 0.4316578125 0.0592765625
1 0.5564375 0.1619546875 0.5507046875 0.165675 0.552028125 0.1736109375 0.556878125 0.1763390625 0.5643734375 0.1770828125 0.5736328125 0.1733625 0.5758375 0.1703875 0.5758375 0.165921875 0.5723109375 0.164434375 0.5564375 0.1619546875
1 0.630953125 0.186259375 0.6287484375 0.1877484375 0.6287484375 0.1922125 0.632275 0.196925 0.636684375 0.19816406250000002 0.641975 0.197171875 0.6428578125 0.1919640625 0.6406531249999999 0.18824375 0.6349203125 0.1860125 0.630953125 0.186259375
1 0.29100468749999997 0.278521875 0.29100468749999997 0.2829859375 0.2949734375 0.287203125 0.2985015625 0.2876984375 0.30820156249999997 0.2857140625 0.3099640625 0.2827375 0.3037921875 0.2775296875 0.29717812499999996 0.2765375 0.29100468749999997 0.278521875
1 0.320546875 0.2703375 0.32186875000000004 0.2740578125 0.325396875 0.275296875 0.3333328125 0.2740578125 0.33509687499999996 0.271825 0.33377500000000004 0.2686015625 0.330246875 0.2671125 0.3258375 0.2673609375 0.320546875 0.2703375
1 0.62830625 0.2911703125 0.627425 0.29290625000000003 0.627865625 0.298115625 0.6296296875 0.3000984375 0.6349203125 0.3025796875 0.642415625 0.30233125 0.6450625 0.29786718749999996 0.6402109375 0.2911703125 0.632715625 0.2896828125 0.62830625 0.2911703125
0 0.43959374999999995 0 0.4373890625 0.012648437500000002 0.4272484375 0.0384421875 0.42019375 0.0411703125 0.415784375 0.044890625 0.41225781250000004 0.052331249999999996 0.3611109375 0.0907734375 0.3500875 0.10590312500000001 0.344796875 0.107390625 0.339946875 0.11408750000000001 0.3377421875 0.1143359375 0.334215625 0.1212796875 0.330246875 0.122271875 0.3258375 0.12549531249999998 0.3223109375 0.12599218750000002 0.28306875 0.16964218749999999 0.2813046875 0.1837796875 0.268078125 0.201140625 0.26763593750000003 0.21180625000000003 0.264109375 0.21651718749999999 0.2597 0.21750937499999998 0.25881875 0.21949375 0.25925937499999996 0.232390625 0.26455 0.2373515625 0.2597 0.248015625 0.2716046875 0.2671125 0.272928125 0.274553125 0.2720453125 0.3033234375 0.282628125 0.33506874999999997 0.287478125 0.3415171875 0.28835937500000003 0.3489578125 0.3192234375 0.38864062499999996 0.335978125 0.4010421875 0.349646875 0.4134421875 0.359346875 0.4193953125 0.36419687500000003 0.42534687499999996 0.377425 0.43253906249999996 0.391534375 0.4375 0.4783953125 0.48214218750000004 0.49118125 0.48511875 0.49823593749999995 0.48834375 0.5066140625 0.48983125000000005 0.5127859375 0.492559375 0.5564375 0.4997515625 0.5806875 0.50074375 0.6093468750000001 0.498759375 0.622134375 0.5014875 0.6344796875000001 0.514384375 0.6441796875 0.515625 0.6529984375 0.5136406250000001 0.6428578125 0.5052078125 0.6402109375 0.501115625 0.6406531249999999 0.498015625 0.6543203125 0.4935515625 0.6591703125 0.4908234375 0.6816578125 0.47222187499999996 0.684303125 0.4670140625 0.6913578125 0.4595734375 0.6988531250000001 0.4466765625 0.7006171875 0.4399796875 0.7050265625 0.435515625 0.7103171875000001 0.4166671875 0.7112 0.3908734375 0.70723125 0.3454859375 0.7041453125 0.3432546875 0.7010578125 0.3373015625 0.6957671875 0.321428125 0.6922406249999999 0.3187 0.6807765625 0.302828125 0.678571875 0.2829859375 0.6816578125 0.271578125 0.6825390625 0.24603125 0.6776890625 0.23363125 0.6741625 0.2172625 0.66534375 0.209821875 0.66049375 0.19766875 0.65079375 0.1857640625 0.641975 0.181546875 0.6384484375 0.17683593749999998 0.6243390625 0.16493125 0.6150796875 0.1594734375 0.607584375 0.15823437499999998 0.598325 0.1545140625 0.5877421875 0.144840625 0.5709875 0.1381453125 0.556878125 0.126240625 0.5454140625 0.11879999999999999 0.5392421875 0.11706406250000001 0.5255734375000001 0.106646875 0.5022046875 0.08432500000000001 0.489859375 0.06448437500000001 0.4841265625 0.0595234375 0.4700171875 0.04141875 0.467371875 0.03521875 0.46208125000000005 0.030009374999999998 0.45899531250000003 0.0104171875 0.4541453125 0 0.43959374999999995 0
1 0.07980625 0.6056546875000001 0.0679015625 0.609375 0.06261093749999999 0.6138390625000001 0.0595234375 0.619046875 0.060406249999999995 0.6267359375 0.0648140625 0.6287203124999999 0.0687828125 0.6287203124999999 0.0736328125 0.6264875 0.08245156249999999 0.619046875 0.084215625 0.612103125 0.08333281249999999 0.6073906250000001 0.07980625 0.6056546875000001
1 0.070546875 0.64608125 0.07495625 0.6453375 0.076278125 0.641865625 0.07186875000000001 0.6369046875000001 0.0648140625 0.640625 0.0661375 0.6453375 0.070546875 0.64608125
1 0.036596875 0.652034375 0.0401234375 0.6512890625 0.043651562500000005 0.64608125 0.0401234375 0.6445937500000001 0.033509375 0.646825 0.03306875 0.650296875 0.036596875 0.652034375
1 0.1935625 0.5838296875 0.193121875 0.5796125 0.18959375 0.578125 0.1816578125 0.579365625 0.18077656250000002 0.5806046874999999 0.1816578125 0.5860609375 0.1935625 0.5838296875
1 0.1772484375 0.52505 0.17989375000000002 0.53050625 0.1856265625 0.5344734375 0.192240625 0.5344734375 0.1957671875 0.5329859375 0.19709062500000002 0.5290171875 0.19268125 0.5262890625 0.1816578125 0.524553125 0.1772484375 0.52505
1 0.2671953125 0.5357140625000001 0.2671953125 0.540921875 0.27028281249999997 0.5416671875 0.27865937500000004 0.5404265625 0.282628125 0.5369546875 0.2817453125 0.533978125 0.2799828125 0.5332343749999999 0.2751328125 0.5334828125 0.2671953125 0.5357140625000001
1 0.1913578125 0.4858625 0.18650781249999998 0.483134375 0.1812171875 0.4848703125 0.1812171875 0.4895828125 0.1860671875 0.4908234375 0.1913578125 0.4858625
1 0.44268124999999997 0.5136406250000001 0.44709062499999996 0.5153765625 0.4541453125 0.5133921875 0.45546718750000004 0.509671875 0.4532625 0.508184375 0.4501765625 0.5076890625 0.44047656249999995 0.509425 0.44268124999999997 0.5136406250000001
1 0.3258375 0.52505 0.32980624999999997 0.525296875 0.3324515625 0.5240578124999999 0.3333328125 0.5208328125 0.330246875 0.5188484375 0.32627812500000003 0.5188484375 0.3240734375 0.5208328125 0.3258375 0.52505
1 0.5171953125 0.5463796875 0.5246906250000001 0.548115625 0.5273375 0.5473703125 0.52821875 0.5443953125000001 0.523809375 0.539434375 0.519840625 0.5391859375 0.5163140625 0.542659375 0.5171953125 0.5463796875
1 0 0.5766375 0.005290625 0.5758921875 0.008378125 0.57266875 0.007054687499999999 0.5687 0.0022046875 0.5669640625000001 0 0.5669640625000001 0 0.5766375
1 0 0.6703875 0.0127859375 0.668403125 0.0163140625 0.6634421875000001 0.0163140625 0.6609625 0.013228124999999999 0.6582343749999999 0.009259375 0.65699375 0.00396875 0.658978125 0 0.6614578125 0 0.6703875
1 0.053351562500000005 0.6758437500000001 0.060406249999999995 0.6736109375 0.060406249999999995 0.6698906250000001 0.0546734375 0.6688984375 0.0485015625 0.6721234375 0.0485015625 0.6743546874999999 0.053351562500000005 0.6758437500000001
0 0 0.615328125 0.0022046875 0.6158234375 0.0030859375 0.623759375 0.0022046875 0.6827875 0.0026453125 0.6855156250000001 0.00573125 0.68824375 0.018959375 0.68824375 0.028218749999999997 0.690971875 0.060406249999999995 0.6937 0.0683421875 0.6981640625 0.09920625 0.7008921875 0.10229218749999999 0.7048609375 0.10626093750000001 0.705853125 0.1305109375 0.7051093749999999 0.1534390625 0.6991562499999999 0.156084375 0.6991562499999999 0.16181718750000001 0.7016375 0.169753125 0.6966765625 0.18650781249999998 0.681546875 0.1887125 0.6738593749999999 0.1917984375 0.6698906250000001 0.19929531250000002 0.6669140625 0.213403125 0.6582343749999999 0.21472656250000002 0.6542656250000001 0.2204578125 0.64930625 0.2328046875 0.6426093749999999 0.24735468749999998 0.6314484375 0.27954218750000004 0.6125984375 0.2804234375 0.610615625 0.3223109375 0.5892859374999999 0.3452375 0.581596875 0.349646875 0.5813484375 0.3888890625 0.5701890625 0.3981484375 0.569196875 0.40740781249999997 0.5634921875 0.41225781250000004 0.5642359375 0.4219578125 0.5625 0.447971875 0.5620046875 0.47310468749999995 0.5525796875 0.4783953125 0.5533234375 0.48633125 0.5505953124999999 0.518959375 0.549603125 0.5321875 0.54761875 0.5418875 0.5478671875 0.5515875 0.5466265625 0.5564375 0.5471234375 0.5718687499999999 0.5429062499999999 0.574515625 0.540921875 0.56040625 0.5329859375 0.5119046875000001 0.518353125 0.4788359375 0.4848703125 0.4709 0.4818953125 0.4647265625 0.476190625 0.4457671875 0.4670140625 0.3999125 0.44122031249999993 0.3849203125 0.436259375 0.37698437500000004 0.43477187500000003 0.36860624999999997 0.4295640625 0.34788437499999997 0.42261875 0.3377421875 0.420634375 0.3333328125 0.42088281250000004 0.31878281249999996 0.41641874999999995 0.268078125 0.4079859375 0.2477953125 0.4087296875 0.21252187500000003 0.40327343750000005 0.1869484375 0.4057546875 0.1494703125 0.40352187500000003 0.13932968750000002 0.40550625 0.119046875 0.40525781250000004 0.10317499999999999 0.4067453125 0.093915625 0.40848281249999996 0.0903875 0.4109625 0.085978125 0.4119546875 0.055996875 0.413690625 0.0489421875 0.415921875 0.044532812500000005 0.41567499999999996 0.042328125 0.4186515625 0.036375000000000005 0.419890625 0.00573125 0.42261875 0.0035265625 0.423859375 0.0022046875 0.4327875 0.0030859375 0.5602671875 0 0.5639875 0 0.615328125
1 0.6199296875 0.356646875 0.6230156250000001 0.3549109375 0.6230156250000001 0.3514390625 0.619046875 0.3489578125 0.6150796875 0.3501984375 0.6150796875 0.355159375 0.6199296875 0.356646875
1 0.26322812500000003 0.44766874999999995 0.26763593750000003 0.447171875 0.2694 0.444940625 0.26851875000000003 0.43849218749999996 0.2671953125 0.4377484375 0.26366875 0.43824375 0.2619046875 0.44146875 0.26322812500000003 0.44766874999999995
1 0.4823640625 0.4079859375 0.485009375 0.4060015625 0.485009375 0.4030265625 0.4823640625 0.4015375 0.47663124999999995 0.40277812500000004 0.47795468750000003 0.40724218749999996 0.4823640625 0.4079859375
0 0.5671875 0.13125 0.6375 0.16875 0.6421875 0.1640625 0.665625 0.16875 0.734375 0.1640625 0.7390625 0.1859375 0.7203125 0.1890625 0.715625 0.2015625 0.7171875 0.215625 0.7359375 0.221875 0.7578125 0.20625 0.771875 0.1828125 0.790625 0.16875 0.959375 0.096875 0.9578125 0.0859375 0.925 0.04375 0.8671875 0 0.459375 0.0015625 0.4625 0.0265625 0.5015625 0.08125 0.5671875 0.13125
0 0.3109375 0 0.196875 0.046875 0 0.165625 0 0.178125 0.0046875 0.184375 0.2625 0.2625 0.253125 0.23125 0.2546875 0.2109375 0.2703125 0.1875 0.278125 0.1859375 0.2859375 0.1640625 0.3171875 0.125 0.3453125 0.109375 0.3625 0.0859375 0.4046875 0.0609375 0.4140625 0.0421875 0.4265625 0.0359375 0.4359375 0 0.3109375 0
1 0.358025 0.2686015625 0.36067031250000003 0.2700890625 0.3650796875 0.26959374999999997 0.368165625 0.26760937500000004 0.3650796875 0.2653765625 0.3611109375 0.26463281250000004 0.358025 0.26661718749999996 0.358025 0.2686015625
0 0.7875 0.24375 0.7953125 0.3109375 0.815625 0.3546875 0.8171875 0.38125 0.8109375 0.4421875 0.7953125 0.4734375 0.7828125 0.4828125 0.7984375 0.4890625 0.8125 0.4859375 0.828125 0.5015625 0.8921875 0.5171875 0.9265625 0.521875 0.9984375 0.51875 0.9984375 0.084375 0.9140625 0.109375 0.8984375 0.1234375 0.8609375 0.134375 0.815625 0.1578125 0.76875 0.1984375 0.765625 0.2125 0.7765625 0.2203125 0.7796875 0.2375 0.7875 0.24375
0 0.1453125 0.921875 0.1640625 0.921875 0.184375 0.9125 0.2078125 0.915625 0.2171875 0.90625 0.2828125 0.8765625 0.325 0.8734375 0.35 0.859375 0.3796875 0.8625 0.4125 0.8515625 0.4390625 0.85625 0.490625 0.878125 0.4953125 0.8859375 0.521875 0.8984375 0.5328125 0.896875 0.5453125 0.8890625 0.565625 0.8578125 0.584375 0.8484375 0.6078125 0.8078125 0.63125 0.7875 0.6796875 0.715625 0.7109375 0.653125 0.7171875 0.5953125 0.6984375 0.5671875 0.665625 0.5515625 0.6140625 0.565625 0.584375 0.5609375 0.3484375 0.5640625 0.2 0.66875 0.1609375 0.715625 0.1390625 0.765625 0.1203125 0.790625 0.1140625 0.809375 0.1234375 0.8734375 0.13125 0.9125 0.1453125 0.921875
1 0.25625 0.1828125 0.2703125 0.18125 0.2578125 0.175 0.25625 0.1828125
1 0.6375 0.0625 0.634375 0.071875 0.6453125 0.075 0.6484375 0.0640625 0.6375 0.0625
1 0.8828125 0.4296875 0.88125 0.4390625 0.890625 0.4390625 0.890625 0.43125 0.8828125 0.4296875
1 0.8875 0.4703125 0.8890625 0.484375 0.9078125 0.490625 0.90625 0.4796875 0.8875 0.4703125
1 0.9484375 0.384375 0.95 0.3921875 0.9625 0.3890625 0.959375 0.3828125 0.9484375 0.384375
1 0.8796875 0.4640625 0.8921875 0.4625 0.8796875 0.45625 0.8796875 0.4640625
1 0.9546875 0.10625 0.953125 0.1109375 0.9625 0.1109375 0.965625 0.1015625 0.9546875 0.10625
1 0.3953125 0.990625 0.39375 0.9984375 0.4109375 0.9984375 0.4078125 0.9890625 0.3953125 0.990625
1 0.4 0.8953125 0.4 0.9046875 0.4078125 0.90625 0.4109375 0.8953125 0.4 0.8953125
1 0.509375 0.9828125 0.4921875 0.9859375 0.4921875 0.9984375 0.5015625 0.9984375 0.5125 0.9875 0.509375 0.9828125
1 0.5515625 0.9625 0.54375 0.9515625 0.5265625 0.9515625 0.5234375 0.95625 0.5328125 0.9671875 0.540625 0.9703125 0.5515625 0.9625
1 0.49375 0.9578125 0.4953125 0.96875 0.5140625 0.9640625 0.509375 0.95 0.49375 0.9578125