1 0.6386406250000001 0.387565625 0.644840625 0.3703703125 0.6498015625 0.36067031250000003 0.6505453125 0.34920625 0.64608125 0.3373015625 0.6388890625 0.3320109375 0.6329359375 0.33377500000000004 0.6282234375 0.3452375 0.6267359375 0.3602296875 0.6220234375 0.368165625 0.622271875 0.37654375 0.6230156250000001 0.3805109375 0.6269843749999999 0.3888890625 0.6307046875 0.392415625 0.634425 0.391534375 0.6386406250000001 0.387565625
1 0.6701390625 0.489859375 0.6639390625 0.47707187500000003 0.6582343749999999 0.4709 0.65005 0.47354531250000004 0.6423609375 0.4828046875 0.6401296875 0.50881875 0.63988125 0.5171953125 0.6428578125 0.5255734375000001 0.6458328125 0.52821875 0.6542656250000001 0.5264546875 0.6614578125 0.5171953125 0.6671625 0.5066140625 0.6688984375 0.5017640625 0.6701390625 0.489859375
1 0.5885421875 0.406084375 0.5761406250000001 0.3937390625 0.57266875 0.3981484375 0.56944375 0.40784843750000005 0.5701890625 0.4272484375 0.5761406250000001 0.44400312499999994 0.5803578125 0.4453265625 0.58506875 0.4413578125 0.59300625 0.425484375 0.5935015625 0.41842968750000004 0.5920140625 0.41137499999999994 0.5885421875 0.406084375
1 0.587796875 0.3183421875 0.5758921875 0.3051140625 0.56795625 0.302909375 0.5649796874999999 0.30643750000000003 0.5629953125 0.3139328125 0.5629953125 0.31878281249999996 0.566715625 0.3320109375 0.57118125 0.339946875 0.5761406250000001 0.3456796875 0.5801093749999999 0.34612031249999997 0.58755 0.325396875 0.587796875 0.3183421875
1 0.64608125 0.293209375 0.64608125 0.2989421875 0.6505453125 0.30467343750000003 0.6547625 0.305996875 0.6582343749999999 0.302028125 0.6587296874999999 0.2936515625 0.6540171875 0.2843921875 0.65005 0.287478125 0.64608125 0.293209375
1 0.439484375 0.5039687500000001 0.435515625 0.5039687500000001 0.43129999999999996 0.5097 0.430059375 0.5145500000000001 0.4295640625 0.5211640625 0.430803125 0.5260140625 0.435515625 0.5335093750000001 0.447171875 0.5335093750000001 0.45039687500000003 0.5251328125 0.45039687500000003 0.5211640625 0.4466765625 0.51366875 0.439484375 0.5039687500000001
1 0.483134375 0.679453125 0.482390625 0.6710765624999999 0.4764390625 0.6578484375 0.47147812499999997 0.650353125 0.462796875 0.646384375 0.459078125 0.6499125 0.4583328125 0.6534390625000001 0.4583328125 0.6631390625 0.45709375 0.669753125 0.459078125 0.6776890625 0.4640375 0.683421875 0.4704859375 0.6865078125 0.478421875 0.6873890625 0.482390625 0.68298125 0.483134375 0.679453125
1 0.5887890625 0.7182546875 0.5828375 0.7200171875 0.5791171875 0.7253093749999999 0.57738125 0.7323640625000001 0.5771328125 0.735890625 0.5820937500000001 0.7526453125 0.5873015625 0.75881875 0.5915171875 0.768959375 0.594990625 0.768078125 0.5957343749999999 0.7477953125 0.5932546875 0.7226625 0.5887890625 0.7182546875
1 0.501240625 0.8099640625 0.5024796874999999 0.8183421875000001 0.5057046875 0.8245156250000001 0.509425 0.8240734375000001 0.509425 0.8161375 0.5057046875 0.8051140625000001 0.5017359375 0.8024687500000001 0.501240625 0.8099640625
1 0.681140625 0.44621093749999996 0.6755953124999999 0.44621093749999996 0.6755953124999999 0.4580484375 0.681140625 0.4580484375 0.681140625 0.44621093749999996
1 0.63738125 0.6569640625 0.6294640625000001 0.6569640625 0.6294640625000001 0.6696140625 0.63738125 0.6696140625 0.63738125 0.6569640625
1 0.5125046875 0.7081125 0.5029765625 0.7081125 0.5029765625 0.72684375 0.5125046875 0.72684375 0.5125046875 0.7081125
1 0.4243546875 0.40784843750000005 0.4236109375 0.406084375 0.419890625 0.405203125 0.412203125 0.3990296875 0.4079859375 0.3994703125 0.40625 0.40387968750000003 0.40724218749999996 0.42239843749999995 0.40128906249999996 0.439153125 0.40699375 0.44268124999999997 0.4154265625 0.4413578125 0.4186515625 0.4373890625 0.42261875 0.4268078125 0.42485156249999995 0.4131390625 0.4243546875 0.40784843750000005
1 0.552565625 0.8068781250000001 0.5476171875 0.8068781250000001 0.5476171875 0.8186515625 0.552565625 0.8186515625 0.552565625 0.8068781250000001
1 0.4432046875 0.6913578125 0.43526718750000004 0.6948859374999999 0.4310515625 0.7059078125 0.43055625 0.7129624999999999 0.4317953125 0.717371875 0.44692499999999996 0.7151671875 0.44940468750000007 0.71208125 0.45014843750000005 0.7089953125 0.4484125 0.7001765625 0.4451890625 0.693121875 0.4432046875 0.6913578125
0 0.3901296875 0.6538796875 0.391865625 0.656084375 0.39161718749999996 0.6622578125 0.38988125 0.6693125 0.38988125 0.6772484375000001 0.3911203125 0.6851859375 0.39756874999999997 0.7045859375 0.396825 0.7142859374999999 0.3998015625 0.731040625 0.4047625 0.7336859375 0.4171625 0.722221875 0.4236109375 0.7200171875 0.427828125 0.7213406250000001 0.4392359375 0.7147265625 0.44618125 0.7142859374999999 0.45089218750000004 0.71208125 0.4536203125 0.7054671875 0.45709375 0.7010578125 0.45709375 0.697090625 0.45932500000000004 0.6948859374999999 0.462053125 0.6873890625 0.466765625 0.6865078125 0.46875 0.68783125 0.46949375 0.68959375 0.46775781250000004 0.6988531250000001 0.4670140625 0.7138453124999999 0.4672625 0.7253093749999999 0.46949375 0.7354499999999999 0.46949375 0.75573125 0.47222187499999996 0.7671953125 0.4766859375 0.7751328125 0.478421875 0.7861546875000001 0.482390625 0.7954140625 0.484375 0.8046734375 0.4900796875 0.8148140625 0.49305625 0.8298062500000001 0.4928078125 0.8337749999999999 0.50074375 0.85405625 0.5032234375 0.8694890624999999 0.5084328124999999 0.8844796875000001 0.5138890625 0.9087296874999999 0.5176093749999999 0.9351859375 0.5200890625000001 0.93959375 0.5228171875000001 0.9413578125000001 0.5404265625 0.9431218749999999 0.554315625 0.9400359375 0.5689484375 0.9400359375 0.5778765625 0.9338625 0.594990625 0.9303343749999999 0.60069375 0.924603125 0.6116078125 0.9201937499999999 0.6158234375 0.9162250000000001 0.6185515625 0.9113749999999999 0.62425625 0.9082890625 0.6267359375 0.9043203125 0.630953125 0.9012343749999999 0.63368125 0.8946203125000001 0.644096875 0.8884484374999999 0.64756875 0.8818343750000001 0.657490625 0.86860625 0.66170625 0.8611109375 0.66245 0.8567015625 0.66493125 0.8553796874999999 0.667659375 0.8509703125 0.671875 0.8381828125 0.6775796875 0.831128125 0.679315625 0.82495625 0.6855156250000001 0.8148140625 0.6875 0.8090828125 0.6889875 0.8029093749999999 0.6889875 0.7870375000000001 0.6899796874999999 0.7821875 0.694940625 0.7751328125 0.7008921875 0.7597 0.7028765625 0.7332453125 0.709078125 0.7129624999999999 0.7103171875000001 0.7054671875 0.709325 0.7010578125 0.709078125 0.6873890625 0.7162703125000001 0.650353125 0.7142859374999999 0.635803125 0.7177578125 0.6053796874999999 0.7162703125000001 0.5828921874999999 0.7177578125 0.5727515624999999 0.7182546875 0.5559968750000001 0.7172625 0.548059375 0.7130453125 0.53395 0.7135421875 0.49470937499999995 0.71180625 0.4823640625 0.709325 0.4744265625 0.7080859375 0.4351859375 0.7046125 0.425484375 0.6991562499999999 0.4232796875 0.697171875 0.420634375 0.694196875 0.40343906250000006 0.694940625 0.386684375 0.69444375 0.3650796875 0.6919640625000001 0.358025 0.688740625 0.3562609375 0.6877484375 0.353615625 0.6892359375 0.3377421875 0.6904765625 0.334215625 0.6904765625 0.3258375 0.6894843749999999 0.32275156250000003 0.6932046875 0.30820156249999997 0.696925 0.28306875 0.699653125 0.2751328125 0.7048609375 0.2438265625 0.7061015625 0.240740625 0.7078375 0.226190625 0.7075890625000001 0.2204578125 0.7008921875 0.2182546875 0.697171875 0.2209 0.6825390625 0.2464734375 0.6686515625 0.2627859375 0.6592265625 0.2716046875 0.6542656250000001 0.2799828125 0.65005 0.282628125 0.6458328125 0.282628125 0.6423609375 0.27116406249999997 0.6386406250000001 0.27116406249999997 0.6205359374999999 0.2817453125 0.6073906250000001 0.28395000000000004 0.603175 0.283509375 0.59920625 0.273809375 0.5962296874999999 0.2720453125 0.5917656250000001 0.2716046875 0.5801093749999999 0.2751328125 0.570684375 0.2751328125 0.5647328125 0.277778125 0.5607640625 0.2724875 0.5595234375 0.26763593750000003 0.5553078124999999 0.264109375 0.5359625 0.2654328125 0.5327375 0.26366875 0.5295140625 0.258378125 0.5213296875 0.25925937499999996 0.5166171875 0.26322812500000003 0.5138890625 0.2614640625 0.5133921875 0.25881875 0.5099203125 0.255290625 0.501240625 0.2597 0.49379999999999996 0.27116406249999997 0.48809531249999993 0.27469062499999997 0.482390625 0.2724875 0.4786703125 0.2751328125 0.47420625000000005 0.28306875 0.4672625 0.3007046875 0.46602187500000003 0.3015875 0.4588296875 0.298059375 0.4548609375 0.302909375 0.44766874999999995 0.32495625 0.439484375 0.329365625 0.4350203125 0.3368609375 0.43303593749999997 0.3456796875 0.43129999999999996 0.348765625 0.431546875 0.353615625 0.4303078125 0.35670156249999996 0.431546875 0.359346875 0.4357640625 0.3611109375 0.4357640625 0.3655203125 0.43353125 0.3712515625 0.430928125 0.37345625 0.42683593750000004 0.37345625 0.419890625 0.3694890625 0.415921875 0.377425 0.4146828125 0.392415625 0.41319375 0.3990296875 0.408234375 0.400353125 0.40724218749999996 0.40387968750000003 0.4077375 0.4232796875 0.40625 0.42945312500000005 0.40352187500000003 0.43650781250000004 0.40004999999999996 0.43959374999999995 0.39608125 0.45061718749999996 0.3938484375 0.4828046875 0.3891375 0.4933859375 0.3891375 0.4977953125 0.387896875 0.5013234375 0.389384375 0.543209375 0.3891375 0.5449734375 0.38566406249999996 0.548059375 0.384425 0.55246875 0.384425 0.5736328125 0.38566406249999996 0.5917109375 0.387153125 0.5956796875 0.38368125000000003 0.6071421875 0.3841765625 0.6155203124999999 0.3861609375 0.622134375 0.386409375 0.6300703125 0.3901296875 0.6538796875
1 0.0873015625 0.9351859375 0.08506875 0.9316578124999999 0.07986093749999999 0.9276890625 0.069940625 0.9272484375 0.060515624999999997 0.9413578125000001 0.054564062499999996 0.9554671875 0.054564062499999996 0.9598765625000001 0.060515624999999997 0.9678125 0.068453125 0.9704578125 0.072171875 0.9673718750000001 0.074653125 0.962521875 0.081596875 0.9545859374999999 0.0865578125 0.9431218749999999 0.0873015625 0.9351859375
1 0.11334375000000001 0.8024687500000001 0.1071421875 0.7993828125 0.087796875 0.8170187500000001 0.07886875 0.829365625 0.08060468750000001 0.8377421875 0.0825890625 0.83950625 0.0922625 0.8403875 0.09573437500000001 0.8390656249999999 0.11185468750000001 0.826278125 0.1138390625 0.8218687499999999 0.11557500000000001 0.8099640625 0.11334375000000001 0.8024687500000001
1 0.3120046875 0.8694890624999999 0.30704375 0.864196875 0.2973703125 0.8650796875 0.292659375 0.8703703125000001 0.29191406249999996 0.8730156250000001 0.293403125 0.8769843749999999 0.293403125 0.8805109375000001 0.29613125 0.8844796875000001 0.3025796875 0.8880078125 0.309028125 0.8844796875000001 0.31324375 0.8769843749999999 0.3120046875 0.8694890624999999
1 0.22197343749999998 0.6150796875 0.212796875 0.6062609375 0.20436562500000002 0.6062609375 0.2006453125 0.603615625 0.197171875 0.6044968749999999 0.19246093749999998 0.608465625 0.19246093749999998 0.6164015625 0.20039687499999997 0.62830625 0.20436562500000002 0.630953125 0.209821875 0.63139375 0.21850156250000002 0.6291890625 0.2212296875 0.6269843749999999 0.2239578125 0.6199296875 0.22197343749999998 0.6150796875
1 0.1307046875 0.6181656249999999 0.1354171875 0.6111109375 0.1354171875 0.6071421875 0.1307046875 0.603615625 0.1264875 0.6093468750000001 0.12698437499999998 0.614196875 0.1307046875 0.6181656249999999
1 0.15848281250000001 0.741621875 0.1634421875 0.735890625 0.162203125 0.7323640625000001 0.1577375 0.731921875 0.15401718749999999 0.73633125 0.15426562500000002 0.740740625 0.15848281250000001 0.741621875
1 0.15848281250000001 0.9435625 0.15972187499999999 0.9466484375 0.1619546875 0.9475312499999999 0.16493125 0.9431218749999999 0.16493125 0.939153125 0.1639390625 0.9382718750000001 0.1587296875 0.939153125 0.15848281250000001 0.9435625
0 0 0.9215171874999999 0.001984375 0.9215171874999999 0.005953125 0.9254843749999999 0.009425 0.9312171875 0.0091765625 0.9360671875 0.0161203125 0.9413578125000001 0.0173609375 0.944003125 0.020585937500000002 0.944003125 0.021081250000000003 0.9470906250000001 0.024306249999999998 0.9510578125 0.0287703125 0.9532624999999999 0.030009374999999998 0.9607578125 0.0349703125 0.9664906249999999 0.044890625 0.9709 0.050346875 0.9700171875000001 0.053818750000000005 0.9713406250000001 0.05853125 0.9823640625 0.0669640625 0.9832453125 0.08333281249999999 0.99515 0.10286406249999999 0.9973546875 0.10515937500000001 0.9984375 0.1130953125 0.9969140624999999 0.3342015625 0.9969140624999999 0.3439984375 0.9973546875 0.34449375 0.9984375 0.3459828125 0.9984375 0.3529265625 0.99603125 0.3732640625 0.99603125 0.37574375 0.9938265625 0.373759375 0.9704578125 0.3697921875 0.9673718750000001 0.365328125 0.9554671875 0.3596234375 0.948853125 0.358134375 0.939153125 0.3509421875 0.9351859375 0.35069374999999997 0.9312171875 0.3469734375 0.9223984375000001 0.3474703125 0.9197531250000001 0.3452375 0.9153437500000001 0.3439984375 0.9074078125 0.3380453125 0.897265625 0.334325 0.8849203125 0.334078125 0.8690468750000001 0.33209374999999997 0.86375625 0.330853125 0.8558203125 0.3325890625 0.8399468750000001 0.3318453125 0.8267203125 0.334821875 0.8037921875 0.3392859375 0.7940921875 0.3439984375 0.78791875 0.34573437500000004 0.7817453125 0.3509421875 0.777778125 0.35441406249999996 0.7724875 0.3561515625 0.7667546875 0.35863125 0.763228125 0.3596234375 0.755290625 0.35838281250000004 0.7517640625 0.3415171875 0.72575 0.3100203125 0.6803343749999999 0.3063 0.6759265625 0.2993546875 0.6715171875 0.2889390625 0.6582890625 0.28323437500000004 0.6547625 0.2790171875 0.646825 0.2671125 0.6375656249999999 0.2631453125 0.632715625 0.2571921875 0.6296296875 0.2557046875 0.6269843749999999 0.25 0.6247796875 0.229828125 0.6243390625 0.224703125 0.622134375 0.21800625 0.6111109375 0.196428125 0.5877421875 0.1857640625 0.5837749999999999 0.15401718749999999 0.5626109375 0.1505453125 0.560846875 0.1408734375 0.56040625 0.11557500000000001 0.5445328125 0.102678125 0.5454140625 0.072171875 0.53306875 0.0654765625 0.53791875 0.0602671875 0.53791875 0.0491078125 0.53306875 0.032490625 0.5308640625 0.025296875000000003 0.532628125 0.0208328125 0.5370375000000001 0.00694375 0.5317453125 0 0.5317453125 0 0.9215171874999999
1 0.33125 0.5796875 0.325 0.571875 0.315625 0.575 0.3171875 0.6 0.325 0.6078125 0.3328125 0.5953125 0.33125 0.5796875
1 0.2578125 0.609375 0.2578125 0.61875 0.26875 0.6140625 0.2640625 0.603125 0.2578125 0.609375
0 0.271875 0.6359375 0.3109375 0.678125 0.3578125 0.7484375 0.36875 0.753125 0.3890625 0.7390625 0.396875 0.7296875 0.396875 0.7109375 0.38125 0.6 0.3375 0.5296875 0.328125 0.5265625 0.30625 0.5015625 0.2703125 0.4890625 0.253125 0.4921875 0.24375 0.4875 0.2109375 0.490625 0.203125 0.4984375 0.18125 0.49375 0.18125 0.528125 0.171875 0.5421875 0.1703125 0.56875 0.19375 0.5796875 0.2203125 0.6078125 0.271875 0.6359375