1 0.896384375 0.5057046875 0.8668437499999999 0.5057046875 0.8611109375 0.509671875 0.8505296875000001 0.5136406250000001 0.8470015625 0.519840625 0.848325 0.5287703125000001 0.8518515624999999 0.5322421875 0.8800703125 0.5431546875000001 0.8849203125 0.543403125 0.89594375 0.5411703125 0.9029984375 0.5265375 0.9021156250000001 0.509425 0.896384375 0.5057046875
1 0.8381828125 0.4283234375 0.8447968749999999 0.42286718749999996 0.8452375 0.41319375 0.8412703125000001 0.40525781250000004 0.8377421875 0.40327343750000005 0.8223109375 0.40352187500000003 0.7949734375 0.41170625000000005 0.7716046875 0.41493125 0.7597 0.42113125 0.75573125 0.42113125 0.7477953125 0.423859375 0.7438265625 0.42733125000000005 0.741621875 0.43204374999999995 0.740740625 0.43650781250000004 0.7438265625 0.4432046875 0.7539687500000001 0.44940468750000007 0.760140625 0.44940468750000007 0.7716046875 0.4474203125 0.7892421875 0.4427078125 0.8258374999999999 0.435515625 0.8381828125 0.4283234375
1 0.9572312500000001 0.4030265625 0.9589953124999999 0.3985609375 0.9581125 0.39260937500000004 0.9545859374999999 0.389384375 0.947971875 0.3874015625 0.920634375 0.3901296875 0.9131390625 0.400296875 0.9109343750000001 0.4037703125 0.9109343750000001 0.40922656249999995 0.9118171875 0.4119546875 0.9162250000000001 0.415178125 0.9276890625 0.41641874999999995 0.9417984374999999 0.4154265625 0.9475312499999999 0.413690625 0.9572312500000001 0.4030265625
1 0.9797171875 0.4233625 0.9744265625 0.42460312499999997 0.97178125 0.42683593750000004 0.9713406250000001 0.431546875 0.9748671874999999 0.43377968750000007 0.9819218749999999 0.435515625 0.986771875 0.43477187500000003 0.989859375 0.43055625 0.9863312499999999 0.42485156249999995 0.9828046875 0.4233625 0.9797171875 0.4233625
1 0.887565625 0.4685015625 0.8840390625 0.46974218749999996 0.8818343750000001 0.47222187499999996 0.8809531249999999 0.478421875 0.8844796875000001 0.48090312500000004 0.8902109375 0.4826390625 0.8977078125 0.48090312500000004 0.900353125 0.4786703125 0.9007937500000001 0.47420625000000005 0.896825 0.469990625 0.887565625 0.4685015625
1 0.8822749999999999 0.4377484375 0.8822749999999999 0.4407234375 0.8849203125 0.4432046875 0.8924156249999999 0.44295625000000005 0.897265625 0.439484375 0.8950625000000001 0.43526718750000004 0.8893296875000001 0.43377968750000007 0.8849203125 0.43452343750000005 0.8822749999999999 0.4377484375
1 0.9678125 0.5553078124999999 0.9682546875 0.5595234375 0.9744265625 0.56324375 0.9823640625 0.5615078125 0.986771875 0.5567953125 0.985009375 0.553075 0.980159375 0.5518359375 0.9748671874999999 0.55233125 0.9678125 0.5553078124999999
1 0.9351859375 0.5761406250000001 0.9343031249999999 0.5602671875 0.9263671875 0.55233125 0.9197531250000001 0.5500984375 0.915784375 0.5500984375 0.896825 0.5458828125 0.8897703124999999 0.5466265625 0.88624375 0.5488593749999999 0.882715625 0.5488593749999999 0.8805109375000001 0.5466265625 0.8765437500000001 0.5466265625 0.8747796875 0.5486109375 0.8752203125 0.552828125 0.8818343750000001 0.5639875 0.8924156249999999 0.573909375 0.9052031250000001 0.5818453124999999 0.915784375 0.5825890625000001 0.9268078125000001 0.5798609375 0.9351859375 0.5761406250000001
1 0.8884484374999999 0.584078125 0.8809531249999999 0.587053125 0.8818343750000001 0.5922625 0.8880078125 0.5957343749999999 0.8928578125 0.5962296874999999 0.8950625000000001 0.5954859375 0.8999124999999999 0.590278125 0.8999124999999999 0.586309375 0.896825 0.584821875 0.8884484374999999 0.584078125
1 0.7751328125 0.5803578125 0.768078125 0.584078125 0.7676359374999999 0.587796875 0.7711640625 0.5912703125000001 0.7755734375000001 0.592509375 0.7848328125 0.5917656250000001 0.7918875 0.5880453125 0.7901234374999999 0.58358125 0.782628125 0.5791171875 0.7751328125 0.5803578125
1 0.712521875 0.46974218749999996 0.708553125 0.46949375 0.7050265625 0.46800625 0.6997359375000001 0.46775781250000004 0.6860671875000001 0.470734375 0.683421875 0.4739578125 0.68298125 0.4786703125 0.6856265625 0.482390625 0.6909171875 0.4861109375 0.7014984375 0.48660781249999996 0.7089953125 0.48511875 0.7164906249999999 0.48139843750000005 0.7164906249999999 0.47321406250000003 0.712521875 0.46974218749999996
1 0.697090625 0.5158734375 0.6948859374999999 0.5171125 0.6962078125 0.52108125 0.6988531250000001 0.521825 0.7050265625 0.5213296875 0.70723125 0.5176093749999999 0.7063484375 0.5166171875 0.7014984375 0.5153765625 0.697090625 0.5158734375
1 0.73633125 0.514384375 0.73941875 0.5161203125 0.74426875 0.5158734375 0.7482359375 0.5136406250000001 0.7438265625 0.5099203125 0.7403 0.51016875 0.736771875 0.5124015625 0.73633125 0.514384375
1 0.608025 0.423859375 0.6150796875 0.42534687499999996 0.622134375 0.42460312499999997 0.622134375 0.41964218750000004 0.61860625 0.41691406249999996 0.6111109375 0.41741093749999997 0.607584375 0.4193953125 0.608025 0.423859375
1 0.6935625 0.3591265625 0.6935625 0.3630953125 0.697090625 0.3645828125 0.7089953125 0.3618546875 0.711640625 0.3568953125 0.708553125 0.35441406249999996 0.7050265625 0.3541671875 0.6966484375 0.356646875 0.6935625 0.3591265625
1 0.7989421875 0.603421875 0.79276875 0.603421875 0.7901234374999999 0.605159375 0.7905640625 0.6091265625 0.7958546875 0.609375 0.8024687500000001 0.6113593749999999 0.8064375 0.6103671875 0.8099640625 0.6073906250000001 0.8082015625000001 0.603175 0.8046734375 0.6021828124999999 0.7989421875 0.603421875
1 0.961640625 0.3147328125 0.9612 0.3187 0.96693125 0.323909375 0.9748671874999999 0.3251484375 0.9805999999999999 0.3234125 0.9814812500000001 0.321925 0.9775124999999999 0.31746093750000004 0.9731046875 0.315971875 0.961640625 0.3147328125
0 0.5423281249999999 0.491815625 0.556878125 0.5004953125 0.5612874999999999 0.5019843749999999 0.5634921875 0.505953125 0.5709875 0.5099203125 0.593915625 0.5307546875 0.6005296875 0.5327375 0.603175 0.53670625 0.6124343750000001 0.5411703125 0.6164015625 0.5451390625 0.62345625 0.548115625 0.6402109375 0.5607640625 0.647265625 0.56324375 0.673721875 0.57738125 0.684303125 0.5801093749999999 0.68783125 0.5853171875000001 0.6935625 0.58755 0.7001765625 0.59375 0.7804234375 0.637153125 0.78306875 0.6401296875 0.7901234374999999 0.64136875 0.8068781250000001 0.6532734375 0.816578125 0.6579859375 0.8218687499999999 0.662203125 0.8333328124999999 0.6669140625 0.8500875000000001 0.6763390625000001 0.8518515624999999 0.67881875 0.8602296875000001 0.6835312499999999 0.8800703125 0.6894843749999999 0.895503125 0.6984125 0.9007937500000001 0.6984125 0.9043203125 0.6999015625 0.9215171874999999 0.7028765625 0.9356265625000001 0.709821875 0.9475312499999999 0.7130453125 0.9506171875 0.716021875 0.9554671875 0.7155265625 0.962521875 0.71800625 0.985009375 0.721478125 0.9984375 0.7207343749999999 0.9984375 0.32738125 0.995590625 0.325396875 0.99426875 0.3172125 0.980159375 0.3182046875 0.96208125 0.316715625 0.9594359375 0.3142359375 0.9550265625 0.31324375 0.9029984375 0.3147328125 0.8924156249999999 0.3129953125 0.86860625 0.3120046875 0.8218687499999999 0.316715625 0.7751328125 0.325396875 0.768959375 0.3278765625 0.75485 0.3298609375 0.722221875 0.337053125 0.6384484375 0.3596234375 0.5758375 0.384425 0.5674609375 0.389384375 0.5595234375 0.3923609375 0.5458546875 0.400296875 0.5396828124999999 0.40525781250000004 0.5251328125 0.41021875 0.5163140625 0.415921875 0.5114640625 0.43129999999999996 0.5123453125 0.451140625 0.5154328125000001 0.4588296875 0.5255734375000001 0.470734375 0.5264546875 0.4744546875 0.5313046875 0.47941406249999996 0.532628125 0.483134375 0.538359375 0.4861109375 0.5423281249999999 0.491815625
1 0.4748671875 0.52505 0.4704578125 0.5208328125 0.45105781250000004 0.5260421875 0.43606718750000006 0.532490625 0.4356265625 0.537203125 0.44091718750000003 0.54141875 0.46208125000000005 0.5421625 0.4704578125 0.5411703125 0.4739859375 0.5369546875 0.4744265625 0.5322421875 0.47266250000000004 0.5282734375 0.4748671875 0.52505
1 0.28306875 0.6884921875 0.291446875 0.6855156250000001 0.2945328125 0.681546875 0.286596875 0.680059375 0.2773375 0.684771875 0.27865937500000004 0.6884921875 0.28306875 0.6884921875
1 0.28483281250000003 0.555059375 0.2843921875 0.5567953125 0.2870375 0.558284375 0.29276875 0.5595234375 0.296296875 0.559028125 0.30246875 0.5520828125 0.30246875 0.5478671875 0.2896828125 0.5505953124999999 0.28483281250000003 0.555059375
1 0.1851859375 0.47569375 0.1812171875 0.4771828125 0.1816578125 0.482390625 0.1851859375 0.48363125 0.19444375 0.4826390625 0.20149843750000002 0.48363125 0.20326249999999998 0.482390625 0.2010578125 0.48040625 0.1935625 0.47743125 0.1851859375 0.47569375
1 0.415784375 0.586309375 0.415784375 0.589534375 0.419753125 0.5885421875 0.419753125 0.5865578124999999 0.415784375 0.586309375
1 0.415784375 0.58506875 0.41931250000000003 0.582340625 0.419753125 0.5796125 0.416225 0.5786203125 0.41181718749999996 0.5796125 0.41181718749999996 0.584325 0.415784375 0.58506875
1 0.0687828125 0.6423609375 0.060846875 0.6386406250000001 0.055996875 0.637896875 0.042328125 0.641865625 0.0410046875 0.644096875 0.0405640625 0.6517859374999999 0.046296875 0.6532734375 0.052909375 0.659721875 0.056437499999999995 0.659721875 0.059082812500000005 0.6567453125 0.0661375 0.6537703125000001 0.069665625 0.6505453125 0.0687828125 0.6423609375
0 0.0586421875 0.639384375 0.062168749999999995 0.6408734375 0.0639328125 0.6443453124999999 0.062168749999999995 0.6542656250000001 0.058201562500000005 0.65699375 0.0546734375 0.6654265625 0.055114062500000005 0.6775796875 0.0586421875 0.680059375 0.093915625 0.7202375 0.09127031249999999 0.7224703124999999 0.0917109375 0.7326390625 0.0952375 0.7390875 0.098765625 0.740328125 0.10317499999999999 0.7442953125 0.102734375 0.7636406250000001 0.10890625000000001 0.7688484375 0.11022968749999999 0.7740578124999999 0.10582031249999999 0.7951390625 0.10229218749999999 0.7991078125 0.10052968749999999 0.8105156250000001 0.0965609375 0.8142359375 0.0956796875 0.8187 0.09920625 0.8214281250000001 0.1071421875 0.8211812500000001 0.11552031250000001 0.8172124999999999 0.119046875 0.813740625 0.123015625 0.813740625 0.1291890625 0.8115078125 0.15079375 0.800346875 0.16181718750000001 0.7973703125 0.1671078125 0.7943953125000001 0.1772484375 0.794146875 0.18430312499999998 0.7924109374999999 0.22795468749999998 0.7780265625 0.23853593750000002 0.78050625 0.24118124999999999 0.7802578125 0.2561734375 0.7728171875000001 0.25881875 0.7693453124999999 0.27425 0.7599203125 0.2949734375 0.757440625 0.30246875 0.7529765625 0.30820156249999997 0.746528125 0.31349218749999996 0.743303125 0.321428125 0.741071875 0.32627812500000003 0.7408234375 0.334215625 0.7341265625 0.3430328125 0.7182546875 0.3602296875 0.704365625 0.3659609375 0.7013890625 0.37345625 0.6922125 0.41225781250000004 0.66319375 0.428571875 0.64608125 0.43650781250000004 0.6334328124999999 0.45899531250000003 0.6078875 0.46164062499999997 0.6021828124999999 0.46560781249999994 0.59920625 0.4744265625 0.5858140625 0.47575 0.579365625 0.4823640625 0.568453125 0.485009375 0.5605156250000001 0.4845671875 0.5563 0.48677187499999997 0.552828125 0.48677187499999997 0.512153125 0.49029999999999996 0.46775781250000004 0.489859375 0.45386875 0.4872140625 0.44460937500000003 0.489859375 0.4357640625 0.489859375 0.42534687499999996 0.4845671875 0.42088281250000004 0.481921875 0.4045140625 0.4788359375 0.40004999999999996 0.46693125 0.3908734375 0.4545859375 0.394096875 0.45061718749999996 0.39756874999999997 0.43959374999999995 0.398809375 0.4373890625 0.4005453125 0.4369484375 0.40352187500000003 0.42945312500000005 0.4057546875 0.40740781249999997 0.4067453125 0.4025578125 0.399553125 0.401675 0.39260937500000004 0.396384375 0.3901296875 0.38932968749999997 0.38864062499999996 0.3897703125 0.384671875 0.3884484375 0.383928125 0.377865625 0.382440625 0.37301562499999996 0.379215625 0.3650796875 0.377728125 0.3408296875 0.3787203125 0.324515625 0.3814484375 0.302028125 0.38194374999999997 0.28835937500000003 0.384671875 0.28306875 0.3891375 0.26322812500000003 0.38988125 0.2610234375 0.3923609375 0.23985937499999999 0.399553125 0.23412656250000002 0.4045140625 0.216490625 0.407490625 0.2138453125 0.40997031249999993 0.2050265625 0.412946875 0.19753125 0.42088281250000004 0.193121875 0.420634375 0.1900359375 0.42410781249999996 0.1851859375 0.42609062499999995 0.173721875 0.4342765625 0.169753125 0.4342765625 0.165784375 0.4370046875 0.1538796875 0.4407234375 0.14285781250000001 0.45014843750000005 0.1380078125 0.45238125 0.12654375 0.46478125 0.1067015625 0.4796625 0.0731921875 0.5173609375 0.056437499999999995 0.542659375 0.0485015625 0.556546875 0.0489421875 0.5647328125 0.042328125 0.582340625 0.04276875 0.5967265625 0.0396828125 0.6118546874999999 0.043209375 0.619046875 0.04276875 0.633928125 0.048059375 0.639384375 0.052468749999999995 0.6408734375 0.056878125 0.6388890625 0.0586421875 0.639384375
1 0.0961203125 0.731646875 0.099646875 0.730903125 0.107584375 0.724703125 0.107584375 0.7157734375 0.11287499999999999 0.7068453124999999 0.1159609375 0.7051093749999999 0.11287499999999999 0.7013890625 0.117284375 0.69766875 0.11860625 0.6889875 0.1150796875 0.6865078125 0.10890625000000001 0.6855156250000001 0.0956796875 0.6852671875 0.083775 0.686259375 0.080246875 0.6892359375 0.0776015625 0.6951890625 0.07495625 0.69618125 0.0758375 0.7006453125000001 0.079365625 0.7048609375 0.08465625 0.7070937500000001 0.0873015625 0.7108140625 0.08906562500000001 0.7162703125000001 0.0877421875 0.7323906250000001 0.09215156249999999 0.7363593749999999 0.0961203125 0.731646875
1 0.796296875 0.1641859375 0.7954140625 0.1666671875 0.7971781250000001 0.1681546875 0.8037921875 0.1674109375 0.8134921875 0.1626984375 0.8148140625 0.1577375 0.8112875 0.157490625 0.8015874999999999 0.1599703125 0.796296875 0.1641859375
1 0.7438265625 0.0776296875 0.7385359375 0.0838296875 0.7380953124999999 0.0880453125 0.739859375 0.09176562499999999 0.755290625 0.094990625 0.7645500000000001 0.09449375 0.7676359374999999 0.0873015625 0.7658734375 0.0838296875 0.759259375 0.0783734375 0.7438265625 0.0776296875
1 0.6393296875 0.167659375 0.6305109375 0.1674109375 0.6287484375 0.1686515625 0.6287484375 0.1775796875 0.63139375 0.1813 0.6450625 0.190228125 0.65079375 0.19146875000000002 0.655203125 0.1892359375 0.6622578125 0.1827875 0.66049375 0.1775796875 0.6393296875 0.167659375
1 0.7870375000000001 0.1775796875 0.7835093750000001 0.1748515625 0.7755734375000001 0.1775796875 0.7760140625 0.1817953125 0.7835093750000001 0.180803125 0.7870375000000001 0.1775796875
0 0.48545 0.3196921875 0.513228125 0.32614062499999996 0.5268953125 0.334325 0.53306875 0.3459828125 0.5361546875000001 0.34771874999999997 0.5599640625 0.3407734375 0.576278125 0.3333328125 0.5877421875 0.33010937500000004 0.613315625 0.3139875 0.6199296875 0.3107640625 0.627865625 0.31051562499999996 0.6441796875 0.3025796875 0.6538796875 0.29489062499999996 0.6728390625 0.283978125 0.6790125 0.2782734375 0.697971875 0.2658734375 0.706790625 0.262896875 0.7244265624999999 0.25198437500000004 0.72575 0.2495046875 0.7477953125 0.2368546875 0.7727515625 0.21612031250000002 0.8042328124999999 0.194940625 0.8452375 0.15848281250000001 0.8646390625 0.1267359375 0.86375625 0.12177656249999999 0.8659609375 0.119046875 0.8650796875 0.107390625 0.8602296875000001 0.0939984375 0.8611109375 0.09176562499999999 0.8465609374999999 0.06770781249999999 0.848325 0.0647328125 0.858465625 0.0572921875 0.8571421875 0.052828125000000004 0.8461203125000001 0.052331249999999996 0.8425921875 0.054810937500000004 0.8298062500000001 0.0572921875 0.8240734375000001 0.060515624999999997 0.8143734374999999 0.06076406250000001 0.7936515625 0.05679531249999999 0.768078125 0.055059375 0.7614640625 0.0533234375 0.7376546875 0.055059375 0.7213406250000001 0.0513390625 0.7164906249999999 0.053075000000000004 0.6882718750000001 0.0520828125 0.6679890625 0.056546874999999996 0.6613749999999999 0.055803124999999995 0.6428578125 0.0622515625 0.6305109375 0.063740625 0.61860625 0.07118125 0.594796875 0.07986093749999999 0.5789234375000001 0.0922625 0.5723109375 0.09548593749999999 0.5679015625 0.09573437500000001 0.556878125 0.10590312500000001 0.5498234375 0.11011875 0.5154328125000001 0.14260937499999998 0.5074953125 0.15277812500000001 0.5017640625 0.1577375 0.49603125 0.1688984375 0.48677187499999997 0.1775796875 0.46869531249999996 0.205109375 0.456790625 0.2162703125 0.4514984375 0.2299109375 0.43253906249999996 0.2485125 0.423721875 0.264384375 0.4175484375 0.2864578125 0.416225 0.308284375 0.41931250000000003 0.3142359375 0.4320984375 0.313740625 0.4413578125 0.31175625 0.4541453125 0.3125 0.46560781249999994 0.3157234375 0.4744265625 0.32266875 0.48545 0.3196921875
1 0.419753125 0.554315625 0.42283906250000003 0.5525796875 0.4215171875 0.5488593749999999 0.419753125 0.548115625 0.4171078125 0.5505953124999999 0.4166671875 0.5525796875 0.419753125 0.554315625
1 0.5485015625 0.1803078125 0.5502640624999999 0.1748515625 0.5489421875 0.17137968750000002 0.54276875 0.1703875 0.5401234374999999 0.1721234375 0.5410046875 0.17683593749999998 0.5485015625 0.1803078125
1 0.627865625 0.13045625 0.6252203125 0.1326890625 0.6247796875 0.13516875 0.6305109375 0.139384375 0.6349203125 0.14012968750000002 0.6402109375 0.13839218749999999 0.6402109375 0.134425 0.6340390625000001 0.130953125 0.6305109375 0.12996093749999998 0.627865625 0.13045625
1 0.6675484375 0.23983125 0.6675484375 0.243303125 0.669753125 0.2447921875 0.6741625 0.24380000000000002 0.675484375 0.23983125 0.673721875 0.238590625 0.6693125 0.2388390625 0.6675484375 0.23983125
0 0.2421875 0.2234375 0.2796875 0.190625 0.24375 0.1875 0.20625 0.171875 0.153125 0.165625 0.0671875 0.1703125 0.003125 0.18125 0 0.3375 0.0515625 0.328125 0.1015625 0.3109375 0.2421875 0.2234375
1 0 0.3125 0.0125 0.3109375 0.025 0.3 0.025 0.2953125 0.0078125 0.2921875 0 0.2921875 0 0.3125
1 0.0109375 0.3109375 0.003125 0.3171875 0.003125 0.3296875 0.034375 0.3234375 0.03125 0.3140625 0.0109375 0.3109375
1 0.1828125 0.2359375 0.175 0.2328125 0.1546875 0.2359375 0.15 0.240625 0.15625 0.2453125 0.1828125 0.2421875 0.1828125 0.2359375
1 0.1125 0.278125 0.109375 0.2890625 0.1171875 0.2890625 0.1234375 0.2734375 0.1125 0.278125
1 0.0921875 0.296875 0.0890625 0.30625 0.1 0.30625 0.10625 0.290625 0.0921875 0.296875
1 0.03125 0.2734375 0.0125 0.2734375 0.00625 0.278125 0.01875 0.2828125 0.0328125 0.2796875 0.03125 0.2734375
0 0 0.515625 0.078125 0.503125 0.109375 0.4703125 0.153125 0.4375 0.2515625 0.390625 0.29375 0.3796875 0.303125 0.3703125 0.35 0.371875 0.3328125 0.3453125 0.2859375 0.3203125 0.21875 0.296875 0.175 0.2921875 0.16875 0.2859375 0.153125 0.2875 0.103125 0.3140625 0.0046875 0.35 0 0.36875 0 0.515625
1 0.2296875 0.3375 0.2328125 0.346875 0.2484375 0.34375 0.24375 0.3359375 0.2296875 0.3375
1 0 0.4921875 0.01875 0.4890625 0.0359375 0.478125 0.0296875 0.465625 0.009375 0.4703125 0 0.475 0 0.4921875
1 0 0.8875 0.053125 0.878125 0.075 0.8828125 0.10625 0.875 0.1203125 0.8625 0.1328125 0.8359375 0.13125 0.825 0.1078125 0.8234375 0.09375 0.809375 0.1015625 0.79375 0.096875 0.7859375 0.0875 0.7875 0.046875 0.825 0.0234375 0.85625 0 0.871875 0 0.8875
1 0.0015625 0.75625 0 0.7859375 0.009375 0.7765625 0.009375 0.7625 0.0015625 0.75625
1 0 0.8234375 0.0046875 0.809375 0 0.8046875 0 0.8234375
1 0.0328125 0.7734375 0.03125 0.7796875 0.0421875 0.7796875 0.040625 0.7734375 0.0328125 0.7734375
1 0.1078125 0.9140625 0.134375 0.9125 0.1078125 0.90625 0.1078125 0.9140625
1 0.0265625 0.896875 0.0421875 0.89375 0.028125 0.8890625 0.0265625 0.896875
1 0.325 0.84375 0.309375 0.8671875 0.34375 0.85 0.3546875 0.825 0.325 0.84375
1 0.36875 0.7609375 0.3671875 0.7890625 0.3734375 0.7625 0.371875 0.7578125 0.36875 0.7609375
1 0 0.675 0.0484375 0.678125 0.0484375 0.6609375 0.0328125 0.63125 0.009375 0.6375 0 0.6421875 0 0.675
0 0 0.9234375 0.0375 0.9265625 0.2296875 0.9109375 0.2875 0.890625 0.321875 0.8484375 0.35 0.8390625 0.3640625 0.8046875 0.3796875 0.7328125 0.3765625 0.6953125 0.328125 0.74375 0.2369796875 0.7828125 0.2140625 0.784375 0.1359375 0.8109375 0.13125 0.8140625 0.134375 0.8453125 0.1140625 0.8703125 0.0796875 0.88125 0.0359375 0.878125 0.0046875 0.8859375 0 0.8890625 0 0.9234375
0 0 0.86875 0.0140625 0.8640625 0.0328125 0.8375 0.0953125 0.7796875 0.0828125 0.7125 0.05625 0.6859375 0.00625 0.6765625 0 0.6796875 0 0.86875
1 0.0125 0.7015625 0.00625 0.709375 0.0171875 0.7140625 0.0203125 0.7046875 0.0125 0.7015625
1 0.5671875 0.5390625 0.553125 0.5265625 0.5109375 0.5359375 0.5125 0.5421875 0.5265625 0.54375 0.5625 0.54375 0.5671875 0.5390625
1 0.6578125 0.590625 0.68125 0.5875 0.678125 0.5796875 0.625 0.55 0.603125 0.553125 0.603125 0.565625 0.621875 0.5796875 0.6328125 0.578125 0.6578125 0.590625
1 0.5421875 0.5609375 0.54375 0.571875 0.571875 0.5640625 0.5609375 0.553125 0.5421875 0.5609375
1 0.490625 0.5515625 0.4890625 0.56875 0.5078125 0.5609375 0.50625 0.5515625 0.490625 0.5515625
0 0.5203125 0.5921875 0.6 0.590625 0.678125 0.6109375 0.7078125 0.6109375 0.7171875 0.603125 0.68125 0.5828125 0.678125 0.5875 0.6640625 0.5828125 0.6640625 0.575 0.6515625 0.565625 0.596875 0.5359375 0.53125 0.4875 0.5 0.496875 0.4921875 0.525 0.4890625 0.5765625 0.5015625 0.5875 0.5125 0.584375 0.5203125 0.5921875
1 0.896875 0 0.8671875 0.0265625 0.8640625 0.040625 0.8921875 0.040625 0.90625 0.021875 0.9109375 0 0.896875 0
1 0.9140625 0.0703125 0.896875 0.0828125 0.8953125 0.090625 0.925 0.0875 0.9296875 0.071875 0.9140625 0.0703125
1 0.8703125 0.11875 0.8640625 0.140625 0.884375 0.128125 0.88125 0.115625 0.8703125 0.11875
1 0.9484375 0.1421875 0.9484375 0.15 0.9625 0.1453125 0.9578125 0.1390625 0.9484375 0.1421875
1 0.7859375 0.2140625 0.7625 0.228125 0.7921875 0.2328125 0.8140625 0.228125 0.8140625 0.2203125 0.7859375 0.2140625
1 0.9546875 0.0109375 0.9453125 0.00625 0.9421875 0.0171875 0.9484375 0.0328125 0.9546875 0.0328125 0.9546875 0.0109375
1 0.8015625 0.025 0.7828125 0.0046875 0.7625 0.003125 0.746875 0.0171875 0.74375 0.03125 0.7625 0.0484375 0.7859375 0.0484375 0.8015625 0.025
1 0.6796875 0 0.6640625 0.0203125 0.6625 0.0328125 0.68125 0.0375 0.6953125 0.0328125 0.7046875 0.01875 0.6921875 0 0.6796875 0
1 0.6546875 0.040625 0.6234375 0.028125 0.615625 0.028125 0.603125 0.04375 0.6015625 0.06875 0.64375 0.0578125 0.6578125 0.046875 0.6546875 0.040625
1 0.5015625 0.15 0.5109375 0.140625 0.5015625 0.1359375 0.5015625 0.15