1 0.097221875 0.30643750000000003 0.09573437500000001 0.30246875 0.0838296875 0.291446875 0.0758921875 0.291446875 0.07291718750000001 0.2945328125 0.0704359375 0.30114687500000004 0.070684375 0.330246875 0.0731640625 0.33950625 0.07564531249999999 0.3421515625 0.08506875 0.3368609375 0.089534375 0.32980624999999997 0.0939984375 0.3258375 0.0967265625 0.3179015625 0.097221875 0.30643750000000003
1 0.1403765625 0.597884375 0.14012968750000002 0.5956796875 0.13715312500000001 0.5921515625 0.1302078125 0.5908296875 0.1232640625 0.5952375 0.1220234375 0.599646875 0.12177656249999999 0.6071421875 0.1232640625 0.614196875 0.1247515625 0.6168437499999999 0.127728125 0.6181656249999999 0.130953125 0.617284375 0.136409375 0.6111109375 0.13864062500000002 0.6067015625 0.1403765625 0.597884375
1 0.2713296875 0.2791 0.27579375 0.28086406249999996 0.2795140625 0.2764546875 0.28050625 0.2707234375 0.2790171875 0.26366875 0.275296875 0.2614640625 0.271825 0.264990625 0.2713296875 0.2791
1 0.2713296875 0.1816578125 0.268353125 0.18253906250000002 0.2633921875 0.1900359375 0.2609125 0.19709062500000002 0.26016875 0.2010578125 0.2609125 0.207671875 0.2633921875 0.2098765625 0.2678578125 0.2098765625 0.27628906249999996 0.20061718750000002 0.2782734375 0.189153125 0.275296875 0.18386249999999998 0.2713296875 0.1816578125
1 0.40724218749999996 0.4977953125 0.404265625 0.5008812500000001 0.40401718750000004 0.51058125 0.405009375 0.51366875 0.40922656249999995 0.5154328125000001 0.41170625000000005 0.5145500000000001 0.413690625 0.5114640625 0.4141859375 0.50881875 0.4119546875 0.49911874999999994 0.40724218749999996 0.4977953125
1 0.387153125 0.5864203125 0.387896875 0.593475 0.391865625 0.597884375 0.3963296875 0.5952375 0.398065625 0.5881828125 0.396578125 0.5806875 0.3928578125 0.5780421875 0.3891375 0.580246875 0.387153125 0.5864203125
1 0.3921125 0.6825390625 0.3891375 0.68959375 0.38963281250000004 0.697090625 0.3928578125 0.6997359375000001 0.39756874999999997 0.6997359375000001 0.40004999999999996 0.697090625 0.40079374999999995 0.693121875 0.3998015625 0.6856265625 0.3963296875 0.6807765625 0.3921125 0.6825390625
1 0.2547125 0.55555625 0.2544640625 0.5639328124999999 0.2557046875 0.5674609375 0.259671875 0.566578125 0.2638890625 0.556878125 0.262896875 0.55246875 0.2599203125 0.54761875 0.255953125 0.5493828125 0.2547125 0.55555625
1 0.2202375 0.5454140625 0.22048593749999998 0.55246875 0.22420625 0.5559968750000001 0.22817500000000002 0.5546734375 0.230159375 0.5493828125 0.22867031249999997 0.5418875 0.225446875 0.5392421875 0.222221875 0.5405640625 0.2202375 0.5454140625
1 0.3494546875 0.47707187500000003 0.3516859375 0.471340625 0.3514390625 0.46604999999999996 0.3494546875 0.4612 0.344990625 0.4629625 0.3452375 0.4744265625 0.3494546875 0.47707187500000003
1 0.0731640625 0.6618171875 0.072171875 0.6675484375 0.0724203125 0.673721875 0.07490156249999999 0.675484375 0.0783734375 0.674603125 0.0811015625 0.669753125 0.0811015625 0.66049375 0.07986093749999999 0.6578484375 0.0751484375 0.6578484375 0.0731640625 0.6618171875
1 0.35739062499999996 0.6353609375 0.35863125 0.627865625 0.3576390625 0.6230156250000001 0.35441406249999996 0.6261015624999999 0.353421875 0.6291890625 0.3536703125 0.6344796875000001 0.35739062499999996 0.6353609375
1 0.2938984375 0.28395000000000004 0.29141875 0.2905640625 0.2911703125 0.2945328125 0.2943953125 0.3007046875 0.2983625 0.2993828125 0.3013390625 0.29100468749999997 0.3015875 0.28306875 0.2991078125 0.27954218750000004 0.2963796875 0.28086406249999996 0.2938984375 0.28395000000000004
0 0 0.6340390625000001 0.0024796875 0.6349203125 0.005207812500000001 0.647265625 0.0079359375 0.651234375 0.007440624999999999 0.6538796875 0.0133921875 0.6556437500000001 0.0317453125 0.674603125 0.037203125 0.684303125 0.0438984375 0.6887125000000001 0.0463796875 0.693121875 0.055803124999999995 0.6962078125 0.0592765625 0.7006171875 0.06324375 0.7028218749999999 0.0758921875 0.7195765625 0.078125 0.7248671875 0.084078125 0.730159375 0.0915171875 0.7332453125 0.0959828125 0.730159375 0.0994546875 0.7345671874999999 0.10540624999999999 0.7354499999999999 0.1083828125 0.740740625 0.11656718749999999 0.7491187499999999 0.12177656249999999 0.7513234375 0.1227671875 0.7561734375 0.1252484375 0.755290625 0.125 0.7530859375000001 0.1279765625 0.7513234375 0.129215625 0.75485 0.1307046875 0.755290625 0.1321921875 0.7513234375 0.13566406250000002 0.75 0.13839218749999999 0.7522046875 0.14260937499999998 0.7513234375 0.1498015625 0.7570546874999999 0.1594734375 0.759259375 0.21999062500000002 0.7645500000000001 0.228421875 0.764109375 0.23263906250000002 0.76058125 0.2358625 0.760140625 0.25099218749999996 0.7627859375 0.2633921875 0.7574953125 0.27926562499999996 0.7561734375 0.2827375 0.7508812500000001 0.3025796875 0.749559375 0.3102671875 0.7438265625 0.3142359375 0.7429453125000001 0.32614062499999996 0.7438265625 0.3362265625 0.74118125 0.3405265625 0.7425046875 0.3494546875 0.74118125 0.38386718750000004 0.7279546875 0.38864062499999996 0.7306 0.39161718749999996 0.727071875 0.3978171875 0.727071875 0.4171625 0.7186953125 0.4186515625 0.71605 0.4265875 0.7195765625 0.4303078125 0.7164906249999999 0.430059375 0.7142859374999999 0.43328437500000005 0.7014984375 0.43328437500000005 0.6962078125 0.43253906249999996 0.689153125 0.43055625 0.683421875 0.4295640625 0.6578484375 0.42807500000000004 0.6538796875 0.427828125 0.6340390625000001 0.4298109375 0.6230156250000001 0.4298109375 0.6150796875 0.4270828125 0.6053796874999999 0.42633906250000003 0.598325 0.4265875 0.585096875 0.428571875 0.5758375 0.4290671875 0.5661375 0.42534687499999996 0.5533515625 0.42485156249999995 0.5423281249999999 0.42683593750000004 0.5321875 0.4295640625 0.5291 0.43055625 0.5216046875 0.430803125 0.5176359374999999 0.4290671875 0.510140625 0.4295640625 0.48545 0.43129999999999996 0.4704578125 0.43377968750000007 0.467371875 0.43402812500000004 0.462521875 0.43675625 0.4514984375 0.4377484375 0.40740781249999997 0.439484375 0.39329843750000004 0.443453125 0.387125 0.44444375 0.369046875 0.42683593750000004 0.30246875 0.4221234375 0.2945328125 0.419890625 0.2870375 0.4141859375 0.2791 0.413690625 0.2751328125 0.40724218749999996 0.2654328125 0.4047625 0.2570546875 0.4037703125 0.2438265625 0.4005453125 0.23633125000000002 0.39558593750000004 0.2328046875 0.3814484375 0.20855312499999998 0.377728125 0.19753125 0.37698437500000004 0.1851859375 0.3747515625 0.17813125000000002 0.3563984375 0.1499125 0.3541671875 0.1349203125 0.349703125 0.12654375 0.3286203125 0.10846562500000001 0.32316406249999996 0.098765625 0.3224203125 0.0952375 0.315971875 0.0877421875 0.306546875 0.0806875 0.3045640625 0.0723109375 0.2991078125 0.065696875 0.2924109375 0.06261093749999999 0.2859625 0.055996875 0.2740578125 0.0502640625 0.271825 0.0410046875 0.2678578125 0.032628125 0.2609125 0.029099999999999997 0.2591765625 0.0251328125 0.2557046875 0.0220453125 0.2485125 0.0171953125 0.244046875 0.0163140625 0.2388390625 0.0097 0.2217265625 0.0030859375 0.188740625 0.00573125 0.1837796875 0.00396875 0.1592265625 0.0022046875 0.024306249999999998 0.0026453125 0.0091765625 0.004409375 0 0.007495312499999999 0 0.6340390625000001
1 0.7259421875000001 0.6441796875 0.7239578125 0.6432984375 0.71949375 0.6455031250000001 0.7157734375 0.6556437500000001 0.714534375 0.6622578125 0.7150296875000001 0.669753125 0.72420625 0.6816578125 0.727678125 0.68298125 0.7326390625 0.6816578125 0.738590625 0.6723984375 0.738590625 0.6618171875 0.7259421875000001 0.6441796875
1 0.47569375 0.3236328125 0.4751984375 0.3324515625 0.477678125 0.33818281250000004 0.4828875 0.33950625 0.48536718749999996 0.3373015625 0.4861109375 0.32980624999999997 0.4826390625 0.320546875 0.47817499999999996 0.32010625 0.47569375 0.3236328125
1 0.6240078125 0.180334375 0.6225203125000001 0.173721875 0.6210312499999999 0.156525 0.6185515625 0.150353125 0.61483125 0.147265625 0.61011875 0.1490296875 0.6056546875000001 0.1543203125 0.597965625 0.1574078125 0.587796875 0.1710765625 0.572171875 0.207671875 0.571925 0.21605 0.5741562499999999 0.22795468749999998 0.5761406250000001 0.2328046875 0.5959828125 0.2380953125 0.6054062499999999 0.2323640625 0.612846875 0.2209 0.6230156250000001 0.1917984375 0.6240078125 0.180334375
1 0.5369546875 0.7283953125 0.540921875 0.735890625 0.543403125 0.7345671874999999 0.5446421875 0.7323640625000001 0.543403125 0.7200171875 0.540921875 0.7156078124999999 0.5369546875 0.7151671875 0.5369546875 0.7283953125
1 0.5421625 0.6622578125 0.5443953125000001 0.6684296875 0.5488593749999999 0.6675484375 0.5491078125 0.6618171875 0.546875 0.6582890625 0.5446421875 0.6569671875 0.5424109374999999 0.660053125 0.5421625 0.6622578125
1 0.5607640625 0.11022968749999999 0.5629953125 0.1071421875 0.5644843749999999 0.09920625 0.5605156250000001 0.0974421875 0.5577875 0.10317499999999999 0.5575390625 0.107584375 0.5607640625 0.11022968749999999
1 0.8194437499999999 0.09920625 0.8221718750000001 0.104496875 0.8276296875 0.10361562499999999 0.8296125 0.099646875 0.829365625 0.093475 0.8261406250000001 0.08950625 0.8196921875 0.09215156249999999 0.8194437499999999 0.09920625
1 0.9821421875 0.25925937499999996 0.9799109375 0.26763593750000003 0.9799109375 0.27821875 0.9823906250000001 0.2843921875 0.9900796875 0.291446875 0.9984375 0.293209375 0.9984375 0.2614640625 0.9940468750000001 0.2566140625 0.9858625 0.2561734375 0.9821421875 0.25925937499999996
1 0.9092265625 0.12962968749999998 0.9099703124999999 0.135803125 0.9149312500000001 0.14197500000000002 0.9201390625 0.14285781250000001 0.9223703125 0.1384484375 0.9201390625 0.13139375 0.9159218750000001 0.127425 0.9114578124999999 0.12654375 0.9092265625 0.12962968749999998
1 0.6855156250000001 0.377425 0.6894843749999999 0.3650796875 0.6894843749999999 0.3611109375 0.68824375 0.358025 0.6857640625 0.3562609375 0.6783234375 0.353175 0.6736109375 0.35405625 0.673115625 0.363315625 0.674603125 0.37169375 0.6741078125 0.38227500000000003 0.675346875 0.3880078125 0.6748515625 0.392415625 0.6775796875 0.3928578125 0.6803078124999999 0.3853609375 0.6855156250000001 0.377425
1 0.709325 0.7403 0.7075890625000001 0.7433859375 0.707340625 0.75 0.709078125 0.7570546874999999 0.71329375 0.7579359375 0.7157734375 0.75573125 0.7165171875 0.7513234375 0.7150296875000001 0.7438265625 0.712796875 0.740740625 0.709325 0.7403
1 0.5813484375 0.9984375 0.580853125 0.9938265625 0.5761406250000001 0.985009375 0.5724203125 0.986771875 0.569940625 0.9929453125000001 0.569940625 0.9984375 0.5813484375 0.9984375
0 0.429315625 0.5445328125 0.4295640625 0.55246875 0.43204374999999995 0.565696875 0.4295640625 0.5837749999999999 0.4298109375 0.59920625 0.431546875 0.603175 0.43129999999999996 0.6071421875 0.43303593749999997 0.608025 0.43477187500000003 0.6146390625 0.43129999999999996 0.6296296875 0.4310515625 0.647265625 0.43253906249999996 0.6591703125 0.4350203125 0.6635796875 0.435515625 0.6693125 0.4392359375 0.6719578125 0.4399796875 0.674603125 0.4375 0.69753125 0.43402812500000004 0.71208125 0.4327875 0.7283953125 0.43477187500000003 0.7389765625 0.44047656249999995 0.7425046875 0.44171562499999995 0.7464734375 0.4427078125 0.75573125 0.44097187499999996 0.764990625 0.4407234375 0.7751328125 0.44171562499999995 0.78306875 0.446428125 0.7892421875 0.451884375 0.7910046875 0.4546125 0.801146875 0.454365625 0.81040625 0.45238125 0.8187828125 0.4526296875 0.8258374999999999 0.4506453125 0.829365625 0.4506453125 0.8337749999999999 0.454365625 0.849646875 0.4588296875 0.853175 0.45932500000000004 0.8553796874999999 0.460565625 0.8805109375000001 0.46254999999999996 0.897265625 0.4670140625 0.9087296874999999 0.474703125 0.9153437500000001 0.476190625 0.9400359375 0.47817499999999996 0.9497359375000001 0.48214218750000004 0.961640625 0.48735156249999995 0.96208125 0.4908234375 0.9678125 0.493303125 0.989859375 0.49627968750000007 0.9984375 0.4995046875 0.9984375 0.5017359375 0.9964734375000001 0.509671875 0.9969140624999999 0.511409375 0.9984375 0.5138890625 0.9984375 0.516865625 0.9969140624999999 0.5682046875 0.9973546875 0.5716765625 0.995590625 0.5801093749999999 0.995590625 0.5838296875 0.9984375 0.594990625 0.9984375 0.5977187500000001 0.9973546875 0.6145828125 0.9964734375000001 0.6185515625 0.9984375 0.7142859374999999 0.9984375 0.7150296875000001 0.9973546875 0.747271875 0.9969140624999999 0.7651296875 0.9973546875 0.765625 0.9984375 0.768353125 0.9984375 0.8214281250000001 0.99426875 0.82738125 0.9863312499999999 0.8261406250000001 0.985009375 0.8283734375 0.9761906249999999 0.8306046874999999 0.9761906249999999 0.8335812499999999 0.9704578125 0.8335812499999999 0.96693125 0.8370531250000001 0.9550265625 0.8365578125 0.948853125 0.8422625 0.939153125 0.840278125 0.9382718750000001 0.8392859375 0.93474375 0.8457343749999999 0.924603125 0.8487109374999999 0.9232796875 0.8489578124999999 0.9197531250000001 0.8521828125 0.9140218750000001 0.853175 0.906525 0.8563984375 0.9007937500000001 0.8608625 0.8840390625 0.86334375 0.8791890625000001 0.8673109374999999 0.8756609375 0.875 0.8743390625 0.8764875 0.8694890624999999 0.8807046875 0.864196875 0.9484125000000001 0.6622578125 0.9513890625 0.6578484375 0.950396875 0.655203125 0.9563484375 0.6432984375 0.9938 0.46340312499999997 0.9942953125 0.45502656249999995 0.9933031250000001 0.4492953125 0.99603125 0.42460312499999997 0.9967765625 0.40387968750000003 0.9975203125000001 0.397928125 0.9984375 0.39462031249999996 0.9984375 0.1957671875 0.9942953125 0.194003125 0.9920640625000001 0.1741625 0.9928078125 0.169753125 0.9868546874999999 0.14285781250000001 0.98511875 0.12830625 0.985615625 0.1146390625 0.9833828125 0.097884375 0.9848703125 0.0908296875 0.983134375 0.0780421875 0.9794140625000001 0.0776015625 0.9707343749999999 0.060406249999999995 0.597221875 0.0295421875 0.5935015625 0.027778124999999997 0.5920140625 0.0251328125 0.58755 0.0255734375 0.584078125 0.022928125 0.571925 0.029099999999999997 0.5701890625 0.0352734375 0.5657234375 0.038359375 0.5639875 0.0392421875 0.5602671875 0.037478125 0.5577875 0.0388 0.5533234375 0.044532812500000005 0.5567953125 0.04761875 0.5563 0.051587499999999994 0.553571875 0.052909375 0.55233125 0.056878125 0.5488593749999999 0.0595234375 0.5451390625 0.055556249999999995 0.540921875 0.0586421875 0.540178125 0.059964062500000005 0.540675 0.0661375 0.537203125 0.07010625000000001 0.5332343749999999 0.07098750000000001 0.5292656250000001 0.076278125 0.5287703125000001 0.0806875 0.5248015625 0.084215625 0.521578125 0.0917109375 0.524553125 0.094796875 0.5234375 0.0998671875 0.5205859375 0.10317499999999999 0.5203375 0.1071421875 0.5161203125 0.11552031250000001 0.5124015625 0.12830625 0.509671875 0.130953125 0.5019843749999999 0.146384375 0.5002484375 0.1525578125 0.4935515625 0.166225 0.4915671875 0.1741625 0.485615625 0.1851859375 0.48660781249999996 0.188271875 0.482390625 0.192240625 0.47817499999999996 0.2010578125 0.4791671875 0.2050265625 0.4764390625 0.21208125 0.4759421875 0.21693125000000002 0.4771828125 0.2209 0.474703125 0.23148125 0.470734375 0.241621875 0.46775781250000004 0.25396874999999997 0.46254999999999996 0.2627859375 0.45659687499999996 0.2905640625 0.45610156249999995 0.30246875 0.45932500000000004 0.305996875 0.4608140625 0.31040625 0.46527812500000004 0.3130515625 0.46602187500000003 0.3161375 0.46527812500000004 0.33068749999999997 0.46428593749999997 0.3328921875 0.46180625 0.33377500000000004 0.460565625 0.3368609375 0.45932500000000004 0.3355375 0.45758906250000003 0.3364203125 0.45684531249999993 0.33950625 0.4546125 0.3417109375 0.4563484375 0.34435625000000003 0.4556046875 0.34700156249999997 0.44965312500000004 0.352734375 0.44965312500000004 0.357584375 0.4526296875 0.362875 0.4506453125 0.368165625 0.44915625 0.3800703125 0.446428125 0.3880078125 0.4439484375 0.4356265625 0.43353125 0.48148125 0.43526718750000004 0.489859375 0.43402812500000004 0.4925046875 0.43377968750000007 0.4977953125 0.436259375 0.5070546874999999 0.4360125 0.51366875 0.43303593749999997 0.52821875 0.43055625 0.53306875 0.429315625 0.5445328125
1 0.05257968750000001 0.8994703124999999 0.04761875 0.8946203125000001 0.0424109375 0.8937390625000001 0.0369546875 0.89594375 0.03199375 0.906525 0.032490625 0.91049375 0.03670625 0.9171078125 0.048859375 0.9259265624999999 0.052828125000000004 0.9254843749999999 0.055803124999999995 0.9197531250000001 0.055803124999999995 0.9118171875 0.054315625 0.9038796874999999 0.05257968750000001 0.8994703124999999
1 0.0498515625 0.9863312499999999 0.047867187500000005 0.9920640625000001 0.0483625 0.9984375 0.07638906250000001 0.9984375 0.075396875 0.9938265625 0.071428125 0.9845671875 0.07192499999999999 0.9819218749999999 0.0682046875 0.9779546874999999 0.05257968750000001 0.9828046875 0.0498515625 0.9863312499999999
0 0 0.99603125 0.008184375 0.9964734375000001 0.0133921875 0.9984375 0.014881249999999999 0.9969140624999999 0.025296875000000003 0.995590625 0.0682046875 0.9969140624999999 0.072171875 0.9916218750000001 0.07614062499999999 0.995590625 0.085565625 0.9973546875 0.0860609375 0.9984375 0.0935015625 0.9984375 0.0939984375 0.9973546875 0.11185468750000001 0.9984375 0.11483125000000001 0.99603125 0.1307046875 0.9977953125000001 0.13864062500000002 0.9964734375000001 0.1421125 0.99426875 0.1463296875 0.994709375 0.14608125 0.9554671875 0.1443453125 0.9510578125 0.14409687499999999 0.93959375 0.1408734375 0.9276890625 0.14112031249999998 0.9232796875 0.13839218749999999 0.9122578125 0.1334328125 0.831128125 0.134425 0.8187828125 0.13839218749999999 0.8170187500000001 0.1388890625 0.81525625 0.1381453125 0.8090828125 0.13963281249999998 0.7993828125 0.1388890625 0.7910046875 0.14012968750000002 0.78306875 0.13963281249999998 0.7645500000000001 0.1381453125 0.7597 0.13045625 0.7574953125 0.1267359375 0.760140625 0.1232640625 0.75573125 0.1150796875 0.7539687500000001 0.10540624999999999 0.74426875 0.103421875 0.739859375 0.0158734375 0.660934375 0.014881249999999999 0.6574078125 0.0044640625 0.6547625 0 0.655203125 0 0.99603125
1 0.0939984375 0.7486765625 0.0932546875 0.7530859375000001 0.09300625 0.75573125 0.09474218749999999 0.760140625 0.0994546875 0.7627859375 0.1036703125 0.755290625 0.1036703125 0.7513234375 0.099703125 0.7464734375 0.09548593749999999 0.7464734375 0.0939984375 0.7486765625
1 0.9040171875 0.9276890625 0.8998015625000001 0.939153125 0.8995531250000001 0.9431218749999999 0.9007937500000001 0.9457671875000001 0.90550625 0.9466484375 0.9082343749999999 0.9453265625 0.91021875 0.9400359375 0.9099703124999999 0.933421875 0.9084828125 0.9272484375 0.9040171875 0.9276890625
0 0.9672625 0.6613749999999999 0.96875 0.6776890625 0.9667656250000001 0.6812171874999999 0.9670140625 0.6856265625 0.9627968750000001 0.68959375 0.9551093749999999 0.6865078125 0.95386875 0.689153125 0.9533734375 0.693121875 0.954365625 0.6948859374999999 0.9546125 0.6997359375000001 0.953125 0.7094359375 0.9553578125 0.711640625 0.9553578125 0.7138453124999999 0.9513890625 0.7204578125000001 0.95238125 0.726190625 0.9392359375 0.7508812500000001 0.93675625 0.7517640625 0.93824375 0.7574953125 0.9379953125 0.7623453125 0.9360125 0.7671953125 0.9379953125 0.77336875 0.9370046875 0.7808640625 0.9342765625 0.78306875 0.9325390625000001 0.7940921875 0.9300593750000001 0.79761875 0.9236109375 0.7936515625 0.9198906250000001 0.7971781250000001 0.9166671875000001 0.7936515625 0.9151781250000001 0.7945328125 0.91790625 0.8064375 0.9122031249999999 0.8126109375 0.9079859375 0.8117281249999999 0.9060015625 0.831128125 0.9032734375 0.8421515625 0.8990578125 0.8492062499999999 0.8975687499999999 0.8575843750000001 0.89136875 0.8628750000000001 0.8901296875 0.8655203124999999 0.8856640625000001 0.867284375 0.8831843750000001 0.87169375 0.8678078125 0.9219578125 0.8660718749999999 0.923721875 0.865575 0.9285718749999999 0.8549109375 0.9506171875 0.84300625 0.9589953124999999 0.8358140625000001 0.9819218749999999 0.8296125 0.9938265625 0.8311015625 0.9964734375000001 0.8350687499999999 0.9973546875 0.8355656249999999 0.9984375 0.8494546875 0.9984375 0.8529265625000001 0.99603125 0.8576390625 0.9973546875 0.8881453125000001 0.9969140624999999 0.891865625 0.9984375 0.8975687499999999 0.9969140624999999 0.9984375 0.9964734375000001 0.9984375 0.514990625 0.997271875 0.5163140625 0.997271875 0.5194 0.9940468750000001 0.5286593749999999 0.9942953125 0.53306875 0.9928078125 0.53791875 0.9900796875 0.5410046875 0.9908234374999999 0.5445328125 0.9880953124999999 0.5471781250000001 0.9858625 0.552028125 0.984375 0.5599640625 0.9846234375 0.5723109375 0.9826390625 0.580246875 0.9799109375 0.5824515625 0.9761906249999999 0.5820109375 0.9744546875 0.5789234375000001 0.9742062499999999 0.5815703125 0.9719734375 0.584215625 0.9707343749999999 0.5837749999999999 0.9655265625 0.6058203125 0.9627968750000001 0.6119921875000001 0.9600687499999999 0.642415625 0.95709375 0.6538796875 0.9627968750000001 0.6587296874999999 0.9627968750000001 0.6622578125 0.965278125 0.66049375 0.9672625 0.6613749999999999
0 0.3015625 0.065625 0.3265625 0.103125 0.3515625 0.1265625 0.3578125 0.15 0.375 0.1703125 0.38125 0.1546875 0.3828125 0.0890625 0.365625 0 0.2296875 0.0015625 0.2625 0.0234375 0.2828125 0.053125 0.3015625 0.065625
1 0.353125 0.0546875 0.346875 0.0703125 0.359375 0.0765625 0.3671875 0.0640625 0.353125 0.0546875
1 0.2859375 0 0.2890625 0.0203125 0.296875 0.0125 0.2921875 0 0.2859375 0
1 0.346875 0.04375 0.3546875 0.040625 0.35 0.0328125 0.346875 0.04375