1 0.5798062500000001 0.594990625 0.5696656250000001 0.587796875 0.5648140625 0.5858140625 0.560846875 0.5865578124999999 0.54761875 0.584078125 0.5365968750000001 0.5853171875000001 0.5343921875000001 0.5865578124999999 0.5335093750000001 0.5920140625 0.5361546875000001 0.597221875 0.5449734375 0.6036703125 0.55246875 0.6068953125000001 0.5582015625000001 0.6073906250000001 0.5679015625 0.6056546875000001 0.5798062500000001 0.5974703124999999 0.5798062500000001 0.594990625
1 0.622575 0.6088796875 0.6269843749999999 0.6078875 0.6291890625 0.6029265625 0.6252203125 0.6014390625 0.619046875 0.602678125 0.619046875 0.6073906250000001 0.622575 0.6088796875
1 0.7213406250000001 0.5838296875 0.7244265624999999 0.5825890625000001 0.7244265624999999 0.5783734375 0.7204578125000001 0.57738125 0.71605 0.57886875 0.7164906249999999 0.58358125 0.7213406250000001 0.5838296875
1 0.7654328125000001 0.58680625 0.7667546875 0.5897812499999999 0.7702828125 0.5907734375 0.7751328125 0.5905265625 0.7786593749999999 0.587796875 0.7755734375000001 0.58358125 0.7711640625 0.5828375 0.7671953125 0.5838296875 0.7654328125000001 0.58680625
1 0.6926812499999999 0.5954859375 0.689153125 0.5947421875 0.6873890625 0.5957343749999999 0.6860671875000001 0.5994546875 0.68959375 0.6001984375 0.6926812499999999 0.5954859375
1 0.4744265625 0.6557546875 0.47795468750000003 0.6545140625 0.476190625 0.64930625 0.4704578125 0.648065625 0.46913593750000004 0.649553125 0.46869531249999996 0.6540171875 0.4744265625 0.6557546875
1 0.5943562499999999 0.39459374999999997 0.589065625 0.398065625 0.5886250000000001 0.404265625 0.593475 0.4067453125 0.59920625 0.40625 0.6053796874999999 0.404265625 0.607584375 0.40228125 0.608025 0.396825 0.603615625 0.3943453125 0.5943562499999999 0.39459374999999997
1 0.7813046875 0.3963296875 0.7861546875000001 0.3998015625 0.7905640625 0.3990578125 0.7945328125 0.3963296875 0.791446875 0.3938484375 0.7857140625000001 0.3938484375 0.782628125 0.394840625 0.7813046875 0.3963296875
1 0.3902109375 0.4094734375 0.391975 0.41245000000000004 0.397265625 0.4134421875 0.40387968750000003 0.4119546875 0.40123437500000003 0.40625 0.396384375 0.40327343750000005 0.39109375 0.4067453125 0.3902109375 0.4094734375
0 0.2574953125 0.6485609375 0.2751328125 0.655009375 0.286596875 0.6552578125 0.302909375 0.662203125 0.3148140625 0.665921875 0.3805109375 0.6738593749999999 0.3884484375 0.6738593749999999 0.392415625 0.6728671875 0.39594375 0.674603125 0.402115625 0.6748515625 0.4186515625 0.6716265625 0.42813125 0.671875 0.4320984375 0.6708828125 0.50573125 0.667659375 0.5246906250000001 0.6646828124999999 0.5286593749999999 0.665675 0.5445328125 0.6654265625 0.55246875 0.6626984375 0.56701875 0.662203125 0.5767203125 0.6592265625 0.5784828125 0.6619546875 0.5806875 0.66245 0.5833328125 0.6607140625000001 0.6097890625 0.65625 0.6212515625 0.6532734375 0.6543203125 0.6512890625 0.665784375 0.64756875 0.684303125 0.6463296875 0.697090625 0.644096875 0.7041453125 0.6423609375 0.7054671875 0.6401296875 0.7103171875000001 0.6374015625 0.7345671874999999 0.6312 0.7389765625 0.628471875 0.7477953125 0.62574375 0.7676359374999999 0.616815625 0.782628125 0.6118546874999999 0.7892421875 0.6071421875 0.802028125 0.6036703125 0.816578125 0.5954859375 0.8306875 0.5915171875 0.8377421875 0.585565625 0.862434375 0.5766375 0.8694890624999999 0.5672125 0.8981484375000001 0.555803125 0.9025578124999999 0.553075 0.9038796874999999 0.5505953124999999 0.9078484375 0.5488593749999999 0.90564375 0.5448906250000001 0.9228390624999999 0.537946875 0.9281312500000001 0.534721875 0.9351859375 0.5290171875 0.9360671875 0.5248015625 0.9343031249999999 0.5233140625 0.9373890625 0.5171125 0.9470906250000001 0.5133921875 0.9581125 0.5057046875 0.9550265625 0.498015625 0.9783953125 0.482390625 0.9984375 0.44022812499999997 0.9984375 0.43303593749999997 0.9964734375000001 0.4303078125 0.9973546875 0.4236109375 0.8029093749999999 0.384425 0.7870375000000001 0.3834328125 0.7791 0.3841765625 0.76366875 0.381696875 0.7597 0.3779765625 0.7469140624999999 0.3794640625 0.7235453125 0.3754953125 0.7204578125000001 0.3727671875 0.7156078124999999 0.3735125 0.7134031249999999 0.3727671875 0.6675484375 0.3712796875 0.664021875 0.3702875 0.6622578125 0.368303125 0.6538796875 0.3673109375 0.6287484375 0.36805625000000003 0.619046875 0.370784375 0.6159609374999999 0.3697921875 0.594796875 0.3692953125 0.585096875 0.3697921875 0.5789234375000001 0.3717765625 0.56701875 0.372271875 0.56040625 0.3702875 0.5533515625 0.3727671875 0.5595234375 0.3747515625 0.5559968750000001 0.3782234375 0.5485015625 0.3797125 0.5370375000000001 0.38045625 0.5291 0.375 0.5127859375 0.376240625 0.50573125 0.38045625 0.5017640625 0.38045625 0.4977953125 0.37896874999999997 0.481921875 0.3802078125 0.45899531250000003 0.386409375 0.37169375 0.415178125 0.3615515625 0.41889843750000005 0.358465625 0.4221234375 0.3474421875 0.4236109375 0.3377421875 0.42881875 0.3280421875 0.431546875 0.28791875 0.455109375 0.25573125 0.47891874999999995 0.2345671875 0.4967765625 0.216490625 0.5171125 0.2103171875 0.5287703125000001 0.206790625 0.540675 0.206790625 0.5513390625000001 0.21252187500000003 0.5763890625 0.216490625 0.5778765625 0.2204578125 0.5761406250000001 0.2244265625 0.5761406250000001 0.2297171875 0.5833328125 0.2151671875 0.5865578124999999 0.2045859375 0.5915171875 0.2050265625 0.5932546875 0.20061718750000002 0.594990625 0.19885312500000002 0.6014390625 0.19929531250000002 0.6140875 0.20546718749999998 0.6230156250000001 0.2089953125 0.6252484375 0.21605 0.6264875 0.21693125000000002 0.6307046875 0.22134062499999999 0.6349203125 0.2477953125 0.6463296875 0.2574953125 0.6485609375
1 0.088625 0.22867031249999997 0.0868609375 0.232390625 0.09127031249999999 0.23511875 0.1000875 0.2358625 0.10493749999999999 0.23412656250000002 0.10626093750000001 0.23214218749999999 0.10317499999999999 0.226934375 0.0917109375 0.22643906249999998 0.088625 0.22867031249999997
1 0.20194062499999998 0.1056546875 0.20149843750000002 0.107390625 0.2050265625 0.1096234375 0.2098765625 0.110615625 0.21208125 0.109375 0.21252187500000003 0.106646875 0.20855312499999998 0.10218281250000001 0.2050265625 0.101934375 0.20194062499999998 0.1056546875
0 0 0.30441093750000003 0.0022046875 0.3080359375 0 0.45684531249999993 0.0022046875 0.45734062499999995 0.0030859375 0.462796875 0.00573125 0.46577343750000005 0.0097 0.4670140625 0.044532812500000005 0.49379999999999996 0.048059375 0.4952875 0.0489421875 0.49702343750000005 0.052468749999999995 0.498015625 0.055114062500000005 0.4923109375 0.060406249999999995 0.48809531249999993 0.06261093749999999 0.48338281250000004 0.0683421875 0.48214218750000004 0.0723109375 0.476934375 0.07495625 0.4759421875 0.07980625 0.45411718749999996 0.083775 0.4548609375 0.0917109375 0.454365625 0.093915625 0.45089218750000004 0.093915625 0.441021875 0.098765625 0.4392359375 0.10317499999999999 0.44146875 0.1071421875 0.44022812499999997 0.1097890625 0.4372515625 0.114196875 0.436259375 0.11948906249999999 0.4375 0.12345625 0.44196406250000003 0.12257499999999999 0.447171875 0.12522031250000001 0.45758906250000003 0.123015625 0.478421875 0.12522031250000001 0.48090312500000004 0.1261015625 0.5125656249999999 0.12345625 0.5158734375 0.11860625 0.5171125 0.11816562500000001 0.521578125 0.119046875 0.5292656250000001 0.12698437499999998 0.5295140625 0.1305109375 0.5280265625 0.1335984375 0.5235609375 0.136684375 0.521825 0.142415625 0.5213296875 0.1450625 0.5173609375 0.1437390625 0.515625 0.1490296875 0.5019843749999999 0.1477078125 0.49627968750000007 0.150353125 0.48933593750000004 0.1543203125 0.486359375 0.155203125 0.47817499999999996 0.1591703125 0.47420625000000005 0.1626984375 0.4640375 0.1644625 0.44766874999999995 0.1671078125 0.44370000000000004 0.1644625 0.4392359375 0.165784375 0.4377484375 0.169753125 0.4392359375 0.1723984375 0.42485156249999995 0.1710765625 0.4201390625 0.1723984375 0.40724218749999996 0.17019375 0.40401718750000004 0.1776890625 0.393353125 0.17989375000000002 0.3826890625 0.18386249999999998 0.3774796875 0.18959375 0.3754953125 0.2045859375 0.35540625000000003 0.20943593749999997 0.35391875 0.2129625 0.340278125 0.22574999999999998 0.3318453125 0.2275125 0.32886875 0.241621875 0.316715625 0.24338593749999998 0.3127484375 0.2464734375 0.3102671875 0.2522046875 0.309771875 0.25573125 0.308284375 0.260140625 0.301090625 0.2720453125 0.294146875 0.28395000000000004 0.2810015625 0.2870375 0.27926562499999996 0.2892421875 0.273809375 0.2985015625 0.2619046875 0.302028125 0.252728125 0.3015875 0.2353671875 0.3037921875 0.2306546875 0.30026406250000004 0.207340625 0.2888 0.1790671875 0.28086406249999996 0.16989062500000002 0.2813046875 0.165675 0.277778125 0.1607140625 0.264109375 0.14608125 0.26322812500000003 0.1381453125 0.25573125 0.1329359375 0.25308593749999997 0.1326890625 0.2517640625 0.1314484375 0.2522046875 0.1267359375 0.24911875 0.1252484375 0.24514999999999998 0.119046875 0.23985937499999999 0.11631875 0.236771875 0.11706406250000001 0.22486718749999998 0.10466249999999999 0.2244265625 0.10243125 0.21913593750000002 0.10292656250000001 0.217371875 0.10218281250000001 0.2089953125 0.0858140625 0.206790625 0.085565625 0.20061718750000002 0.0796125 0.2050265625 0.0778765625 0.20546718749999998 0.07564531249999999 0.2010578125 0.07192499999999999 0.1984125 0.072171875 0.193121875 0.0701890625 0.1873890625 0.06076406250000001 0.183421875 0.025296875000000003 0.1776890625 0.01636875 0.1741625 0.01636875 0.1723984375 0.0178578125 0.17019375 0.0295140625 0.165784375 0.032242187500000005 0.164021875 0.037203125 0.1574078125 0.0419140625 0.1543203125 0.0466265625 0.15079375 0.0483625 0.14594374999999998 0.055059375 0.136684375 0.058284375 0.130953125 0.057787500000000006 0.1261015625 0.0615078125 0.119046875 0.06448437500000001 0.117284375 0.068453125 0.114196875 0.070684375 0.1082453125 0.072171875 0.09920625 0.072171875 0.0877421875 0.0838296875 0.0820109375 0.0845734375 0.07980625 0.0825890625 0.0758375 0.0858140625 0.071428125 0.0845734375 0.0639328125 0.0880453125 0.060846875 0.09300625 0.055114062500000005 0.09474218749999999 0.044092187500000005 0.0942453125 0.0396828125 0.09548593749999999 0.029099999999999997 0.10540624999999999 0.0260140625 0.110615625 0.0196203125 0.110615625 0.013228124999999999 0.10887968750000002 0.00881875 0.1108625 0.00573125 0.1103671875 0.00485 0.1111109375 0.005290625 0.115328125 0.0022046875 0.1200390625 0 0.12028749999999999 0 0.12450468750000002 0.0026453125 0.12549531249999998 0.0026453125 0.1686515625 0 0.1716265625 0 0.1770828125 0.0022046875 0.1775796875 0.0017640625 0.180059375 0 0.1803078125 0 0.1946921875 0.0022046875 0.1983296875 0.0017640625 0.20039687499999997 0 0.2006453125 0 0.206596875 0.0022046875 0.2103171875 0 0.21081406249999998 0 0.22420625 0.0022046875 0.22743125000000003 0.0022046875 0.2447921875 0 0.2455359375 0 0.2562 0.0022046875 0.2587625 0.0022046875 0.289434375 0 0.28993125000000003 0 0.30441093750000003
1 0.12257499999999999 0.415921875 0.12654375 0.4119546875 0.12257499999999999 0.40922656249999995 0.119046875 0.40897812499999997 0.117725 0.41021875 0.11860625 0.415178125 0.12257499999999999 0.415921875
1 0.146384375 0.3767359375 0.1499125 0.3807046875 0.1538796875 0.3807046875 0.1569671875 0.3727671875 0.1534390625 0.3702875 0.146825 0.369046875 0.1450625 0.3712796875 0.146384375 0.3767359375
1 0.150353125 0.40972187499999996 0.146384375 0.40724218749999996 0.1437390625 0.40997031249999993 0.14462031250000001 0.4126984375 0.15079375 0.4126984375 0.150353125 0.40972187499999996
1 0.55555625 0.31150781250000004 0.5551140625000001 0.3147328125 0.556878125 0.3169640625 0.5617281249999999 0.3177078125 0.5683421875 0.3162203125 0.5696656250000001 0.313740625 0.566578125 0.3100203125 0.5599640625 0.3087796875 0.55555625 0.31150781250000004
0 0.1957671875 0.521578125 0.20855312499999998 0.5213296875 0.21075781249999997 0.516865625 0.217371875 0.5104171875 0.21605 0.5032234375 0.2323640625 0.4952875 0.2403 0.485615625 0.2477953125 0.48214218750000004 0.2993828125 0.444940625 0.30555625000000003 0.4427078125 0.331128125 0.42807500000000004 0.3611109375 0.414434375 0.3694890625 0.412946875 0.37610156250000004 0.4087296875 0.40343906250000006 0.4015375 0.4082890625 0.398065625 0.42460312499999997 0.3903765625 0.4272484375 0.389384375 0.4316578125 0.38963281250000004 0.443121875 0.38516875 0.44753125000000005 0.3821921875 0.47178125 0.376240625 0.481921875 0.37599218749999996 0.4933859375 0.3735125 0.5114640625 0.368303125 0.5291 0.366815625 0.5335093750000001 0.3678078125 0.5507046875 0.36334374999999997 0.56040625 0.36334374999999997 0.56525625 0.3650796875 0.5828921874999999 0.3616078125 0.6111109375 0.358134375 0.62169375 0.3494546875 0.6243390625 0.3454859375 0.62345625 0.3412703125 0.630953125 0.334821875 0.632275 0.33010937500000004 0.6402109375 0.3204359375 0.6432984375 0.313740625 0.6499125 0.3107640625 0.651675 0.30233125 0.68298125 0.27579375 0.6820984375 0.2720734375 0.669753125 0.27108125 0.6543203125 0.275296875 0.642415625 0.274553125 0.6291890625 0.27505 0.6115515625 0.2740578125 0.598325 0.271578125 0.5771609375 0.271578125 0.556878125 0.269096875 0.5352734375 0.269840625 0.5251328125 0.26760937500000004 0.50573125 0.2708328125 0.48545 0.2693453125 0.4748671875 0.27108125 0.462521875 0.27058593750000004 0.448853125 0.2728171875 0.4356265625 0.2728171875 0.42460312499999997 0.27579375 0.41137499999999994 0.275296875 0.3941796875 0.28025781250000004 0.3835984375 0.2797625 0.37654375 0.28125 0.3646390625 0.287203125 0.353175 0.287946875 0.344796875 0.28993125000000003 0.3280421875 0.29191406249999996 0.31746093750000004 0.2953875 0.3143734375 0.293403125 0.31040625 0.2946421875 0.30820156249999997 0.2973703125 0.2716046875 0.3110125 0.25881875 0.3234125 0.245590625 0.3415171875 0.2292765625 0.36011875 0.2010578125 0.400296875 0.197971875 0.43253906249999996 0.193121875 0.439484375 0.1913578125 0.447171875 0.1873890625 0.451140625 0.17989375000000002 0.46577343750000005 0.1790125 0.47495000000000004 0.17504375 0.4838796875 0.1679890625 0.4967765625 0.1596125 0.501240625 0.1525578125 0.5171125 0.1525578125 0.5248015625 0.15564375 0.5292656250000001 0.1574078125 0.5297625 0.1626984375 0.52579375 0.1723984375 0.52256875 0.1772484375 0.522321875 0.1860671875 0.52430625 0.1957671875 0.521578125
1 0.203125 0.9203125 0.203125 0.9296875 0.2203125 0.9296875 0.228125 0.9234375 0.203125 0.9203125
1 0.3625 0.8953125 0.34375 0.8984375 0.340625 0.9078125 0.35 0.9125 0.365625 0.9078125 0.3625 0.8953125
0 0.16875 0.9796875 0.171875 0.971875 0.2171875 0.965625 0.3203125 0.984375 0.3953125 0.978125 0.496875 0.9453125 0.540625 0.9171875 0.5671875 0.8953125 0.6234375 0.8109375 0.44375 0.8046875 0.3265625 0.825 0.2671875 0.8453125 0.2296875 0.8734375 0.140625 0.915625 0.1046875 0.9625 0.084375 0.9703125 0.1203125 0.9796875 0.16875 0.9796875