1 0.7918875 0.89136875 0.7870375000000001 0.8883921875 0.7791 0.887153125 0.77336875 0.8883921875 0.7663140625 0.8923609375 0.7645500000000001 0.894840625 0.764990625 0.8990578125 0.7711640625 0.907490625 0.7791 0.9136906249999999 0.78395 0.9139390625000001 0.7905640625 0.9122031249999999 0.7958546875 0.9005453125 0.7958546875 0.8960812499999999 0.7918875 0.89136875
1 0.8571421875 0.89459375 0.849646875 0.89459375 0.83950625 0.8998015625000001 0.834215625 0.9047625 0.8328921875 0.90699375 0.8337749999999999 0.9107140625 0.8403875 0.915675 0.8452375 0.917659375 0.8518515624999999 0.9174109375 0.8655203124999999 0.9119546875 0.8650796875 0.9057546875 0.8571421875 0.89459375
1 0.9100531249999999 0.9984375 0.93783125 0.9984375 0.9343031249999999 0.9925593750000001 0.9281312500000001 0.987846875 0.9166671875000001 0.987846875 0.9122578125 0.9898312499999999 0.91049375 0.9928078125 0.9100531249999999 0.9984375
1 0.9704578125 0.8973218749999999 0.962521875 0.8978171875 0.9417984374999999 0.903521875 0.9409171875 0.9042656250000001 0.9457671875000001 0.9072421875 0.9589953124999999 0.91021875 0.96693125 0.9099703124999999 0.9739859375 0.9082343749999999 0.977071875 0.9045140625 0.97575 0.9007937500000001 0.9704578125 0.8973218749999999
0 0.7235453125 0.90005 0.7275125 0.9057546875 0.7345671874999999 0.9082343749999999 0.73633125 0.9112109374999999 0.74426875 0.9149312500000001 0.750440625 0.9198906250000001 0.76058125 0.9236109375 0.7654328125000001 0.9290671875 0.7716046875 0.9320437500000001 0.7768953125 0.9370046875 0.7835093750000001 0.9392359375 0.798059375 0.9516375 0.825396875 0.96949375 0.831128125 0.9747031249999999 0.8615515625000001 0.9913187499999999 0.8765437500000001 0.996528125 0.8787484375 0.9984375 0.9984375 0.9984375 0.9984375 0.862846875 0.9973546875 0.8625984375 0.9938265625 0.8573906250000001 0.939153125 0.8457343749999999 0.9351859375 0.8459828125 0.9276890625 0.8439984375 0.9052031250000001 0.8427578125 0.8809531249999999 0.8365578125 0.8619921875 0.8330859374999999 0.8412703125000001 0.830853125 0.834215625 0.8291171875 0.7865968750000001 0.8244046875000001 0.7667546875 0.8244046875000001 0.7566140625 0.8231640625000001 0.735890625 0.8236609375 0.7283953125 0.825396875 0.726190625 0.82738125 0.72178125 0.8286203125 0.7226625 0.8318453124999999 0.6953265625 0.8377968750000001 0.693121875 0.8365578125 0.68959375 0.8417656250000001 0.6913578125 0.846478125 0.6904765625 0.8556546875000001 0.6873890625 0.8638390625 0.6882718750000001 0.8732640625 0.6997359375000001 0.8774796874999999 0.7138453124999999 0.894840625 0.7200171875 0.8990578125 0.7235453125 0.90005
1 0.603615625 0.4764390625 0.608465625 0.4712296875 0.6115515625 0.4588296875 0.6097890625 0.45734062499999995 0.598325 0.45684531249999993 0.5833328125 0.461309375 0.5758375 0.45858125000000005 0.5577593750000001 0.45858125000000005 0.5445328125 0.4603171875 0.5401234374999999 0.46651718750000004 0.5396828124999999 0.47172656249999995 0.5449734375 0.47817499999999996 0.5564375 0.483134375 0.5648140625 0.4838796875 0.5758375 0.4796625 0.5798062500000001 0.476934375 0.5930328125 0.47817499999999996 0.603615625 0.4764390625
1 0.647265625 0.4692453125 0.641975 0.46974218749999996 0.6344796875000001 0.47371093750000004 0.63139375 0.478421875 0.630953125 0.482390625 0.6344796875000001 0.4838796875 0.646384375 0.48511875 0.6543203125 0.48363125 0.6582890625 0.482390625 0.660053125 0.47891874999999995 0.6582890625 0.47147812499999997 0.647265625 0.4692453125
1 0.5696656250000001 0.523065625 0.5564375 0.52505 0.5533515625 0.5275296875000001 0.5533515625 0.5327375 0.556878125 0.53670625 0.5590828125 0.537203125 0.5780421875 0.5369546875 0.5855375 0.5295140625 0.5837749999999999 0.5260421875 0.5798062500000001 0.52430625 0.5696656250000001 0.523065625
1 0.5445328125 0.540178125 0.54761875 0.53670625 0.5485015625 0.5329859375 0.546296875 0.5292656250000001 0.5357140625000001 0.5248015625 0.5299828125 0.5282734375 0.5268953125 0.5287703125000001 0.5185187499999999 0.527034375 0.50881875 0.5282734375 0.5013234375 0.5329859375 0.5 0.5352187500000001 0.500440625 0.540921875 0.5074953125 0.5483625 0.509259375 0.5493546874999999 0.514109375 0.549603125 0.5299828125 0.5458828125 0.538359375 0.5419140625 0.541446875 0.5391859375 0.5445328125 0.540178125
1 0.650353125 0.5987109375 0.6631390625 0.5912703125000001 0.6644625 0.5892859374999999 0.6644625 0.585565625 0.6618171875 0.5830859375 0.6543203125 0.581596875 0.6393296875 0.5820937500000001 0.6344796875000001 0.5813484375 0.6291890625 0.5771328125 0.6291890625 0.572171875 0.6261015624999999 0.56795625 0.617725 0.5687 0.6093468750000001 0.5729171875 0.5952375 0.5761406250000001 0.5908296875 0.57886875 0.5912703125000001 0.5825890625000001 0.5952375 0.5880453125 0.603175 0.5892859374999999 0.6071421875 0.5915171875 0.608465625 0.5952375 0.622134375 0.59995 0.6353609375 0.6001984375 0.650353125 0.5987109375
1 0.689153125 0.5939984375 0.6812171874999999 0.5907734375 0.6772484375000001 0.5920140625 0.652115625 0.6073906250000001 0.65079375 0.6111109375 0.6534390625000001 0.6118546874999999 0.66049375 0.610615625 0.6684296875 0.6116078125 0.6772484375000001 0.6111109375 0.6935625 0.6041671875 0.6940031249999999 0.5982140625000001 0.689153125 0.5939984375
1 0.6269843749999999 0.641865625 0.6111109375 0.6381453125000001 0.599646875 0.6428578125 0.5912703125000001 0.64756875 0.58950625 0.6498015625 0.589065625 0.6540171875 0.5917109375 0.6560015625 0.5956796875 0.65625 0.603615625 0.6599703124999999 0.6150796875 0.66245 0.632715625 0.650296875 0.6335984375 0.64608125 0.6269843749999999 0.641865625
1 0.5436515625 0.650296875 0.5365968750000001 0.65005 0.532628125 0.6515375 0.5202828125 0.6599703124999999 0.5194 0.66245 0.5216046875 0.6696421875 0.5291 0.675346875 0.532628125 0.6763390625000001 0.5454140625 0.670634375 0.5573187500000001 0.6619546875 0.5542328125 0.65550625 0.5436515625 0.650296875
1 0.6887125000000001 0.490328125 0.6926812499999999 0.492559375 0.7006171875 0.4920640625 0.7041453125 0.4900796875 0.7006171875 0.484375 0.6926812499999999 0.4848703125 0.689153125 0.48735156249999995 0.6887125000000001 0.490328125
1 0.646384375 0.49727187500000003 0.646825 0.4995046875 0.6499125 0.5009921875 0.655203125 0.501240625 0.6578484375 0.5 0.6587296874999999 0.498015625 0.655203125 0.4952875 0.650353125 0.49553593749999997 0.646384375 0.49727187500000003
1 0.504409375 0.50868125 0.5017640625 0.509425 0.5022046875 0.5136406250000001 0.50573125 0.5158734375 0.5097 0.5158734375 0.5123453125 0.5136406250000001 0.5114640625 0.5116562499999999 0.50881875 0.509671875 0.504409375 0.50868125
1 0.56040625 0.4350203125 0.5683421875 0.43824375 0.571428125 0.43849218749999996 0.576278125 0.43849218749999996 0.580246875 0.4360125 0.5758375 0.4303078125 0.57010625 0.43129999999999996 0.565696875 0.43477187500000003 0.56040625 0.4350203125
1 0.5033140625 0.44534531250000003 0.49561875000000005 0.44534531250000003 0.49561875000000005 0.44972812500000003 0.5033140625 0.44972812500000003 0.5033140625 0.44534531250000003
1 0.642415625 0.41567499999999996 0.6384484375 0.412203125 0.630953125 0.41319375 0.62654375 0.420634375 0.6256609375 0.4243546875 0.627865625 0.4283234375 0.6305109375 0.431546875 0.6344796875000001 0.43328437500000005 0.6499125 0.42881875 0.650353125 0.42683593750000004 0.6441796875 0.42113125 0.642415625 0.41567499999999996
1 0.6710765624999999 0.5587796875000001 0.6710765624999999 0.5615078125 0.6732796875 0.5627484375 0.6772484375000001 0.5627484375 0.6838625 0.5592765625 0.6860671875000001 0.556546875 0.6807765625 0.5548109375 0.6741625 0.5560515625 0.6710765624999999 0.5587796875000001
1 0.679453125 0.61954375 0.6820984375 0.6217765625 0.6856265625 0.622271875 0.6917984374999999 0.6192953125 0.6904765625 0.6170640625 0.6873890625 0.6158234375 0.6812171874999999 0.6165671875000001 0.679453125 0.61954375
0 0.4387125 0.5917656250000001 0.4400359375 0.6001984375 0.44444375 0.6068953125000001 0.44400312499999994 0.6113593749999999 0.44709062499999996 0.61631875 0.45105781250000004 0.61805625 0.4607578125 0.6341765625 0.46340312499999997 0.6463296875 0.4709 0.65079375 0.4739859375 0.6542656250000001 0.47795468750000003 0.6552578125 0.489859375 0.6552578125 0.49426875 0.65699375 0.5013234375 0.6579859375 0.508378125 0.6646828124999999 0.5251328125 0.67261875 0.5352734375 0.680059375 0.537478125 0.6852671875 0.5445328125 0.690971875 0.5590828125 0.709078125 0.5643734375 0.710565625 0.5837749999999999 0.7001484375 0.5917109375 0.6946921875000001 0.5952375 0.6904765625 0.598765625 0.6892359375 0.6243390625 0.6564984375 0.6384484375 0.646825 0.641534375 0.6421125 0.646384375 0.6401296875 0.65079375 0.6361609374999999 0.669753125 0.627728125 0.6741625 0.6247515625 0.6851859375 0.6230156250000001 0.69753125 0.6150796875 0.7010578125 0.6063984375 0.7076718750000001 0.599703125 0.7112 0.5917656250000001 0.7204578125000001 0.5525796875 0.7186953125 0.542659375 0.7226625 0.532490625 0.7182546875 0.527034375 0.7182546875 0.5208328125 0.72178125 0.5126484375 0.7209 0.50545625 0.7186953125 0.5024796874999999 0.7200171875 0.4908234375 0.71605 0.48536718749999996 0.7129624999999999 0.47321406250000003 0.7107578125 0.470734375 0.7076718750000001 0.46974218749999996 0.7006171875 0.45610156249999995 0.6917984374999999 0.454365625 0.6900359375 0.4528765625 0.6869484375 0.44246093750000004 0.6812171874999999 0.4399796875 0.67504375 0.4392359375 0.6662250000000001 0.4275796875 0.66049375 0.42609062499999995 0.652115625 0.42881875 0.6490296875 0.4275796875 0.646384375 0.42460312499999997 0.6428578125 0.423859375 0.6406531249999999 0.415178125 0.6384484375 0.41319375 0.6318343750000001 0.413690625 0.6300703125 0.412946875 0.62654375 0.40525781250000004 0.6230156250000001 0.40203437500000005 0.619046875 0.4010421875 0.6159609374999999 0.3963296875 0.6124343750000001 0.394840625 0.6071421875 0.394840625 0.5824515625 0.3998015625 0.576278125 0.40277812500000004 0.5648140625 0.40550625 0.5564375 0.4057546875 0.5502640624999999 0.408234375 0.53306875 0.4119546875 0.5273375 0.41493125 0.5185187499999999 0.415921875 0.49382656249999995 0.4250984375 0.4872140625 0.4350203125 0.481921875 0.4357640625 0.48015937500000005 0.4372515625 0.47575 0.44915625 0.4709 0.455109375 0.46781249999999996 0.46254999999999996 0.46781249999999996 0.467509375 0.4700171875 0.47172656249999995 0.4695765625 0.48015937500000005 0.462521875 0.49305625 0.4603171875 0.50074375 0.452821875 0.5391859375 0.448853125 0.571925 0.4387125 0.5917656250000001
1 0.334215625 0.3712796875 0.3258375 0.369046875 0.3143734375 0.37301562499999996 0.3033515625 0.379215625 0.2998234375 0.384425 0.2954140625 0.3921125 0.296296875 0.3953375 0.2985015625 0.398065625 0.30643750000000003 0.4015375 0.3130515625 0.398065625 0.33377500000000004 0.380953125 0.3373015625 0.37698437500000004 0.334215625 0.3712796875
1 0.3844796875 0.3296125 0.3796296875 0.32886875 0.37169375 0.329365625 0.3611109375 0.33308593750000004 0.3549375 0.3390375 0.35405625 0.3454859375 0.3650796875 0.3514390625 0.372134375 0.3529265625 0.37698437500000004 0.35243125000000003 0.3835984375 0.3489578125 0.38624375 0.3454859375 0.386684375 0.3333328125 0.3844796875 0.3296125
1 0.6150796875 0.37574375 0.6181656249999999 0.3735125 0.6159609374999999 0.3692953125 0.6071421875 0.3650796875 0.58950625 0.3630953125 0.581128125 0.3608625 0.5758375 0.3578875 0.56040625 0.3591265625 0.5533515625 0.3616078125 0.5498234375 0.3640875 0.5489421875 0.365328125 0.55246875 0.3697921875 0.5643734375 0.3747515625 0.5740734375 0.3764875 0.576278125 0.3779765625 0.5837749999999999 0.3779765625 0.5974421875 0.3754953125 0.6150796875 0.37574375
1 0.5401234374999999 0.38045625 0.5440921875 0.3814484375 0.5489421875 0.3812 0.5533515625 0.377728125 0.55246875 0.37425625 0.5410046875 0.373759375 0.538359375 0.37599218749999996 0.5401234374999999 0.38045625
1 0.505290625 0.38566406249999996 0.5110234375 0.3874015625 0.5167546875 0.38665625000000003 0.518959375 0.3849203125 0.5176359374999999 0.3834328125 0.5119046875000001 0.382440625 0.505290625 0.38368125000000003 0.505290625 0.38566406249999996
1 0.6626984375 0.3494546875 0.656378125 0.3463953125 0.6538796875 0.3412703125 0.642415625 0.3420140625 0.6247796875 0.346478125 0.619046875 0.3494546875 0.627865625 0.3536703125 0.642415625 0.3576390625 0.646384375 0.3598703125 0.650353125 0.3598703125 0.6569671875 0.3549109375 0.6644625 0.353421875 0.6626984375 0.3494546875
1 0.6164015625 0.334078125 0.6212515625 0.334078125 0.6296296875 0.3298609375 0.6318343750000001 0.3263890625 0.6305109375 0.32266875 0.62345625 0.3201890625 0.6071421875 0.30704375 0.599646875 0.3063 0.5908296875 0.30704375 0.5837749999999999 0.3107640625 0.580246875 0.315228125 0.5798062500000001 0.3189484375 0.5837749999999999 0.3244046875 0.5886250000000001 0.324653125 0.5970015625 0.32316406249999996 0.6049375 0.324653125 0.6067015625 0.3256453125 0.6058203125 0.33010937500000004 0.6164015625 0.334078125
1 0.4925046875 0.3380453125 0.48677187499999997 0.3353171875 0.4806 0.334325 0.471340625 0.33829375 0.4695765625 0.34176562499999996 0.476190625 0.3494546875 0.48633125 0.3546625 0.49029999999999996 0.355159375 0.4977953125 0.353421875 0.499559375 0.34995 0.49867656250000003 0.34573437500000004 0.4925046875 0.3380453125
1 0.708553125 0.329365625 0.6966484375 0.3325890625 0.6953265625 0.334078125 0.6984125 0.337796875 0.703703125 0.339534375 0.712521875 0.33755 0.7213406250000001 0.3338296875 0.7200171875 0.33010937500000004 0.71693125 0.32886875 0.708553125 0.329365625
1 0.392415625 0.340278125 0.39594375 0.33978125000000003 0.397265625 0.33829375 0.396384375 0.334078125 0.38932968749999997 0.33358125 0.390653125 0.3390375 0.392415625 0.340278125
1 0.43650781250000004 0.4079859375 0.43827187500000003 0.40897812499999997 0.44709062499999996 0.40922656249999995 0.4497359375 0.4079859375 0.4492953125 0.404265625 0.44709062499999996 0.40327343750000005 0.439153125 0.405009375 0.43650781250000004 0.4079859375
1 0.654759375 0.3318734375 0.646978125 0.3318734375 0.646978125 0.3354125 0.654759375 0.3354125 0.654759375 0.3318734375
1 0.5549078125 0.35446875 0.548690625 0.35446875 0.548690625 0.3571625 0.5549078125 0.3571625 0.5549078125 0.35446875
1 0.4256125 0.411978125 0.4181796875 0.411978125 0.4181796875 0.41468906250000004 0.4256125 0.41468906250000004 0.4256125 0.411978125
1 0.47927656250000006 0.301090625 0.4594359375 0.3013390625 0.452821875 0.30381874999999997 0.45238125 0.31051562499999996 0.4541453125 0.3129953125 0.45767187500000006 0.31448437500000004 0.471340625 0.3149796875 0.481040625 0.31051562499999996 0.48633125 0.30233125 0.4823640625 0.2998515625 0.47927656250000006 0.301090625
1 0.509259375 0.30753906249999996 0.513228125 0.3087796875 0.5211640625 0.305803125 0.5246906250000001 0.2986109375 0.5216046875 0.29761875 0.51366875 0.298115625 0.5074953125 0.3013390625 0.509259375 0.30753906249999996
1 0.37698437500000004 0.3142359375 0.349646875 0.315971875 0.34612031249999997 0.31746093750000004 0.3465609375 0.3224203125 0.35141093749999996 0.3278765625 0.353615625 0.32911718749999996 0.3611109375 0.32886875 0.3655203125 0.3276296875 0.37169375 0.3234125 0.37610156250000004 0.3182046875 0.37698437500000004 0.3142359375
0 0.269840625 0.4360125 0.2985015625 0.4422125 0.3452375 0.44766874999999995 0.3597890625 0.44766874999999995 0.41181718749999996 0.44097187499999996 0.4241625 0.4379953125 0.4320984375 0.4375 0.458553125 0.43253906249999996 0.47795468750000003 0.4270828125 0.485890625 0.423115625 0.49426875 0.4213796875 0.4977953125 0.41964218750000004 0.5017640625 0.4193953125 0.513228125 0.415178125 0.5176359374999999 0.412203125 0.5286593749999999 0.41021875 0.5313046875 0.408234375 0.556878125 0.4047625 0.603615625 0.3923609375 0.62345625 0.3903765625 0.647265625 0.3834328125 0.656084375 0.37896874999999997 0.6574078125 0.37425625 0.6710765624999999 0.3623515625 0.6759265625 0.35540625000000003 0.6926812499999999 0.34995 0.6966484375 0.3454859375 0.7006171875 0.34474218749999996 0.7045859375 0.34176562499999996 0.7195765625 0.335565625 0.7323640625000001 0.3313484375 0.741621875 0.3258921875 0.741621875 0.321925 0.7403 0.320684375 0.712521875 0.3209328125 0.7032625 0.321925 0.6807765625 0.32118125000000003 0.665784375 0.319196875 0.6481484375 0.31944374999999997 0.6441796875 0.31795625 0.641975 0.3142359375 0.630953125 0.31150781250000004 0.62654375 0.3120046875 0.6212515625 0.309771875 0.6150796875 0.30183593750000004 0.599646875 0.2986109375 0.593475 0.2986109375 0.5837749999999999 0.29290625000000003 0.579365625 0.2931546875 0.576278125 0.2921625 0.5630515625 0.29290625000000003 0.552909375 0.2896828125 0.5194 0.2904265625 0.5079359375 0.2938984375 0.4933859375 0.295634375 0.4748671875 0.300346875 0.443121875 0.30381874999999997 0.42283906250000003 0.3025796875 0.41490312500000004 0.3048109375 0.401675 0.306546875 0.3849203125 0.3120046875 0.37830625 0.315228125 0.349646875 0.3172125 0.3412703125 0.3154765625 0.32010625 0.321925 0.3099640625 0.32738125 0.3015875 0.32886875 0.286596875 0.337796875 0.2671953125 0.3536703125 0.2482359375 0.3735125 0.2244265625 0.3923609375 0.21869531250000002 0.3983140625 0.203703125 0.408234375 0.20149843750000002 0.4126984375 0.19709062500000002 0.4146828125 0.1957671875 0.4166671875 0.1957671875 0.4213796875 0.19753125 0.423859375 0.1873890625 0.43129999999999996 0.1869484375 0.4357640625 0.1887125 0.4370046875 0.2464734375 0.4350203125 0.2517640625 0.4370046875 0.2597 0.43650781250000004 0.26366875 0.4350203125 0.2671953125 0.43650781250000004 0.269840625 0.4360125
1 0.3271609375 0.5865578124999999 0.3161375 0.582340625 0.3095234375 0.5818453124999999 0.2985015625 0.5828375 0.2905640625 0.5873015625 0.291446875 0.5915171875 0.2949734375 0.5932546875 0.29717812499999996 0.5962296874999999 0.30467343750000003 0.599703125 0.3209875 0.5989578125 0.3284828125 0.5957343749999999 0.32892343749999997 0.590278125 0.3271609375 0.5865578124999999
1 0.32627812500000003 0.525296875 0.3192234375 0.523809375 0.30246875 0.524553125 0.2949734375 0.5265375 0.28086406249999996 0.5362109375 0.2799828125 0.5369546875 0.2857140625 0.54141875 0.29188749999999997 0.544146875 0.30114687500000004 0.5443953125000001 0.311728125 0.5431546875000001 0.31701875 0.540921875 0.32186875000000004 0.5359625 0.32627812500000003 0.525296875
1 0.3240734375 0.5109125 0.3258375 0.5133921875 0.334215625 0.5131453125000001 0.3412703125 0.5091765625 0.3474421875 0.5019843749999999 0.3320109375 0.504215625 0.32495625 0.5084328124999999 0.3240734375 0.5109125
1 0.29100468749999997 0.46006875 0.293209375 0.4588296875 0.293209375 0.454365625 0.2905640625 0.453125 0.286596875 0.45585312499999997 0.2870375 0.459821875 0.29100468749999997 0.46006875
1 0.41842968750000004 0.6230156250000001 0.41137499999999994 0.619046875 0.40079374999999995 0.616071875 0.396825 0.616815625 0.38580312499999997 0.6245046875 0.3835984375 0.6267359375 0.38580312499999997 0.629215625 0.3999125 0.6302078125 0.40387968750000003 0.633928125 0.415784375 0.6321921875000001 0.4175484375 0.630953125 0.4166671875 0.6272328125 0.41842968750000004 0.6230156250000001
1 0.1812171875 0.548115625 0.180334375 0.5493546874999999 0.188271875 0.5545640625 0.19709062500000002 0.5585312499999999 0.20194062499999998 0.5580359374999999 0.2045859375 0.553075 0.20326249999999998 0.5518359375 0.18959375 0.548115625 0.1812171875 0.548115625
1 0.2059078125 0.5634921875 0.20546718749999998 0.5644843749999999 0.22001718750000002 0.573909375 0.2231046875 0.5736609374999999 0.2239859375 0.571925 0.2204578125 0.5629953125 0.21693125000000002 0.56175625 0.21164062499999997 0.56175625 0.2059078125 0.5634921875
0 0.1499125 0.558284375 0.16049375 0.55704375 0.168871875 0.558284375 0.1816578125 0.558284375 0.19444375 0.5627484375 0.20238125 0.5669640625000001 0.21252187500000003 0.575396875 0.22001718750000002 0.57886875 0.2323640625 0.58755 0.23633125000000002 0.587796875 0.24426874999999998 0.5912703125000001 0.2482359375 0.594990625 0.2597 0.5989578125 0.27865937500000004 0.6091265625 0.28791875 0.6108625 0.3209875 0.623759375 0.335978125 0.626240625 0.348765625 0.6307046875 0.3571421875 0.63194375 0.3694890625 0.6321921875000001 0.3880078125 0.634425 0.41181718749999996 0.6326890625 0.42504375000000005 0.6359125 0.43827187500000003 0.64136875 0.44709062499999996 0.6428578125 0.453703125 0.6416171875 0.45546718750000004 0.6388890625 0.4541453125 0.6307046875 0.45105781250000004 0.62574375 0.414021875 0.515625 0.4131390625 0.5014875 0.416225 0.498015625 0.41842968750000004 0.48214218750000004 0.4166671875 0.478421875 0.40784843750000005 0.470734375 0.3796296875 0.4563484375 0.352734375 0.45014843750000005 0.2526453125 0.4372515625 0.235890625 0.436259375 0.19973593750000002 0.4379953125 0.1851859375 0.43650781250000004 0.1499125 0.4454359375 0.14285781250000001 0.45089218750000004 0.14197500000000002 0.45535781249999996 0.123015625 0.45808593750000004 0.1111109375 0.45808593750000004 0.097884375 0.46180625 0.08950625 0.46775781250000004 0.07980625 0.4828875 0.07495625 0.50074375 0.074515625 0.522321875 0.0767203125 0.5280265625 0.08994687500000001 0.5438984375 0.0956796875 0.5471234375 0.099646875 0.55233125 0.1071421875 0.555803125 0.127865625 0.5577875 0.1499125 0.558284375
1 0.33066874999999996 0.44997968750000006 0.3211046875 0.44997968750000006 0.3211046875 0.45329375 0.33066874999999996 0.45329375 0.33066874999999996 0.44997968750000006
1 0.37858749999999997 0.5587703125 0.3679296875 0.5587703125 0.3679296875 0.5645390625 0.37858749999999997 0.5645390625 0.37858749999999997 0.5587703125
1 0.2051890625 0.4842203125 0.196071875 0.4842203125 0.196071875 0.48815156249999997 0.2051890625 0.48815156249999997 0.2051890625 0.4842203125
1 0.1889765625 0.47124375 0.18349218750000001 0.47124375 0.18349218750000001 0.4737359375 0.1889765625 0.4737359375 0.1889765625 0.47124375
1 0.330103125 0.611715625 0.3186171875 0.611715625 0.3186171875 0.6161421875 0.330103125 0.6161421875 0.330103125 0.611715625
1 0.764990625 0.6661703125 0.7685187499999999 0.6681546875000001 0.7755734375000001 0.6681546875000001 0.7786593749999999 0.6661703125 0.7746906250000001 0.66319375 0.7676359374999999 0.662946875 0.7658734375 0.6641859375 0.764990625 0.6661703125
0 0.6499125 0.7948906250000001 0.6626984375 0.7991078125 0.6662250000000001 0.8013390625 0.6776890625 0.8040671875 0.708553125 0.801090625 0.755290625 0.78670625 0.77425 0.7782734375 0.7865968750000001 0.77108125 0.7905640625 0.76636875 0.7985015625 0.7606640625 0.8139328125 0.7408234375 0.81525625 0.7328875 0.8196656250000001 0.7264390625 0.8161375 0.7083328125 0.816578125 0.704365625 0.8227515625 0.6974203125 0.8227515625 0.6852671875 0.8156968750000001 0.6666671875 0.8095234375 0.6584828125 0.782628125 0.6329359375 0.7795421874999999 0.6279765625 0.77336875 0.6245046875 0.7711640625 0.619046875 0.76366875 0.6173109375 0.731921875 0.6170640625 0.7244265624999999 0.6185515625 0.71605 0.6188 0.7129624999999999 0.6200390625 0.7006171875 0.6205359374999999 0.6807765625 0.6254953125 0.66049375 0.633184375 0.655203125 0.6374015625 0.641534375 0.6445937500000001 0.6349203125 0.652778125 0.62830625 0.65625 0.62345625 0.66245 0.6181656249999999 0.665921875 0.608465625 0.6803078124999999 0.60405625 0.7036203125 0.603615625 0.722221875 0.6053796874999999 0.7390875 0.608465625 0.7611609374999999 0.613315625 0.7795140625 0.617725 0.7889390625 0.6305109375 0.7973703125 0.641534375 0.7948906250000001 0.6499125 0.7948906250000001
0 0 0.3826890625 0.0022046875 0.383184375 0.0022046875 0.38963281250000004 0.0061734375 0.3985609375 0.013228124999999999 0.40004999999999996 0.0176359375 0.3990578125 0.0264546875 0.4037703125 0.029099999999999997 0.407490625 0.0308640625 0.40699375 0.045414062500000005 0.41046562499999995 0.047178125 0.4119546875 0.0683421875 0.41815468750000007 0.083775 0.4201390625 0.0917109375 0.41765937500000005 0.0952375 0.4079859375 0.102734375 0.40252968750000007 0.114196875 0.397321875 0.11860625 0.3970734375 0.1243390625 0.40203437500000005 0.12698437499999998 0.4079859375 0.12654375 0.412203125 0.1300703125 0.4134421875 0.1344796875 0.41319375 0.136684375 0.4119546875 0.146825 0.40079374999999995 0.15828906250000002 0.3732640625 0.1715171875 0.3182046875 0.16754843749999998 0.28199375 0.1547625 0.25074375 0.137125 0.22867031249999997 0.13139375 0.21875 0.12522031250000001 0.216765625 0.11199218749999999 0.2041171875 0.1071421875 0.201140625 0.10317499999999999 0.20089218749999999 0.10097031249999999 0.19965312500000001 0.09920625 0.196428125 0.0877421875 0.18799531249999998 0.028218749999999997 0.157490625 0.0167546875 0.15575468750000002 0.014109374999999999 0.15277812500000001 0.0061734375 0.1490578125 0.0030859375 0.150296875 0 0.1530265625 0 0.3826890625
1 0.0784828125 0.22867031249999997 0.0683421875 0.224703125 0.0489421875 0.222965625 0.044532812500000005 0.226190625 0.043209375 0.230159375 0.0370375 0.237846875 0.0361546875 0.240328125 0.0396828125 0.24776718749999999 0.048059375 0.257440625 0.056437499999999995 0.26016875 0.07186875000000001 0.257440625 0.0820109375 0.2485125 0.0820109375 0.23214218749999999 0.0784828125 0.22867031249999997
1 0.044973437500000005 0.20783749999999998 0.029099999999999997 0.2080859375 0.0194 0.212796875 0.018078125 0.2150296875 0.0176359375 0.22048593749999998 0.0202828125 0.2232140625 0.0251328125 0.2239578125 0.044532812500000005 0.22271875 0.04761875 0.22098281250000001 0.0493828125 0.212796875 0.047178125 0.20882968750000003 0.044973437500000005 0.20783749999999998
1 0.11816562500000001 0.319196875 0.117725 0.322171875 0.12169375 0.3244046875 0.12654375 0.3249015625 0.1340390625 0.3229171875 0.1335984375 0.3196921875 0.127425 0.3147328125 0.12257499999999999 0.3154765625 0.11816562500000001 0.319196875
1 0.030434375000000003 0.28954375 0.023340625 0.28954375 0.023340625 0.2930953125 0.030434375000000003 0.2930953125 0.030434375000000003 0.28954375
1 0.026878125000000003 0.1985765625 0.020009375 0.1985765625 0.020009375 0.2026984375 0.026878125000000003 0.2026984375 0.026878125000000003 0.1985765625
1 0.045854687500000005 0.39459374999999997 0.043651562500000005 0.396578125 0.04276875 0.400296875 0.0485015625 0.40252968750000007 0.0683421875 0.4045140625 0.0723109375 0.40228125 0.07186875000000001 0.39756874999999997 0.060406249999999995 0.393353125 0.052468749999999995 0.39260937500000004 0.045854687500000005 0.39459374999999997
1 0.48148125 0.772321875 0.48324531249999997 0.762896875 0.4783953125 0.761409375 0.4739859375 0.7619046875000001 0.4709 0.7636406250000001 0.46913593750000004 0.7671125 0.46208125000000005 0.7686015625 0.45723125 0.77108125 0.453703125 0.777778125 0.453703125 0.782490625 0.45899531250000003 0.790178125 0.46208125000000005 0.7911703125 0.46693125 0.790921875 0.4744265625 0.787946875 0.48633125 0.7795140625 0.48633125 0.7755453125 0.48148125 0.772321875
1 0.5370375000000001 0.7224703124999999 0.5365968750000001 0.7259421875000001 0.538359375 0.728175 0.552909375 0.7323906250000001 0.5582015625000001 0.7318953125000001 0.5599640625 0.7244546875 0.55246875 0.7202375 0.541446875 0.7197421875 0.5370375000000001 0.7224703124999999
1 0.25573125 0.63516875 0.2526453125 0.634671875 0.2438265625 0.63368125 0.226190625 0.633928125 0.2204578125 0.634671875 0.2182546875 0.6359125 0.2156078125 0.6408734375 0.216490625 0.6458328125 0.2204578125 0.650296875 0.2403 0.6537703125000001 0.2517640625 0.649553125 0.25881875 0.6455859375 0.2614640625 0.6428578125 0.2619046875 0.6386406250000001 0.25573125 0.63516875
1 0.123015625 0.7016375 0.127425 0.7013890625 0.1402109375 0.69444375 0.142415625 0.6855156250000001 0.1384484375 0.680803125 0.1344796875 0.6798109375 0.1115515625 0.6835312499999999 0.07407343749999999 0.6817953125 0.060406249999999995 0.6835312499999999 0.053351562500000005 0.686259375 0.044532812500000005 0.6919640625000001 0.044092187500000005 0.6974203125 0.0489421875 0.699653125 0.058201562500000005 0.7013890625 0.07186875000000001 0.7021328125 0.081128125 0.7041171875 0.0917109375 0.7036203125 0.10890625000000001 0.705853125 0.123015625 0.7016375
1 0 0.6091265625 0.0022046875 0.6096234375 0.00881875 0.6150796875 0.0255734375 0.61954375 0.03306875 0.6202875 0.0370375 0.61954375 0.052468749999999995 0.6116078125 0.051587499999999994 0.6049109374999999 0.0546734375 0.5959828125 0.0537921875 0.5915171875 0.052028125 0.58755 0.044973437500000005 0.5838296875 0.0392421875 0.5833328125 0.0295421875 0.5845734375 0.0176359375 0.5885421875 0.00396875 0.5912703125000001 0.0022046875 0.5932546875 0 0.5935015625 0 0.6091265625
1 0 0.64930625 0.0061734375 0.64930625 0.014109374999999999 0.647321875 0.018959375 0.6428578125 0.0158734375 0.6349203125 0.013228124999999999 0.633928125 0.00396875 0.633928125 0 0.6354171875 0 0.64930625
1 0.2513234375 0.6798109375 0.2566140625 0.680803125 0.2610234375 0.6790671875000001 0.26366875 0.6733625 0.25925937499999996 0.671875 0.25485 0.6733625 0.25044062500000003 0.6765875 0.2513234375 0.6798109375
0 0 0.7286703125 0.0022046875 0.7291671875 0.00573125 0.73363125 0.010140625 0.73363125 0.029099999999999997 0.737103125 0.0321875 0.73511875 0.0370375 0.73511875 0.045414062500000005 0.7318953125000001 0.059964062500000005 0.728421875 0.06349218749999999 0.7259421875000001 0.0683421875 0.72495 0.0727515625 0.721478125 0.09127031249999999 0.7157734375 0.0956796875 0.71180625 0.11860625 0.7041171875 0.12257499999999999 0.7033734375 0.1305109375 0.70386875 0.137125 0.701884375 0.14285781250000001 0.7021328125 0.151234375 0.6974203125 0.1569671875 0.6966765625 0.16181718750000001 0.69766875 0.16490312499999998 0.695684375 0.1790125 0.6922125 0.19268125 0.6907234375 0.202821875 0.68824375 0.2469140625 0.6872515625 0.2526453125 0.6884921875 0.27865937500000004 0.6877484375 0.2870375 0.688740625 0.2940921875 0.6872515625 0.3148140625 0.68675625 0.3258375 0.684771875 0.3284828125 0.6783234375 0.3320109375 0.675346875 0.3373015625 0.6733625 0.3465609375 0.674603125 0.36860624999999997 0.6716265625 0.37698437500000004 0.6716265625 0.3849203125 0.6733625 0.4082890625 0.6721234375 0.41798906249999995 0.6748515625 0.423721875 0.673115625 0.4413578125 0.673115625 0.45105781250000004 0.676090625 0.452821875 0.6738593749999999 0.456790625 0.6728671875 0.4700171875 0.67113125 0.485009375 0.6713796875 0.48809531249999993 0.6733625 0.481921875 0.684771875 0.47266250000000004 0.6889875 0.47354531250000004 0.693453125 0.47178125 0.697171875 0.4607578125 0.712796875 0.4607578125 0.7209828125 0.452821875 0.7311515625 0.4484125 0.745784375 0.443121875 0.7522328125 0.44356249999999997 0.755953125 0.4400359375 0.7584328124999999 0.4356265625 0.775296875 0.43606718750000006 0.7795140625 0.423721875 0.783978125 0.42019375 0.7896828124999999 0.415784375 0.7924109374999999 0.414021875 0.7971234375 0.40784843750000005 0.800346875 0.40564375 0.8105156250000001 0.39858906250000004 0.8142359375 0.395503125 0.8224203125 0.40123437500000003 0.821925 0.4126984375 0.823909375 0.4312171875 0.8256453125000001 0.442240625 0.825396875 0.44664843750000005 0.8263890625 0.4783953125 0.8251484375 0.4973546875 0.8209328125 0.5 0.8191968749999999 0.560846875 0.7998515625 0.5612874999999999 0.790921875 0.552028125 0.7857140625000001 0.5533515625 0.7832343749999999 0.5582015625000001 0.7810015625 0.5630515625 0.77579375 0.5683421875 0.7562 0.566578125 0.7400796875 0.560846875 0.7291671875 0.56040625 0.7142859374999999 0.5458546875 0.6959328124999999 0.532628125 0.6855156250000001 0.5321875 0.681546875 0.522928125 0.6736109375 0.518078125 0.6716265625 0.5074953125 0.6698906250000001 0.5013234375 0.66641875 0.4964734375 0.6614578125 0.49029999999999996 0.6584828125 0.4739859375 0.6567453125 0.4545859375 0.6490578124999999 0.4312171875 0.646578125 0.419753125 0.6421125 0.1728390625 0.5922625 0.107584375 0.5758921875 0.08950625 0.5724203125 0.06437343749999999 0.5654765625 0.0418875 0.5627484375 0.033509375 0.5627484375 0.029099999999999997 0.565228125 0.0224875 0.5657234375 0.005290625 0.5649796874999999 0 0.5669640625000001 0 0.71006875 0.0022046875 0.710565625 0.0022046875 0.7147328125 0 0.7177578125 0 0.7286703125
1 0.28125 0.8046875 0.26875 0.80625 0.265625 0.8140625 0.2703125 0.81875 0.2875 0.8109375 0.28125 0.8046875
1 0.2671875 0.725 0.259375 0.7265625 0.25625 0.7328125 0.2609375 0.7359375 0.2703125 0.73125 0.2671875 0.725
1 0.2109375 0.9203125 0.2265625 0.915625 0.2109375 0.9125 0.2109375 0.9203125
1 0.05 0.75 0.0515625 0.7609375 0.0609375 0.75625 0.0578125 0.746875 0.05 0.75
0 0.2359375 0.909375 0.2953125 0.88125 0.303125 0.871875 0.33125 0.8640625 0.3734375 0.8328125 0.409375 0.790625 0.434375 0.771875 0.4828125 0.6765625 0.48125 0.671875 0.365625 0.6734375 0.26875 0.6890625 0.2078125 0.6890625 0.1109375 0.709375 0.0046875 0.75 0 0.753125 0.003125 0.9625 0.0359375 0.965625 0.2359375 0.909375
0 0.2609375 0.9703125 0.1265625 0.9859375 0.1234375 0.9984375 0.3203125 0.9984375 0.2984375 0.9828125 0.2609375 0.9703125
1 0.2390625 0.984375 0.2421875 0.9984375 0.25625 0.99375 0.25 0.98125 0.2390625 0.984375
1 0.1890625 0.990625 0.1859375 0.98125 0.1765625 0.98125 0.16875 0.9859375 0.1703125 0.9984375 0.18125 0.9984375 0.1890625 0.990625
0 0.3859375 0.23125 0.40625 0.2703125 0.44375 0.3 0.5625 0.2875 0.5703125 0.278125 0.571875 0.2625 0.5609375 0.25 0.5725 0.234375 0.6078125 0.2328125 0.6390625 0.21875 0.6375 0.2125 0.496875 0.14375 0.4546875 0.1546875 0.41875 0.18125 0.4140625 0.2109375 0.4078125 0.21875 0.3875 0.225 0.3859375 0.23125
1 0.509375 0.1734375 0.515625 0.19375 0.534375 0.1921875 0.5265625 0.16875 0.509375 0.1734375
1 0.628125 0.2078125 0.5984375 0.1984375 0.6015625 0.2140625 0.615625 0.2203125 0.6328125 0.21875 0.628125 0.2078125
1 0.528125 0.1453125 0.5265625 0.1546875 0.5390625 0.159375 0.5421875 0.1453125 0.528125 0.1453125
1 0.575 0.1578125 0.575 0.16875 0.5875 0.1640625 0.5828125 0.15625 0.575 0.1578125
1 0.5515625 0.171875 0.54375 0.16875 0.54375 0.18125 0.5609375 0.1828125 0.5515625 0.171875
0 0.275 0.3046875 0.325 0.3140625 0.3578125 0.3125 0.3734375 0.2984375 0.38125 0.28125 0.378125 0.25625 0.3609375 0.2359375 0.3328125 0.2203125 0.3140625 0.21875 0.3015625 0.2078125 0.21875 0.1921875 0.1875 0.2 0.15625 0.23125 0.15625 0.2484375 0.171875 0.2859375 0.228125 0.309375 0.275 0.3046875
1 0.271875 0.2625 0.2625 0.271875 0.290625 0.2765625 0.2859375 0.2640625 0.271875 0.2625
1 0.3265625 0.24375 0.3171875 0.246875 0.3109375 0.25625 0.3234375 0.265625 0.33125 0.2484375 0.3265625 0.24375
1 0.253125 0.2921875 0.2421875 0.2875 0.234375 0.29375 0.2375 0.3015625 0.2515625 0.3015625 0.253125 0.2921875
1 0.1921875 0.259375 0.19375 0.271875 0.20625 0.2703125 0.203125 0.2578125 0.1921875 0.259375
1 0.2234375 0.2125 0.221875 0.2234375 0.2359375 0.2265625 0.240625 0.215625 0.2234375 0.2125
1 0.1953125 0.2015625 0.1859375 0.20625 0.19375 0.21875 0.2 0.2171875 0.2015625 0.2078125 0.1953125 0.2015625
1 0.165625 0.2484375 0.15625 0.2484375 0.15625 0.253125 0.1640625 0.2578125 0.165625 0.2484375
1 0.509375 0.8484375 0.515625 0.8578125 0.5296875 0.8484375 0.5203125 0.84375 0.509375 0.8484375
1 0.5453125 0.81875 0.5453125 0.8359375 0.559375 0.8375 0.5625 0.8203125 0.5453125 0.81875
1 0.4265625 0.83125 0.403125 0.83125 0.4 0.8375 0.40625 0.8453125 0.4296875 0.8421875 0.4265625 0.83125
1 0.4328125 0.8875 0.41875 0.8859375 0.4140625 0.8875 0.4171875 0.9 0.4375 0.9 0.4328125 0.8875
1 0.3796875 0.85625 0.378125 0.8671875 0.3953125 0.8640625 0.3921875 0.85625 0.3796875 0.85625
0 0.446875 0.9484375 0.50625 0.8765625 0.5234375 0.871875 0.5421875 0.85625 0.5375 0.846875 0.4890625 0.8421875 0.475 0.853125 0.4484375 0.8578125 0.428125 0.834375 0.4171875 0.834375 0.3859375 0.846875 0.365625 0.8453125 0.3453125 0.8609375 0.34375 0.875 0.36875 0.903125 0.4125 0.934375 0.446875 0.9484375
0 0.2921875 0.06875 0.309375 0.075 0.321875 0.090625 0.36875 0.109375 0.3875 0.071875 0.409375 0.0515625 0.4328125 0.0015625 0.165625 0 0.1734375 0.0296875 0.20625 0.059375 0.228125 0.0671875 0.2921875 0.06875
1 0.3375 0.0625 0.325 0.0640625 0.31875 0.0671875 0.321875 0.071875 0.34375 0.0703125 0.3375 0.0625
1 0.421875 0 0.39375 0.0046875 0.3890625 0.0140625 0.3953125 0.0265625 0.421875 0.0171875 0.421875 0
1 0.303125 0.053125 0.2875 0.0609375 0.2875 0.0671875 0.3 0.06875 0.3171875 0.0546875 0.303125 0.053125
1 0.3609375 0.0390625 0.3515625 0.04375 0.353125 0.05 0.365625 0.0484375 0.3609375 0.0390625
1 0.3 0.0171875 0.3 0.028125 0.3140625 0.034375 0.3125 0.0203125 0.3 0.0171875
1 0.1796875 0.0203125 0.1796875 0.0296875 0.196875 0.0359375 0.196875 0.0203125 0.1796875 0.0203125
1 0.253125 0.053125 0.246875 0.059375 0.2515625 0.0640625 0.265625 0.0609375 0.253125 0.053125
1 0.259375 0.0203125 0.24375 0.0234375 0.2421875 0.0296875 0.25 0.0359375 0.2671875 0.028125 0.259375 0.0203125
1 0.6390625 0.0125 0.640625 0.021875 0.6515625 0.0203125 0.6453125 0.0109375 0.6390625 0.0125
1 0.6671875 0.009375 0.665625 0.0203125 0.6796875 0.025 0.68125 0.0140625 0.6671875 0.009375
1 0.7171875 0.04375 0.7140625 0.0484375 0.7359375 0.05 0.73125 0.0390625 0.7171875 0.04375
1 0.7484375 0.0234375 0.7484375 0.0296875 0.759375 0.03125 0.759375 0.0125 0.7484375 0.0234375
1 0.565625 0.021875 0.5640625 0.028125 0.5796875 0.040625 0.584375 0.025 0.565625 0.021875
1 0.6140625 0.0546875 0.6046875 0.0421875 0.5984375 0.04375 0.5984375 0.0578125 0.6109375 0.059375 0.6140625 0.0546875
1 0.6875 0.0640625 0.6921875 0.071875 0.703125 0.065625 0.7 0.0609375 0.6875 0.0640625
1 0.5 0.0046875 0.5 0.0125 0.5234375 0.021875 0.5203125 0.0078125 0.5 0.0046875
0 0.4484375 0 0.4546875 0.0203125 0.5171875 0.0609375 0.64375 0.0875 0.675 0.08125 0.7109375 0.0640625 0.73125 0.0640625 0.734375 0.05625 0.7296875 0.0515625 0.7390625 0.0296875 0.746875 0.0296875 0.759375 0.009375 0.75625 0 0.68125 0.0015625 0.671875 0.025 0.6640625 0.0265625 0.6515625 0.0203125 0.6375 0 0.4484375 0