1 0.52425 0.6421125 0.5211640625 0.639384375 0.5013234375 0.6386406250000001 0.4969140625 0.6411203125 0.491621875 0.64756875 0.49118125 0.652034375 0.4933859375 0.6579859375 0.4977953125 0.658978125 0.50573125 0.6587296874999999 0.5123453125 0.65699375 0.5220453125 0.6510421875 0.5246906250000001 0.6470734375 0.52425 0.6421125
1 0.305996875 0.4670140625 0.30246875 0.46502968750000007 0.2989421875 0.46453437500000005 0.28791875 0.4662703125 0.2791 0.4719734375 0.2671953125 0.4838796875 0.268078125 0.48859062499999995 0.2804234375 0.49379999999999996 0.2905640625 0.493303125 0.305996875 0.4900796875 0.30731875 0.486359375 0.30643750000000003 0.48065468750000007 0.3086421875 0.47495000000000004 0.305996875 0.4670140625
1 0.25573125 0.5317453125 0.2513234375 0.53199375 0.2477953125 0.5334828125 0.23985937499999999 0.538690625 0.23721406250000002 0.5429062499999999 0.236771875 0.5488593749999999 0.23985937499999999 0.5520828125 0.2579359375 0.5513390625000001 0.27336875 0.5473703125 0.2773375 0.5451390625 0.27116406249999997 0.5369546875 0.26058125 0.5322421875 0.25573125 0.5317453125
1 0.2081125 0.63194375 0.206790625 0.6267359375 0.193121875 0.618303125 0.18474375 0.616071875 0.1812171875 0.6188 0.180334375 0.6269843749999999 0.18253906250000002 0.6354171875 0.189153125 0.6438484375 0.19268125 0.6450890625000001 0.19709062500000002 0.6450890625000001 0.203703125 0.6421125 0.206790625 0.6386406250000001 0.2081125 0.63194375
1 0.41887187499999995 0.612103125 0.4175484375 0.615575 0.420634375 0.6185515625 0.4241625 0.6192953125 0.4312171875 0.6188 0.43253906249999996 0.6143359375 0.42945312500000005 0.6108625 0.42283906250000003 0.61011875 0.41887187499999995 0.612103125
1 0.368165625 0.502728125 0.3602296875 0.5029765625 0.35405625 0.5052078125 0.349646875 0.5109125 0.34920625 0.514384375 0.3509703125 0.516865625 0.3562609375 0.5186015625 0.36067031250000003 0.518353125 0.36860624999999997 0.5138890625 0.372134375 0.5099203125 0.37345625 0.5052078125 0.368165625 0.502728125
1 0.5449734375 0.7189984375 0.5401234374999999 0.7219734375 0.5401234374999999 0.7259421875000001 0.543209375 0.7291671875 0.5467375 0.730159375 0.5590828125 0.7286703125 0.5626109375 0.7244546875 0.56216875 0.7202375 0.5590828125 0.7172625 0.5449734375 0.7189984375
1 0.6194890625 0.7797625 0.6146390625 0.7817453125 0.614196875 0.788690625 0.6164015625 0.7948906250000001 0.6230156250000001 0.7973703125 0.6300703125 0.79613125 0.6331562500000001 0.7931546875000001 0.6300703125 0.7822421875 0.62654375 0.78050625 0.6194890625 0.7797625
1 0.5145500000000001 0.7857140625000001 0.510140625 0.7864578125 0.505290625 0.790921875 0.50485 0.7946421875 0.508378125 0.7986109375 0.513228125 0.799603125 0.5216046875 0.7986109375 0.52336875 0.794146875 0.5216046875 0.789434375 0.5185187499999999 0.78670625 0.5145500000000001 0.7857140625000001
1 0.452821875 0.7135421875 0.4545859375 0.7162703125000001 0.462521875 0.7157734375 0.46560781249999994 0.7130453125 0.462521875 0.7080859375 0.456790625 0.7083328125 0.453703125 0.7108140625 0.452821875 0.7135421875
1 0.6618171875 0.7333828125 0.6578484375 0.733134375 0.6556437500000001 0.734375 0.6543203125 0.7358625 0.6547625 0.7423109375 0.6578484375 0.7452875 0.6618171875 0.7455359374999999 0.6675484375 0.7423109375 0.668871875 0.7400796875 0.6675484375 0.7368546874999999 0.6618171875 0.7333828125
1 0.7283953125 0.737846875 0.7253093749999999 0.741071875 0.7244265624999999 0.744046875 0.72575 0.7450390625 0.7372140625 0.7462796875000001 0.7477953125 0.7442953125 0.7513234375 0.73983125 0.7477953125 0.737103125 0.7380953124999999 0.7353671875 0.7283953125 0.737846875
1 0.7103171875000001 0.6879953125 0.71693125 0.688740625 0.7248671875 0.6855156250000001 0.7186953125 0.681546875 0.708553125 0.6803078124999999 0.7076718750000001 0.6855156250000001 0.7103171875000001 0.6879953125
1 0.7244265624999999 0.655009375 0.7332453125 0.6552578125 0.736771875 0.6542656250000001 0.735009375 0.6505453125 0.7328046875 0.64930625 0.7279546875 0.64930625 0.7244265624999999 0.6510421875 0.7244265624999999 0.655009375
1 0.764990625 0.7636406250000001 0.7676359374999999 0.7661203125 0.7755734375000001 0.7688484375 0.7768953125 0.7673609375 0.7751328125 0.7636406250000001 0.7711640625 0.761409375 0.7658734375 0.7626484375 0.764990625 0.7636406250000001
1 0.4739859375 0.640625 0.4783953125 0.6403765625 0.4823640625 0.6386406250000001 0.4783953125 0.6356640625 0.47354531250000004 0.6369046875000001 0.4709 0.6386406250000001 0.4739859375 0.640625
1 0.16490312499999998 0.4861109375 0.1525578125 0.4920640625 0.15079375 0.494046875 0.1543203125 0.49578437500000005 0.16093437500000002 0.492559375 0.1693125 0.4915671875 0.1715171875 0.4900796875 0.1728390625 0.4861109375 0.169753125 0.48511875 0.16490312499999998 0.4861109375
1 0.5445328125 0.5416671875 0.5471781250000001 0.540921875 0.548059375 0.535465625 0.5445328125 0.5349703124999999 0.5401234374999999 0.5376984375 0.5396828124999999 0.540921875 0.5445328125 0.5416671875
1 0.33509687499999996 0.6932046875 0.33377500000000004 0.6919640625000001 0.329365625 0.6924609375 0.329365625 0.69618125 0.33377500000000004 0.6979171875 0.33509687499999996 0.6932046875
0 0.0348328125 0.7869546875 0.043651562500000005 0.7943953125000001 0.054232812500000005 0.7993546874999999 0.066578125 0.8100203125000001 0.0776015625 0.8139875 0.0855375 0.8189484374999999 0.093915625 0.8214281250000001 0.10052968749999999 0.8261406250000001 0.150353125 0.8494546875 0.1574078125 0.8506937499999999 0.165784375 0.84995 0.18209843750000002 0.8568953125000001 0.188271875 0.858134375 0.2129625 0.859375 0.23324531249999997 0.8638390625 0.235890625 0.8668156249999999 0.23985937499999999 0.8680562500000001 0.244709375 0.8675593750000001 0.2477953125 0.8683031250000001 0.2614640625 0.8730156250000001 0.26763593750000003 0.8735125 0.27425 0.8717765625 0.2843921875 0.8730156250000001 0.3139328125 0.8799609374999999 0.41181718749999996 0.8782234375 0.41490312500000004 0.87425625 0.42813125 0.8725203125000001 0.44664843750000005 0.873759375 0.45899531250000003 0.87574375 0.46693125 0.87425625 0.4682546875 0.8702875000000001 0.4739859375 0.8658234374999999 0.47971718750000003 0.8663187499999999 0.49074062500000004 0.8648312499999999 0.49515000000000003 0.865575 0.51366875 0.863590625 0.5176359374999999 0.8603671875 0.5211640625 0.8616078125 0.52425 0.858134375 0.532628125 0.8539187500000001 0.5454140625 0.8539187500000001 0.56040625 0.8516859374999999 0.5679015625 0.8474703124999999 0.57010625 0.8439984375 0.5855375 0.839534375 0.5912703125000001 0.8400296875000001 0.599646875 0.8385421875000001 0.6049375 0.8350687499999999 0.607584375 0.8291171875 0.61375625 0.82738125 0.62345625 0.826884375 0.6384484375 0.8231640625000001 0.6437390625 0.8182046875 0.641975 0.8154765625 0.646825 0.8129953125 0.6710765624999999 0.8107640625 0.6825390625 0.8048109374999999 0.6869484375 0.7973703125 0.708553125 0.7958828125 0.71605 0.7936515625 0.7191359375 0.79141875 0.7244265624999999 0.7904265625 0.7297171875 0.78745 0.7332453125 0.7829859375 0.7380953124999999 0.7817453125 0.7676359374999999 0.7822421875 0.7791 0.784721875 0.78306875 0.7869546875 0.787478125 0.7862109375 0.7905640625 0.78745 0.8007046875 0.78819375 0.81040625 0.7852187500000001 0.81040625 0.78125 0.8064375 0.7787703125000001 0.8046734375 0.775296875 0.7971781250000001 0.768353125 0.7910046875 0.719990625 0.7949734375 0.71875 0.796296875 0.715278125 0.7945328125 0.7068453124999999 0.7901234374999999 0.7016375 0.7949734375 0.6937 0.7949734375 0.6884921875 0.791446875 0.6822921875 0.7949734375 0.6681546875000001 0.7892421875 0.658978125 0.7918875 0.6542656250000001 0.7905640625 0.64608125 0.787478125 0.641865625 0.7817453125 0.6391375 0.7791 0.63516875 0.7808640625 0.623759375 0.77821875 0.6185515625 0.7671953125 0.6108625 0.7491187499999999 0.6054062499999999 0.7477953125 0.603421875 0.6441796875 0.53670625 0.646825 0.5332343749999999 0.6406531249999999 0.53199375 0.6384484375 0.5275296875000001 0.6335984375 0.527034375 0.62345625 0.523065625 0.6150796875 0.521825 0.6119921875000001 0.5195937500000001 0.6009703125 0.5173609375 0.6018515625 0.5126484375 0.607584375 0.5039687500000001 0.6071421875 0.5014875 0.5454140625 0.48214218750000004 0.5370375000000001 0.4771828125 0.519840625 0.47420625000000005 0.514109375 0.470734375 0.48545 0.4692453125 0.476190625 0.4672625 0.4744265625 0.46602187500000003 0.4700171875 0.46602187500000003 0.46781249999999996 0.46453437500000005 0.45194062500000004 0.4608140625 0.44709062499999996 0.45858125000000005 0.44268124999999997 0.459078125 0.4356265625 0.4548609375 0.415784375 0.4546125 0.4131390625 0.4536203125 0.41181718749999996 0.4513890625 0.4069671875 0.4526296875 0.4043203125 0.4506453125 0.392415625 0.45089218750000004 0.3888890625 0.44965312500000004 0.37048125 0.4484125 0.357584375 0.44618125 0.3373015625 0.44618125 0.32275156250000003 0.443453125 0.3130515625 0.44295625000000005 0.3033515625 0.439484375 0.287478125 0.439484375 0.2482359375 0.444196875 0.20855312499999998 0.44692499999999996 0.1948859375 0.451140625 0.16490312499999998 0.455109375 0.114196875 0.46651718750000004 0.102734375 0.469990625 0.0864203125 0.4779265625 0.08157031249999999 0.48164687500000003 0.0679015625 0.4858625 0.060846875 0.4915671875 0.053351562500000005 0.494046875 0.0502640625 0.498015625 0.044973437500000005 0.4985125 0.0361546875 0.5017359375 0.013668749999999999 0.5173609375 0.00485 0.525296875 0.004409375 0.537203125 0.009259375 0.5436515625 0.004409375 0.555803125 0.0026453125 0.5701890625 0.0022046875 0.740575 0.00485 0.7636406250000001 0.0110234375 0.766865625 0.013228124999999999 0.7713296875 0.0202828125 0.77505 0.023809375 0.7787703125000001 0.0313046875 0.78199375 0.0348328125 0.7869546875
0 0 0.946925 0.0022046875 0.9479171875000001 0.005290625 0.9526296875 0.009259375 0.95386875 0.0255734375 0.9692453125 0.028659374999999997 0.9707343749999999 0.0308640625 0.9858625 0.03306875 0.98834375 0.0396828125 0.9915671875 0.044973437500000005 0.9923109374999999 0.0546734375 0.9908234374999999 0.0784828125 0.9898312499999999 0.08906562500000001 0.9923109374999999 0.0970015625 0.9955359375 0.119046875 0.9975203125000001 0.12169375 0.9967765625 0.1238984375 0.9997515625 0.4400359375 0.9997515625 0.44047656249999995 0.9977671875 0.44620781249999997 0.9967765625 0.456790625 0.9925593750000001 0.46560781249999994 0.9868546874999999 0.4739859375 0.98511875 0.4828046875 0.9771828125 0.48765468749999996 0.9759421875 0.5017640625 0.9670140625 0.532628125 0.9345234375 0.53791875 0.9241078125 0.537478125 0.91790625 0.5537921875 0.8886406250000001 0.55246875 0.8802078124999999 0.5551140625000001 0.871528125 0.55246875 0.8596234375 0.53306875 0.8598703125 0.52821875 0.8611109375 0.5211640625 0.8663187499999999 0.5176359374999999 0.8660718749999999 0.5145500000000001 0.8675593750000001 0.48809531249999993 0.8678078125 0.4806 0.8688 0.47971718750000003 0.8697921875000001 0.3549375 0.8797124999999999 0.32980624999999997 0.8769843749999999 0.325396875 0.8802078124999999 0.3209875 0.8816968749999999 0.3095234375 0.8821921875 0.2905640625 0.8779765625 0.2870375 0.87574375 0.27954218750000004 0.8745046875 0.2751328125 0.8740078125 0.26763593750000003 0.87574375 0.25088125 0.8752484375 0.235890625 0.87103125 0.2323640625 0.8663187499999999 0.22883593750000003 0.8653281249999999 0.222221875 0.8658234374999999 0.2050265625 0.8611109375 0.1966484375 0.8618546874999999 0.1913578125 0.8598703125 0.1851859375 0.859375 0.16534374999999998 0.8516859374999999 0.15564375 0.8521828125 0.1490296875 0.8509421875 0.10582031249999999 0.8306046874999999 0.09303281249999999 0.8226687500000001 0.083775 0.8209328125 0.0692234375 0.8125 0.0648140625 0.811259375 0.0595234375 0.8058031250000001 0.0388 0.792659375 0.0255734375 0.7822421875 0.0211640625 0.78199375 0.018959375 0.7829859375 0.01851875 0.78745 0.014549999999999999 0.792659375 0.0119046875 0.7953875 0.007054687499999999 0.796875 0.0022046875 0.8023312499999999 0 0.8058031250000001 0 0.946925
1 0.170634375 0.9223703125 0.16534374999999998 0.923115625 0.15079375 0.9300593750000001 0.147265625 0.9330359375 0.14858906249999998 0.9392359375 0.1538796875 0.941715625 0.1622578125 0.941715625 0.169753125 0.9375 0.1715171875 0.9352671875 0.1741625 0.928075 0.173721875 0.9236109375 0.170634375 0.9223703125
1 0.4823640625 0.9290671875 0.4744265625 0.9310515625000001 0.46869531249999996 0.934771875 0.46604999999999996 0.9384921875 0.46604999999999996 0.9459328125 0.4695765625 0.9508921875 0.4748671875 0.9533734375 0.4823640625 0.9541171875 0.49382656249999995 0.940971875 0.49382656249999995 0.9308031250000001 0.489859375 0.9293156249999999 0.4823640625 0.9290671875
1 0.16093437500000002 0.886409375 0.16049375 0.8886406250000001 0.165784375 0.891865625 0.170634375 0.8923609375 0.1772484375 0.8903765625 0.1776890625 0.8883921875 0.1693125 0.8851687500000001 0.16181718750000001 0.8849203125 0.16093437500000002 0.886409375
1 0.2306 0.9997515625 0.2306 0.9980156250000001 0.22354531249999998 0.9942953125 0.216490625 0.9938 0.2129625 0.9967765625 0.21208125 0.9997515625 0.2306 0.9997515625
1 0.34435625000000003 0.9980156250000001 0.34435625000000003 0.9997515625 0.37169375 0.9997515625 0.3708109375 0.9935515625000001 0.36860624999999997 0.9915671875 0.3611109375 0.9913187499999999 0.35670156249999996 0.9928078125 0.34435625000000003 0.9980156250000001
1 0.0304234375 0.9823906250000001 0.032628125 0.9841265625 0.0410046875 0.984375 0.046296875 0.9823906250000001 0.044532812500000005 0.9774312500000001 0.032628125 0.9766859374999999 0.0308640625 0.9791671875000001 0.0304234375 0.9823906250000001
0 0.86860625 0.949653125 0.89594375 0.9813984375 0.9074078125 0.985615625 0.915784375 0.9947921875000001 0.9223984375000001 0.9980156250000001 0.9223984375000001 0.9997515625 0.9995593749999999 0.9997515625 0.9995593749999999 0.730903125 0.9973546875 0.7304062499999999 0.9973546875 0.719990625 0.9938265625 0.7142859374999999 0.9929453125000001 0.716021875 0.9885359375 0.71800625 0.9814812500000001 0.7170140625 0.9788359375000001 0.7150296875000001 0.97575 0.7170140625 0.9704578125 0.7177578125 0.961640625 0.722965625 0.9554671875 0.72891875 0.9510578125 0.7296625 0.9417984374999999 0.737846875 0.9351859375 0.7390875 0.9312171875 0.7420640625 0.9215171874999999 0.7517359375 0.9109343750000001 0.7591765625 0.895503125 0.7755453125 0.854496875 0.8063 0.8302468749999999 0.8338296875 0.8284828125000001 0.8415171875 0.8218687499999999 0.8494546875 0.81525625 0.8712796875000001 0.829365625 0.890625 0.8302468749999999 0.90005 0.8328921875 0.9042656250000001 0.8381828125 0.9064984375 0.8452375 0.9216265625 0.863315625 0.9394843749999999 0.86860625 0.949653125
1 0.9797171875 0.8251484375 0.9792765625 0.8298609375 0.9805999999999999 0.830853125 0.9880953124999999 0.8348218749999999 0.9995593749999999 0.8363093750000001 0.9995593749999999 0.8154765625 0.9925046875 0.8184531249999999 0.985009375 0.8199406249999999 0.9797171875 0.8251484375
1 0.8888890625 0.8504468749999999 0.8844796875000001 0.8504468749999999 0.8787484375 0.8544140625000001 0.8765437500000001 0.8571421875 0.877425 0.863590625 0.8809531249999999 0.8660718749999999 0.8884484374999999 0.8668156249999999 0.896384375 0.862846875 0.9012343749999999 0.8563984375 0.89594375 0.8519343750000001 0.8888890625 0.8504468749999999
1 0.9506171875 0.78819375 0.9550265625 0.78819375 0.9581125 0.7829859375 0.9510578125 0.7817453125 0.9462078125 0.7822421875 0.9422406249999999 0.7832343749999999 0.9506171875 0.78819375
1 0.5445328125 0.3482140625 0.5410046875 0.3482140625 0.53395 0.3561515625 0.5361546875000001 0.3623515625 0.5559968750000001 0.3692953125 0.56525625 0.37003906249999996 0.5758375 0.365328125 0.57495625 0.3616078125 0.5630515625 0.3556546875 0.5586421875 0.3514390625 0.5445328125 0.3482140625
0 0.391975 0.44444375 0.40123437500000003 0.4446921875 0.4043203125 0.44370000000000004 0.40784843750000005 0.4451890625 0.4126984375 0.4451890625 0.419753125 0.4513890625 0.4320984375 0.45089218750000004 0.4514984375 0.4546125 0.5586421875 0.48065468750000007 0.5648140625 0.486359375 0.589946875 0.49454374999999995 0.6071421875 0.4985125 0.619046875 0.5079359375 0.6402109375 0.51636875 0.642415625 0.5193453124999999 0.647265625 0.52108125 0.6534390625000001 0.527034375 0.6693125 0.5314984375 0.68783125 0.5411703125 0.6913578125 0.5443953125000001 0.697971875 0.5473703125 0.7006171875 0.5525796875 0.7041453125 0.5553078124999999 0.7186953125 0.56175625 0.72575 0.563740625 0.7372140625 0.56944375 0.7403 0.5731640625 0.739859375 0.5798609375 0.7429453125000001 0.584325 0.7482359375 0.58680625 0.7539687500000001 0.5922625 0.760140625 0.5952375 0.7663140625 0.6071421875 0.7716046875 0.6091265625 0.7786593749999999 0.6140875 0.788359375 0.6267359375 0.788359375 0.6312 0.7861546875000001 0.6349203125 0.7985015625 0.6498015625 0.796296875 0.6619546875 0.8007046875 0.6708828125 0.798059375 0.677828125 0.798059375 0.6855156250000001 0.8024687500000001 0.6872515625 0.8170187500000001 0.68675625 0.820546875 0.6817953125 0.8337749999999999 0.6763390625000001 0.8355375 0.6733625 0.8403875 0.6701390625 0.8430328125000001 0.6646828124999999 0.8738984375 0.6485609375 0.8756609375 0.6421125 0.8805109375000001 0.6401296875 0.896825 0.6245046875 0.9171078125 0.59375 0.9210765625 0.5907734375 0.9232796875 0.5761406250000001 0.9219578125 0.5682046875 0.9197531250000001 0.5672125 0.9118171875 0.5669640625000001 0.9047625 0.5644843749999999 0.8924156249999999 0.566715625 0.8888890625 0.5701890625 0.8805109375000001 0.571925 0.8747796875 0.5744046875000001 0.8730156250000001 0.5763890625 0.858465625 0.5771328125 0.8514109375000001 0.5763890625 0.8500875000000001 0.5751484375 0.8492062499999999 0.571925 0.8589062500000001 0.5560515625 0.86375625 0.540675 0.8589062500000001 0.53670625 0.8553796874999999 0.5297625 0.8553796874999999 0.5136406250000001 0.849646875 0.5106640625 0.8456796875 0.5099203125 0.8412703125000001 0.504215625 0.8417109375 0.4858625 0.829365625 0.4811515625 0.829365625 0.47222187499999996 0.8315703125 0.46577343750000005 0.8302468749999999 0.46329374999999995 0.825396875 0.4610609375 0.8240734375000001 0.459078125 0.825396875 0.447171875 0.8187828125 0.439484375 0.8183421875000001 0.43129999999999996 0.8139328125 0.4221234375 0.8134921875 0.41493125 0.8170187500000001 0.4015375 0.8170187500000001 0.3883921875 0.8187828125 0.3821921875 0.8218687499999999 0.3807046875 0.8209875 0.3688 0.8227515625 0.36483125 0.8143734374999999 0.36483125 0.80731875 0.3685515625 0.8007046875 0.369046875 0.8002640624999999 0.3717765625 0.7755734375000001 0.37103125000000003 0.769840625 0.372271875 0.7597 0.3717765625 0.7372140625 0.37574375 0.731921875 0.3787203125 0.7063484375 0.379215625 0.6922406249999999 0.375 0.669753125 0.3829359375 0.6543203125 0.38665625000000003 0.6380078124999999 0.386409375 0.6305109375 0.38516875 0.622575 0.3891375 0.6106703125 0.391865625 0.603615625 0.39459374999999997 0.5886250000000001 0.40252968750000007 0.576278125 0.40327343750000005 0.5709875 0.40178593749999997 0.566578125 0.3990578125 0.5630515625 0.393353125 0.5634921875 0.3745046875 0.5696656250000001 0.37301562499999996 0.576278125 0.3732640625 0.576278125 0.368303125 0.5687828125000001 0.3725203125 0.5630515625 0.3717765625 0.56040625 0.3697921875 0.55555625 0.369046875 0.5546734375 0.366815625 0.5485015625 0.366071875 0.5440921875 0.362103125 0.54761875 0.358134375 0.54761875 0.353175 0.5445328125 0.3489578125 0.5410046875 0.347221875 0.5268953125 0.34771874999999997 0.5026453125 0.352678125 0.489859375 0.3571421875 0.485890625 0.3571421875 0.4783953125 0.359375 0.46913593750000004 0.3650796875 0.45767187500000006 0.369046875 0.44620781249999997 0.37599218749999996 0.44268124999999997 0.37698437500000004 0.4320984375 0.3841765625 0.428571875 0.3891375 0.42019375 0.39558593750000004 0.4096125 0.40178593749999997 0.401675 0.404265625 0.392415625 0.4119546875 0.3902109375 0.4161703125 0.36860624999999997 0.4392359375 0.372134375 0.44295625000000005 0.3756609375 0.43973281249999996 0.3800703125 0.44022812499999997 0.3840390625 0.4439484375 0.38932968749999997 0.443453125 0.391975 0.44444375
0 0.8430328125000001 0.4935515625 0.8417109375 0.5024796874999999 0.84435625 0.5064484375 0.8492062499999999 0.5091765625 0.8628750000000001 0.549603125 0.858465625 0.556546875 0.8580249999999999 0.561259375 0.852734375 0.565971875 0.853175 0.57266875 0.8611109375 0.575396875 0.8650796875 0.5749015625 0.8690468750000001 0.572171875 0.872575 0.571925 0.88624375 0.5669640625000001 0.9572312500000001 0.5629953125 0.9589953124999999 0.5647328125 0.96693125 0.5644843749999999 0.9709 0.5627484375 0.9748671874999999 0.56324375 0.9880953124999999 0.5605156250000001 0.9920640625000001 0.558284375 0.9973546875 0.5525796875 0.99603125 0.5404265625 0.9973546875 0.5195937500000001 0.9995593749999999 0.5141375 0.9995593749999999 0.5091765625 0.9973546875 0.50868125 0.99603125 0.479496875 0.9969140624999999 0.4751984375 0.9995593749999999 0.47321406250000003 0.9995593749999999 0.4608140625 0.9973546875 0.45684531249999993 0.9995593749999999 0.45610156249999995 0.9995593749999999 0.436259375 0.9973546875 0.4357640625 0.9969140624999999 0.4283234375 0.9995593749999999 0.42609062499999995 0.9995593749999999 0.4064984375 0.9973546875 0.40625 0.9973546875 0.4010421875 0.9995593749999999 0.4005453125 0.9995593749999999 0.381696875 0.9973546875 0.3812 0.9973546875 0.3608625 0.9995593749999999 0.36036718749999996 0.9995593749999999 0.3469734375 0.9969140624999999 0.341021875 0.9969140624999999 0.325396875 0.9938265625 0.3236609375 0.989859375 0.3263890625 0.9779546874999999 0.3286203125 0.9594359375 0.334325 0.94268125 0.33755 0.9351859375 0.3422625 0.900353125 0.34920625 0.8897703124999999 0.35739062499999996 0.8809531249999999 0.3591265625 0.8796296874999999 0.36036718749999996 0.8681656249999999 0.3576390625 0.8650796875 0.3549109375 0.8606703124999999 0.3571421875 0.858465625 0.36135937500000004 0.8522921875 0.36135937500000004 0.849646875 0.3596234375 0.8417109375 0.3611109375 0.832671875 0.366815625 0.8298062500000001 0.3670640625 0.8280421875 0.37301562499999996 0.8302468749999999 0.376240625 0.82495625 0.382440625 0.820546875 0.384671875 0.8183421875000001 0.3908734375 0.8156968750000001 0.41765937500000005 0.8196656250000001 0.4271109375 0.8196656250000001 0.4372515625 0.8298062500000001 0.478421875 0.8337749999999999 0.48214218750000004 0.843475 0.4838796875 0.8465609374999999 0.4868546875 0.8430328125000001 0.4935515625
0 0.5008812500000001 0 0.5 0.008432812500000001 0.46208125000000005 0.005953125 0.458553125 0.0032234375 0.4545859375 0.004215625 0.4532625 0.006696875 0.44664843750000005 0.0099203125 0.443121875 0.0133921875 0.44488593749999994 0.0280265625 0.442240625 0.0317453125 0.439153125 0.0327375 0.44091718750000003 0.038359375 0.43827187500000003 0.0486109375 0.4387125 0.057043750000000004 0.44047656249999995 0.0602671875 0.447971875 0.0615078125 0.45061718749999996 0.06497968750000001 0.44709062499999996 0.0669640625 0.44268124999999997 0.072171875 0.44091718750000003 0.07564531249999999 0.442240625 0.079365625 0.4356265625 0.08506875 0.4312171875 0.09176562499999999 0.430334375 0.1150796875 0.4356265625 0.1227671875 0.44400312499999994 0.1252484375 0.44664843750000005 0.12723281250000001 0.44400312499999994 0.13715312500000001 0.44356249999999997 0.14756875 0.44709062499999996 0.16121093749999998 0.4541453125 0.1654265625 0.45987656250000003 0.1748515625 0.4607578125 0.184771875 0.46913593750000004 0.19618125 0.46869531249999996 0.201140625 0.4709 0.20882968750000003 0.476190625 0.212796875 0.4783953125 0.2328875 0.49382656249999995 0.2638890625 0.4973546875 0.265625 0.5013234375 0.2713296875 0.51058125 0.275296875 0.5123453125 0.2790171875 0.5202828125 0.28199375 0.52336875 0.295634375 0.527778125 0.2991078125 0.5295421874999999 0.3025796875 0.5365968750000001 0.305059375 0.5445328125 0.3162203125 0.5467375 0.32614062499999996 0.5485015625 0.3278765625 0.5542328125 0.3296125 0.5564375 0.334325 0.560846875 0.3365578125 0.5630515625 0.34995 0.5709875 0.3571421875 0.581128125 0.36036718749999996 0.5771609375 0.3745046875 0.5709875 0.37698437500000004 0.5696656250000001 0.3923609375 0.5723109375 0.39756874999999997 0.5798062500000001 0.39930625000000003 0.589065625 0.3990578125 0.598765625 0.39459374999999997 0.703703125 0.376240625 0.712521875 0.3782234375 0.717371875 0.3782234375 0.72178125 0.37698437500000004 0.731921875 0.376240625 0.744709375 0.3720234375 0.772928125 0.36631874999999997 0.7791 0.36805625000000003 0.7870375000000001 0.36805625000000003 0.7945328125 0.366815625 0.920634375 0.34176562499999996 0.9272484375 0.33978125000000003 0.9312171875 0.33680625000000003 0.9351859375 0.3365578125 0.9413578125000001 0.3325890625 0.9638453124999999 0.3256453125 0.9695765625 0.32713281250000004 0.9748671874999999 0.3266375 0.9841265625 0.3201890625 0.989859375 0.319196875 0.99426875 0.3169640625 0.9964734375000001 0.3142359375 0.9964734375000001 0.2673609375 0.99515 0.2641375 0.9964734375000001 0.228421875 0.99603125 0.2202375 0.9929453125000001 0.21255000000000002 0.9938265625 0.196925 0.9964734375000001 0.18551562500000002 0.99603125 0.082340625 0.9973546875 0.066715625 0.994709375 0.05853125 0.9969140624999999 0.05084375 0.9964734375000001 0 0.7164906249999999 0 0.7134031249999999 0.0029765625 0.7098765625000001 0.0029765625 0.7028218749999999 0 0.5445328125 0 0.5423281249999999 0.0047125 0.5352734375 0.007689062500000001 0.53306875 0.0106640625 0.5286593749999999 0.0119046875 0.5255734375000001 0.021578125 0.5145500000000001 0.029265625 0.5079359375 0.029265625 0.50881875 0.0173609375 0.5070546874999999 0.013640625 0.5079359375 0.005207812500000001 0.5061734375 0 0.5008812500000001 0
1 0.890653125 0.0498515625 0.8844796875000001 0.048115625 0.8769843749999999 0.0500984375 0.87169375 0.054564062499999996 0.8699296875 0.056546874999999996 0.8699296875 0.0602671875 0.872575 0.063740625 0.8765437500000001 0.06497968750000001 0.8844796875000001 0.06423593749999999 0.891534375 0.057043750000000004 0.8919750000000001 0.051587499999999994 0.890653125 0.0498515625
0 0.5912703125000001 0.9635421875000001 0.599646875 0.96800625 0.6150796875 0.9697421875 0.617725 0.9689984375 0.6230156250000001 0.96949375 0.6261015624999999 0.9682546875 0.6331562500000001 0.96800625 0.6371249999999999 0.9650296875000001 0.656084375 0.9704859375 0.6547625 0.9744546875 0.6582890625 0.9766859374999999 0.6618171875 0.9771828125 0.665784375 0.97495 0.668871875 0.9672625 0.6772484375000001 0.964534375 0.689153125 0.9583328124999999 0.7041453125 0.9449406249999999 0.7089953125 0.9434531249999999 0.7142859374999999 0.9355156250000001 0.7164906249999999 0.934771875 0.7244265624999999 0.9255953124999999 0.7283953125 0.91790625 0.7288359375 0.8955859374999999 0.7209 0.8772328125 0.7142859374999999 0.8670640625000001 0.7014984375 0.8526781250000001 0.6710765624999999 0.831596875 0.656525 0.824653125 0.6538796875 0.8214281250000001 0.646384375 0.8216765625000001 0.6446203125000001 0.823909375 0.6102296875000001 0.8298609375 0.607584375 0.83755 0.6044968749999999 0.8400296875000001 0.5917109375 0.84300625 0.5837749999999999 0.8422625 0.5758375 0.84375 0.5731921875 0.8454859375 0.571428125 0.8494546875 0.560846875 0.8534218750000001 0.56040625 0.8549109375 0.5564375 0.8568953125000001 0.5564375 0.8648312499999999 0.56525625 0.902778125 0.5718687499999999 0.9563484375 0.5780421875 0.9618062500000001 0.5824515625 0.9630453125 0.5912703125000001 0.9635421875000001
1 0.0925921875 0.9637890625000001 0.093475 0.9685015625 0.098325 0.969990625 0.10229218749999999 0.96949375 0.10405625 0.965278125 0.1014109375 0.9610609374999999 0.1000875 0.9603171875 0.0952375 0.9605656249999999 0.0925921875 0.9637890625000001
1 0.415784375 0.903521875 0.41931250000000003 0.9002968750000001 0.415784375 0.8916171875 0.40740781249999997 0.894096875 0.405203125 0.8963296875 0.4047625 0.9007937500000001 0.415784375 0.903521875
1 0.834215625 0.87103125 0.8337749999999999 0.8732640625 0.8377421875 0.87574375 0.8408296875 0.8769843749999999 0.8447968749999999 0.8767359375 0.848325 0.8730156250000001 0.8456796875 0.8645828124999999 0.8417109375 0.8648312499999999 0.834215625 0.87103125
1 0.28086406249999996 0.8534218750000001 0.2821875 0.8494546875 0.2804234375 0.8484624999999999 0.2751328125 0.84771875 0.2720453125 0.8489578124999999 0.2724875 0.8534218750000001 0.28086406249999996 0.8534218750000001
1 0.777778125 0.605159375 0.7773375 0.61483125 0.78306875 0.61805625 0.7905640625 0.6111109375 0.7896828124999999 0.6073906250000001 0.7865968750000001 0.6054062499999999 0.7821875 0.6046625 0.7791 0.601934375 0.777778125 0.605159375
1 0.764109375 0.4270828125 0.76366875 0.4317953125 0.7654328125000001 0.4327875 0.77336875 0.4350203125 0.7835093750000001 0.4357640625 0.78306875 0.43129999999999996 0.7768953125 0.42633906250000003 0.7702828125 0.42485156249999995 0.764109375 0.4270828125
1 0.9448859374999999 0.38045625 0.9365078125 0.37301562499999996 0.9316578124999999 0.3712796875 0.9228390624999999 0.370784375 0.9113749999999999 0.3717765625 0.9012343749999999 0.3752484375 0.8985890624999999 0.3779765625 0.8977078125 0.380953125 0.8999124999999999 0.3834328125 0.9171078125 0.3901296875 0.9263671875 0.38963281250000004 0.9360671875 0.387153125 0.944003125 0.3876484375 0.9470906250000001 0.38566406249999996 0.9448859374999999 0.38045625
1 0.8170187500000001 0.6421125 0.8134921875 0.637153125 0.8024687500000001 0.6341765625 0.798059375 0.6374015625 0.7954140625 0.6416171875 0.7949734375 0.6463296875 0.798059375 0.65005 0.7985015625 0.6540171875 0.8024687500000001 0.65079375 0.8064375 0.650296875 0.81040625 0.6515375 0.816578125 0.6463296875 0.8170187500000001 0.6421125
1 0.6305109375 0.4578375 0.6296296875 0.46254999999999996 0.630953125 0.4640375 0.642415625 0.46502968750000007 0.646384375 0.46329374999999995 0.646825 0.45858125000000005 0.6428578125 0.45610156249999995 0.6349203125 0.45535781249999996 0.6305109375 0.4578375
1 0.489859375 0.9528765625 0.4889765625 0.95386875 0.49382656249999995 0.9657734375 0.4973546875 0.967509375 0.5017640625 0.9672625 0.5061734375 0.9590781249999999 0.505290625 0.9551093749999999 0.49911874999999994 0.953125 0.49426875 0.9541171875 0.489859375 0.9528765625
1 0.19444375 0.9548609375 0.1966484375 0.9556046874999999 0.203703125 0.9551093749999999 0.206790625 0.9511406250000001 0.20149843750000002 0.9494046875000001 0.19709062500000002 0.949653125 0.1948859375 0.9508921875 0.19444375 0.9548609375