1 0.3941796875 0.600446875 0.392415625 0.5957343749999999 0.37698437500000004 0.58358125 0.369046875 0.5828375 0.3659609375 0.584325 0.3646390625 0.58680625 0.362434375 0.6165671875000001 0.36375625 0.620784375 0.3650796875 0.622271875 0.36684375 0.622271875 0.3791890625 0.6205359374999999 0.38624375 0.617559375 0.39329843750000004 0.6076390625 0.3941796875 0.600446875
1 0.20855312499999998 0.7088296875 0.2050265625 0.7110609375 0.2010578125 0.7189984375 0.20061718750000002 0.733134375 0.20414531249999998 0.7304062499999999 0.216490625 0.7259421875000001 0.2244265625 0.7207343749999999 0.22795468749999998 0.7170140625 0.2275125 0.712796875 0.21693125000000002 0.709821875 0.20855312499999998 0.7088296875
1 0.286596875 0.49627968750000007 0.2791 0.49727187500000003 0.2716046875 0.509671875 0.27116406249999997 0.5176093749999999 0.27425 0.5181046874999999 0.2813046875 0.5166171875 0.291446875 0.5099203125 0.2936515625 0.505953125 0.293209375 0.5032234375 0.2905640625 0.498015625 0.286596875 0.49627968750000007
1 0.442240625 0.396578125 0.439153125 0.3921125 0.43253906249999996 0.394840625 0.4316578125 0.396578125 0.4351859375 0.398065625 0.442240625 0.396578125
1 0.36772499999999997 0.33209374999999997 0.3694890625 0.3338296875 0.37345625 0.334325 0.3747796875 0.3338296875 0.3747796875 0.329365625 0.37301562499999996 0.325396875 0.369046875 0.326884375 0.36772499999999997 0.33209374999999997
1 0.6618171875 0.516865625 0.664021875 0.5136406250000001 0.6613749999999999 0.5111609374999999 0.6538796875 0.51016875 0.6432984375 0.5106640625 0.6380078124999999 0.509425 0.6305109375 0.5104171875 0.6256609375 0.5124015625 0.622575 0.512153125 0.619046875 0.5133921875 0.617284375 0.515625 0.6111109375 0.518353125 0.6067015625 0.524553125 0.6062609375 0.5292656250000001 0.6111109375 0.5322421875 0.6203703125 0.53125 0.6344796875000001 0.5314984375 0.64594375 0.5297625 0.652115625 0.525296875 0.6543203125 0.521578125 0.6618171875 0.516865625
1 0.5634921875 0.5044640625000001 0.5599640625 0.5039687500000001 0.5485015625 0.5064484375 0.5445328125 0.509425 0.5410046875 0.509671875 0.5396828124999999 0.512153125 0.538359375 0.518353125 0.5410046875 0.525296875 0.5542328125 0.525296875 0.580246875 0.5213296875 0.5806875 0.5136406250000001 0.575396875 0.5079359375 0.5683421875 0.5071921875000001 0.5634921875 0.5044640625000001
1 0.53306875 0.5548109375 0.5308640625 0.556546875 0.5291 0.5607640625 0.5317453125 0.5634921875 0.5370375000000001 0.565228125 0.5440921875 0.5654765625 0.556878125 0.556546875 0.5533515625 0.5540671875000001 0.5449734375 0.55233125 0.53306875 0.5548109375
1 0.599646875 0.46428593749999997 0.5837749999999999 0.46577343750000005 0.5789234375000001 0.4682546875 0.5771609375 0.4702375 0.5784828125 0.47495000000000004 0.5873015625 0.4828875 0.5956796875 0.486359375 0.599646875 0.48363125 0.6067015625 0.4744546875 0.6049375 0.46577343750000005 0.599646875 0.46428593749999997
1 0.565696875 0.451884375 0.5679015625 0.4474203125 0.565696875 0.44196406250000003 0.5577593750000001 0.43650781250000004 0.5445328125 0.4317953125 0.5308640625 0.43526718750000004 0.5299828125 0.43650781250000004 0.5291 0.4392359375 0.53395 0.4451890625 0.5361546875000001 0.4610609375 0.5392421875 0.462796875 0.5485015625 0.46378906249999996 0.55555625 0.460565625 0.5590828125 0.45610156249999995 0.565696875 0.451884375
1 0.6997359375000001 0.48536718749999996 0.7014984375 0.4900796875 0.7089953125 0.4923109375 0.7129624999999999 0.4923109375 0.7213406250000001 0.4900796875 0.7235453125 0.486359375 0.71605 0.482390625 0.7089953125 0.48090312500000004 0.6997359375000001 0.48536718749999996
1 0.7716046875 0.53993125 0.7671953125 0.5362109375 0.7513234375 0.5359625 0.739859375 0.54141875 0.731921875 0.5488593749999999 0.730159375 0.5525796875 0.7332453125 0.555059375 0.73941875 0.5572921875 0.759259375 0.5572921875 0.7685187499999999 0.5525796875 0.769840625 0.5508437500000001 0.7724875 0.5451390625 0.7716046875 0.53993125
1 0.6261015624999999 0.58506875 0.6300703125 0.587053125 0.6384484375 0.584078125 0.6375656249999999 0.581596875 0.6349203125 0.5806046874999999 0.6305109375 0.5803578125 0.6261015624999999 0.5818453124999999 0.6261015624999999 0.58506875
1 0.9880953124999999 0.5104171875 0.9783953125 0.5141375 0.9726625 0.5195937500000001 0.9731046875 0.5255453125 0.9823640625 0.5337296874999999 0.9863312499999999 0.535465625 0.9920640625000001 0.5362109375 0.9984375 0.5344734375 0.9984375 0.5104171875 0.9938265625 0.5091765625 0.9880953124999999 0.5104171875
0 0.495590625 0.53050625 0.47795468750000003 0.5436515625 0.46693125 0.556546875 0.46781249999999996 0.5763890625 0.47707187500000003 0.582340625 0.4775125 0.5838296875 0.4828046875 0.584078125 0.48545 0.5860609375 0.50573125 0.5917656250000001 0.5458546875 0.5989578125 0.5489421875 0.60069375 0.5736328125 0.60243125 0.5881828125 0.6056546875000001 0.602734375 0.6071421875 0.6335984375 0.6088796875 0.7702828125 0.6354171875 0.7746906250000001 0.6374015625 0.7843921875000001 0.6376484375 0.8046734375 0.6408734375 0.826278125 0.641865625 0.8298062500000001 0.6453375 0.8549374999999999 0.6490578124999999 0.9078484375 0.652778125 0.99426875 0.6547625 0.9984375 0.6401296875 0.9969140624999999 0.6356640625 0.9969140624999999 0.5651453125 0.9984375 0.5615078125 0.9984375 0.54141875 0.9964734375000001 0.53745 0.9973546875 0.5307546875 0.9984375 0.530009375 0.9984375 0.4982640625 0.9973546875 0.49776718750000004 0.9969140624999999 0.4952875 0.9964734375000001 0.4702375 0.9984375 0.46577343750000005 0.9920640625000001 0.45585312499999997 0.9823640625 0.453125 0.9739859375 0.44692499999999996 0.9382718750000001 0.43129999999999996 0.9193125 0.42534687499999996 0.9091703125 0.41889843750000005 0.8820546874999999 0.412821875 0.8655203124999999 0.407490625 0.8470015625 0.40327343750000005 0.8386250000000001 0.40004999999999996 0.8240734375000001 0.3983140625 0.8170187500000001 0.3963296875 0.8064375 0.3958328125 0.802028125 0.394096875 0.7764546875 0.38988125 0.739859375 0.387153125 0.693121875 0.380953125 0.6772484375000001 0.3821921875 0.6719578125 0.38045625 0.6574078125 0.3802078125 0.655203125 0.3812 0.6243390625 0.3849203125 0.6159609374999999 0.3829359375 0.6071421875 0.3829359375 0.5758375 0.3854171875 0.556878125 0.3923609375 0.5361546875000001 0.393353125 0.53306875 0.394096875 0.5291 0.3970734375 0.5110234375 0.400296875 0.5035265625 0.4060015625 0.5008812500000001 0.4109625 0.500440625 0.4528765625 0.5035265625 0.46602187500000003 0.5035265625 0.4739578125 0.50573125 0.478421875 0.5079359375 0.5126484375 0.5061734375 0.5188484375 0.5 0.5240578124999999 0.495590625 0.53050625
0 0.006614062499999999 0.8105156250000001 0.0110234375 0.813740625 0.014109374999999999 0.8258921875 0.01851875 0.8303578125 0.0207234375 0.8360609374999999 0.0224875 0.8469734375 0.019840625 0.855903125 0.019840625 0.870784375 0.0176359375 0.8812 0.0194 0.8886406250000001 0.0216046875 0.88988125 0.036596875 0.87896875 0.0401234375 0.8712796875000001 0.046296875 0.8650796875 0.047178125 0.860615625 0.0489421875 0.8591265625 0.052468749999999995 0.8588796875 0.055996875 0.8539187500000001 0.060406249999999995 0.8541671875000001 0.059082812500000005 0.8501984374999999 0.062168749999999995 0.8484624999999999 0.0648140625 0.8474703124999999 0.0683421875 0.8482140625 0.07186875000000001 0.8447421875 0.0758375 0.8439984375 0.0877421875 0.8360609374999999 0.0908296875 0.8358140625000001 0.09435625 0.8325890625 0.10361562499999999 0.82738125 0.1146390625 0.8231640625000001 0.11816562500000001 0.8204359374999999 0.21781250000000002 0.77505 0.2239859375 0.7740578124999999 0.2336859375 0.7671125 0.24118124999999999 0.764384375 0.24426874999999998 0.761409375 0.2517640625 0.75868125 0.255290625 0.7584328124999999 0.25881875 0.75545625 0.26366875 0.7547125 0.26851875000000003 0.7524796874999999 0.27116406249999997 0.7529765625 0.27336875 0.75074375 0.2791 0.74925625 0.28306875 0.7462796875000001 0.2870375 0.745784375 0.2901234375 0.74131875 0.2945328125 0.7400796875 0.31216875 0.72743125 0.3183421875 0.72495 0.37698437500000004 0.670634375 0.3805109375 0.6686515625 0.3840390625 0.66319375 0.3884484375 0.6609625 0.392415625 0.6515375 0.396825 0.646578125 0.3990296875 0.6361609374999999 0.40387968750000003 0.6312 0.40740781249999997 0.6235125 0.41181718749999996 0.6205359374999999 0.41534375 0.6091265625 0.419753125 0.6068953125000001 0.4210765625 0.6021828124999999 0.44444375 0.5776296875 0.44709062499999996 0.57266875 0.4532625 0.5682046875 0.45546718750000004 0.5634921875 0.4594359375 0.56175625 0.4612 0.5563 0.46649062499999994 0.5533234375 0.46781249999999996 0.5483625 0.47222187499999996 0.5448906250000001 0.47707187500000003 0.537946875 0.481921875 0.5349703124999999 0.4828046875 0.5327375 0.49029999999999996 0.53050625 0.4925046875 0.5248015625 0.49382656249999995 0.5233140625 0.4977953125 0.522321875 0.49867656250000003 0.519840625 0.5017640625 0.4935515625 0.49515000000000003 0.44940468750000007 0.4964734375 0.40699375 0.495590625 0.40004999999999996 0.49382656249999995 0.398065625 0.4929453125 0.38516875 0.49515000000000003 0.368303125 0.48941875 0.353175 0.47222187499999996 0.33010937500000004 0.4603171875 0.321428125 0.45502656249999995 0.3196921875 0.45105781250000004 0.3162203125 0.44356249999999997 0.3125 0.439153125 0.3120046875 0.4351859375 0.3095234375 0.425484375 0.306546875 0.4091703125 0.3045640625 0.3994703125 0.30555625000000003 0.39462031249999996 0.3087796875 0.3880078125 0.309028125 0.3800703125 0.313740625 0.3747796875 0.3147328125 0.36860624999999997 0.3129953125 0.3650796875 0.3077875 0.359346875 0.305803125 0.3518515625 0.3045640625 0.329365625 0.305803125 0.30643750000000003 0.3095234375 0.30026406250000004 0.3125 0.2945328125 0.3120046875 0.26366875 0.321428125 0.226190625 0.3358140625 0.2045859375 0.3484625 0.20149843750000002 0.3521828125 0.1887125 0.35739062499999996 0.1856265625 0.36135937500000004 0.16313906250000001 0.369046875 0.1490296875 0.3767359375 0.112434375 0.4015375 0.1018515625 0.40724218749999996 0.099646875 0.40972187499999996 0.024690625 0.459821875 0.01851875 0.467509375 0.0127859375 0.4689984375 0.00485 0.4779265625 0.0035265625 0.48164687500000003 0.0022046875 0.49603125 0.0035265625 0.5327375 0.0022046875 0.55233125 0.0035265625 0.586309375 0.0030859375 0.78745 0.004409375 0.8020828124999999 0.00881875 0.8075390625000001 0.006614062499999999 0.8105156250000001
1 0.33377500000000004 0.8578875 0.3112875 0.8487109374999999 0.30114687500000004 0.8506937499999999 0.29761875 0.8546625000000001 0.2985015625 0.8650796875 0.302909375 0.8688 0.3095234375 0.87103125 0.31878281249999996 0.8712796875000001 0.32627812500000003 0.8690468750000001 0.3315703125 0.8660718749999999 0.33465625 0.8616078125 0.33377500000000004 0.8578875
1 0.287478125 0.8511906249999999 0.2905640625 0.8521828125 0.2949734375 0.8519343750000001 0.29761875 0.8497031249999999 0.2954140625 0.8457343749999999 0.29100468749999997 0.8452375 0.28835937500000003 0.8467265625 0.287478125 0.8511906249999999
1 0.27116406249999997 0.9012890625000001 0.2764546875 0.902034375 0.2813046875 0.9005453125 0.283509375 0.8970734374999999 0.2813046875 0.8943453124999999 0.2760140625 0.8938484375 0.2707234375 0.8958328124999999 0.27116406249999997 0.9012890625000001
1 0.2716046875 0.9618062500000001 0.2720453125 0.9650296875000001 0.27954218750000004 0.9670140625 0.28306875 0.9657734375 0.28483281250000003 0.9635421875000001 0.28483281250000003 0.959325 0.2821875 0.9580859374999999 0.27557343749999996 0.9583328124999999 0.2716046875 0.9618062500000001
1 0.2336859375 0.9796625000000001 0.235890625 0.978175 0.23633125000000002 0.9747031249999999 0.23148125 0.9739578124999999 0.2283953125 0.9751984374999999 0.22707187499999998 0.9786703125 0.2336859375 0.9796625000000001
0 0.0251328125 0.9697421875 0.029099999999999997 0.96949375 0.0317453125 0.9704859375 0.0313046875 0.9823906250000001 0.0396828125 0.9863593749999999 0.044973437500000005 0.9984375 0.5273375 0.9984375 0.52425 0.9938 0.5163140625 0.985615625 0.51366875 0.9784218750000001 0.5079359375 0.9761906249999999 0.4889765625 0.9603171875 0.485009375 0.95386875 0.420634375 0.8993062500000001 0.415784375 0.8988093750000001 0.4096125 0.8958328124999999 0.405203125 0.8903765625 0.3990296875 0.8883921875 0.396384375 0.8841765625000001 0.392415625 0.8834328125 0.3805109375 0.8754953125 0.36772499999999997 0.8725203125000001 0.3664015625 0.8690468750000001 0.358025 0.8668156249999999 0.34920625 0.8613593749999999 0.3430328125 0.8611109375 0.33465625 0.8583828125 0.33377500000000004 0.8571421875 0.3209875 0.8549109375 0.31746093750000004 0.8529265625000001 0.3139328125 0.8469734375 0.302909375 0.83755 0.2896828125 0.8333328124999999 0.283509375 0.8298609375 0.255290625 0.8206843750000001 0.2429453125 0.8194437499999999 0.22486718749999998 0.8127484375 0.213403125 0.8120046875 0.193121875 0.8065468750000001 0.1679890625 0.8050593750000001 0.1538796875 0.8070437500000001 0.1477078125 0.8102671875 0.131834375 0.813740625 0.12654375 0.8172124999999999 0.1238984375 0.8206843750000001 0.1150796875 0.8229171875000001 0.088625 0.8377968750000001 0.085096875 0.8422625 0.075396875 0.8457343749999999 0.07010625000000001 0.8519343750000001 0.06525625 0.8534218750000001 0.065696875 0.8549109375 0.06261093749999999 0.8568953125000001 0.0595234375 0.856646875 0.055556249999999995 0.8608625 0.054232812500000005 0.8658234374999999 0.0485015625 0.8700390625000001 0.044973437500000005 0.8700390625000001 0.0396828125 0.8821921875 0.0370375 0.8829359374999999 0.0343921875 0.887153125 0.029099999999999997 0.8886406250000001 0.028659374999999997 0.890625 0.02425 0.894096875 0.013668749999999999 0.8958328124999999 0.0110234375 0.9037703125000001 0.009259375 0.9198906250000001 0.01058125 0.9355156250000001 0.0154328125 0.9392359375 0.013228124999999999 0.9437 0.0163140625 0.9461812500000001 0.0163140625 0.9513890625 0.0216046875 0.9670140625 0.0251328125 0.9697421875
1 0.7905640625 0.703125 0.7896828124999999 0.7051093749999999 0.7918875 0.70858125 0.7985015625 0.7088296875 0.801146875 0.707340625 0.8024687500000001 0.7048609375 0.8002640624999999 0.7036203125 0.7949734375 0.7021328125 0.7905640625 0.703125
1 0.8456796875 0.780009375 0.8417109375 0.7802578125 0.8337749999999999 0.7822421875 0.8320109375 0.7844734375 0.8328921875 0.790921875 0.8373015625000001 0.7948906250000001 0.8456796875 0.796875 0.8567015625 0.794146875 0.858465625 0.79141875 0.8571421875 0.78745 0.849646875 0.78125 0.8456796875 0.780009375
1 0.8884484374999999 0.8077875000000001 0.8787484375 0.813740625 0.87830625 0.8182046875 0.8809531249999999 0.8216765625000001 0.8849203125 0.8231640625000001 0.8919750000000001 0.8229171875000001 0.8941796875 0.8199406249999999 0.8937390625000001 0.8139875 0.8924156249999999 0.8105156250000001 0.8884484374999999 0.8077875000000001
1 0.8871249999999999 0.7762890625 0.886684375 0.7795140625 0.8897703124999999 0.7817453125 0.8950625000000001 0.7837296874999999 0.8999124999999999 0.7829859375 0.8999124999999999 0.7792656250000001 0.896384375 0.7765375 0.8884484374999999 0.77505 0.8871249999999999 0.7762890625
1 0.7094359375 0.7966265625 0.6966484375 0.79613125 0.6926812499999999 0.79761875 0.6917984374999999 0.7988593749999999 0.6948859374999999 0.8025796875 0.7045859375 0.8070437500000001 0.7142859374999999 0.809771875 0.7204578125000001 0.813740625 0.730159375 0.8065468750000001 0.7292765625000001 0.8025796875 0.7094359375 0.7966265625
1 0.7081125 0.8457343749999999 0.7164906249999999 0.8529265625000001 0.7253093749999999 0.8536703125 0.7279546875 0.8489578124999999 0.7248671875 0.8439984375 0.7164906249999999 0.841021875 0.708553125 0.8415171875 0.7081125 0.8457343749999999
1 0.7570546874999999 0.83978125 0.7566140625 0.8417656250000001 0.7597 0.84375 0.764109375 0.8439984375 0.7663140625 0.84300625 0.7671953125 0.8412703125000001 0.763228125 0.8380453125 0.7597 0.8380453125 0.7570546874999999 0.83978125
1 0.755290625 0.8883921875 0.7482359375 0.8874015625 0.7433859375 0.8883921875 0.739859375 0.8923609375 0.7433859375 0.8983140625000001 0.7517640625 0.90625 0.755290625 0.9077375 0.75881875 0.9077375 0.7658734375 0.9005453125 0.7667546875 0.8931046874999999 0.755290625 0.8883921875
1 0.673721875 0.9265874999999999 0.669753125 0.9270828124999999 0.665784375 0.9317953125 0.664903125 0.9394843749999999 0.668871875 0.949653125 0.6763671875 0.951884375 0.6869484375 0.9513890625 0.6882718750000001 0.9486609375 0.6873890625 0.9432046875 0.6781312500000001 0.9275796875 0.673721875 0.9265874999999999
1 0.6111109375 0.8836812500000001 0.6097890625 0.8846718750000001 0.60890625 0.8888890625 0.6106703125 0.8908734375 0.619046875 0.8960812499999999 0.6230156250000001 0.8963296875 0.62654375 0.8926093749999999 0.6230156250000001 0.8859125000000001 0.6155203124999999 0.8834328125 0.6111109375 0.8836812500000001
1 0.646384375 0.9047625 0.6481484375 0.902778125 0.646384375 0.8975687499999999 0.642415625 0.896825 0.6406531249999999 0.8988093750000001 0.641975 0.9040171875 0.646384375 0.9047625
1 0.717371875 0.9476687500000001 0.7164906249999999 0.9511406250000001 0.7186953125 0.9551093749999999 0.7244265624999999 0.9580859374999999 0.7283953125 0.9551093749999999 0.72575 0.9471718750000001 0.7239859375 0.9456843750000001 0.7204578125000001 0.9454359374999999 0.717371875 0.9476687500000001
0 0.5423281249999999 0.8921125 0.5493828125 0.903521875 0.6380078124999999 0.949653125 0.6450625 0.9508921875 0.656525 0.955853125 0.675484375 0.9585812499999999 0.6887125000000001 0.9650296875000001 0.7032625 0.967509375 0.7081125 0.9692453125 0.717371875 0.96949375 0.7200171875 0.96875 0.7314812500000001 0.9717265625 0.740740625 0.9709828125 0.7477953125 0.97271875 0.7535265625 0.97271875 0.764109375 0.9707343749999999 0.77821875 0.97271875 0.78791875 0.9704859375 0.7985015625 0.9704859375 0.8086421874999999 0.967509375 0.8143734374999999 0.967509375 0.8227515625 0.9640375000000001 0.8240734375000001 0.9578374999999999 0.8209875 0.9548609375 0.8143734374999999 0.95238125 0.8029093749999999 0.9511406250000001 0.7795421874999999 0.9446921875 0.7711640625 0.9397328125 0.7676359374999999 0.9355156250000001 0.768959375 0.9275796875 0.7768953125 0.9201390625 0.787478125 0.9045140625 0.8015874999999999 0.8923609375 0.8174609374999999 0.8839281250000001 0.8425921875 0.8740078125 0.8611109375 0.8650796875 0.8893296875000001 0.855903125 0.9131390625 0.8459828125 0.9166671875000001 0.8415171875 0.9254843749999999 0.83978125 0.94268125 0.834325 0.9466484375 0.8340781249999999 0.9541453125 0.8298609375 0.9514984375 0.8125 0.9510578125 0.7929062499999999 0.9475312499999999 0.7795140625 0.939153125 0.7619046875000001 0.929453125 0.7495046875 0.9197531250000001 0.7400796875 0.9091703125 0.7326390625 0.8928578125 0.7157734375 0.8835984375000001 0.710565625 0.86860625 0.706596875 0.8492062499999999 0.6984125 0.8452375 0.698909375 0.8403875 0.697171875 0.8390656249999999 0.696428125 0.8399468750000001 0.6922125 0.8421515625 0.6889875 0.8390656249999999 0.6894843749999999 0.8306875 0.6865078125 0.8306875 0.684771875 0.826278125 0.6835312499999999 0.7786593749999999 0.684028125 0.7654328125000001 0.6855156250000001 0.7663140625 0.6892359375 0.7645500000000001 0.6899796874999999 0.7477953125 0.6884921875 0.7288359375 0.6907234375 0.7010578125 0.695684375 0.6900359375 0.6991562499999999 0.6728390625 0.7021328125 0.6525578125 0.7070937500000001 0.6071421875 0.7192453125 0.58950625 0.722221875 0.579365625 0.7259421875000001 0.5546734375 0.7323906250000001 0.5167546875 0.7462796875000001 0.49867656250000003 0.75694375 0.49118125 0.7671125 0.4889765625 0.7792656250000001 0.48324531249999997 0.7904265625 0.47795468750000003 0.7951390625 0.47707187500000003 0.8055562500000001 0.4788359375 0.8261406250000001 0.481040625 0.830853125 0.4823640625 0.8415171875 0.504409375 0.863590625 0.5255734375000001 0.876240625 0.5304234375 0.8824406249999999 0.5423281249999999 0.8921125
1 0.740740625 0.8732640625 0.74426875 0.876240625 0.7469140624999999 0.8769843749999999 0.7508812500000001 0.8764875 0.7517640625 0.8727671875 0.745590625 0.87103125 0.74118125 0.8720234375 0.740740625 0.8732640625
1 0.773809375 0.8668156249999999 0.773809375 0.8697921875000001 0.7799828125 0.8730156250000001 0.7843921875000001 0.8732640625 0.7861546875000001 0.8695437500000001 0.7843921875000001 0.8660718749999999 0.7768953125 0.8645828124999999 0.7746906250000001 0.8650796875 0.773809375 0.8668156249999999
1 0.0485015625 0.917659375 0.052909375 0.9159218750000001 0.053351562500000005 0.9119546875 0.0485015625 0.91021875 0.045414062500000005 0.9122031249999999 0.044973437500000005 0.9166671875000001 0.0485015625 0.917659375
0 0.5515625 0.3328125 0.65625 0.3671875 0.8203125 0.3921875 0.9015625 0.4140625 0.9984375 0.415625 0.9984375 0.2109375 0.99375 0.209375 0.9625 0.2125 0.928125 0.196875 0.8484375 0.1859375 0.7609375 0.1890625 0.6796875 0.2078125 0.6265625 0.228125 0.571875 0.259375 0.5296875 0.2953125 0.528125 0.30625 0.5359375 0.30625 0.5375 0.321875 0.5515625 0.3328125
0 0.85625 0.1625 0.859375 0.16875 0.8703125 0.165625 0.871875 0.1578125 0.8296875 0.10625 0.7734375 0.0578125 0.75625 0.0546875 0.6921875 0.065625 0.68125 0.078125 0.6609375 0.0734375 0.653125 0.0828125 0.6640625 0.0890625 0.7828125 0.1265625 0.85625 0.1625
0 0.9703125 0.178125 0.9984375 0.1765625 0.9984375 0.1625 0.903125 0.0875 0.85625 0.0734375 0.85 0.084375 0.865625 0.10625 0.9203125 0.15 0.9703125 0.178125
0 0 0.4375 0.059375 0.428125 0.0765625 0.41875 0.084375 0.40625 0.1 0.403125 0.1609375 0.3671875 0.2 0.35625 0.2171875 0.3359375 0.2625 0.31875 0.225 0.2984375 0.1671875 0.2796875 0.06875 0.2609375 0.046875 0.265625 0 0.2890625 0 0.4375
1 0.0328125 0.3796875 0.0109375 0.3828125 0.0125 0.3921875 0.025 0.3921875 0.034375 0.384375 0.0328125 0.3796875
1 0.028125 0.3421875 0.021875 0.3375 0.00625 0.340625 0.0046875 0.35 0.0109375 0.353125 0.0234375 0.3515625 0.028125 0.3421875
1 0.084375 0.2921875 0.084375 0.303125 0.103125 0.303125 0.1 0.2921875 0.084375 0.2921875
1 0.090625 0.309375 0.0890625 0.321875 0.096875 0.325 0.0984375 0.3109375 0.090625 0.309375
1 0.696875 0.06875 0.6671875 0.0703125 0.66875 0.08125 0.6796875 0.0875 0.7140625 0.0859375 0.696875 0.06875
1 0.7171875 0.0625 0.703125 0.0640625 0.7015625 0.071875 0.7125 0.0796875 0.725 0.0765625 0.7171875 0.0625
1 0.95625 0.1375 0.934375 0.1171875 0.925 0.1171875 0.9203125 0.125 0.93125 0.14375 0.946875 0.1453125 0.95625 0.1375
1 0.9875 0.153125 0.9765625 0.1578125 0.9765625 0.1671875 0.9984375 0.16875 0.996875 0.1578125 0.9875 0.153125
1 0.84375 0.21875 0.840625 0.2359375 0.859375 0.2328125 0.853125 0.2203125 0.84375 0.21875
1 0.75625 0.3640625 0.73125 0.346875 0.715625 0.3453125 0.7125 0.3578125 0.7171875 0.3671875 0.75 0.3796875 0.75625 0.3640625
1 0.8921875 0.3421875 0.8796875 0.3375 0.8703125 0.3421875 0.8671875 0.3515625 0.871875 0.359375 0.890625 0.3578125 0.8921875 0.3421875
1 0.6328125 0.234375 0.6296875 0.24375 0.6484375 0.2421875 0.6484375 0.23125 0.6328125 0.234375
1 0.803125 0.090625 0.8015625 0.103125 0.8140625 0.103125 0.815625 0.09375 0.803125 0.090625
1 0.0484375 0.2484375 0.0484375 0.2625 0.0671875 0.2515625 0.0640625 0.2421875 0.0484375 0.2484375
0 0 0.2875 0.1375 0.2140625 0.1140625 0.2171875 0 0.24375 0 0.2875