1 0.4704578125 0.5647328125 0.462521875 0.5662203124999999 0.45767187500000006 0.5704359375 0.45899531250000003 0.5758921875 0.46604999999999996 0.57738125 0.4709 0.5771328125 0.47707187500000003 0.574653125 0.4788359375 0.5724203125 0.4788359375 0.5682046875 0.4744265625 0.5649796874999999 0.4704578125 0.5647328125
1 0.619046875 0.6297125 0.6194890625 0.6329359375 0.6269843749999999 0.637896875 0.630953125 0.6386406250000001 0.63624375 0.6374015625 0.6397703124999999 0.6307046875 0.6384484375 0.629215625 0.6252203125 0.6269843749999999 0.619046875 0.6297125
1 0.3937390625 0.6341765625 0.39329843750000004 0.6386406250000001 0.396384375 0.640625 0.4043203125 0.6411203125 0.41049375 0.6383921875 0.41093437499999996 0.634671875 0.400353125 0.6297125 0.39594375 0.631696875 0.3937390625 0.6341765625
1 0.362875 0.540178125 0.3615515625 0.540921875 0.362875 0.5451390625 0.36860624999999997 0.5466265625 0.3747796875 0.545634375 0.3752203125 0.5416671875 0.37301562499999996 0.5396828124999999 0.3659609375 0.5391859375 0.362875 0.540178125
1 0.369046875 0.5133921875 0.372575 0.515625 0.38580312499999997 0.5099203125 0.3844796875 0.5057046875 0.381834375 0.5049609375 0.37654375 0.5052078125 0.36860624999999997 0.508184375 0.369046875 0.5133921875
1 0.358465625 0.44766874999999995 0.358025 0.451140625 0.3646390625 0.45411718749999996 0.372134375 0.453125 0.3747796875 0.4513890625 0.3743390625 0.44692499999999996 0.372134375 0.4454359375 0.362434375 0.445684375 0.358465625 0.44766874999999995
1 0.3646390625 0.5575390625 0.37345625 0.556546875 0.372575 0.5540671875000001 0.3699296875 0.5525796875 0.36419687500000003 0.5548109375 0.363315625 0.556546875 0.3646390625 0.5575390625
1 0.439153125 0.5057046875 0.44400312499999994 0.5062 0.44753125000000005 0.50545625 0.45061718749999996 0.5017359375 0.4497359375 0.498759375 0.44709062499999996 0.4975203125 0.43959374999999995 0.5017359375 0.439153125 0.5057046875
1 0.99426875 0.5171125 0.9823640625 0.5233140625 0.9739859375 0.5248015625 0.96693125 0.5280265625 0.9664906249999999 0.5342265625 0.9695765625 0.5376984375 0.9664906249999999 0.551090625 0.9682546875 0.5560515625 0.9872140625 0.5580359374999999 0.9984375 0.5572921875 0.9984375 0.51636875 0.99426875 0.5171125
1 0.9510578125 0.5483625 0.9435625 0.5500984375 0.9409171875 0.5518359375 0.9409171875 0.5560515625 0.944003125 0.558284375 0.9554671875 0.559028125 0.9589953124999999 0.5585312499999999 0.9612 0.556546875 0.9612 0.5525796875 0.9554671875 0.5488593749999999 0.9510578125 0.5483625
1 0.8840390625 0.540178125 0.8787484375 0.5431546875000001 0.8655203124999999 0.5478671875 0.858465625 0.554315625 0.8580249999999999 0.5572921875 0.864196875 0.5610125 0.8756609375 0.5642359375 0.8805109375000001 0.5642359375 0.8946203125000001 0.5488593749999999 0.8941796875 0.5448906250000001 0.8880078125 0.540675 0.8840390625 0.540178125
1 0.74118125 0.6071421875 0.7376546875 0.6049109374999999 0.7244265624999999 0.6009421875000001 0.711640625 0.6049109374999999 0.6997359375000001 0.61011875 0.697971875 0.6111109375 0.7054671875 0.6150796875 0.712521875 0.6210312499999999 0.7231046875 0.6269843749999999 0.7275125 0.6282234375 0.73633125 0.620784375 0.7438265625 0.6113593749999999 0.74118125 0.6071421875
1 0.8112875 0.690971875 0.8055562500000001 0.6924609375 0.79761875 0.701884375 0.7967375 0.7061015625 0.7985015625 0.7088296875 0.8024687500000001 0.7095734375 0.8099640625 0.7083328125 0.8192234375 0.7008921875 0.82010625 0.696428125 0.8179015625 0.6932046875 0.8112875 0.690971875
1 0.929453125 0.6264875 0.9365078125 0.6267359375 0.9387125 0.6227671875 0.9351859375 0.6210312499999999 0.9307765625 0.6220234375 0.9290125 0.6230156250000001 0.929453125 0.6264875
1 0.9228390624999999 0.5915171875 0.9272484375 0.59449375 0.9316578124999999 0.5942453125 0.9369484375000001 0.5917656250000001 0.93474375 0.587796875 0.9276890625 0.5865578124999999 0.9232796875 0.587796875 0.9228390624999999 0.5915171875
1 0.9096125 0.5587796875000001 0.9069671874999999 0.5602671875 0.9074078125 0.5622515625 0.9087296874999999 0.563740625 0.9122578125 0.5642359375 0.9153437500000001 0.5627484375 0.9166671875000001 0.5602671875 0.9118171875 0.5580359374999999 0.9096125 0.5587796875000001
1 0.8985890624999999 0.5292656250000001 0.9034390625000001 0.5307546875 0.915784375 0.530009375 0.920634375 0.525296875 0.9184296875 0.523065625 0.9078484375 0.521578125 0.8990296875 0.525296875 0.8985890624999999 0.5292656250000001
1 0.7491187499999999 0.5267859374999999 0.739859375 0.523065625 0.735890625 0.5220734375 0.7288359375 0.5248015625 0.7288359375 0.5290171875 0.7314812500000001 0.530009375 0.7345671874999999 0.5334828125 0.739859375 0.5349703124999999 0.7570546874999999 0.5337296874999999 0.7574953125 0.5327375 0.7517640625 0.5297625 0.7491187499999999 0.5267859374999999
1 0.7896828124999999 0.478421875 0.78395 0.4719734375 0.7808640625 0.4704859375 0.763228125 0.4719734375 0.7566140625 0.474703125 0.73941875 0.4868546875 0.7385359375 0.4947921875 0.7403 0.498759375 0.745590625 0.4995046875 0.7751328125 0.4975203125 0.78306875 0.49503906249999996 0.7857140625000001 0.4928078125 0.7888 0.4868546875 0.7896828124999999 0.478421875
1 0.6574078125 0.46006875 0.6529984375 0.4608140625 0.64594375 0.46502968750000007 0.6450625 0.4670140625 0.646384375 0.4685015625 0.6499125 0.469990625 0.6538796875 0.469990625 0.6635796875 0.4670140625 0.6666671875 0.462796875 0.6618171875 0.459821875 0.6574078125 0.46006875
1 0.64109375 0.42733125000000005 0.6384484375 0.423115625 0.6340390625000001 0.4203875 0.622575 0.41765937500000005 0.6150796875 0.41765937500000005 0.594796875 0.42584375 0.5921515625 0.42881875 0.5921515625 0.4327875 0.597884375 0.44097187499999996 0.607584375 0.444196875 0.6159609374999999 0.44444375 0.6261015624999999 0.4432046875 0.635803125 0.4392359375 0.6388890625 0.435515625 0.64109375 0.42733125000000005
0 0.45238125 0.3888890625 0.4559078125 0.396578125 0.462521875 0.39930625000000003 0.4709 0.3998015625 0.4823640625 0.4047625 0.495590625 0.4077375 0.49911874999999994 0.41319375 0.50573125 0.41567499999999996 0.5176359374999999 0.423859375 0.5224875 0.42881875 0.5361546875000001 0.43303593749999997 0.5449734375 0.4389875 0.54761875 0.4459328125 0.55246875 0.44866093749999997 0.56040625 0.45014843750000005 0.5648140625 0.4548609375 0.5917109375 0.46775781250000004 0.5961203125 0.46875 0.598765625 0.47321406250000003 0.607584375 0.4771828125 0.608025 0.483134375 0.6053796874999999 0.4846234375 0.6053796874999999 0.4861109375 0.6146390625 0.4900796875 0.62345625 0.49578437500000005 0.6291890625 0.5019843749999999 0.63139375 0.509425 0.646384375 0.5176093749999999 0.6490296875 0.5220734375 0.65079375 0.5314984375 0.6578484375 0.5362109375 0.6613749999999999 0.540921875 0.6626984375 0.5567953125 0.6776890625 0.5664687500000001 0.6873890625 0.575396875 0.6904765625 0.5798609375 0.6922406249999999 0.58755 0.7045859375 0.605903125 0.703703125 0.6096234375 0.7006171875 0.6111109375 0.7059078125 0.6130953124999999 0.7164906249999999 0.621528125 0.7209 0.621528125 0.7244265624999999 0.6235125 0.72575 0.6264875 0.7354499999999999 0.6361609374999999 0.75573125 0.6483140625 0.768078125 0.6540171875 0.7808640625 0.6564984375 0.7954140625 0.66245 0.8077593750000001 0.6654265625 0.8196656250000001 0.6698906250000001 0.8223109375 0.671875 0.8421515625 0.6768359375 0.8478843749999999 0.6813 0.8474421875000001 0.683284375 0.8425921875 0.68675625 0.8346562499999999 0.6875 0.8315703125 0.6899796874999999 0.826278125 0.6892359375 0.8223109375 0.6899796874999999 0.82010625 0.6875 0.816578125 0.6870046875 0.81040625 0.6892359375 0.810846875 0.690971875 0.8002640624999999 0.6922125 0.7967375 0.6877484375 0.7905640625 0.686259375 0.787478125 0.68675625 0.7760140625 0.6852671875 0.7702828125 0.686259375 0.768078125 0.6852671875 0.7513234375 0.684771875 0.7477953125 0.6865078125 0.7336859375 0.68675625 0.7288359375 0.6855156250000001 0.7239859375 0.6860125 0.7204578125000001 0.6852671875 0.7063484375 0.6892359375 0.7050265625 0.690971875 0.697090625 0.6914687500000001 0.6935625 0.6937 0.689153125 0.6937 0.6803343749999999 0.696428125 0.6781312500000001 0.6954359375 0.668871875 0.696428125 0.6596124999999999 0.7008921875 0.665784375 0.7033734375 0.6776890625 0.701884375 0.689153125 0.7070937500000001 0.7059078125 0.7115578124999999 0.7129624999999999 0.714534375 0.7323640625000001 0.7140375 0.745590625 0.7165171875 0.7597 0.7212296874999999 0.7720453125 0.7197421875 0.7905640625 0.7234625 0.81040625 0.7224703124999999 0.8179015625 0.7202375 0.8218687499999999 0.721478125 0.8597890625 0.7232140625000001 0.952821875 0.7103171875000001 0.9709 0.709078125 0.9832453125 0.705853125 0.9938265625 0.706596875 0.9964734375000001 0.7051093749999999 0.9973546875 0.6738593749999999 0.99603125 0.6029265625 0.9984375 0.5939984375 0.9984375 0.590278125 0.9973546875 0.5897812499999999 0.995590625 0.561259375 0.9964734375000001 0.556546875 0.9984375 0.554315625 0.9984375 0.5235609375 0.9973546875 0.5206671875 0.9984375 0.5171125 0.99603125 0.5138890625 0.9973546875 0.509671875 0.9973546875 0.4146828125 0.99426875 0.4087296875 0.9984375 0.4057546875 0.9984375 0.40203437500000005 0.9973546875 0.40178593749999997 0.9938265625 0.396825 0.989859375 0.3963296875 0.9885359375 0.3936015625 0.986771875 0.39260937500000004 0.9832453125 0.3931046875 0.9581125 0.384671875 0.9470906250000001 0.3826890625 0.944003125 0.383184375 0.9312171875 0.3797125 0.9268078125000001 0.38045625 0.923721875 0.379215625 0.9215171874999999 0.3802078125 0.914903125 0.37896874999999997 0.9122578125 0.3802078125 0.906525 0.378471875 0.9043203125 0.37425625 0.9052031250000001 0.37301562499999996 0.8999124999999999 0.3717765625 0.7720453125 0.3611109375 0.7663140625 0.36135937500000004 0.7645500000000001 0.3630953125 0.75485 0.36135937500000004 0.7469140624999999 0.363590625 0.7385359375 0.3611109375 0.7323640625000001 0.3645828125 0.7204578125000001 0.36334374999999997 0.71693125 0.365328125 0.712521875 0.36433593750000004 0.7010578125 0.3665671875 0.697090625 0.365575 0.6935625 0.3665671875 0.6820984375 0.365328125 0.6772484375000001 0.3658234375 0.6741625 0.3650796875 0.669753125 0.36011875 0.6732796875 0.35739062499999996 0.6300703125 0.35540625000000003 0.613315625 0.352678125 0.5912703125000001 0.351934375 0.5798062500000001 0.34995 0.5771609375 0.35069374999999997 0.5643734375 0.3489578125 0.4973546875 0.3489578125 0.49382656249999995 0.34920625 0.4920640625 0.3509421875 0.4889765625 0.3514390625 0.485890625 0.35069374999999997 0.48148125 0.352678125 0.4704578125 0.3501984375 0.46560781249999994 0.351934375 0.45811250000000003 0.3521828125 0.42019375 0.3596234375 0.415784375 0.36135937500000004 0.41093437499999996 0.3611109375 0.4069671875 0.36334374999999997 0.40387968750000003 0.369046875 0.40564375 0.37301562499999996 0.42283906250000003 0.3745046875 0.4320984375 0.37425625 0.4373890625 0.379215625 0.43827187500000003 0.38194374999999997 0.442240625 0.3829359375 0.45238125 0.3888890625
0 0.00485 0.655009375 0.0079359375 0.6577375 0.005290625 0.66170625 0.00573125 0.678571875 0.013228124999999999 0.6810515625 0.0158734375 0.679315625 0.01851875 0.679315625 0.0211640625 0.6860125 0.02425 0.6855156250000001 0.029099999999999997 0.6870046875 0.03306875 0.6870046875 0.048059375 0.6919640625000001 0.052468749999999995 0.6979171875 0.066578125 0.6984125 0.0683421875 0.6999015625 0.071428125 0.6994046875000001 0.0758375 0.7016375 0.094796875 0.7016375 0.09920625 0.7028765625 0.102734375 0.7011406250000001 0.107584375 0.7016375 0.11022968749999999 0.7036203125 0.1111109375 0.7088296875 0.113315625 0.706596875 0.1238984375 0.7078375 0.1305109375 0.7135421875 0.1384484375 0.7155265625 0.141534375 0.7135421875 0.19709062500000002 0.7204859375 0.2010578125 0.7244546875 0.21605 0.7266859375 0.23500937500000002 0.724703125 0.27116406249999997 0.7321421875 0.2764546875 0.7306546875000001 0.2857140625 0.7333828125 0.2892421875 0.7311515625 0.30114687500000004 0.7304062499999999 0.3179015625 0.7318953125000001 0.321428125 0.7311515625 0.33377500000000004 0.7333828125 0.339946875 0.7328875 0.34700156249999997 0.7341265625 0.349646875 0.7341265625 0.353175 0.7323906250000001 0.3571421875 0.733134375 0.35890625 0.7291671875 0.363315625 0.7279265625 0.3650796875 0.7296625 0.3664015625 0.72569375 0.3703703125 0.7224703124999999 0.37345625 0.7227187500000001 0.37654375 0.7212296874999999 0.3800703125 0.722221875 0.3849203125 0.721478125 0.392415625 0.7237109375 0.396825 0.7237109375 0.40123437500000003 0.722221875 0.40387968750000003 0.7227187500000001 0.4082890625 0.7259421875000001 0.4166671875 0.7259421875000001 0.419753125 0.728421875 0.42283906250000003 0.728421875 0.4276890625 0.7306546875000001 0.4320984375 0.730159375 0.4369484375 0.7323906250000001 0.443121875 0.7326390625 0.53306875 0.724703125 0.537478125 0.721478125 0.5418875 0.7155265625 0.5445328125 0.716021875 0.5559968750000001 0.7137890625 0.5639328124999999 0.7140375 0.5679015625 0.716021875 0.5718687499999999 0.7142859374999999 0.5837749999999999 0.7155265625 0.5877421875 0.7150296875000001 0.5912703125000001 0.712796875 0.589946875 0.7061015625 0.593915625 0.70386875 0.599646875 0.7048609375 0.6115515625 0.70238125 0.6155203124999999 0.703125 0.619046875 0.7021328125 0.6335984375 0.7026296875 0.63624375 0.701884375 0.6406531249999999 0.697171875 0.6397703124999999 0.69295625 0.641975 0.6894843749999999 0.646384375 0.6912203124999999 0.6587296874999999 0.6897328125 0.6622578125 0.6907234375 0.6675484375 0.6889875 0.6781312500000001 0.6897328125 0.6856265625 0.688740625 0.68959375 0.6899796874999999 0.6984125 0.6875 0.708553125 0.6875 0.7098765625000001 0.6810515625 0.7134031249999999 0.677828125 0.7244265624999999 0.680803125 0.72663125 0.6798109375 0.731921875 0.68055625 0.73633125 0.6798109375 0.740740625 0.6810515625 0.7433859375 0.6790671875000001 0.755290625 0.68204375 0.76058125 0.6813 0.7716046875 0.6822921875 0.7795421874999999 0.6813 0.78306875 0.6830359374999999 0.805996875 0.6837796875000001 0.81525625 0.68204375 0.8258374999999999 0.6845234375 0.8289234375 0.6813 0.8377421875 0.680059375 0.8403875 0.6775796875 0.8399468750000001 0.6755953124999999 0.8355375 0.6738593749999999 0.8359781249999999 0.6634421875000001 0.8346562499999999 0.6626984375 0.8324515625 0.66319375 0.8284828125000001 0.6614578125 0.8280421875 0.6579859375 0.826278125 0.6572421875 0.8130515624999999 0.6579859375 0.81040625 0.65550625 0.805996875 0.6557546875 0.7998234375 0.6582343749999999 0.7967375 0.6584828125 0.7945328125 0.657490625 0.7905640625 0.6602187500000001 0.7870375000000001 0.6572421875 0.7751328125 0.6577375 0.7716046875 0.6564984375 0.7610234375 0.6567453125 0.7539687500000001 0.6557546875 0.7477953125 0.6532734375 0.7477953125 0.648809375 0.7429453125000001 0.649553125 0.7403 0.647321875 0.735890625 0.648065625 0.731921875 0.646825 0.7292765625000001 0.6478171875000001 0.7244265624999999 0.647321875 0.72178125 0.648065625 0.7182546875 0.6450890625000001 0.7164906249999999 0.637153125 0.7151671875 0.6374015625 0.71208125 0.634425 0.7164906249999999 0.6321921875000001 0.7164906249999999 0.6264875 0.7103171875000001 0.6254953125 0.7081125 0.6230156250000001 0.7094359375 0.619046875 0.7050265625 0.61954375 0.693121875 0.6103671875 0.6988531250000001 0.6001984375 0.6988531250000001 0.5967265625 0.68783125 0.5880453125 0.6851859375 0.5729171875 0.6679890625 0.5639875 0.656084375 0.5548109375 0.655203125 0.5520828125 0.6591703125 0.5453875 0.6582890625 0.537203125 0.641534375 0.5260421875 0.6402109375 0.51636875 0.6331562500000001 0.51488125 0.630953125 0.5116562499999999 0.6243390625 0.5079359375 0.6181656249999999 0.506696875 0.6119921875000001 0.5032234375 0.6097890625 0.501240625 0.6111109375 0.498015625 0.6093468750000001 0.49503906249999996 0.594796875 0.49131875 0.5912703125000001 0.48511875 0.5696656250000001 0.46949375 0.5687828125000001 0.46775781250000004 0.5564375 0.46800625 0.55246875 0.4655265625 0.54761875 0.46577343750000005 0.5449734375 0.462796875 0.532628125 0.4563484375 0.5295421874999999 0.4506453125 0.5304234375 0.43849218749999996 0.5291 0.4350203125 0.52336875 0.43526718750000004 0.5211640625 0.4317953125 0.514109375 0.43477187500000003 0.5097 0.43477187500000003 0.5066140625 0.4298109375 0.5008812500000001 0.4283234375 0.4925046875 0.4213796875 0.489859375 0.41493125 0.4845671875 0.4171625 0.47927656250000006 0.4166671875 0.47575 0.413690625 0.4695765625 0.4119546875 0.458553125 0.4060015625 0.45502656249999995 0.40625 0.4453265625 0.404265625 0.43606718750000006 0.3985609375 0.423721875 0.39756874999999997 0.41137499999999994 0.3950890625 0.3999125 0.3903765625 0.39858906250000004 0.382440625 0.395503125 0.380953125 0.39858906250000004 0.379215625 0.3994703125 0.37698437500000004 0.396384375 0.3754953125 0.39329843750000004 0.3767359375 0.38932968749999997 0.3821921875 0.37654375 0.382440625 0.37301562499999996 0.3812 0.3615515625 0.380953125 0.3571421875 0.373759375 0.35405625 0.3747515625 0.34920625 0.3735125 0.3452375 0.3752484375 0.3417109375 0.3745046875 0.3377421875 0.37574375 0.334215625 0.3732640625 0.3364203125 0.3688 0.33377500000000004 0.368303125 0.331128125 0.3692953125 0.321428125 0.36954375 0.319665625 0.3678078125 0.3161375 0.36805625000000003 0.31216875 0.3764875 0.306878125 0.3779765625 0.30467343750000003 0.37996093750000004 0.30114687500000004 0.3883921875 0.296296875 0.3931046875 0.2936515625 0.40178593749999997 0.2861546875 0.4067453125 0.2799828125 0.413690625 0.2773375 0.419890625 0.2694 0.4303078125 0.26366875 0.44940468750000007 0.2517640625 0.4610609375 0.24911875 0.466765625 0.236771875 0.4692453125 0.22001718750000002 0.46974218749999996 0.193121875 0.4640375 0.189153125 0.46478125 0.18650781249999998 0.46775781250000004 0.16181718750000001 0.46974218749999996 0.1547625 0.47247031249999993 0.1477078125 0.47321406250000003 0.14197500000000002 0.47569375 0.1305109375 0.4771828125 0.127865625 0.48015937500000005 0.12169375 0.483134375 0.1150796875 0.4838796875 0.1097890625 0.486359375 0.1097890625 0.4982640625 0.104496875 0.4995046875 0.09920625 0.49925625 0.094796875 0.50074375 0.0925921875 0.5022328125 0.09215156249999999 0.50545625 0.088625 0.50545625 0.083775 0.5037203124999999 0.061728125 0.5176093749999999 0.044532812500000005 0.5310015625 0.0352734375 0.532490625 0.0220453125 0.5364578125 0.018078125 0.540178125 0.0127859375 0.5391859375 0.00881875 0.540921875 0.00573125 0.5451390625 0.005290625 0.5491078125 0.004409375 0.5761406250000001 0.0061734375 0.5959828125 0.00485 0.59920625 0.00485 0.6396328125 0.0079359375 0.6431046874999999 0.005290625 0.6453375 0.00485 0.6505453125 0.00485 0.655009375
1 0.0671875 0.6703125 0.0609375 0.6734375 0.059375 0.6859375 0.075 0.6890625 0.078125 0.6765625 0.0671875 0.6703125
1 0.1625 0.5375 0.1578125 0.528125 0.1296875 0.528125 0.128125 0.5375 0.1359375 0.5484375 0.15625 0.546875 0.1625 0.5375
1 0.390625 0.7234375 0.365625 0.728125 0.3640625 0.7359375 0.4078125 0.7328125 0.4078125 0.728125 0.390625 0.7234375
1 0.5578125 0.45 0.5359375 0.44375 0.53125 0.45 0.54375 0.4609375 0.5625 0.459375 0.5578125 0.45
0 0.09375 0.8484375 0.1140625 0.853125 0.1328125 0.8421875 0.190625 0.8578125 0.2046875 0.8546875 0.2609375 0.8734375 0.2921875 0.8734375 0.35625 0.8578125 0.36875 0.834375 0.40625 0.81875 0.4453125 0.7828125 0.4390625 0.775 0.353125 0.778125 0.3140625 0.76875 0.2921875 0.771875 0.2203125 0.7546875 0.1609375 0.771875 0.1359375 0.7890625 0.1265625 0.7875 0.025 0.8203125 0.0046875 0.8203125 0 0.825 0.003125 0.8703125 0.04375 0.865625 0.09375 0.8484375
1 0.18125 0.825 0.184375 0.840625 0.20625 0.8359375 0.196875 0.8203125 0.18125 0.825
1 0.346875 0.8171875 0.340625 0.8109375 0.31875 0.8171875 0.31875 0.84375 0.3359375 0.846875 0.35 0.825 0.346875 0.8171875
1 0.378125 0.778125 0.3421875 0.771875 0.3265625 0.771875 0.340625 0.7921875 0.3921875 0.79375 0.378125 0.778125
1 0.2328125 0.790625 0.228125 0.7796875 0.215625 0.78125 0.209375 0.7859375 0.2125 0.7984375 0.2234375 0.7984375 0.2328125 0.790625
1 0.25625 0.8546875 0.259375 0.8625 0.2765625 0.8609375 0.26875 0.8515625 0.25625 0.8546875
1 0.2890625 0.8578125 0.2875 0.86875 0.303125 0.8671875 0.3015625 0.8578125 0.2890625 0.8578125
1 0.23125 0.8375 0.2375 0.8453125 0.2546875 0.840625 0.246875 0.834375 0.23125 0.8375
1 0.378125 0.7703125 0.36875 0.753125 0.334375 0.746875 0.3171875 0.7515625 0.3140625 0.7625 0.325 0.771875 0.3578125 0.7796875 0.378125 0.7703125
0 0.93125 0.9921875 0.925 0.9703125 0.8859375 0.928125 0.85 0.9078125 0.7703125 0.8765625 0.7359375 0.8734375 0.653125 0.8484375 0.5171875 0.834375 0.3828125 0.85 0.2671875 0.890625 0.2546875 0.9046875 0.2203125 0.90625 0.215625 0.9 0.16875 0.9140625 0.0671875 0.9703125 0.0609375 0.978125 0.0625 0.9984375 0.9296875 0.9984375 0.93125 0.9921875
1 0.6578125 0.9625 0.6609375 0.975 0.68125 0.96875 0.6703125 0.959375 0.6578125 0.9625
1 0.7796875 0.9609375 0.778125 0.96875 0.7875 0.971875 0.790625 0.9640625 0.7796875 0.9609375
1 0.415625 0.903125 0.41875 0.915625 0.4328125 0.9078125 0.428125 0.9 0.415625 0.903125
0 0.7765625 0.875 0.83125 0.896875 0.9015625 0.9375 0.91875 0.9546875 0.9421875 0.95 0.9984375 0.9203125 0.9984375 0.7625 0.928125 0.7671875 0.89375 0.759375 0.8796875 0.765625 0.81875 0.7703125 0.7109375 0.8015625 0.65625 0.828125 0.6515625 0.840625 0.6578125 0.8453125 0.7375 0.8703125 0.7765625 0.875
1 0.7875 0.8421875 0.7859375 0.8515625 0.7984375 0.8484375 0.796875 0.8421875 0.7875 0.8421875
1 0.7546875 0.865625 0.7671875 0.8578125 0.753125 0.8578125 0.7546875 0.865625
1 0.6859375 0.8390625 0.6859375 0.8453125 0.7 0.8453125 0.6953125 0.8375 0.6859375 0.8390625
1 0.659375 0.84375 0.6734375 0.8375 0.65625 0.8375 0.659375 0.84375
1 0.8953125 0.771875 0.8984375 0.7875 0.9125 0.7828125 0.909375 0.7703125 0.8953125 0.771875
1 0.9515625 0.9203125 0.953125 0.93125 0.965625 0.93125 0.9640625 0.91875 0.9515625 0.9203125
1 0.8484375 0.9 0.8515625 0.9078125 0.865625 0.9109375 0.8640625 0.9 0.8484375 0.9
1 0.871875 0.890625 0.871875 0.8984375 0.884375 0.8953125 0.88125 0.8890625 0.871875 0.890625
1 0.709375 0.7796875 0.715625 0.7890625 0.7390625 0.7828125 0.728125 0.775 0.709375 0.7796875
0 0.253125 0.278125 0.3046875 0.2625 0.325 0.240625 0.3765625 0.23125 0.353125 0.2 0.3453125 0.159375 0.3125 0.146875 0.2328125 0.146875 0.1765625 0.1546875 0.1296875 0.1734375 0.109375 0.1984375 0.1078125 0.209375 0.18125 0.234375 0.2484375 0.2703125 0.253125 0.278125
1 0.271875 0.2015625 0.271875 0.209375 0.2984375 0.2046875 0.2984375 0.2 0.271875 0.2015625
0 0 0.5359375 0.0359375 0.5296875 0.103125 0.484375 0.15625 0.459375 0.2359375 0.465625 0.2578125 0.45 0.3140625 0.35625 0.325 0.31875 0.3140625 0.303125 0.315625 0.290625 0.29375 0.28125 0.2515625 0.278125 0.215625 0.2515625 0.14375 0.221875 0.015625 0.1890625 0 0.1890625 0 0.5359375
1 0.1484375 0.2296875 0.1484375 0.2375 0.1609375 0.2359375 0.159375 0.2296875 0.1484375 0.2296875
1 0.13125 0.384375 0.1203125 0.3859375 0.1171875 0.3921875 0.121875 0.396875 0.134375 0.396875 0.13125 0.384375
1 0.0703125 0.271875 0.06875 0.2796875 0.0765625 0.2828125 0.078125 0.271875 0.0703125 0.271875
1 0.1828125 0.3671875 0.1734375 0.3671875 0.1703125 0.371875 0.1765625 0.3765625 0.184375 0.375 0.1828125 0.3671875
0 0.4203125 0 0.3796875 0.0609375 0.353125 0.140625 0.3515625 0.190625 0.384375 0.23125 0.5125 0.215625 0.5828125 0.1859375 0.6515625 0.165625 0.76875 0.1109375 0.8609375 0.0515625 0.8734375 0.0328125 0.8890625 0.028125 0.9046875 0.0046875 0.903125 0 0.4203125 0
1 0.4046875 0.196875 0.403125 0.2125 0.4078125 0.2125 0.4171875 0.2015625 0.4046875 0.196875
1 0.7015625 0.05625 0.6875 0.05 0.6828125 0.0515625 0.6828125 0.0640625 0.6984375 0.0640625 0.7015625 0.05625
1 0.471875 0.121875 0.45625 0.134375 0.45625 0.15 0.465625 0.1578125 0.4765625 0.1390625 0.471875 0.121875