1 0.56525625 0.5647328125 0.55555625 0.5662203124999999 0.54761875 0.57118125 0.5454140625 0.5751484375 0.5449734375 0.5811015625 0.5467375 0.5825890625000001 0.5551140625000001 0.58358125 0.5648140625 0.5818453124999999 0.5696656250000001 0.579365625 0.5740734375 0.572171875 0.5718687499999999 0.5669640625000001 0.56525625 0.5647328125
1 0.6926812499999999 0.699653125 0.6887125000000001 0.7011406250000001 0.6851859375 0.7075890625000001 0.6865078125 0.712796875 0.6935625 0.716021875 0.7010578125 0.716021875 0.70723125 0.712796875 0.7134031249999999 0.7051093749999999 0.7142859374999999 0.7008921875 0.7089953125 0.6986609374999999 0.6926812499999999 0.699653125
1 0.68474375 0.67261875 0.6812171874999999 0.6738593749999999 0.674603125 0.679315625 0.6728390625 0.6817953125 0.67504375 0.6855156250000001 0.683421875 0.6872515625 0.6882718750000001 0.686259375 0.6909171875 0.6845234375 0.6935625 0.6775796875 0.6904765625 0.6736109375 0.68474375 0.67261875
1 0.589065625 0.64756875 0.589065625 0.6545140625 0.5917109375 0.6557546875 0.59920625 0.6547625 0.6022921875 0.6512890625 0.6000875 0.64756875 0.5965609374999999 0.6455859375 0.5921515625 0.644840625 0.589065625 0.64756875
1 0.622575 0.7172625 0.6269843749999999 0.7170140625 0.632715625 0.7130453125 0.630953125 0.709821875 0.6269843749999999 0.709078125 0.6230156250000001 0.71006875 0.6208109375 0.712053125 0.622575 0.7172625
1 0.6384484375 0.70858125 0.64109375 0.7051093749999999 0.6393296875 0.7028765625 0.6353609375 0.7026296875 0.632715625 0.7041171875 0.6335984375 0.7083328125 0.6384484375 0.70858125
1 0.622134375 0.71180625 0.6230156250000001 0.7155265625 0.6243390625 0.712796875 0.6230156250000001 0.7110609375 0.622134375 0.71180625
1 0.622134375 0.85540625 0.61860625 0.8568953125000001 0.617284375 0.8591265625 0.6164015625 0.865575 0.617725 0.8680562500000001 0.6230156250000001 0.8705359375 0.62654375 0.8702875000000001 0.6291890625 0.8688 0.6305109375 0.8653281249999999 0.6287484375 0.858134375 0.622134375 0.85540625
1 0.1000875 0.7564484375 0.0956796875 0.7514875 0.0917109375 0.7495046875 0.0873015625 0.74925625 0.07407343749999999 0.7552078125 0.0736328125 0.7599203125 0.0758375 0.7633921875 0.0868609375 0.7688484375 0.09127031249999999 0.7700890625000001 0.0956796875 0.7693453124999999 0.098325 0.766865625 0.10052968749999999 0.76016875 0.1000875 0.7564484375
1 0.1723984375 0.599703125 0.1693125 0.6009421875000001 0.1693125 0.6078875 0.1728390625 0.612103125 0.1816578125 0.6125984375 0.192240625 0.6073906250000001 0.192240625 0.603421875 0.189153125 0.6009421875000001 0.18209843750000002 0.599703125 0.1723984375 0.599703125
1 0.098325 0.6254953125 0.0917109375 0.6294640625000001 0.0917109375 0.6326890625 0.094796875 0.6341765625 0.1071421875 0.6334328124999999 0.11067031249999999 0.6314484375 0.1146390625 0.6267359375 0.11199218749999999 0.62425625 0.1071421875 0.6232640625 0.098325 0.6254953125
1 0.1071421875 0.603421875 0.108025 0.6044140625 0.1150796875 0.6054062499999999 0.1208109375 0.603421875 0.1203703125 0.5989578125 0.1150796875 0.597965625 0.1111109375 0.5987109375 0.1071421875 0.603421875
1 0.4272484375 0.4908234375 0.41357968749999996 0.4900796875 0.4091703125 0.491815625 0.4069671875 0.4942953125 0.4091703125 0.49776718750000004 0.41534375 0.5024796874999999 0.42019375 0.503471875 0.428571875 0.5017359375 0.4312171875 0.49925625 0.4316578125 0.49652812500000004 0.4272484375 0.4908234375
1 0.622134375 0.48809531249999993 0.6181656249999999 0.48735156249999995 0.6119921875000001 0.48834375 0.6044968749999999 0.49305625 0.60405625 0.498015625 0.607584375 0.5002484375 0.6168437499999999 0.5022328125 0.6212515625 0.5017359375 0.6238984375000001 0.49900781250000004 0.6247796875 0.4947921875 0.6243390625 0.48983125000000005 0.622134375 0.48809531249999993
1 0.3284828125 0.42609062499999995 0.32980624999999997 0.43129999999999996 0.33377500000000004 0.43253906249999996 0.3421515625 0.43328437500000005 0.3465609375 0.4303078125 0.3474421875 0.4275796875 0.3417109375 0.4233625 0.3333328125 0.423859375 0.3284828125 0.42609062499999995
1 0.098765625 0.46254999999999996 0.098765625 0.466765625 0.1071421875 0.4662703125 0.1150796875 0.45808593750000004 0.11992968749999999 0.45535781249999996 0.119046875 0.4513890625 0.1150796875 0.451140625 0.11067031249999999 0.45238125 0.098765625 0.46254999999999996
1 0.4126984375 0.8100203125000001 0.4082890625 0.8144843749999999 0.40740781249999997 0.8221718750000001 0.41181718749999996 0.823909375 0.42460312499999997 0.8194437499999999 0.42989375 0.8149796874999999 0.4320984375 0.8105156250000001 0.4268078125 0.808284375 0.419753125 0.8080359375 0.4126984375 0.8100203125000001
1 0.20634843749999998 0.788690625 0.2059078125 0.7911703125 0.2081125 0.7943953125000001 0.21252187500000003 0.795634375 0.216490625 0.7953875 0.2182546875 0.7929062499999999 0.216490625 0.7876984375 0.2103171875 0.7869546875 0.20634843749999998 0.788690625
1 0.3456796875 0.6879953125 0.353175 0.6852671875 0.348765625 0.681546875 0.3421515625 0.680059375 0.339946875 0.68055625 0.3403875 0.6850203125000001 0.3456796875 0.6879953125
0 0.0207234375 0.7338796875 0.027778124999999997 0.740328125 0.0321875 0.7480156250000001 0.0418875 0.7519843749999999 0.052468749999999995 0.7626484375 0.098765625 0.7924109374999999 0.1111109375 0.7971234375 0.1164015625 0.8025796875 0.14285781250000001 0.815971875 0.156525 0.8258921875 0.16181718750000001 0.8283734375 0.165784375 0.8333328124999999 0.180334375 0.8417656250000001 0.1887125 0.84375 0.1909171875 0.8457343749999999 0.20149843750000002 0.84771875 0.2050265625 0.8511906249999999 0.2089953125 0.8516859374999999 0.216490625 0.8556546875000001 0.22178124999999999 0.8546625000000001 0.231921875 0.8613593749999999 0.2375078125 0.8632609375 0.24338593749999998 0.8670640625000001 0.255290625 0.87103125 0.2579359375 0.8730156250000001 0.27954218750000004 0.8772328125 0.2905640625 0.8829359374999999 0.302028125 0.8851687500000001 0.3095234375 0.8886406250000001 0.3231921875 0.8886406250000001 0.3313484375 0.8869046875000001 0.3373015625 0.8886406250000001 0.3472953125 0.8888890625 0.3518515625 0.8901296875 0.353615625 0.8926093749999999 0.368165625 0.8943453124999999 0.3849203125 0.8923609375 0.3977078125 0.8955859374999999 0.400353125 0.8973218749999999 0.4126984375 0.8975687499999999 0.41534375 0.8993062500000001 0.4312171875 0.8995531250000001 0.43386250000000004 0.8983140625000001 0.44488593749999994 0.8983140625000001 0.4559078125 0.9032734375 0.4682546875 0.9057546875 0.4704578125 0.907490625 0.47795468750000003 0.9094734375 0.49382656249999995 0.9094734375 0.50485 0.9047625 0.5299828125 0.90699375 0.5449734375 0.9057546875 0.5696656250000001 0.9010421875000001 0.576278125 0.9010421875000001 0.5798062500000001 0.8998015625000001 0.58465625 0.9002968750000001 0.5956796875 0.8970734374999999 0.6009703125 0.8931046874999999 0.608025 0.8928578125 0.6164015625 0.890625 0.6305109375 0.889384375 0.6523375 0.8823171875 0.6732796875 0.8774796874999999 0.6851859375 0.8720234375 0.6953265625 0.8650796875 0.697971875 0.8611109375 0.7050265625 0.8571421875 0.7054671875 0.8536703125 0.7147265625 0.8412703125000001 0.7178125 0.8311015625 0.7182546875 0.8221718750000001 0.722221875 0.8157234375 0.730159375 0.8110125 0.7332453125 0.8063 0.7385359375 0.8048109374999999 0.7420640625 0.8018359374999999 0.750440625 0.7814984375 0.75573125 0.7767859374999999 0.7579359375 0.771825 0.759259375 0.7609125 0.763228125 0.7599203125 0.7667546875 0.7524796874999999 0.7711640625 0.7509921875 0.7755734375000001 0.7438 0.7870375000000001 0.7388390625000001 0.7945328125 0.7321421875 0.7971781250000001 0.7266859375 0.8051140625000001 0.7244546875 0.8051140625000001 0.7219734375 0.8095234375 0.7170140625 0.8196656250000001 0.6738593749999999 0.8134921875 0.6723703125 0.8099640625 0.66319375 0.8042328124999999 0.6584828125 0.8077593750000001 0.6532734375 0.8055562500000001 0.6510421875 0.80731875 0.64608125 0.8033515625 0.6391375 0.8029093749999999 0.6267359375 0.7985015625 0.6269843749999999 0.7923281249999999 0.6245046875 0.7843921875000001 0.61011875 0.7870375000000001 0.6071421875 0.7852734375 0.5984625 0.7791 0.5900296875000001 0.7654328125000001 0.5761406250000001 0.7627859375 0.5642359375 0.75573125 0.5560515625 0.7482359375 0.5525796875 0.7460312499999999 0.5488593749999999 0.7182546875 0.5295140625 0.7164906249999999 0.525296875 0.7089953125 0.5195937500000001 0.697090625 0.5136406250000001 0.693121875 0.509425 0.6882718750000001 0.5076890625 0.6851859375 0.5039687500000001 0.6772484375000001 0.5002484375 0.660053125 0.486359375 0.6380078124999999 0.4734625 0.62830625 0.47098281249999996 0.6269843749999999 0.466765625 0.6230156250000001 0.462796875 0.6062609375 0.455109375 0.5961203125 0.453125 0.5864203125 0.447171875 0.580246875 0.4454359375 0.5758375 0.44246093750000004 0.5679015625 0.43973281249999996 0.5630515625 0.4392359375 0.56040625 0.435515625 0.552028125 0.431546875 0.52821875 0.4236109375 0.514109375 0.4213796875 0.50573125 0.41765937500000005 0.49426875 0.414434375 0.4885359375 0.41121093750000004 0.4748671875 0.407490625 0.4695765625 0.407490625 0.4629625 0.40401718750000004 0.41225781250000004 0.39260937500000004 0.397265625 0.39136875 0.3928578125 0.391865625 0.38580312499999997 0.390625 0.38227500000000003 0.3883921875 0.3571421875 0.3849203125 0.302028125 0.381696875 0.273809375 0.37698437500000004 0.178571875 0.376240625 0.1499125 0.3782234375 0.1340390625 0.3807046875 0.1287484375 0.382440625 0.113315625 0.384671875 0.09435625 0.39136875 0.0868609375 0.39260937500000004 0.0758375 0.39756874999999997 0.056437499999999995 0.40252968750000007 0.052028125 0.405009375 0.0418875 0.40724218749999996 0.032628125 0.4079859375 0.0299828125 0.40972187499999996 0.023809375 0.41121093750000004 0.018959375 0.414434375 0.013668749999999999 0.4154265625 0.005290625 0.419890625 0.00396875 0.4243546875 0.004409375 0.7167656250000001 0.0079359375 0.7204859375 0.00881875 0.72420625 0.0119046875 0.72420625 0.013228124999999999 0.72891875 0.0176359375 0.7306546875000001 0.0171953125 0.7323906250000001 0.0207234375 0.7338796875
1 0.363315625 0.5756453125000001 0.348325 0.57118125 0.3452375 0.5674609375 0.3417109375 0.565971875 0.32892343749999997 0.569940625 0.320546875 0.5749015625 0.32010625 0.5766375 0.3271609375 0.5813484375 0.3373015625 0.587053125 0.3421515625 0.58829375 0.349646875 0.58829375 0.3602296875 0.5845734375 0.36772499999999997 0.5798609375 0.363315625 0.5756453125000001
0 0.08465625 0 0.0806875 0.0024796875 0.0723109375 0.00396875 0.06349218749999999 0.008928125 0.0370375 0.0161203125 0.0321875 0.0193453125 0.014990624999999999 0.0248015625 0.00396875 0.032490625 0.0022046875 0.0376984375 0 0.03819375 0 0.3360609375 0.0022046875 0.3365578125 0.0022046875 0.34176562499999996 0.0061734375 0.3442453125 0.0220453125 0.3415171875 0.0224875 0.3392859375 0.0304234375 0.33308593750000004 0.0321875 0.329365625 0.0370375 0.32886875 0.044532812500000005 0.325396875 0.0485015625 0.320684375 0.052468749999999995 0.32118125000000003 0.055996875 0.3139875 0.060406249999999995 0.313740625 0.0679015625 0.309771875 0.071428125 0.305803125 0.09215156249999999 0.2946421875 0.0956796875 0.2904265625 0.09920625 0.289434375 0.10229218749999999 0.2869546875 0.10317499999999999 0.2849703125 0.1164015625 0.2797625 0.123015625 0.2735609375 0.12477968749999999 0.266865625 0.12962968749999998 0.2624015625 0.135803125 0.2524796875 0.1432984375 0.2495046875 0.1481484375 0.24677656250000002 0.15079375 0.24355156249999999 0.1543203125 0.24231093750000002 0.15828906250000002 0.23511875 0.16181718750000001 0.2338796875 0.16754843749999998 0.227678125 0.1723984375 0.225446875 0.17813125000000002 0.21999062500000002 0.1860671875 0.215278125 0.1966484375 0.2046125 0.20194062499999998 0.20337343749999998 0.2050265625 0.205109375 0.20943593749999997 0.196925 0.216490625 0.1912203125 0.25485 0.1421125 0.27028281249999997 0.1264875 0.2768953125 0.1111109375 0.30114687500000004 0.0778765625 0.30555625000000003 0.0682046875 0.30908281249999997 0.0362109375 0.305996875 0.025296875000000003 0.302028125 0.021081250000000003 0.3007046875 0.01636875 0.29717812499999996 0.013889062499999999 0.2857140625 0 0.08465625 0
1 0.30643750000000003 0.503471875 0.310846875 0.5029765625 0.31746093750000004 0.4982640625 0.310846875 0.49603125 0.3051140625 0.49776718750000004 0.30467343750000003 0.5019843749999999 0.30643750000000003 0.503471875
1 0.8015625 0.6484375 0.8125 0.6515625 0.8015625 0.6328125 0.8015625 0.6484375
1 0.75 0.7828125 0.75 0.7890625 0.759375 0.7890625 0.759375 0.778125 0.75 0.7828125
1 0.8125 0.6734375 0.809375 0.6890625 0.8171875 0.6921875 0.825 0.6796875 0.8125 0.6734375
1 0.1828125 0.3875 0.184375 0.3953125 0.203125 0.390625 0.1984375 0.38125 0.1828125 0.3875
0 0.2953125 0 0.3125 0.0375 0.309375 0.06875 0.2796875 0.1109375 0.28125 0.11875 0.290625 0.1234375 0.375 0.1390625 0.428125 0.1390625 0.4703125 0.1671875 0.48125 0.1625 0.484375 0.134375 0.4984375 0.128125 0.55625 0.153125 0.6703125 0.1859375 0.7546875 0.1859375 0.771875 0.175 0.7625 0.1515625 0.7640625 0.134375 0.7484375 0.0953125 0.684375 0.0328125 0.6140625 0 0.2953125 0
1 0.5734375 0.0515625 0.5796875 0.0515625 0.5625 0.04375 0.54375 0.04375 0.528125 0.0515625 0.525 0.0640625 0.5453125 0.0703125 0.5671875 0.0640625 0.5734375 0.0515625
1 0.44375 0.0921875 0.446875 0.103125 0.4640625 0.1015625 0.459375 0.0921875 0.44375 0.0921875
1 0.465625 0.125 0.465625 0.134375 0.48125 0.134375 0.4765625 0.125 0.465625 0.125
1 0.6375 0.0859375 0.6203125 0.090625 0.6234375 0.103125 0.6359375 0.103125 0.64375 0.0953125 0.6375 0.0859375
1 0.690625 0.115625 0.66875 0.11875 0.6671875 0.1265625 0.6765625 0.134375 0.69375 0.125 0.690625 0.115625
1 0.353125 0 0.353125 0.00625 0.371875 0.0109375 0.375 0 0.353125 0
1 0.4921875 0.0015625 0.5046875 0.009375 0.5109375 0 0.4921875 0.0015625
1 0.75 0.1765625 0.734375 0.1765625 0.73125 0.1890625 0.7359375 0.1921875 0.7578125 0.1859375 0.75 0.1765625
0 0.3765625 0.3234375 0.4265625 0.3140625 0.440625 0.3171875 0.4921875 0.3046875 0.509375 0.29375 0.515625 0.2703125 0.5078125 0.2578125 0.49375 0.2515625 0.43125 0.246875 0.2875 0.290625 0.2828125 0.2984375 0.3 0.3109375 0.3578125 0.3359375 0.3765625 0.3234375
1 0.4109375 0.259375 0.4171875 0.2734375 0.440625 0.2703125 0.4390625 0.2609375 0.4109375 0.259375
1 0.35 0.309375 0.3359375 0.3109375 0.3328125 0.31875 0.3375 0.321875 0.35625 0.3203125 0.35 0.309375
0 0.0859375 0.9359375 0.0921875 0.8921875 0.0875 0.8734375 0.0921875 0.803125 0.0890625 0.7921875 0.040625 0.7609375 0.0015625 0.7265625 0 0.9859375 0.0046875 0.9859375 0.0640625 0.9546875 0.0859375 0.9359375
1 0 0.95 0.0171875 0.9515625 0.028125 0.9453125 0.0265625 0.934375 0.015625 0.9265625 0 0.9265625 0 0.95