1 0.2627859375 0.48164687500000003 0.24867656249999998 0.47817499999999996 0.2438265625 0.47891874999999995 0.235890625 0.483134375 0.2328046875 0.4861109375 0.2323640625 0.49131875 0.230159375 0.49379999999999996 0.231921875 0.49578437500000005 0.2482359375 0.49553593749999997 0.2658734375 0.490328125 0.268959375 0.4875984375 0.26763593750000003 0.4841265625 0.2627859375 0.48164687500000003
1 0.2138453125 0.352678125 0.21164062499999997 0.349703125 0.1909171875 0.3415171875 0.166225 0.3435015625 0.1596125 0.3474703125 0.1587296875 0.34995 0.16049375 0.35391875 0.1715171875 0.35838281250000004 0.1935625 0.3591265625 0.20546718749999998 0.3608625 0.2103171875 0.36011875 0.2138453125 0.3576390625 0.2138453125 0.352678125
1 0.46560781249999994 0.55233125 0.46208125000000005 0.5451390625 0.443121875 0.5404265625 0.42592656250000005 0.53993125 0.41887187499999995 0.54141875 0.41534375 0.54613125 0.41490312500000004 0.5525796875 0.4171078125 0.5600203125000001 0.4268078125 0.5664687500000001 0.4417984375 0.5672125 0.44664843750000005 0.5649796874999999 0.458553125 0.5629953125 0.46340312499999997 0.5610125 0.46560781249999994 0.55233125
1 0.30643750000000003 0.5039687500000001 0.2958546875 0.5099203125 0.29188749999999997 0.5171125 0.291446875 0.52256875 0.2940921875 0.52505 0.31525625 0.5235609375 0.3276015625 0.5161203125 0.32892343749999997 0.5126484375 0.32627812500000003 0.50694375 0.3148140625 0.5039687500000001 0.30643750000000003 0.5039687500000001
1 0.7112 0.553075 0.7063484375 0.5545640625 0.7059078125 0.5567953125 0.708553125 0.5602671875 0.7164906249999999 0.5649796874999999 0.7323640625000001 0.5644843749999999 0.7403 0.5602671875 0.74118125 0.555803125 0.739859375 0.5520828125 0.7112 0.553075
1 0.6812171874999999 0.5002484375 0.6807765625 0.502728125 0.684303125 0.505953125 0.697090625 0.5084328124999999 0.701940625 0.506696875 0.7028218749999999 0.5017359375 0.697090625 0.498015625 0.6865078125 0.49776718750000004 0.6812171874999999 0.5002484375
1 0.41446249999999996 0.400296875 0.41137499999999994 0.404265625 0.4166671875 0.40525781250000004 0.42460312499999997 0.4037703125 0.4276890625 0.4015375 0.42813125 0.399553125 0.4272484375 0.3978171875 0.423721875 0.396825 0.41446249999999996 0.400296875
1 0.712521875 0.3278765625 0.7050265625 0.3296125 0.7006171875 0.3328375 0.7010578125 0.3353171875 0.7089953125 0.3400296875 0.71693125 0.3415171875 0.7204578125000001 0.340278125 0.72663125 0.3338296875 0.72663125 0.3298609375 0.7204578125000001 0.32738125 0.712521875 0.3278765625
1 0.3950625 0.3149796875 0.3928578125 0.316715625 0.392415625 0.318453125 0.39594375 0.32118125000000003 0.40343906250000006 0.3209328125 0.40564375 0.319940625 0.40652499999999997 0.3182046875 0.405203125 0.316715625 0.400353125 0.31448437500000004 0.3950625 0.3149796875
1 0.541446875 0.680059375 0.5440921875 0.6810515625 0.5485015625 0.68055625 0.5511468749999999 0.678075 0.5493828125 0.6750984375 0.5436515625 0.674603125 0.5410046875 0.6755953124999999 0.541446875 0.680059375
0 0.094796875 0.45585312499999997 0.09127031249999999 0.46329374999999995 0.0925921875 0.4670140625 0.0974421875 0.47098281249999996 0.094796875 0.4739578125 0.0965609375 0.4791671875 0.09435625 0.4828875 0.097884375 0.4861109375 0.093475 0.4900796875 0.099646875 0.4929 0.10097031249999999 0.5057046875 0.11684375 0.5233140625 0.130953125 0.5334828125 0.1344796875 0.5391859375 0.142415625 0.5448906250000001 0.150353125 0.546875 0.161375 0.5620046875 0.1626984375 0.5682046875 0.165784375 0.5716765625 0.169753125 0.57266875 0.1741625 0.5763890625 0.18077656250000002 0.578125 0.203703125 0.5994546875 0.21164062499999997 0.60243125 0.216490625 0.6029265625 0.23170156249999999 0.609746875 0.235890625 0.61631875 0.23985937499999999 0.616071875 0.2464734375 0.6197921875 0.25925937499999996 0.633184375 0.2627859375 0.633928125 0.2671953125 0.6374015625 0.27865937500000004 0.641865625 0.282628125 0.646825 0.2945328125 0.6545140625 0.315696875 0.6567453125 0.32275156250000003 0.6626984375 0.348765625 0.6743546874999999 0.35537968750000004 0.6750984375 0.41446249999999996 0.69295625 0.4276890625 0.6994046875000001 0.4457671875 0.7026296875 0.4514984375 0.7063484375 0.4545859375 0.7103171875000001 0.4783953125 0.724703125 0.48941875 0.7239578125 0.4929453125 0.7202375 0.4977953125 0.7192453125 0.5211640625 0.7361109375 0.5295421874999999 0.745784375 0.5485015625 0.7760421875 0.5559968750000001 0.782490625 0.5639328124999999 0.785465625 0.5683421875 0.784721875 0.5718687499999999 0.7787703125000001 0.5771609375 0.7361109375 0.58465625 0.7286703125 0.5903875000000001 0.7202375 0.593915625 0.7197421875 0.6022921875 0.7217265625 0.6106703125 0.7204859375 0.61860625 0.7165171875 0.6230156250000001 0.7123015625 0.68298125 0.6865078125 0.6865078125 0.6860125 0.6887125000000001 0.6830359374999999 0.693121875 0.6827875 0.7010578125 0.6750984375 0.7336859375 0.6619546875 0.73633125 0.662946875 0.7385359375 0.6584828125 0.741621875 0.65625 0.750440625 0.6542656250000001 0.7517640625 0.6515375 0.755290625 0.6517859374999999 0.760140625 0.6505453125 0.7667546875 0.6423609375 0.772928125 0.640625 0.7791 0.6416171875 0.8051140625000001 0.6235125 0.8077593750000001 0.6202875 0.8258374999999999 0.6068953125000001 0.8271609375000001 0.603421875 0.8412703125000001 0.5915171875 0.843475 0.584821875 0.8478843749999999 0.5811015625 0.8492062499999999 0.581596875 0.853615625 0.57738125 0.8650796875 0.5731640625 0.8681656249999999 0.5620046875 0.8756609375 0.5602671875 0.8765437500000001 0.5567953125 0.8805109375000001 0.555803125 0.8840390625 0.5525796875 0.8853609375 0.5483625 0.89594375 0.5446421875 0.8990296875 0.53455625 0.9069671874999999 0.5295140625 0.9096125 0.5292656250000001 0.9118171875 0.5267859374999999 0.9162250000000001 0.5057046875 0.9153437500000001 0.5037203124999999 0.9210765625 0.49925625 0.9272484375 0.4995046875 0.929453125 0.498015625 0.929453125 0.49503906249999996 0.9365078125 0.4838796875 0.9409171875 0.482390625 0.9404765625 0.4811515625 0.9351859375 0.47941406249999996 0.9382718750000001 0.476190625 0.9448859374999999 0.4744546875 0.9470906250000001 0.475446875 0.947971875 0.4744546875 0.9453265625 0.4692453125 0.9409171875 0.4655265625 0.944003125 0.4630453125 0.9431218749999999 0.4608140625 0.9554671875 0.4379953125 0.9598765625000001 0.435515625 0.9550265625 0.423859375 0.9589953124999999 0.419890625 0.9589953124999999 0.415178125 0.951940625 0.4063328125 0.9510578125 0.400296875 0.9435625 0.3931046875 0.9431218749999999 0.3874015625 0.8884484374999999 0.32911718749999996 0.86860625 0.31448437500000004 0.8615515625000001 0.31150781250000004 0.8571421875 0.306546875 0.8346562499999999 0.296875 0.8284828125000001 0.29588281250000004 0.826278125 0.29290625000000003 0.8143734374999999 0.2869546875 0.8029093749999999 0.28199375 0.79761875 0.28125 0.7870375000000001 0.2760421875 0.735009375 0.262153125 0.7323640625000001 0.2599203125 0.71605 0.25496093750000004 0.693121875 0.24975156250000002 0.6807765625 0.2490078125 0.660934375 0.24429531249999997 0.64594375 0.2428078125 0.5820109375 0.24057499999999998 0.5634921875 0.241071875 0.5599640625 0.24206406249999998 0.53395 0.242559375 0.5291 0.24429531249999997 0.5251328125 0.248015625 0.500440625 0.24826406250000002 0.4977953125 0.24305625000000003 0.48633125 0.2415671875 0.4541453125 0.241815625 0.439153125 0.24082343750000001 0.4096125 0.244046875 0.39594375 0.243303125 0.3902109375 0.2470234375 0.38139375000000003 0.2490078125 0.37654375 0.24875937499999998 0.362434375 0.25099218749999996 0.3417109375 0.251240625 0.33377500000000004 0.2522328125 0.32627812500000003 0.2547125 0.3148140625 0.2564484375 0.31040625 0.2584328125 0.30246875 0.259425 0.3015875 0.2609125 0.2896828125 0.2638890625 0.273809375 0.2673609375 0.269840625 0.2673609375 0.2658734375 0.269096875 0.26366875 0.2686015625 0.2477953125 0.2728171875 0.235890625 0.2765375 0.23104062500000003 0.2807546875 0.216490625 0.2827375 0.21252187500000003 0.2849703125 0.1962078125 0.28993125000000003 0.1887125 0.2943953125 0.18783125 0.29613125 0.17989375000000002 0.2998515625 0.1741625 0.305059375 0.16313906250000001 0.311259375 0.1543203125 0.3142359375 0.1402109375 0.3224203125 0.130953125 0.3303578125 0.1238984375 0.34275781250000004 0.11287499999999999 0.3494546875 0.097884375 0.3658234375 0.0965609375 0.36954375 0.093475 0.37400781250000004 0.08950625 0.3767359375 0.08245156249999999 0.3881453125 0.085096875 0.391865625 0.0806875 0.3963296875 0.08245156249999999 0.4010421875 0.0784828125 0.41046562499999995 0.0806875 0.4161703125 0.0789234375 0.41964218750000004 0.080246875 0.435515625 0.09303281249999999 0.4399796875 0.0925921875 0.45213281250000004 0.094796875 0.45585312499999997
0 0.9984375 0.0453125 0.9109375 0.0515625 0.853125 0.0734375 0.9046875 0.14375 0.946875 0.1703125 0.9984375 0.1875 0.9984375 0.0453125
1 0.91875 0.1421875 0.9234375 0.153125 0.9359375 0.15 0.928125 0.1390625 0.91875 0.1421875