1 0.6005296875 0.37400781250000004 0.6014109375000001 0.378471875 0.6067015625 0.3802078125 0.6146390625 0.3802078125 0.6181656249999999 0.377728125 0.61860625 0.37301562499999996 0.6146390625 0.3705359375 0.6062609375 0.37103125000000003 0.6005296875 0.37400781250000004
1 0.4700171875 0.2829859375 0.4744265625 0.2859625 0.4783953125 0.28670625 0.4841265625 0.28521874999999997 0.485009375 0.2795140625 0.4823640625 0.27628906249999996 0.4695765625 0.278521875 0.4700171875 0.2829859375
1 0.4545859375 0.24380000000000002 0.456790625 0.24057499999999998 0.45502656249999995 0.23759843749999998 0.44753125000000005 0.23710312500000003 0.44488593749999994 0.23908749999999998 0.44709062499999996 0.24380000000000002 0.4545859375 0.24380000000000002
1 0.6146390625 0.34995 0.622575 0.350446875 0.6269843749999999 0.3482140625 0.6371249999999999 0.3454859375 0.635803125 0.3420140625 0.6230156250000001 0.3412703125 0.6150796875 0.346478125 0.6146390625 0.34995
1 0.7244265624999999 0.4010421875 0.7275125 0.396578125 0.72663125 0.3953375 0.7204578125000001 0.3938484375 0.717371875 0.39558593750000004 0.7186953125 0.4005453125 0.7244265624999999 0.4010421875
1 0.72663125 0.4392359375 0.722221875 0.438740625 0.7200171875 0.439484375 0.7195765625 0.443453125 0.7314812500000001 0.443453125 0.72663125 0.4392359375
1 0.4977953125 0.4895828125 0.4977953125 0.49454374999999995 0.5017640625 0.49578437500000005 0.50573125 0.49652812500000004 0.513228125 0.49379999999999996 0.51366875 0.4900796875 0.5097 0.48710312499999997 0.5017640625 0.48735156249999995 0.4977953125 0.4895828125
1 0.2989421875 0.3266375 0.302909375 0.3249015625 0.3037921875 0.3216765625 0.30246875 0.319940625 0.298059375 0.322171875 0.296296875 0.3258921875 0.2989421875 0.3266375
1 0.423721875 0.584078125 0.4232796875 0.587796875 0.4272484375 0.589534375 0.4351859375 0.589534375 0.43783125 0.5880453125 0.43783125 0.5838296875 0.43650781250000004 0.5833328125 0.4272484375 0.5825890625000001 0.423721875 0.584078125
1 0.6622578125 0.6143359375 0.6618171875 0.619046875 0.6662250000000001 0.620784375 0.6781312500000001 0.6217765625 0.6851859375 0.6192953125 0.6851859375 0.6150796875 0.6772484375000001 0.6116078125 0.6701937499999999 0.6113593749999999 0.6622578125 0.6143359375
1 0.4845671875 0.5471234375 0.48368593750000005 0.5486109375 0.485890625 0.5508437500000001 0.49382656249999995 0.551090625 0.4964734375 0.5491078125 0.49515000000000003 0.54613125 0.49118125 0.5448906250000001 0.48633125 0.5451390625 0.4845671875 0.5471234375
1 0.7182546875 0.5491078125 0.7204578125000001 0.5508437500000001 0.7248671875 0.5513390625000001 0.7292765625000001 0.5488593749999999 0.7283953125 0.5446421875 0.7204578125000001 0.5443953125000001 0.7186953125 0.5466265625 0.7182546875 0.5491078125
0 0.1719578125 0.5314984375 0.1763671875 0.5337296874999999 0.178571875 0.5369546875 0.1776890625 0.540921875 0.18077656250000002 0.542659375 0.1816578125 0.5491078125 0.1851859375 0.555803125 0.188271875 0.5540671875000001 0.1917984375 0.5553078124999999 0.1953265625 0.5615078125 0.1962078125 0.5682046875 0.2010578125 0.5701890625 0.20546718749999998 0.5704359375 0.21208125 0.584325 0.23941875 0.6021828124999999 0.24338593749999998 0.6061515625 0.2477953125 0.608134375 0.2517640625 0.6076390625 0.2535265625 0.60863125 0.2570546875 0.61483125 0.2597 0.6165671875000001 0.2663140625 0.617559375 0.27336875 0.6227671875 0.28483281250000003 0.6240078125 0.29100468749999997 0.628471875 0.319665625 0.6381453125000001 0.3276015625 0.6391375 0.3377421875 0.6428578125 0.3562609375 0.6470734375 0.37301562499999996 0.646825 0.37654375 0.6478171875000001 0.387125 0.6470734375 0.397265625 0.648809375 0.41225781250000004 0.648809375 0.41931250000000003 0.647321875 0.4276890625 0.6505453125 0.4307765625 0.6540171875 0.4351859375 0.655009375 0.4387125 0.6540171875 0.44268124999999997 0.6545140625 0.44664843750000005 0.6579859375 0.4514984375 0.6599703124999999 0.4545859375 0.663690625 0.4748671875 0.6721234375 0.4823640625 0.677828125 0.49426875 0.6835312499999999 0.52425 0.690228125 0.5405640625 0.6914687500000001 0.5820109375 0.6897328125 0.5908296875 0.686259375 0.59920625 0.686259375 0.6097890625 0.6827875 0.6296296875 0.6798109375 0.641975 0.674603125 0.6543203125 0.66641875 0.673721875 0.6584828125 0.6772484375000001 0.655009375 0.6820984375 0.6540171875 0.6869484375 0.64756875 0.693121875 0.644096875 0.6957671875 0.6411203125 0.7054671875 0.6383921875 0.7204578125000001 0.6269843749999999 0.7328046875 0.6103671875 0.7380953124999999 0.6073906250000001 0.7433859375 0.599703125 0.7764546875 0.5448906250000001 0.7857140625000001 0.4841265625 0.7852734375 0.47817499999999996 0.7813046875 0.47371093750000004 0.7852734375 0.4623015625 0.7813046875 0.4546125 0.7764546875 0.45039687500000003 0.78395 0.43253906249999996 0.7804234375 0.38045625 0.7751328125 0.3735125 0.7773375 0.360615625 0.769840625 0.3509421875 0.769840625 0.344990625 0.7663140625 0.3401953125 0.763228125 0.331596875 0.759259375 0.331596875 0.755290625 0.32614062499999996 0.7574953125 0.31051562499999996 0.7561734375 0.29786718749999996 0.727071875 0.248015625 0.72663125 0.23363125 0.7235453125 0.228421875 0.7156078124999999 0.222965625 0.7138453124999999 0.2080859375 0.7103171875000001 0.19915624999999998 0.7107578125 0.18973281250000001 0.7151671875 0.18551562500000002 0.7186953125 0.1733625 0.7200171875 0.1716265625 0.7244265624999999 0.16989062500000002 0.72575 0.16493125 0.7292765625000001 0.1619546875 0.7297171875 0.15823437499999998 0.7323640625000001 0.15724218750000002 0.7345671874999999 0.15426562500000002 0.735009375 0.143353125 0.7328046875 0.14112031249999998 0.7204578125000001 0.14161718750000002 0.7112 0.148065625 0.7050265625 0.1498015625 0.703703125 0.1545140625 0.6966484375 0.15625 0.6807765625 0.15724218750000002 0.6759265625 0.158978125 0.5828921874999999 0.17385937499999998 0.5798062500000001 0.17534687499999999 0.5758375 0.1803078125 0.5679015625 0.1813 0.5643734375 0.1850203125 0.5590828125 0.18551562500000002 0.5564375 0.18948437499999998 0.552028125 0.1892359375 0.5454140625 0.1927078125 0.53791875 0.1939484375 0.5291 0.1892359375 0.527778125 0.1912203125 0.5220453125 0.1912203125 0.5211640625 0.18948437499999998 0.51366875 0.1946921875 0.5017640625 0.196925 0.49911874999999994 0.1999015625 0.47971718750000003 0.20957343750000001 0.47310468749999995 0.2103171875 0.46516718749999997 0.2083328125 0.45105781250000004 0.21255000000000002 0.4453265625 0.21701406250000002 0.439153125 0.21899843749999998 0.4351859375 0.2237109375 0.4263671875 0.228421875 0.4219578125 0.2333828125 0.414021875 0.238590625 0.3880078125 0.244046875 0.380953125 0.2517359375 0.38139375000000003 0.2545890625 0.372134375 0.2584328125 0.367284375 0.264384375 0.3518515625 0.2673609375 0.349646875 0.2708328125 0.3412703125 0.274553125 0.29100468749999997 0.3125 0.283509375 0.31448437500000004 0.2804234375 0.319940625 0.27469062499999997 0.322171875 0.2724875 0.326884375 0.2663140625 0.3296125 0.25881875 0.3298609375 0.2566140625 0.3328375 0.2469140625 0.33755 0.18959375 0.384671875 0.17989375000000002 0.40525781250000004 0.173721875 0.40724218749999996 0.1723984375 0.4119546875 0.1666671875 0.4186515625 0.1644625 0.44171562499999995 0.1574078125 0.451140625 0.15564375 0.474703125 0.147265625 0.4868546875 0.146825 0.494046875 0.14858906249999998 0.49900781250000004 0.151675 0.5057046875 0.15564375 0.508928125 0.1626984375 0.5188484375 0.16534374999999998 0.5290171875 0.169753125 0.5327375 0.1719578125 0.5314984375
0 0 0.4765625 0.065625 0.53125 0.1421875 0.509375 0.1359375 0.490625 0.146875 0.465625 0.1453125 0.4546875 0.1578125 0.434375 0.153125 0.425 0.1390625 0.425 0.1421875 0.409375 0.16875 0.403125 0.1875 0.378125 0.2015625 0.371875 0.2171875 0.353125 0.2359375 0.346875 0.24375 0.3328125 0.3265625 0.2859375 0.35 0.2640625 0.3828125 0.2453125 0.3640625 0.2328125 0.303125 0.23125 0.0265625 0.19375 0 0.1953125 0 0.4765625
0 0.5265625 0 0.5203125 0.0109375 0.521875 0.0234375 0.5390625 0.0375 0.5484375 0.0578125 0.5796875 0.0828125 0.6921875 0.1375 0.8015625 0.18125 0.8765625 0.203125 0.8796875 0.209375 0.9984375 0.2359375 0.9984375 0 0.5265625 0
1 0.0390625 0.278125 0.0375 0.2875 0.0515625 0.2875 0.0484375 0.278125 0.0390625 0.278125
1 0.95 0.0828125 0.95 0.0921875 0.9609375 0.090625 0.959375 0.08125 0.95 0.0828125