1 0.18077656250000002 0.6852671875 0.1763671875 0.6875 0.1684296875 0.6966765625 0.1679890625 0.7013890625 0.17019375 0.707340625 0.1741625 0.7080859375 0.193121875 0.7048609375 0.19709062500000002 0.6959328124999999 0.1966484375 0.6855156250000001 0.194003125 0.6845234375 0.18077656250000002 0.6852671875
1 0.1538796875 0.6661703125 0.1622578125 0.6671625 0.1679890625 0.662203125 0.16754843749999998 0.6599703124999999 0.1622578125 0.6564984375 0.1574078125 0.6560015625 0.1543203125 0.6579859375 0.1538796875 0.6661703125
1 0.26763593750000003 0.7155265625 0.27116406249999997 0.7130453125 0.27116406249999997 0.7080859375 0.264990625 0.7088296875 0.26322812500000003 0.710565625 0.26322812500000003 0.7147812499999999 0.26763593750000003 0.7155265625
1 0.2773375 0.7323906250000001 0.2821875 0.7338796875 0.28835937500000003 0.7328875 0.293209375 0.72891875 0.2905640625 0.72569375 0.283509375 0.7264390625 0.28086406249999996 0.7279265625 0.2773375 0.7323906250000001
1 0.241621875 0.7197421875 0.2403 0.7244546875 0.24338593749999998 0.72569375 0.25573125 0.7232140625000001 0.2579359375 0.7209828125 0.2561734375 0.7189984375 0.2477953125 0.7167656250000001 0.2438265625 0.7177578125 0.241621875 0.7197421875
1 0.3597890625 0.7028765625 0.3571421875 0.701884375 0.353175 0.703125 0.3412703125 0.7103171875000001 0.33906562500000004 0.7137890625 0.33818281250000004 0.7172625 0.3417109375 0.7237109375 0.34700156249999997 0.728421875 0.353615625 0.728421875 0.3571421875 0.726190625 0.3611109375 0.7170140625 0.3619921875 0.7080859375 0.3597890625 0.7028765625
1 0.3328921875 0.6775796875 0.33377500000000004 0.6810515625 0.3377421875 0.681546875 0.3430328125 0.677828125 0.3425921875 0.675346875 0.3377421875 0.674603125 0.33465625 0.676090625 0.3328921875 0.6775796875
1 0.38624375 0.7363593749999999 0.3884484375 0.7393359375 0.391975 0.7388390625000001 0.396384375 0.7326390625 0.395503125 0.7304062499999999 0.392415625 0.7291671875 0.386684375 0.73363125 0.38624375 0.7363593749999999
1 0.415784375 0.7207343749999999 0.41842968750000004 0.717509375 0.4175484375 0.7142859374999999 0.41357968749999996 0.7135421875 0.41049375 0.7155265625 0.41181718749999996 0.7207343749999999 0.415784375 0.7207343749999999
1 0.415784375 0.6979171875 0.419753125 0.6984125 0.423721875 0.697171875 0.423721875 0.6927078125 0.419753125 0.6894843749999999 0.415784375 0.6897328125 0.414021875 0.6919640625000001 0.415784375 0.6979171875
1 0.400353125 0.6884921875 0.401675 0.6865078125 0.400353125 0.6827875 0.397265625 0.6825390625 0.39594375 0.684028125 0.396825 0.6870046875 0.400353125 0.6884921875
1 0.402115625 0.644840625 0.39858906250000004 0.64608125 0.3981484375 0.6505453125 0.3999125 0.653521875 0.40387968750000003 0.6572421875 0.40784843750000005 0.6579859375 0.41490312500000004 0.6545140625 0.41357968749999996 0.6490578124999999 0.40652499999999997 0.644840625 0.402115625 0.644840625
1 0.4514984375 0.6986609374999999 0.45502656249999995 0.696925 0.45502656249999995 0.6922125 0.452821875 0.690971875 0.4492953125 0.6919640625000001 0.4484125 0.697171875 0.4514984375 0.6986609374999999
1 0.36419687500000003 0.640625 0.36375625 0.6428578125 0.3655203125 0.6445937500000001 0.368165625 0.6453375 0.37301562499999996 0.6445937500000001 0.37389843749999996 0.6423609375 0.372575 0.6408734375 0.3694890625 0.63988125 0.36419687500000003 0.640625
1 0.19709062500000002 0.631696875 0.2010578125 0.633184375 0.2045859375 0.6329359375 0.206790625 0.6314484375 0.2050265625 0.6259921875 0.20061718750000002 0.625 0.1962078125 0.626240625 0.19709062500000002 0.631696875
1 0.2292765625 0.6217765625 0.22795468749999998 0.6230156250000001 0.23104062500000003 0.62425625 0.2323640625 0.6272328125 0.24206406249999998 0.6267359375 0.24118124999999999 0.6227671875 0.2380953125 0.620784375 0.2345671875 0.6202875 0.2292765625 0.6217765625
1 0.27821875 0.5994546875 0.2716046875 0.5969734375 0.268078125 0.5987109375 0.26851875000000003 0.6014390625 0.27821875 0.6111109375 0.28306875 0.6130953124999999 0.2852734375 0.6125984375 0.2870375 0.6116078125 0.2870375 0.6073906250000001 0.2813046875 0.603421875 0.27821875 0.5994546875
1 0.348765625 0.5798609375 0.353615625 0.5825890625000001 0.358025 0.5828375 0.36067031250000003 0.5798609375 0.3571421875 0.5761406250000001 0.353175 0.574653125 0.34920625 0.5751484375 0.348765625 0.5798609375
1 0.1904765625 0.5672125 0.18474375 0.56795625 0.178571875 0.571925 0.17813125000000002 0.5763890625 0.17989375000000002 0.5783734375 0.1917984375 0.5811015625 0.19885312500000002 0.579365625 0.20414531249999998 0.5761406250000001 0.206790625 0.5724203125 0.19885312500000002 0.5682046875 0.1904765625 0.5672125
1 0.1525578125 0.569196875 0.152115625 0.572171875 0.1543203125 0.5741562499999999 0.1591703125 0.5744046875000001 0.1626984375 0.5731640625 0.16313906250000001 0.56795625 0.161375 0.5669640625000001 0.15564375 0.5664687500000001 0.1525578125 0.569196875
1 0.1719578125 0.556546875 0.1715171875 0.5607640625 0.173721875 0.5629953125 0.1790125 0.5639875 0.1851859375 0.5629953125 0.1856265625 0.559028125 0.18209843750000002 0.556546875 0.17813125000000002 0.5553078124999999 0.1719578125 0.556546875
1 0.11375625 0.53993125 0.11375625 0.5419140625 0.11860625 0.543403125 0.123015625 0.543403125 0.127425 0.5411703125 0.12654375 0.537203125 0.1203703125 0.5359625 0.11552031250000001 0.5376984375 0.11375625 0.53993125
1 0.2619046875 0.5629953125 0.2597 0.5622515625 0.25925937499999996 0.565228125 0.2614640625 0.5687 0.27116406249999997 0.570684375 0.2751328125 0.5696921875000001 0.2760140625 0.5644843749999999 0.27336875 0.5625 0.269840625 0.5620046875 0.2619046875 0.5629953125
1 0.416225 0.6416171875 0.41490312500000004 0.6423609375 0.419753125 0.647321875 0.423721875 0.6490578124999999 0.4272484375 0.64930625 0.428571875 0.6470734375 0.4272484375 0.6401296875 0.423721875 0.639384375 0.416225 0.6416171875
1 0.4082890625 0.64136875 0.41137499999999994 0.6426093749999999 0.4166671875 0.6423609375 0.41798906249999995 0.6386406250000001 0.415784375 0.636409375 0.41225781250000004 0.6354171875 0.40784843750000005 0.636409375 0.4082890625 0.64136875
1 0.491621875 0.6289687500000001 0.49382656249999995 0.6302078125 0.4977953125 0.63045625 0.5013234375 0.6269843749999999 0.4977953125 0.6235125 0.4925046875 0.6230156250000001 0.49029999999999996 0.6252484375 0.491621875 0.6289687500000001
1 0.46428593749999997 0.584078125 0.46649062499999994 0.586309375 0.471340625 0.58680625 0.47266250000000004 0.585565625 0.47178125 0.5820937500000001 0.4704578125 0.5811015625 0.46649062499999994 0.5811015625 0.46428593749999997 0.584078125
1 0.5167546875 0.5682046875 0.51366875 0.5654765625 0.508378125 0.5672125 0.50881875 0.572171875 0.5158734375 0.572171875 0.5167546875 0.5682046875
1 0.50573125 0.5443953125000001 0.513228125 0.5448906250000001 0.513228125 0.540178125 0.510140625 0.5391859375 0.5061734375 0.53993125 0.50485 0.540675 0.50573125 0.5443953125000001
1 0.5634921875 0.57738125 0.5634921875 0.584325 0.5679015625 0.5858140625 0.5740734375 0.584821875 0.5758375 0.5838296875 0.576278125 0.5806046874999999 0.57495625 0.5778765625 0.5683421875 0.5756453125000001 0.5634921875 0.57738125
1 0.546296875 0.7080859375 0.541446875 0.710565625 0.5410046875 0.7150296875000001 0.543209375 0.7182546875 0.5449734375 0.7189984375 0.5533515625 0.7177578125 0.5551140625000001 0.7150296875000001 0.5537921875 0.709821875 0.5493828125 0.7080859375 0.546296875 0.7080859375
1 0.46164062499999997 0.7400796875 0.46164062499999997 0.7450390625 0.46649062499999994 0.7475203125000001 0.4744265625 0.7462796875000001 0.4788359375 0.7438 0.4788359375 0.7395828125 0.476190625 0.7373515625 0.46649062499999994 0.7368546874999999 0.46164062499999997 0.7400796875
1 0.46649062499999994 0.7068453124999999 0.46340312499999997 0.7080859375 0.45987656250000003 0.712796875 0.4607578125 0.724703125 0.4695765625 0.7326390625 0.4783953125 0.7348703125 0.4823640625 0.7244546875 0.4823640625 0.7026296875 0.47663124999999995 0.7028765625 0.4704578125 0.7075890625000001 0.46649062499999994 0.7068453124999999
1 0.603175 0.709325 0.593915625 0.712796875 0.5912703125000001 0.71800625 0.5912703125000001 0.722965625 0.593475 0.7251984375 0.6000875 0.7259421875000001 0.6071421875 0.724703125 0.6102296875000001 0.7209828125 0.6102296875000001 0.716021875 0.6071421875 0.709325 0.603175 0.709325
1 0.5313046875 0.7338796875 0.5370375000000001 0.7346234375 0.5401234374999999 0.7323906250000001 0.5370375000000001 0.728421875 0.5291 0.7306546875000001 0.52821875 0.7323906250000001 0.5313046875 0.7338796875
1 0.5405640625 0.7470234375 0.5401234374999999 0.7517359375 0.5449734375 0.7524796874999999 0.5537921875 0.7467765625 0.5590828125 0.7450390625 0.5590828125 0.738590625 0.5564375 0.737103125 0.552909375 0.737846875 0.5405640625 0.7470234375
1 0.6406531249999999 0.7056046874999999 0.6397703124999999 0.710565625 0.6499125 0.7147812499999999 0.6538796875 0.7137890625 0.655203125 0.71006875 0.6538796875 0.701884375 0.646825 0.7013890625 0.642415625 0.703125 0.6406531249999999 0.7056046874999999
1 0.6155203124999999 0.7051093749999999 0.6181656249999999 0.706596875 0.622575 0.7070937500000001 0.6256609375 0.7051093749999999 0.6243390625 0.7008921875 0.619046875 0.6994046875000001 0.6159609374999999 0.7011406250000001 0.6155203124999999 0.7051093749999999
1 0.731921875 0.66319375 0.7275125 0.665921875 0.7253093749999999 0.669146875 0.7248671875 0.6738593749999999 0.7323640625000001 0.678571875 0.73633125 0.678571875 0.74118125 0.676090625 0.7433859375 0.6736109375 0.7433859375 0.6698906250000001 0.739859375 0.6639390625 0.731921875 0.66319375
1 0.5013234375 0.522321875 0.50573125 0.5220734375 0.5061734375 0.5166171875 0.5017640625 0.5158734375 0.5 0.516865625 0.499559375 0.5213296875 0.5013234375 0.522321875
1 0.40343906250000006 0.5272812499999999 0.4043203125 0.534721875 0.40784843750000005 0.53745 0.4312171875 0.5376984375 0.43650781250000004 0.5332343749999999 0.43474375 0.528521875 0.41534375 0.52430625 0.40784843750000005 0.5240578124999999 0.40343906250000006 0.5272812499999999
1 0.33818281250000004 0.5290171875 0.3417109375 0.5295140625 0.34700156249999997 0.528521875 0.348325 0.52505 0.3456796875 0.5233140625 0.3417109375 0.5233140625 0.3373015625 0.52505 0.33818281250000004 0.5290171875
1 0.330246875 0.5260421875 0.33377500000000004 0.525296875 0.329365625 0.5203375 0.3258375 0.5193453124999999 0.3223109375 0.5208328125 0.3258375 0.5255453125 0.330246875 0.5260421875
1 0.35405625 0.518353125 0.353175 0.5213296875 0.354496875 0.5220734375 0.35670156249999996 0.5228171875000001 0.362434375 0.522321875 0.363315625 0.52108125 0.358465625 0.516865625 0.3558203125 0.516865625 0.35405625 0.518353125
1 0.41357968749999996 0.5173609375 0.419753125 0.521578125 0.4232796875 0.5188484375 0.4232796875 0.5136406250000001 0.41887187499999995 0.5126484375 0.41534375 0.5133921875 0.414021875 0.51488125 0.41357968749999996 0.5173609375
1 0.414021875 0.5181046874999999 0.4082890625 0.511409375 0.40343906250000006 0.512896875 0.40652499999999997 0.5193453124999999 0.4082890625 0.519840625 0.414021875 0.5181046874999999
1 0.45546718750000004 0.45535781249999996 0.4545859375 0.4563484375 0.453703125 0.459078125 0.4563484375 0.462053125 0.45899531250000003 0.4630453125 0.46428593749999997 0.462796875 0.46649062499999994 0.460565625 0.46604999999999996 0.45758906250000003 0.45899531250000003 0.455109375 0.45546718750000004 0.45535781249999996
1 0.5291 0.4094734375 0.5163140625 0.4134421875 0.514990625 0.4171625 0.5167546875 0.4216265625 0.5220453125 0.4236109375 0.5286593749999999 0.4236109375 0.53395 0.419890625 0.53791875 0.4119546875 0.5370375000000001 0.4109625 0.5291 0.4094734375
1 0.627865625 0.4451890625 0.6261015624999999 0.447171875 0.62830625 0.4506453125 0.6331562500000001 0.45238125 0.6380078124999999 0.4513890625 0.6393296875 0.447171875 0.6380078124999999 0.4451890625 0.6344796875000001 0.44370000000000004 0.627865625 0.4451890625
1 0.5683421875 0.4920640625 0.5727515624999999 0.4900796875 0.5727515624999999 0.48536718749999996 0.5648140625 0.48214218750000004 0.5617281249999999 0.48363125 0.56216875 0.48809531249999993 0.5683421875 0.4920640625
1 0.48545 0.436259375 0.4845671875 0.4407234375 0.48633125 0.4422125 0.489859375 0.44196406250000003 0.4933859375 0.439484375 0.4929453125 0.4377484375 0.49029999999999996 0.4357640625 0.48633125 0.435515625 0.48545 0.436259375
1 0.343915625 0.484375 0.3430328125 0.48660781249999996 0.3452375 0.4890875 0.3500875 0.49131875 0.353175 0.4895828125 0.35405625 0.4861109375 0.349646875 0.4841265625 0.3456796875 0.48363125 0.343915625 0.484375
1 0.3258375 0.50545625 0.32186875000000004 0.5022328125 0.3179015625 0.5022328125 0.31657812500000004 0.5057046875 0.3223109375 0.5079359375 0.3258375 0.50545625
1 0.1984125 0.512153125 0.197971875 0.5136406250000001 0.2010578125 0.5158734375 0.2129625 0.5173609375 0.21252187500000003 0.5133921875 0.20855312499999998 0.509425 0.203703125 0.50868125 0.2001765625 0.5099203125 0.1984125 0.512153125
1 0.1693125 0.4766859375 0.1732796875 0.4796625 0.17813125000000002 0.48015937500000005 0.1812171875 0.47891874999999995 0.17813125000000002 0.47420625000000005 0.17019375 0.47296562499999995 0.1679890625 0.47371093750000004 0.1693125 0.4766859375
1 0.152115625 0.4670140625 0.151675 0.47098281249999996 0.1538796875 0.4734625 0.1578484375 0.474703125 0.1666671875 0.4744546875 0.16534374999999998 0.4704859375 0.161375 0.466765625 0.1569671875 0.46602187500000003 0.152115625 0.4670140625
1 0.21869531250000002 0.4704859375 0.2204578125 0.47296562499999995 0.22574999999999998 0.47371093750000004 0.2292765625 0.4712296875 0.2283953125 0.4682546875 0.225309375 0.4670140625 0.2204578125 0.4682546875 0.21869531250000002 0.4704859375
1 0.21869531250000002 0.44940468750000007 0.21913593750000002 0.4526296875 0.22354531249999998 0.455109375 0.23941875 0.455109375 0.2482359375 0.4513890625 0.245590625 0.447171875 0.240740625 0.4459328125 0.22178124999999999 0.44692499999999996 0.21869531250000002 0.44940468750000007
1 0.2627859375 0.427828125 0.2570546875 0.42609062499999995 0.2535265625 0.42683593750000004 0.255290625 0.4310515625 0.25925937499999996 0.4303078125 0.2627859375 0.427828125
0 0.1111109375 0.5758921875 0.1111109375 0.5932546875 0.1150796875 0.5954859375 0.117725 0.599703125 0.12257499999999999 0.599703125 0.12654375 0.601190625 0.1243390625 0.6083828125 0.119046875 0.6145828125 0.117284375 0.6240078125 0.11816562500000001 0.6314484375 0.12345625 0.6355000000000001 0.12522031250000001 0.6421125 0.1243390625 0.652034375 0.127865625 0.6830359374999999 0.12522031250000001 0.6877484375 0.12169375 0.6894843749999999 0.1146390625 0.697171875 0.112434375 0.70238125 0.107584375 0.7056046874999999 0.099646875 0.7202375 0.10097031249999999 0.7251984375 0.10405625 0.7264390625 0.108025 0.7264390625 0.12257499999999999 0.72495 0.12654375 0.7224703124999999 0.1384484375 0.7209828125 0.142415625 0.717509375 0.1547625 0.7167656250000001 0.15828906250000002 0.7142859374999999 0.16181718750000001 0.7147812499999999 0.165784375 0.7130453125 0.17019375 0.7147812499999999 0.173721875 0.7219734375 0.18430312499999998 0.7244546875 0.18959375 0.7232140625000001 0.2050265625 0.7227187500000001 0.21869531250000002 0.724703125 0.2244265625 0.731646875 0.2292765625 0.7299109374999999 0.231921875 0.7323906250000001 0.24514999999999998 0.734375 0.24603125 0.7361109375 0.25485 0.7368546874999999 0.26058125 0.7358625 0.2716046875 0.7400796875 0.282628125 0.74131875 0.29188749999999997 0.741071875 0.2945328125 0.7420640625 0.2985015625 0.7480156250000001 0.3139328125 0.7477671875 0.320546875 0.746528125 0.33950625 0.7509921875 0.3456796875 0.7544640625000001 0.3500875 0.754215625 0.353175 0.755953125 0.3562609375 0.7549609375 0.37345625 0.7557046875 0.4373890625 0.7604171875 0.439153125 0.7638890625 0.44268124999999997 0.7626484375 0.449625 0.7626484375 0.45502656249999995 0.7638890625 0.46649062499999994 0.7631453125000001 0.4700171875 0.7666171875 0.4704578125 0.7695937500000001 0.4744265625 0.769840625 0.4783953125 0.773065625 0.4872140625 0.7728171875000001 0.48941875 0.771578125 0.49426875 0.772321875 0.5066140625 0.7681046874999999 0.508378125 0.7666171875 0.51366875 0.7673609375 0.5154328125000001 0.7661203125 0.5202828125 0.76636875 0.5220453125 0.7676093749999999 0.5502640624999999 0.76016875 0.55246875 0.7606640625 0.5533515625 0.759671875 0.56040625 0.7584328124999999 0.5648140625 0.751240625 0.5679015625 0.7519843749999999 0.5727515624999999 0.751240625 0.5758375 0.7524796874999999 0.5930328125 0.7482640625 0.598765625 0.7495046875 0.6022921875 0.748759375 0.6071421875 0.7497515625 0.7112 0.710565625 0.71605 0.71006875 0.7213406250000001 0.7053578125 0.7244265624999999 0.705853125 0.7376546875 0.7011406250000001 0.740740625 0.7011406250000001 0.7433859375 0.6984125 0.7477953125 0.6984125 0.749559375 0.6937 0.76366875 0.6892359375 0.764990625 0.6877484375 0.7791 0.686259375 0.7821875 0.683284375 0.7870375000000001 0.6835312499999999 0.7892421875 0.680059375 0.7945328125 0.6775796875 0.7971781250000001 0.6703875 0.8024687500000001 0.6696421875 0.805996875 0.664434375 0.810846875 0.6609625 0.8130515624999999 0.6522812499999999 0.820546875 0.65079375 0.8320109375 0.6547625 0.8337749999999999 0.6557546875 0.8337749999999999 0.6579859375 0.834215625 0.6547625 0.8368609375 0.6522812499999999 0.8417109375 0.6530265625 0.843915625 0.6498015625 0.8474421875000001 0.6498015625 0.8492062499999999 0.6517859374999999 0.85405625 0.64756875 0.8571421875 0.6470734375 0.8597890625 0.640625 0.8646390625 0.6396328125 0.8681656249999999 0.6349203125 0.872575 0.63368125 0.8747796875 0.628471875 0.8730156250000001 0.6240078125 0.882715625 0.608134375 0.895503125 0.6113593749999999 0.896384375 0.6071421875 0.9034390625000001 0.6063984375 0.906084375 0.6076390625 0.9118171875 0.608134375 0.9201937499999999 0.599703125 0.920634375 0.58680625 0.9126984374999999 0.5786203125 0.9069671874999999 0.5783734375 0.9038796874999999 0.5744046875000001 0.8999124999999999 0.573909375 0.896825 0.5642359375 0.8910937499999999 0.5642359375 0.8884484374999999 0.5572921875 0.8835984375000001 0.55555625 0.8805109375000001 0.5486109375 0.8756609375 0.5488593749999999 0.8734562499999999 0.5478671875 0.8677250000000001 0.548115625 0.8655203124999999 0.546875 0.8597890625 0.54761875 0.8487656250000001 0.54613125 0.8359781249999999 0.5327375 0.8337749999999999 0.5314984375 0.8289234375 0.5322421875 0.826278125 0.524553125 0.8187828125 0.51636875 0.81525625 0.5161203125 0.8112875 0.5124015625 0.81040625 0.5084328124999999 0.805996875 0.5064484375 0.8042328124999999 0.5014875 0.8007046875 0.5004953125 0.7918875 0.5017359375 0.7843921875000001 0.5 0.7808640625 0.49379999999999996 0.77425 0.49131875 0.7711640625 0.4861109375 0.7645500000000001 0.48511875 0.7623453125 0.48338281250000004 0.75573125 0.45684531249999993 0.7491187499999999 0.44370000000000004 0.7491187499999999 0.4327875 0.7464734375 0.42534687499999996 0.7403 0.421875 0.7314812500000001 0.420634375 0.7186953125 0.4109625 0.717371875 0.4079859375 0.7138453124999999 0.4060015625 0.7001765625 0.38988125 0.6940031249999999 0.3764875 0.68783125 0.367559375 0.6772484375000001 0.3571421875 0.6732796875 0.3459828125 0.6759265625 0.33010937500000004 0.6662250000000001 0.325396875 0.6538796875 0.2271828125 0.652115625 0.22668593750000002 0.630953125 0.1966765625 0.62654375 0.196925 0.62345625 0.195684375 0.61860625 0.195684375 0.6124343750000001 0.1986609375 0.608025 0.1994046875 0.6062609375 0.201140625 0.5917109375 0.20287656250000002 0.5877421875 0.20436562500000002 0.5798062500000001 0.20188437499999998 0.5740734375 0.20386875 0.5687828125000001 0.20287656250000002 0.5286593749999999 0.2021328125 0.5216046875 0.2036203125 0.514109375 0.20783749999999998 0.5017640625 0.2080859375 0.48677187499999997 0.21230156249999999 0.4845671875 0.2137890625 0.4845671875 0.2177578125 0.49029999999999996 0.2192453125 0.4920640625 0.226190625 0.485890625 0.226190625 0.4709 0.22867031249999997 0.4501765625 0.2291671875 0.4417984375 0.22668593750000002 0.439153125 0.22445468750000003 0.43650781250000004 0.226190625 0.4268078125 0.2259421875 0.423721875 0.22494999999999998 0.4215171875 0.22668593750000002 0.40652499999999997 0.228421875 0.405203125 0.234375 0.392415625 0.241071875 0.3796296875 0.2415671875 0.3646390625 0.240328125 0.34920625 0.244046875 0.3452375 0.2462796875 0.33377500000000004 0.248015625 0.3328921875 0.25 0.3179015625 0.2517359375 0.2985015625 0.2653765625 0.2888 0.26760937500000004 0.268078125 0.2760421875 0.2561734375 0.27926562499999996 0.2579359375 0.2814984375 0.25573125 0.2849703125 0.2526453125 0.28621093750000004 0.2477953125 0.2849703125 0.2464734375 0.2869546875 0.2477953125 0.290178125 0.2464734375 0.2951390625 0.23633125000000002 0.3005953125 0.2283953125 0.3025796875 0.21913593750000002 0.3095234375 0.216490625 0.3102671875 0.2239859375 0.313740625 0.2239859375 0.3147328125 0.2129625 0.31944374999999997 0.2081125 0.323909375 0.2001765625 0.328125 0.1935625 0.3298609375 0.18783125 0.3338296875 0.1904765625 0.337796875 0.16534374999999998 0.3623515625 0.151234375 0.369046875 0.1402109375 0.3767359375 0.1384484375 0.380953125 0.142415625 0.384425 0.14417968750000001 0.3883921875 0.11816562500000001 0.408234375 0.117284375 0.412203125 0.123015625 0.4134421875 0.1261015625 0.41567499999999996 0.1261015625 0.4201390625 0.112434375 0.43526718750000004 0.11552031250000001 0.44444375 0.1150796875 0.4499015625 0.1111109375 0.455109375 0.10317499999999999 0.5017359375 0.0952375 0.512896875 0.094796875 0.521825 0.10626093750000001 0.556546875 0.10582031249999999 0.5607640625 0.107584375 0.5625 0.1164015625 0.5639875 0.11816562500000001 0.5682046875 0.1150796875 0.5701890625 0.1111109375 0.5758921875
1 0.3999125 0.266865625 0.39462031249999996 0.2681046875 0.392415625 0.269840625 0.391975 0.2760421875 0.3950625 0.280009375 0.40079374999999995 0.28025781250000004 0.4091703125 0.2782734375 0.41049375 0.27628906249999996 0.4091703125 0.271825 0.4043203125 0.2678578125 0.3999125 0.266865625
1 0.30643750000000003 0.299603125 0.307759375 0.2986109375 0.30643750000000003 0.2943953125 0.302909375 0.2931546875 0.2985015625 0.2938984375 0.2989421875 0.2986109375 0.30643750000000003 0.299603125
1 0.3143734375 0.28521874999999997 0.3139328125 0.287946875 0.3161375 0.28993125000000003 0.31878281249999996 0.290178125 0.32275156250000003 0.288690625 0.3236328125 0.2864578125 0.321428125 0.2844734375 0.31701875 0.2837296875 0.3143734375 0.28521874999999997
1 0.29717812499999996 0.32911718749999996 0.29717812499999996 0.3338296875 0.302028125 0.336309375 0.30643750000000003 0.33755 0.30820156249999997 0.337053125 0.31040625 0.334821875 0.3095234375 0.3298609375 0.3007046875 0.3283734375 0.29717812499999996 0.32911718749999996
1 0.40740781249999997 0.32886875 0.40784843750000005 0.3338296875 0.41225781250000004 0.336309375 0.419753125 0.337053125 0.42460312499999997 0.3345734375 0.42239843749999995 0.3298609375 0.4166671875 0.32614062499999996 0.41093437499999996 0.326884375 0.40740781249999997 0.32886875
1 0.46913593750000004 0.3000984375 0.4682546875 0.3033234375 0.4704578125 0.3060515625 0.4748671875 0.3063 0.47971718750000003 0.3048109375 0.481040625 0.3015875 0.4783953125 0.2986109375 0.47354531250000004 0.2986109375 0.46913593750000004 0.3000984375
1 0.5026453125 0.3306046875 0.500440625 0.3333328125 0.49823593749999995 0.33829375 0.5017640625 0.3405265625 0.5066140625 0.3392859375 0.5110234375 0.3365578125 0.5119046875000001 0.3338296875 0.5097 0.3298609375 0.5061734375 0.32911718749999996 0.5026453125 0.3306046875
1 0.42813125 0.23561562500000002 0.4219578125 0.236359375 0.41842968750000004 0.2393359375 0.41798906249999995 0.2428078125 0.419753125 0.2447921875 0.4241625 0.24380000000000002 0.4276890625 0.2447921875 0.4307765625 0.24429531249999997 0.4356265625 0.24057499999999998 0.434303125 0.2380953125 0.42813125 0.23561562500000002
1 0.63139375 0.3325890625 0.622575 0.337796875 0.6212515625 0.34176562499999996 0.6256609375 0.346478125 0.6300703125 0.3474703125 0.6340390625000001 0.3469734375 0.6388890625 0.34176562499999996 0.6384484375 0.334078125 0.6349203125 0.3325890625 0.63139375 0.3325890625
1 0.230159375 0.38194374999999997 0.2345671875 0.3834328125 0.23985937499999999 0.382440625 0.24118124999999999 0.380953125 0.23985937499999999 0.37698437500000004 0.23633125000000002 0.3754953125 0.2297171875 0.3767359375 0.230159375 0.38194374999999997
1 0.3571421875 0.4357640625 0.35890625 0.43253906249999996 0.358465625 0.4275796875 0.353175 0.42609062499999995 0.34788437499999997 0.4298109375 0.348765625 0.43328437500000005 0.3571421875 0.4357640625
1 0.4082890625 0.40401718750000004 0.41093437499999996 0.4079859375 0.416225 0.4114578125 0.419753125 0.412203125 0.4210765625 0.40625 0.419753125 0.4047625 0.41181718749999996 0.40203437500000005 0.4082890625 0.40401718750000004
1 0.6340390625000001 0.3812 0.632275 0.38516875 0.6344796875000001 0.38864062499999996 0.6384484375 0.390625 0.647265625 0.387153125 0.6494703125 0.38045625 0.646825 0.3782234375 0.64109375 0.3779765625 0.6340390625000001 0.3812
1 0.5723109375 0.4079859375 0.5731921875 0.4119546875 0.5815703125 0.4119546875 0.5784828125 0.4079859375 0.5723109375 0.4079859375
1 0.6384484375 0.4141859375 0.6287484375 0.41170625000000005 0.6111109375 0.4114578125 0.6062609375 0.4134421875 0.6014109375000001 0.4223703125 0.5943562499999999 0.4265875 0.593475 0.4275796875 0.59920625 0.43328437500000005 0.607584375 0.43477187500000003 0.6150796875 0.4327875 0.6247796875 0.427828125 0.636684375 0.4201390625 0.6402109375 0.41567499999999996 0.6384484375 0.4141859375
1 0.641975 0.55233125 0.641534375 0.556546875 0.6441796875 0.5602671875 0.646825 0.5615078125 0.651234375 0.561259375 0.6534390625000001 0.558284375 0.6525578125 0.5545640625 0.646384375 0.5520828125 0.641975 0.55233125
1 0.6719578125 0.5240578124999999 0.6710765624999999 0.5255453125 0.6728390625 0.5290171875 0.6772484375000001 0.530009375 0.6807765625 0.5295140625 0.6816578125 0.52505 0.6803343749999999 0.5233140625 0.67504375 0.52256875 0.6719578125 0.5240578124999999
1 0.72178125 0.511409375 0.7178125 0.5124015625 0.717371875 0.5141375 0.7200171875 0.5171125 0.727071875 0.5205859375 0.7354499999999999 0.5205859375 0.7385359375 0.5186015625 0.7380953124999999 0.5161203125 0.7341265625 0.5141375 0.72178125 0.511409375
1 0.6851859375 0.558284375 0.693121875 0.556546875 0.693121875 0.5525796875 0.6913578125 0.5515875 0.6816578125 0.551090625 0.6812171874999999 0.553075 0.6851859375 0.558284375
1 0.6622578125 0.5486109375 0.6635796875 0.5448906250000001 0.6613749999999999 0.5436515625 0.6578484375 0.542659375 0.652115625 0.5443953125000001 0.6574078125 0.5486109375 0.6622578125 0.5486109375
1 0.7671953125 0.6021828124999999 0.7645500000000001 0.6061515625 0.7645500000000001 0.617559375 0.7799828125 0.6240078125 0.7905640625 0.62425625 0.79276875 0.6192953125 0.791446875 0.6173109375 0.791446875 0.6071421875 0.7786593749999999 0.6009421875000001 0.7671953125 0.6021828124999999
1 0.7477953125 0.65550625 0.7508812500000001 0.650296875 0.7491187499999999 0.6478171875000001 0.7438265625 0.6470734375 0.7403 0.649553125 0.7425046875 0.6547625 0.7477953125 0.65550625
1 0.46164062499999997 0.3338296875 0.46649062499999994 0.3405265625 0.4700171875 0.3415171875 0.47354531250000004 0.341021875 0.47354531250000004 0.3328375 0.46649062499999994 0.3303578125 0.462521875 0.3328375 0.46164062499999997 0.3338296875
1 0.5639328124999999 0.292659375 0.575396875 0.290921875 0.5683421875 0.28670625 0.5643734375 0.2864578125 0.5617281249999999 0.2891859375 0.560846875 0.290921875 0.5639328124999999 0.292659375
1 0.541446875 0.22445468750000003 0.5410046875 0.22048593749999998 0.538359375 0.21875 0.53395 0.21875 0.5317453125 0.2202375 0.5313046875 0.224703125 0.541446875 0.22445468750000003
1 0.556878125 0.248015625 0.56040625 0.24975156250000002 0.565696875 0.24776718749999999 0.56701875 0.24380000000000002 0.5648140625 0.24131874999999997 0.56040625 0.24007968750000003 0.5573187500000001 0.24355156249999999 0.556878125 0.248015625
1 0.475309375 0.2522328125 0.4783953125 0.2552078125 0.48545 0.2547125 0.4889765625 0.25198437500000004 0.485890625 0.2475203125 0.4783953125 0.24776718749999999 0.47575 0.2490078125 0.475309375 0.2522328125
1 0.642415625 0.2797625 0.641534375 0.2829859375 0.6437390625 0.2844734375 0.6499125 0.284721875 0.6525578125 0.2834828125 0.6529984375 0.2787703125 0.650353125 0.27728125000000003 0.64594375 0.2775296875 0.642415625 0.2797625
1 0.25044062500000003 0.322171875 0.2517640625 0.3258921875 0.25573125 0.32738125 0.25925937499999996 0.3263890625 0.2574953125 0.322171875 0.25573125 0.321428125 0.2517640625 0.321925 0.25044062500000003 0.322171875
1 0.372134375 0.322171875 0.36684375 0.319940625 0.36067031250000003 0.32118125000000003 0.3602296875 0.3229171875 0.3646390625 0.325396875 0.372134375 0.322171875
1 0.2328046875 0.722221875 0.2380953125 0.7172625 0.2376546875 0.712796875 0.2323640625 0.7137890625 0.2275125 0.71800625 0.2275125 0.7212296874999999 0.2328046875 0.722221875
1 0.690659375 0.5885812500000001 0.6777968750000001 0.5885812500000001 0.6777968750000001 0.5948609375 0.690659375 0.5948609375 0.690659375 0.5885812500000001
1 0.7036390625 0.55991875 0.69385625 0.55991875 0.69385625 0.5646609375 0.7036390625 0.5646609375 0.7036390625 0.55991875
1 0.7492578125 0.62765 0.740971875 0.62765 0.740971875 0.6311390625 0.7492578125 0.6311390625 0.7492578125 0.62765
1 0.7194515625 0.56659375 0.7088640625 0.56659375 0.7088640625 0.5706390625 0.7194515625 0.5706390625 0.7194515625 0.56659375
1 0.6594249999999999 0.5306640625 0.6512718750000001 0.5306640625 0.6512718750000001 0.5337703125 0.6594249999999999 0.5337703125 0.6594249999999999 0.5306640625
1 0.7100375 0.4845296875 0.6997859375 0.4845296875 0.6997859375 0.4895578125 0.7100375 0.4895578125 0.7100375 0.4845296875
1 0.3399625 0.7432859374999999 0.3298265625 0.7432859374999999 0.3298265625 0.74830625 0.3399625 0.74830625 0.3399625 0.7432859374999999
1 0.36400156250000004 0.652975 0.358096875 0.652975 0.358096875 0.6569109375 0.36400156250000004 0.6569109375 0.36400156250000004 0.652975
1 0.3654453125 0.4364296875 0.35705 0.4364296875 0.35705 0.4398453125 0.3654453125 0.4398453125 0.3654453125 0.4364296875
1 0.4809546875 0.3889203125 0.4718765625 0.3889203125 0.4718765625 0.39495468749999996 0.4809546875 0.39495468749999996 0.4809546875 0.3889203125
1 0.344259375 0.3751765625 0.333315625 0.3751765625 0.333315625 0.3801796875 0.344259375 0.3801796875 0.344259375 0.3751765625
1 0.5035406250000001 0.2666078125 0.49351406249999996 0.2666078125 0.49351406249999996 0.270821875 0.5035406250000001 0.270821875 0.5035406250000001 0.2666078125
1 0.5407078125 0.26818125 0.523534375 0.26818125 0.523534375 0.2709703125 0.5407078125 0.2709703125 0.5407078125 0.26818125
1 0.3484 0.6980859374999999 0.3410265625 0.6980859374999999 0.3410265625 0.7028328125 0.3484 0.7028328125 0.3484 0.6980859374999999
0 0.771875 0 0.75625 0.0140625 0.7390625 0.0140625 0.73125 0.028125 0.7 0.0265625 0.6921875 0.0359375 0.6875 0.0640625 0.65625 0.096875 0.6640625 0.109375 0.65 0.153125 0.6484375 0.2046875 0.6625 0.21875 0.6625 0.22734375 0.6484375 0.259375 0.6640625 0.275 0.659375 0.3125 0.675 0.325 0.68125 0.3578125 0.7171875 0.4046875 0.7421875 0.4203125 0.771875 0.4828125 0.80625 0.4921875 0.8375 0.5296875 0.884375 0.546875 0.921875 0.5828125 0.965625 0.590625 0.9984375 0.609375 0.9984375 0 0.771875 0
0 0 0.54375 0.0015625 0.53125 0.0140625 0.528125 0.034375 0.5375 0.090625 0.4984375 0.0953125 0.4796875 0.1046875 0.4703125 0.1 0.4265625 0.134375 0.3890625 0.1421875 0.3703125 0.08125 0.3390625 0.021875 0.3328125 0 0.3328125 0 0.54375
0 0.284375 0.9328125 0.3109375 0.934375 0.3546875 0.953125 0.43125 0.965625 0.5328125 0.9625 0.590625 0.9515625 0.646875 0.9296875 0.6703125 0.9125 0.7015625 0.8765625 0.709375 0.8375 0.7171875 0.71875 0.6953125 0.71875 0.6421875 0.7328125 0.6078125 0.75625 0.571875 0.759375 0.5515625 0.7734375 0.5390625 0.76875 0.4765625 0.7765625 0.465625 0.7703125 0.38125 0.76875 0.3734375 0.7625 0.3125 0.7578125 0.3125 0.78125 0.296875 0.7984375 0.2828125 0.8296875 0.28125 0.8421875 0.2921875 0.85625 0.2921875 0.921875 0.284375 0.9328125
0 0 0.275 0.0046875 0.2859375 0.0546875 0.29375 0.0890625 0.3375 0.11875 0.346875 0.1453125 0.365625 0.1640625 0.359375 0.2390625 0.29375 0.2390625 0.2828125 0.225 0.2671875 0.1390625 0.2390625 0.065625 0.225 0.028125 0.228125 0.009375 0.2359375 0 0.246875 0.0140625 0.253125 0.01875 0.26875 0 0.275
1 0.14375 0.34375 0.1046875 0.334375 0.103125 0.340625 0.125 0.353125 0.14375 0.35625 0.14375 0.34375
1 0.1453125 0.3296875 0.1453125 0.3390625 0.1578125 0.340625 0.15625 0.3328125 0.1453125 0.3296875
1 0.10625 0.471875 0.103125 0.4578125 0.0671875 0.4625 0.0453125 0.4765625 0.0296875 0.496875 0.025 0.5140625 0.0640625 0.51875 0.0984375 0.49375 0.10625 0.471875
1 0.0875 0.3171875 0.0765625 0.31875 0.0828125 0.328125 0.0953125 0.3296875 0.0875 0.3171875
1 0.025 0.4578125 0.0203125 0.465625 0.028125 0.4703125 0.034375 0.459375 0.025 0.4578125
1 0.671875 0.1234375 0.6703125 0.1359375 0.696875 0.1328125 0.6859375 0.1171875 0.671875 0.1234375
1 0.9328125 0 0.9140625 0.0171875 0.91875 0.028125 0.98125 0.0375 0.9984375 0.0328125 0.9984375 0 0.9328125 0
1 0.7625 0 0.759375 0.009375 0.7640625 0.0140625 0.790625 0.021875 0.88125 0.0140625 0.8890625 0.0046875 0.8890625 0 0.7625 0
1 0.9625 0.234375 0.9734375 0.253125 0.9984375 0.253125 0.9984375 0.2109375 0.9921875 0.2203125 0.9484375 0.2203125 0.9390625 0.2296875 0.9390625 0.2390625 0.9546875 0.2421875 0.9625 0.234375
1 0.578125 0.90625 0.5625 0.9109375 0.559375 0.9171875 0.5703125 0.925 0.584375 0.915625 0.578125 0.90625
1 0.6296875 0.840625 0.6234375 0.85 0.64375 0.8578125 0.6421875 0.84375 0.6296875 0.840625
1 0.6578125 0.8265625 0.6546875 0.8390625 0.6609375 0.84375 0.665625 0.83125 0.6578125 0.8265625
1 0.684375 0.8765625 0.6765625 0.8703125 0.66875 0.871875 0.66875 0.8796875 0.6796875 0.8859375 0.684375 0.8765625
1 0.5546875 0.775 0.55 0.78125 0.5484375 0.79375 0.55625 0.8 0.5625 0.778125 0.5546875 0.775
1 0.61875 0.7734375 0.6078125 0.7734375 0.6078125 0.784375 0.615625 0.7875 0.621875 0.7828125 0.61875 0.7734375
1 0.646875 0.759375 0.64375 0.771875 0.653125 0.7734375 0.65625 0.7625 0.646875 0.759375
1 0.684375 0.7734375 0.6625 0.771875 0.6625 0.78125 0.671875 0.7890625 0.6875 0.7875 0.684375 0.7734375
1 0.4796875 0.890625 0.478125 0.9 0.49375 0.90625 0.4953125 0.890625 0.4796875 0.890625
1 0.521875 0.859375 0.5234375 0.8703125 0.5484375 0.871875 0.546875 0.859375 0.521875 0.859375
1 0.2984375 0.903125 0.296875 0.91875 0.3109375 0.9203125 0.3140625 0.903125 0.2984375 0.903125
1 0.3453125 0.896875 0.325 0.8984375 0.321875 0.90625 0.3265625 0.9109375 0.346875 0.90625 0.3453125 0.896875
1 0.421875 0.896875 0.403125 0.8875 0.396875 0.8921875 0.3953125 0.9 0.40625 0.909375 0.415625 0.9078125 0.421875 0.896875
1 0.465625 0.8578125 0.459375 0.8671875 0.4703125 0.8765625 0.4765625 0.8625 0.465625 0.8578125
1 0.4734375 0.8359375 0.4734375 0.8515625 0.4859375 0.8515625 0.4859375 0.840625 0.4734375 0.8359375
1 0.3453125 0.9359375 0.3234375 0.934375 0.3171875 0.9375 0.3234375 0.946875 0.353125 0.9515625 0.3453125 0.9359375
1 0.5640625 0.9328125 0.5640625 0.953125 0.584375 0.946875 0.5796875 0.93125 0.5640625 0.9328125
1 0.378125 0.7609375 0.359375 0.7640625 0.3546875 0.76875 0.3578125 0.775 0.38125 0.7671875 0.378125 0.7609375
1 0.3 0.865625 0.3 0.8890625 0.3203125 0.8890625 0.321875 0.86875 0.3 0.865625
1 0.6421875 0.215625 0.634375 0.2296875 0.6484375 0.2421875 0.6578125 0.221875 0.6421875 0.215625
1 0.6609375 0.4078125 0.653125 0.415625 0.68125 0.409375 0.6875 0.4 0.6609375 0.4078125