1 0.2857140625 0.2708328125 0.2799828125 0.275296875 0.2804234375 0.28125 0.2852734375 0.2849703125 0.2901234375 0.28670625 0.298059375 0.2857140625 0.31040625 0.2755453125 0.30467343750000003 0.27058593750000004 0.2958546875 0.2693453125 0.2857140625 0.2708328125
1 0.3209875 0.324653125 0.3271609375 0.3249015625 0.33377500000000004 0.3236609375 0.3355375 0.322171875 0.3328921875 0.313740625 0.32980624999999997 0.311259375 0.32495625 0.3102671875 0.3236328125 0.30753906249999996 0.33068749999999997 0.3013390625 0.3403875 0.2963796875 0.3412703125 0.2938984375 0.33377500000000004 0.2891859375 0.3258375 0.28745 0.31216875 0.2876984375 0.306878125 0.288690625 0.302028125 0.290178125 0.2989421875 0.2938984375 0.298059375 0.298115625 0.2936515625 0.30233125 0.2945328125 0.3067953125 0.29761875 0.3100203125 0.2967375 0.322171875 0.3095234375 0.32614062499999996 0.3139328125 0.3263890625 0.3209875 0.324653125
1 0.348765625 0.258184375 0.3505296875 0.26364062499999996 0.35670156249999996 0.2661203125 0.363315625 0.264384375 0.36772499999999997 0.2604171875 0.3655203125 0.25694374999999997 0.3597890625 0.25545625 0.353175 0.25496093750000004 0.348765625 0.258184375
0 0.27469062499999997 0.3318453125 0.28395000000000004 0.3412703125 0.30246875 0.351934375 0.30731875 0.352678125 0.3126109375 0.359375 0.31657812500000004 0.36135937500000004 0.320546875 0.3658234375 0.32627812500000003 0.368303125 0.32980624999999997 0.3727671875 0.3412703125 0.3754953125 0.348325 0.384671875 0.349646875 0.3854171875 0.35405625 0.384425 0.358025 0.38864062499999996 0.3650796875 0.39260937500000004 0.3694890625 0.3928578125 0.37698437500000004 0.40079374999999995 0.37830625 0.404265625 0.4373890625 0.43129999999999996 0.44400312499999994 0.4357640625 0.452821875 0.4377484375 0.46869531249999996 0.44915625 0.4704578125 0.45238125 0.5251328125 0.4662703125 0.5299828125 0.46428593749999997 0.5352734375 0.4595734375 0.5388 0.4533734375 0.5630515625 0.4357640625 0.5683421875 0.42807500000000004 0.5723109375 0.419890625 0.574515625 0.40228125 0.5771609375 0.396578125 0.576278125 0.37896874999999997 0.5696656250000001 0.3611109375 0.5648140625 0.3568953125 0.56040625 0.3435015625 0.55246875 0.33010937500000004 0.53791875 0.3129953125 0.5335093750000001 0.31150781250000004 0.5291 0.30381874999999997 0.518078125 0.2951390625 0.514109375 0.289434375 0.5079359375 0.28621093750000004 0.5061734375 0.2827375 0.4977953125 0.2775296875 0.46649062499999994 0.259671875 0.456790625 0.256696875 0.45105781250000004 0.2537203125 0.4457671875 0.252728125 0.443121875 0.25074375 0.42504375000000005 0.246528125 0.41842968750000004 0.24305625000000003 0.40740781249999997 0.24082343750000001 0.40387968750000003 0.237846875 0.387565625 0.23412656250000002 0.369046875 0.2313984375 0.357584375 0.227678125 0.352734375 0.22817500000000002 0.34612031249999997 0.22668593750000002 0.33906562500000004 0.227678125 0.3143734375 0.2224703125 0.3051140625 0.2224703125 0.2989421875 0.22048593749999998 0.286596875 0.22048593749999998 0.27954218750000004 0.21899843749999998 0.273809375 0.2197421875 0.26366875 0.21850156250000002 0.2561734375 0.21899843749999998 0.24338593749999998 0.2142859375 0.2403 0.210565625 0.23500937500000002 0.2075890625 0.2323640625 0.203125 0.2283953125 0.20436562500000002 0.2297171875 0.2171515625 0.22707187499999998 0.230159375 0.21208125 0.266865625 0.21252187500000003 0.273065625 0.21693125000000002 0.2790171875 0.2209 0.2810015625 0.2336859375 0.2983625 0.23500937500000002 0.302828125 0.24206406249999998 0.3100203125 0.25 0.3129953125 0.27469062499999997 0.3318453125
1 0.2945328125 0.24057499999999998 0.2967375 0.2353671875 0.2870375 0.2306546875 0.27116406249999997 0.226934375 0.2671953125 0.226934375 0.25925937499999996 0.2328875 0.25881875 0.2368546875 0.26322812500000003 0.243303125 0.273809375 0.24727187499999997 0.27425 0.25198437500000004 0.27865937500000004 0.2522328125 0.2817453125 0.2450390625 0.2870375 0.24429531249999997 0.2945328125 0.24057499999999998
1 0.47575 0.2953875 0.481921875 0.29588281250000004 0.4845671875 0.29489062499999996 0.4841265625 0.290921875 0.481921875 0.288690625 0.47795468750000003 0.287946875 0.4744265625 0.28993125000000003 0.47575 0.2953875
1 0.3835984375 0.334821875 0.377425 0.3365578125 0.367284375 0.344990625 0.368165625 0.3494546875 0.37389843749999996 0.351190625 0.39858906250000004 0.351190625 0.4087296875 0.349703125 0.40652499999999997 0.3439984375 0.39462031249999996 0.336309375 0.3888890625 0.334821875 0.3835984375 0.334821875
1 0.35537968750000004 0.3638390625 0.3571421875 0.368303125 0.3611109375 0.37003906249999996 0.3747796875 0.370784375 0.38315625 0.369046875 0.3840390625 0.3650796875 0.37698437500000004 0.3625984375 0.3611109375 0.3596234375 0.35537968750000004 0.3638390625
1 0.41357968749999996 0.3841765625 0.3884484375 0.3794640625 0.3844796875 0.379215625 0.3791890625 0.3807046875 0.37698437500000004 0.384671875 0.3880078125 0.3938484375 0.39858906250000004 0.396825 0.4043203125 0.397321875 0.4126984375 0.396825 0.419753125 0.394840625 0.420634375 0.38988125 0.41357968749999996 0.3841765625
1 0.33906562500000004 0.3556546875 0.33906562500000004 0.358134375 0.3417109375 0.3598703125 0.34920625 0.359375 0.352734375 0.35739062499999996 0.3500875 0.35441406249999996 0.3456796875 0.353175 0.3408296875 0.35391875 0.33906562500000004 0.3556546875
1 0.2716046875 0.3266375 0.272928125 0.321925 0.27116406249999997 0.3196921875 0.26675468750000003 0.3169640625 0.2597 0.3177078125 0.26455 0.3234125 0.2716046875 0.3266375
1 0.2936515625 0.3154765625 0.291446875 0.3110125 0.2843921875 0.31324375 0.2857140625 0.3162203125 0.29100468749999997 0.3187 0.2936515625 0.3154765625
1 0.264990625 0.296875 0.2663140625 0.3020828125 0.27116406249999997 0.3048109375 0.2791 0.3048109375 0.282628125 0.302828125 0.2791 0.299603125 0.27116406249999997 0.2966265625 0.2671953125 0.295634375 0.264990625 0.296875
1 0.47663124999999995 0.44122031249999993 0.4783953125 0.4422125 0.4823640625 0.4422125 0.4841265625 0.4399796875 0.4828046875 0.4375 0.4783953125 0.4370046875 0.476190625 0.43824375 0.47663124999999995 0.44122031249999993
1 0.3143734375 0.414434375 0.30908281249999997 0.4114578125 0.302028125 0.41170625000000005 0.2989421875 0.4134421875 0.293209375 0.419890625 0.2949734375 0.4275796875 0.298059375 0.429315625 0.3183421875 0.43526718750000004 0.324515625 0.4275796875 0.3231921875 0.41840312500000004 0.319665625 0.41567499999999996 0.3143734375 0.414434375
1 0.30026406250000004 0.4005453125 0.3223109375 0.40699375 0.3231921875 0.40327343750000005 0.3161375 0.39260937500000004 0.31216875 0.383184375 0.31040625 0.382440625 0.2985015625 0.38864062499999996 0.30026406250000004 0.4005453125
1 0.240740625 0.37698437500000004 0.24426874999999998 0.3797125 0.24955937499999997 0.3794640625 0.25088125 0.3764875 0.2477953125 0.37301562499999996 0.2438265625 0.373759375 0.24118124999999999 0.37574375 0.240740625 0.37698437500000004
1 0.25573125 0.384671875 0.25573125 0.38988125 0.2597 0.3908734375 0.26366875 0.38988125 0.2654328125 0.387896875 0.26322812500000003 0.3849203125 0.25881875 0.384425 0.25573125 0.384671875
1 0.415784375 0.42733125000000005 0.41181718749999996 0.42460312499999997 0.41049375 0.42584375 0.400353125 0.4275796875 0.40079374999999995 0.4327875 0.40387968750000003 0.43452343750000005 0.4082890625 0.4342765625 0.41181718749999996 0.435515625 0.415784375 0.43377968750000007 0.42239843749999995 0.4275796875 0.419753125 0.42584375 0.415784375 0.42733125000000005
1 0.0687828125 0.5099203125 0.0674609375 0.5119046875000001 0.066578125 0.5136406250000001 0.0683421875 0.51636875 0.0723109375 0.5166171875 0.079365625 0.5138890625 0.085096875 0.509425 0.083775 0.5076890625 0.0758375 0.506696875 0.0687828125 0.5099203125
1 0.0917109375 0.459821875 0.0903875 0.45709375 0.0864203125 0.45659687499999996 0.079365625 0.459078125 0.07495625 0.46453437500000005 0.0736328125 0.466765625 0.0758375 0.470734375 0.080246875 0.4712296875 0.085978125 0.46875 0.09435625 0.4670140625 0.09920625 0.462796875 0.0956796875 0.46254999999999996 0.0917109375 0.459821875
1 0.8999124999999999 0.290675 0.896384375 0.2891859375 0.8924156249999999 0.290178125 0.8853609375 0.290178125 0.8769843749999999 0.28819374999999997 0.8743390625 0.2911703125 0.8712515625 0.2986109375 0.8712515625 0.302828125 0.8765437500000001 0.313740625 0.896384375 0.3110125 0.9078484375 0.306546875 0.9118171875 0.302828125 0.9122578125 0.2983625 0.8999124999999999 0.290675
1 0.9492953125 0.2455359375 0.947971875 0.23611093749999998 0.9457671875000001 0.23363125 0.939153125 0.23263906250000002 0.9312171875 0.23611093749999998 0.9259265624999999 0.24007968750000003 0.918871875 0.242559375 0.9122578125 0.2514875 0.9082890625 0.25198437500000004 0.9069671874999999 0.254215625 0.9082890625 0.2641375 0.9118171875 0.2661203125 0.918871875 0.26488125 0.9276890625 0.265625 0.939153125 0.2584328125 0.9470906250000001 0.2562 0.9532624999999999 0.2514875 0.9492953125 0.2455359375
1 0.8002640624999999 0.33829375 0.8086421874999999 0.3571421875 0.8143734374999999 0.3650796875 0.8267203125 0.3616078125 0.8298062500000001 0.3591265625 0.8390656249999999 0.35540625000000003 0.867284375 0.3514390625 0.8765437500000001 0.353175 0.8844796875000001 0.3529265625 0.89594375 0.350446875 0.9078484375 0.34920625 0.9140218750000001 0.34573437500000004 0.9153437500000001 0.34176562499999996 0.9131390625 0.334078125 0.9038796874999999 0.3313484375 0.882715625 0.3311015625 0.8677250000000001 0.334821875 0.8611109375 0.3345734375 0.859346875 0.32911718749999996 0.8615515625000001 0.3256453125 0.8589062500000001 0.3224203125 0.8381828125 0.31150781250000004 0.8306875 0.30555625000000003 0.8302468749999999 0.2993546875 0.8337749999999999 0.2829859375 0.8315703125 0.2755453125 0.8218687499999999 0.27628906249999996 0.8179015625 0.2780265625 0.8112875 0.28224218749999996 0.8037921875 0.2921625 0.7949734375 0.296875 0.7821875 0.301090625 0.7804234375 0.305803125 0.7795421874999999 0.31448437500000004 0.7870375000000001 0.3263890625 0.7905640625 0.3278765625 0.8033515625 0.3266375 0.8077593750000001 0.3296125 0.8064375 0.332340625 0.8015874999999999 0.3353171875 0.8002640624999999 0.33829375
0 0.708553125 0.3390375 0.7164906249999999 0.339534375 0.7195765625 0.33878906249999996 0.731040625 0.34275781250000004 0.7380953124999999 0.342509375 0.744709375 0.3439984375 0.754409375 0.34920625 0.7676359374999999 0.353175 0.7711640625 0.35739062499999996 0.7888 0.36954375 0.801146875 0.3829359375 0.8095234375 0.399553125 0.8117281249999999 0.4171625 0.8179015625 0.43402812500000004 0.8390656249999999 0.4310515625 0.84435625 0.42733125000000005 0.8492062499999999 0.42633906250000003 0.853615625 0.42286718749999996 0.8606703124999999 0.420634375 0.887565625 0.4079859375 0.9082890625 0.3958328125 0.9184296875 0.387896875 0.9276890625 0.383184375 0.9343031249999999 0.3764875 0.9417984374999999 0.37301562499999996 0.9876546875000001 0.3422625 0.99118125 0.33308593750000004 0.99515 0.3286203125 0.9973546875 0.3149796875 0.9984375 0.3139875 0.99603125 0.3072921875 0.9969140624999999 0.2986109375 0.99426875 0.271578125 0.9889765625000001 0.2658734375 0.985009375 0.2564484375 0.9819218749999999 0.25396874999999997 0.9744265625 0.2517359375 0.9634031249999999 0.2462796875 0.961640625 0.24677656250000002 0.9594359375 0.2504953125 0.9545859374999999 0.2504953125 0.9501765625 0.24826406250000002 0.9484125000000001 0.24603125 0.9470906250000001 0.236359375 0.9431218749999999 0.23363125 0.9329812499999999 0.2358625 0.9232796875 0.241071875 0.915784375 0.24131874999999997 0.9025578124999999 0.24380000000000002 0.896825 0.24082343750000001 0.8932984375 0.24131874999999997 0.8884484374999999 0.24007968750000003 0.8791890625000001 0.23983125 0.8690468750000001 0.240328125 0.8655203124999999 0.244046875 0.8602296875000001 0.244046875 0.8575843750000001 0.24677656250000002 0.848325 0.2495046875 0.8478843749999999 0.2517359375 0.8425921875 0.256696875 0.8324515625 0.26165625000000003 0.8284828125000001 0.2611609375 0.8148140625 0.2631453125 0.8068781250000001 0.2658734375 0.8046734375 0.2673609375 0.8042328124999999 0.2713296875 0.7945328125 0.2810015625 0.7852734375 0.282490625 0.7795421874999999 0.285465625 0.7711640625 0.28670625 0.7654328125000001 0.2889390625 0.7469140624999999 0.290921875 0.7336859375 0.2963796875 0.727071875 0.29786718749999996 0.7244265624999999 0.2973703125 0.7213406250000001 0.2986109375 0.7142859374999999 0.3053078125 0.708553125 0.30555625000000003 0.7010578125 0.31175625 0.693121875 0.3139875 0.6917984374999999 0.3162203125 0.6816578125 0.321925 0.6732796875 0.3318453125 0.6728390625 0.334821875 0.6772484375000001 0.337053125 0.68959375 0.3358140625 0.693121875 0.33755 0.697090625 0.337053125 0.7010578125 0.3392859375 0.7045859375 0.337796875 0.708553125 0.3390375
0 0.589946875 0.45684531249999993 0.5873015625 0.45808593750000004 0.5873015625 0.460565625 0.589946875 0.4615578125 0.593475 0.466765625 0.5952375 0.46775781250000004 0.6000875 0.4670140625 0.6049375 0.4685015625 0.6071421875 0.4719734375 0.6119921875000001 0.470734375 0.6124343750000001 0.46974218749999996 0.6181656249999999 0.4704859375 0.6243390625 0.47222187499999996 0.6256609375 0.4744546875 0.6300703125 0.4764390625 0.6371249999999999 0.4764390625 0.6534390625000001 0.47420625000000005 0.6578484375 0.47271875 0.6618171875 0.47296562499999995 0.670634375 0.4702375 0.684303125 0.46949375 0.71605 0.4623015625 0.7341265625 0.45684531249999993 0.76366875 0.4459328125 0.7954140625 0.430059375 0.8068781250000001 0.4223703125 0.8099640625 0.414434375 0.8068781250000001 0.3998015625 0.7989421875 0.384425 0.7923281249999999 0.37599218749999996 0.78395 0.37103125000000003 0.7799828125 0.36483125 0.7755734375000001 0.36135937500000004 0.7667546875 0.35739062499999996 0.7597 0.3514390625 0.7376546875 0.3439984375 0.7209 0.342509375 0.6962078125 0.342509375 0.6856265625 0.3405265625 0.6693125 0.339534375 0.6349203125 0.3454859375 0.61860625 0.353175 0.6164015625 0.3561515625 0.608025 0.3608625 0.5925921875 0.37698437500000004 0.5917109375 0.3807046875 0.5806875 0.3963296875 0.5771609375 0.407490625 0.57495625 0.42733125000000005 0.5758375 0.44097187499999996 0.5798062500000001 0.44370000000000004 0.5815703125 0.44146875 0.585096875 0.44097187499999996 0.597884375 0.447171875 0.593475 0.4528765625 0.589946875 0.4548609375 0.589946875 0.45684531249999993
1 0.7045859375 0.49776718750000004 0.7010578125 0.49627968750000007 0.6962078125 0.4975203125 0.6966484375 0.502728125 0.7032625 0.5024796874999999 0.7045859375 0.49776718750000004
1 0.8209875 0.5376984375 0.8196656250000001 0.540921875 0.831128125 0.5411703125 0.8377421875 0.5396828124999999 0.8430328125000001 0.5364578125 0.8412703125000001 0.5344734375 0.835096875 0.5344734375 0.8218687499999999 0.5364578125 0.8209875 0.5376984375
1 0.9753093749999999 0.542659375 0.9678125 0.5416671875 0.9316578124999999 0.5416671875 0.9197531250000001 0.5540671875000001 0.9193125 0.556546875 0.923721875 0.5577875 0.951940625 0.55555625 0.961640625 0.5525796875 0.96693125 0.5473703125 0.9748671874999999 0.5453875 0.9761906249999999 0.5446421875 0.9753093749999999 0.542659375
1 0.9854499999999999 0.5801093749999999 0.986771875 0.580853125 0.9929453125000001 0.582340625 0.9984375 0.581596875 0.9984375 0.5731640625 0.9938265625 0.5731640625 0.9863312499999999 0.5761406250000001 0.9854499999999999 0.5801093749999999
0 0.6922406249999999 0.5471234375 0.7438265625 0.561259375 0.7517640625 0.561259375 0.7627859375 0.5647328125 0.7724875 0.5647328125 0.7791 0.566715625 0.8024687500000001 0.569196875 0.8315703125 0.570684375 0.9938265625 0.5860609375 0.9973546875 0.5763890625 0.9964734375000001 0.5736609374999999 0.9984375 0.56944375 0.9984375 0.5084328124999999 0.9828046875 0.5052078125 0.9735453125 0.5017359375 0.9585531250000001 0.501240625 0.952821875 0.5022328125 0.9457671875000001 0.5009921875 0.9356265625000001 0.49553593749999997 0.9241625000000001 0.49454374999999995 0.9118171875 0.491815625 0.8994703124999999 0.4915671875 0.8699296875 0.4858625 0.7923281249999999 0.48338281250000004 0.788359375 0.482390625 0.7799828125 0.4828875 0.7720453125 0.48139843750000005 0.7323640625000001 0.47991093749999997 0.7134031249999999 0.48090312500000004 0.7014984375 0.48363125 0.693121875 0.48338281250000004 0.6768078125 0.485615625 0.650353125 0.49305625 0.646825 0.4967765625 0.6340390625000001 0.5004953125 0.6269843749999999 0.5047125 0.6261015624999999 0.505953125 0.6300703125 0.5133921875 0.6393296875 0.5171125 0.641975 0.52108125 0.651675 0.52505 0.656084375 0.530009375 0.674603125 0.5391859375 0.6922406249999999 0.5471234375
0 0.19885312500000002 0.41493125 0.20194062499999998 0.4432046875 0.20546718749999998 0.447171875 0.21075781249999997 0.4588296875 0.21869531250000002 0.4662703125 0.2204578125 0.4719734375 0.2292765625 0.477678125 0.235890625 0.4796625 0.24514999999999998 0.4796625 0.25308593749999997 0.48090312500000004 0.2936515625 0.4719734375 0.2989421875 0.47222187499999996 0.3148140625 0.46974218749999996 0.3417109375 0.46329374999999995 0.34435625000000003 0.4615578125 0.3619921875 0.45684531249999993 0.39594375 0.45386875 0.4025578125 0.45238125 0.415784375 0.4526296875 0.425484375 0.451140625 0.4219578125 0.44246093750000004 0.41446249999999996 0.43675625 0.40740781249999997 0.43452343750000005 0.38624375 0.4134421875 0.37610156250000004 0.4057546875 0.37301562499999996 0.400296875 0.3258375 0.373759375 0.31746093750000004 0.3702875 0.3033515625 0.3561515625 0.2791 0.341021875 0.269840625 0.3420140625 0.2597 0.339534375 0.2517640625 0.339534375 0.2403 0.33755 0.2306 0.3385421875 0.21781250000000002 0.336309375 0.21208125 0.33680625000000003 0.20326249999999998 0.339534375 0.189153125 0.336309375 0.169753125 0.3283734375 0.16357968750000002 0.32886875 0.1626984375 0.3303578125 0.16490312499999998 0.3338296875 0.1790125 0.34771874999999997 0.180334375 0.35739062499999996 0.193121875 0.3807046875 0.1957671875 0.3826890625 0.1957671875 0.4057546875 0.19885312500000002 0.41493125
0 0 0.5404265625 0.00573125 0.5436515625 0.013668749999999999 0.540921875 0.019840625 0.5362109375 0.036596875 0.533978125 0.044973437500000005 0.5297625 0.048059375 0.5307546875 0.0586421875 0.5307546875 0.0674609375 0.5322421875 0.0908296875 0.5334828125 0.0965609375 0.5327375 0.10317499999999999 0.535465625 0.107584375 0.535465625 0.11067031249999999 0.5369546875 0.11375625 0.5364578125 0.11860625 0.5384421875000001 0.12169375 0.53819375 0.12345625 0.537203125 0.123015625 0.53199375 0.1150796875 0.5292656250000001 0.1146390625 0.5262890625 0.11067031249999999 0.52505 0.1071421875 0.5203375 0.093915625 0.5131453125000001 0.0974421875 0.5057046875 0.0970015625 0.5017359375 0.093475 0.49727187500000003 0.0974421875 0.4900796875 0.09435625 0.478421875 0.09920625 0.4764390625 0.1000875 0.47420625000000005 0.0952375 0.4670140625 0.0965609375 0.462796875 0.0908296875 0.45858125000000005 0.08994687500000001 0.455109375 0.0925921875 0.45039687500000003 0.0868609375 0.444940625 0.084215625 0.4392359375 0.046296875 0.41046562499999995 0.0211640625 0.39930625000000003 0.013668749999999999 0.3978171875 0.00485 0.398065625 0 0.3990578125 0 0.5404265625
0 0.2513234375 0.56175625 0.268078125 0.5625 0.3284828125 0.571925 0.33818281250000004 0.5751484375 0.34700156249999997 0.5758921875 0.3522921875 0.5783734375 0.3694890625 0.581596875 0.37654375 0.584078125 0.387125 0.5828375 0.391975 0.584821875 0.392415625 0.586309375 0.3937390625 0.58506875 0.3990296875 0.5853171875000001 0.4025578125 0.587796875 0.4043203125 0.587796875 0.4043203125 0.584078125 0.415784375 0.5806046874999999 0.419753125 0.5811015625 0.42283906250000003 0.5796125 0.443121875 0.5783734375 0.45105781250000004 0.575396875 0.458553125 0.5741562499999999 0.47795468750000003 0.5644843749999999 0.489859375 0.56175625 0.50573125 0.553075 0.519840625 0.5419140625 0.5317453125 0.5287703125000001 0.5542328125 0.50868125 0.5577593750000001 0.5017359375 0.5577593750000001 0.4915671875 0.5542328125 0.48784687499999996 0.5498234375 0.48710312499999997 0.5467375 0.4846234375 0.5410046875 0.4828875 0.5365968750000001 0.4764390625 0.5286593749999999 0.4692453125 0.514990625 0.4670140625 0.508378125 0.462796875 0.4964734375 0.45932500000000004 0.45987656250000003 0.4536203125 0.442240625 0.45238125 0.4029984375 0.4536203125 0.368165625 0.4578375 0.34788437499999997 0.4630453125 0.3368609375 0.4672625 0.329365625 0.46775781250000004 0.31657812500000004 0.47098281249999996 0.28306875 0.47569375 0.2654328125 0.4818953125 0.25 0.4846234375 0.2469140625 0.484375 0.23500937500000002 0.48809531249999993 0.2328046875 0.491071875 0.22795468749999998 0.49379999999999996 0.2231046875 0.503471875 0.21605 0.505953125 0.20943593749999997 0.5126484375 0.2059078125 0.5141375 0.20326249999999998 0.5213296875 0.19929531250000002 0.525296875 0.19929531250000002 0.5295140625 0.18783125 0.5359625 0.18298125 0.5458828125 0.1772484375 0.546875 0.1684296875 0.5518359375 0.165784375 0.5520828125 0.165784375 0.552828125 0.173721875 0.554315625 0.1812171875 0.553571875 0.1984125 0.5540671875000001 0.21252187500000003 0.55704375 0.2209 0.556546875 0.2283953125 0.5587796875000001 0.2513234375 0.56175625
0 0.3126109375 0.7636406250000001 0.372134375 0.8072921875000001 0.38580312499999997 0.8139875 0.40740781249999997 0.828125 0.4272484375 0.8365578125 0.4356265625 0.8377968750000001 0.46560781249999994 0.839534375 0.4700171875 0.8368062500000001 0.47222187499999996 0.8370531250000001 0.47663124999999995 0.8420140625 0.4823640625 0.8442453125 0.48677187499999997 0.8417656250000001 0.485009375 0.8390375000000001 0.48633125 0.8360609374999999 0.49074062500000004 0.8333328124999999 0.49911874999999994 0.8313484375 0.5026453125 0.82886875 0.5114640625 0.8154765625 0.518959375 0.7946421875 0.5194 0.7748015625 0.514990625 0.7532234375 0.5074953125 0.7363593749999999 0.4841265625 0.699653125 0.47707187500000003 0.694196875 0.471340625 0.686259375 0.4307765625 0.6532734375 0.4276890625 0.648809375 0.4166671875 0.6396328125 0.4082890625 0.6369046875000001 0.3999125 0.630953125 0.3844796875 0.6252484375 0.36860624999999997 0.6225203125000001 0.359346875 0.61631875 0.3417109375 0.6098703125 0.320546875 0.6073906250000001 0.30731875 0.6103671875 0.30467343750000003 0.6143359375 0.27865937500000004 0.6391375 0.27865937500000004 0.65079375 0.268959375 0.6698906250000001 0.268959375 0.68204375 0.2716046875 0.6892359375 0.273809375 0.7051093749999999 0.27865937500000004 0.7202375 0.2857140625 0.7323906250000001 0.3126109375 0.7636406250000001
1 0.3364203125 0.759671875 0.338625 0.7616562499999999 0.34920625 0.7653765625 0.358025 0.759671875 0.3522921875 0.7564484375 0.3377421875 0.7557046875 0.3373015625 0.756696875 0.3364203125 0.759671875
1 0.46516718749999997 0.759671875 0.4647265625 0.7633921875 0.46604999999999996 0.7641375 0.4709 0.764384375 0.4744265625 0.7631453125000001 0.475309375 0.759425 0.47310468749999995 0.7579359375 0.4704578125 0.7571921875000001 0.46516718749999997 0.759671875
1 0.387125 0.8060515625000001 0.3844796875 0.8045640625000001 0.3791890625 0.8060515625000001 0.3805109375 0.8102671875 0.3844796875 0.8110125 0.387125 0.8060515625000001
1 0.2614640625 0.9109624999999999 0.2694 0.9072421875 0.27954218750000004 0.8983140625000001 0.2861546875 0.8881453125000001 0.282628125 0.8854171875000001 0.26763593750000003 0.8829359374999999 0.2517640625 0.8752484375 0.2438265625 0.8767359375 0.24338593749999998 0.8807046875 0.2517640625 0.8881453125000001 0.255290625 0.889384375 0.2566140625 0.891865625 0.2477953125 0.9002968750000001 0.2482359375 0.9119546875 0.2522046875 0.9129468749999999 0.2614640625 0.9109624999999999
1 0.286596875 0.8340781249999999 0.283509375 0.8355656249999999 0.2817453125 0.83755 0.282628125 0.8417656250000001 0.287478125 0.84375 0.29100468749999997 0.84375 0.2954140625 0.841021875 0.2954140625 0.8360609374999999 0.2905640625 0.8338296875 0.286596875 0.8340781249999999
1 0.17504375 0.8921125 0.1728390625 0.8908734375 0.168871875 0.890625 0.16181718750000001 0.8926093749999999 0.151234375 0.8975687499999999 0.1481484375 0.9015375000000001 0.1490296875 0.90699375 0.1543203125 0.909721875 0.1587296875 0.908978125 0.165784375 0.9099703124999999 0.169753125 0.908978125 0.17504375 0.905009375 0.17813125000000002 0.9005453125 0.17504375 0.8921125
1 0.193121875 0.9283234374999999 0.1772484375 0.9270828124999999 0.1728390625 0.9320437500000001 0.16490312499999998 0.93353125 0.16093437500000002 0.9370046875 0.161375 0.940228125 0.1728390625 0.9459328125 0.189153125 0.948909375 0.19709062500000002 0.9484125000000001 0.2010578125 0.946925 0.2010578125 0.9389875 0.19709062500000002 0.9310515625000001 0.193121875 0.9283234374999999
1 0.123015625 0.9265874999999999 0.12257499999999999 0.9295640625000001 0.12522031250000001 0.9308031250000001 0.1305109375 0.9308031250000001 0.1349203125 0.9275796875 0.1344796875 0.925346875 0.132275 0.9243546874999999 0.12654375 0.924603125 0.123015625 0.9265874999999999
1 0.1397703125 0.9821421875 0.1384484375 0.9771828125 0.12830625 0.972965625 0.12213437499999999 0.9670140625 0.1150796875 0.9642859375 0.0952375 0.9665171875 0.09127031249999999 0.9689984375 0.0881828125 0.9744546875 0.0877421875 0.9791671875000001 0.08950625 0.9823906250000001 0.099646875 0.9833828125 0.1111109375 0.988590625 0.12566093750000001 0.9873515625 0.1305109375 0.987846875 0.1344796875 0.9863593749999999 0.1397703125 0.9821421875
1 0.28791875 0.9196421875 0.2870375 0.9241078125 0.2945328125 0.9285718749999999 0.2989421875 0.928075 0.31040625 0.923115625 0.3126109375 0.9201390625 0.31040625 0.9166671875000001 0.2905640625 0.9181546875000001 0.28791875 0.9196421875
1 0.26234531250000004 0.9627968750000001 0.2614640625 0.9667656250000001 0.2724875 0.9692453125 0.2768953125 0.9657734375 0.27821875 0.9588296875 0.27469062499999997 0.957340625 0.26851875000000003 0.9575890625 0.2658734375 0.9585812499999999 0.26234531250000004 0.9627968750000001
0 0.1578484375 0.980159375 0.1626984375 0.9771828125 0.1759265625 0.966021875 0.18077656250000002 0.9642859375 0.189153125 0.9640375000000001 0.1953265625 0.9615578125 0.20238125 0.9536203125 0.20943593749999997 0.9521328125 0.2129625 0.9528765625 0.2283953125 0.9454359374999999 0.23148125 0.9446921875 0.240740625 0.9451890625000001 0.2597 0.9372515625 0.26763593750000003 0.9365078125 0.2760140625 0.933284375 0.3143734375 0.9248515625 0.338625 0.9154265625000001 0.34347500000000003 0.9084828125 0.3425921875 0.9037703125000001 0.331128125 0.890625 0.3276015625 0.8807046875 0.32275156250000003 0.8764875 0.3192234375 0.8752484375 0.30820156249999997 0.8489578124999999 0.3148140625 0.830853125 0.3209875 0.8229171875000001 0.319665625 0.8177078124999999 0.3139328125 0.8174609374999999 0.306878125 0.8201890625000001 0.282628125 0.8338296875 0.2764546875 0.8385421875000001 0.27028281249999997 0.8407734375 0.2671953125 0.8400296875000001 0.25925937499999996 0.842509375 0.2059078125 0.86334375 0.1984125 0.8650796875 0.1873890625 0.8740078125 0.173721875 0.8807046875 0.1679890625 0.8886406250000001 0.1626984375 0.8921125 0.1569671875 0.8936015625 0.1499125 0.8975687499999999 0.142415625 0.8995531250000001 0.1380078125 0.8985609374999999 0.1344796875 0.90005 0.12477968749999999 0.9067453125 0.123015625 0.9109624999999999 0.113315625 0.9144343750000001 0.107584375 0.9221234375 0.0974421875 0.9275796875 0.08465625 0.9424609374999999 0.079365625 0.9432046875 0.07186875000000001 0.9461812500000001 0.044532812500000005 0.9672625 0.028659374999999997 0.9938 0.0264546875 0.9984375 0.12125156249999999 0.9984375 0.12125156249999999 0.9980156250000001 0.1261015625 0.9950390625000001 0.136684375 0.9918156249999999 0.14197500000000002 0.9866078125 0.1525578125 0.980903125 0.1578484375 0.980159375
0 0.3615515625 0.9481640625000001 0.35670156249999996 0.940228125 0.35670156249999996 0.93353125 0.3655203125 0.9079859375 0.3611109375 0.9072421875 0.3500875 0.9126984374999999 0.3452375 0.9136906249999999 0.33950625 0.9171625000000001 0.330246875 0.9186515625 0.324184375 0.9225578125 0.286596875 0.9310515625000001 0.2843921875 0.933284375 0.2791 0.9342765625 0.27557343749999996 0.936259375 0.268078125 0.9379953125 0.26234531250000004 0.9377484375 0.2275125 0.9499015625 0.2244265625 0.9494046875000001 0.21075781249999997 0.9548609375 0.207671875 0.9546125 0.20326249999999998 0.9588296875 0.20326249999999998 0.9670140625 0.19753125 0.9677578125 0.19709062500000002 0.966021875 0.193121875 0.9657734375 0.1904765625 0.9682546875 0.18650781249999998 0.96949375 0.1816578125 0.9702375 0.1768078125 0.96949375 0.170634375 0.9737109374999999 0.1671078125 0.9789187500000001 0.16181718750000001 0.9791671875000001 0.160053125 0.9811515625 0.146384375 0.9858625 0.14109375 0.990575 0.13932968750000002 0.9938 0.1402109375 0.9984375 0.38580312499999997 0.9984375 0.387125 0.988590625 0.38139375000000003 0.971478125 0.37654375 0.967509375 0.3703703125 0.9526296875 0.3615515625 0.9481640625000001
1 0.4885359375 0.954365625 0.4885359375 0.9635421875000001 0.49029999999999996 0.965278125 0.505290625 0.965278125 0.5123453125 0.9600687499999999 0.5123453125 0.95709375 0.50573125 0.9526296875 0.5017640625 0.9521328125 0.4885359375 0.954365625
1 0.5564375 0.9422124999999999 0.552028125 0.9444437499999999 0.5502640624999999 0.946925 0.5498234375 0.9508921875 0.55246875 0.9526296875 0.56040625 0.95238125 0.5634921875 0.9511406250000001 0.5648140625 0.948909375 0.5643734375 0.9432046875 0.56040625 0.941715625 0.5564375 0.9422124999999999
1 0.5145500000000001 0.9394843749999999 0.5185187499999999 0.9357640625 0.5171953125 0.9315468750000001 0.513228125 0.9273312499999999 0.509259375 0.9288187499999999 0.509259375 0.9392359375 0.5145500000000001 0.9394843749999999
0 0.5877421875 0.9900796875 0.5903875000000001 0.9861109375 0.5886250000000001 0.9821421875 0.5925921875 0.9786703125 0.603175 0.9769343750000001 0.607584375 0.9747031249999999 0.608025 0.9655265625 0.589065625 0.9375 0.5643734375 0.9136906249999999 0.5559968750000001 0.9002968750000001 0.5485015625 0.894840625 0.5449734375 0.8903765625 0.5405640625 0.8881453125000001 0.5365968750000001 0.8831843750000001 0.5251328125 0.8819437499999999 0.50881875 0.8841765625000001 0.4973546875 0.8826890625000001 0.489859375 0.8804562499999999 0.481040625 0.884425 0.4744265625 0.89136875 0.4695765625 0.8998015625000001 0.46781249999999996 0.9109624999999999 0.46340312499999997 0.9196421875 0.4612 0.941715625 0.458553125 0.9484125000000001 0.458553125 0.9682546875 0.45502656249999995 0.97271875 0.4559078125 0.9784218750000001 0.4545859375 0.9833828125 0.45767187500000006 0.9861109375 0.45546718750000004 0.9984375 0.5648140625 0.9984375 0.5674609375 0.9962796875000001 0.571428125 0.9940468750000001 0.5877421875 0.9900796875
1 0.273809375 0.29588281250000004 0.2716046875 0.2931546875 0.268078125 0.2943953125 0.2671953125 0.2986109375 0.2716046875 0.298115625 0.273809375 0.29588281250000004
1 0.339946875 0.26760937500000004 0.338625 0.26364062499999996 0.33377500000000004 0.262896875 0.33509687499999996 0.2673609375 0.33818281250000004 0.268353125 0.339946875 0.26760937500000004
1 0.29276875 0.3779765625 0.2985015625 0.3812 0.30114687500000004 0.3767359375 0.2949734375 0.3717765625 0.291446875 0.372271875 0.2905640625 0.3732640625 0.29276875 0.3779765625
1 0.2985015625 0.394096875 0.30114687500000004 0.38864062499999996 0.29717812499999996 0.38665625000000003 0.2949734375 0.386409375 0.293209375 0.3876484375 0.2945328125 0.39161718749999996 0.2985015625 0.394096875
1 0.2821875 0.38516875 0.2804234375 0.3807046875 0.27469062499999997 0.3807046875 0.27425 0.3849203125 0.27821875 0.3859125 0.2821875 0.38516875
1 0.014109374999999999 0.42807500000000004 0.0171953125 0.42633906250000003 0.018078125 0.423115625 0.014109374999999999 0.4201390625 0.0097 0.4221234375 0.010140625 0.4270828125 0.014109374999999999 0.42807500000000004
1 0 0.40897812499999997 0.00573125 0.40922656249999995 0.009259375 0.4064984375 0.009259375 0.40178593749999997 0.00485 0.3990578125 0 0.40128906249999996 0 0.40897812499999997
1 0.010140625 0.482390625 0.0176359375 0.478421875 0.018078125 0.47420625000000005 0.0097 0.47420625000000005 0.006614062499999999 0.4764390625 0.005290625 0.4786703125 0.010140625 0.482390625
1 0.2989421875 0.384671875 0.2998234375 0.387896875 0.302909375 0.3891375 0.30246875 0.38988125 0.3099640625 0.3849203125 0.307759375 0.3812 0.30246875 0.3807046875 0.2989421875 0.384671875
1 0.32495625 0.40079374999999995 0.32627812500000003 0.40178593749999997 0.33509687499999996 0.396578125 0.33509687499999996 0.3923609375 0.331128125 0.39136875 0.3276015625 0.391865625 0.325396875 0.3953375 0.32495625 0.40079374999999995
1 0.060406249999999995 0.44444375 0.057759375 0.447171875 0.0586421875 0.44816406249999996 0.0639328125 0.44940468750000007 0.0683421875 0.44915625 0.0736328125 0.44692499999999996 0.074515625 0.4432046875 0.0679015625 0.44196406250000003 0.060406249999999995 0.44444375
1 0.80731875 0.3725203125 0.8139328125 0.3732640625 0.8187828125 0.3650796875 0.8139328125 0.3645828125 0.8099640625 0.3665671875 0.80731875 0.3688 0.80731875 0.3725203125
1 0.7372140625 0.3727671875 0.7323640625000001 0.3705359375 0.7283953125 0.3720234375 0.7283953125 0.37698437500000004 0.7345671874999999 0.3767359375 0.7372140625 0.3727671875
1 0.014109374999999999 0.4236109375 0.0158734375 0.421875 0.0171953125 0.41493125 0.013228124999999999 0.4134421875 0.010140625 0.415921875 0.010140625 0.42113125 0.014109374999999999 0.4236109375
1 0.055556249999999995 0.4546125 0.052468749999999995 0.453125 0.0493828125 0.4548609375 0.0485015625 0.459078125 0.052909375 0.4595734375 0.055556249999999995 0.4546125
1 0.0917109375 0.47941406249999996 0.098325 0.47817499999999996 0.10097031249999999 0.4744546875 0.0956796875 0.4702375 0.08950625 0.47371093750000004 0.08994687500000001 0.478421875 0.0917109375 0.47941406249999996
1 0.8337749999999999 0.41319375 0.825396875 0.415921875 0.8231921874999999 0.41964218750000004 0.8258374999999999 0.4213796875 0.8280421875 0.42113125 0.8337749999999999 0.423115625 0.8377421875 0.4265875 0.8412703125000001 0.4236109375 0.8373015625000001 0.4141859375 0.8337749999999999 0.41319375
1 0.3417109375 0.41170625000000005 0.334215625 0.4094734375 0.32980624999999997 0.4114578125 0.330246875 0.41567499999999996 0.33377500000000004 0.4186515625 0.3417109375 0.41170625000000005
1 0.6344796875000001 0.4327875 0.6344796875000001 0.436259375 0.6384484375 0.43650781250000004 0.641534375 0.435515625 0.6446203125000001 0.43204374999999995 0.6437390625 0.4290671875 0.642415625 0.4283234375 0.6388890625 0.4290671875 0.6344796875000001 0.4327875
1 0.717371875 0.53993125 0.7164906249999999 0.5416671875 0.72575 0.5451390625 0.735890625 0.546875 0.74118125 0.5451390625 0.73633125 0.5384421875000001 0.7323640625000001 0.53670625 0.7279546875 0.53670625 0.717371875 0.53993125
1 0.7341265625 0.5448906250000001 0.7323640625000001 0.5533234375 0.7385359375 0.5563 0.7482359375 0.5572921875 0.75573125 0.5548109375 0.7566140625 0.5518359375 0.749559375 0.5478671875 0.7438265625 0.5453875 0.7341265625 0.5448906250000001
1 0.8324515625 0.2755453125 0.8337749999999999 0.2767859375 0.8399468750000001 0.271825 0.84435625 0.2638890625 0.8417109375 0.2584328125 0.8359781249999999 0.2604171875 0.8328921875 0.2633921875 0.8324515625 0.2755453125
1 0.8134921875 0.3854171875 0.8170187500000001 0.3869046875 0.8218687499999999 0.38665625000000003 0.8240734375000001 0.3849203125 0.820546875 0.382440625 0.8161375 0.3826890625 0.8134921875 0.383928125 0.8134921875 0.3854171875
1 0.7191359375 0.5275296875000001 0.717371875 0.5292656250000001 0.722221875 0.53050625 0.727071875 0.533978125 0.7314812500000001 0.5329859375 0.731040625 0.5292656250000001 0.7283953125 0.527778125 0.7244265624999999 0.5262890625 0.7191359375 0.5275296875000001
1 0.9572312500000001 0.344990625 0.962521875 0.3482140625 0.9682546875 0.3415171875 0.96693125 0.337053125 0.9585531250000001 0.339534375 0.9563484375 0.3415171875 0.9572312500000001 0.344990625
1 0.8002640624999999 0.49057500000000004 0.8024687500000001 0.49305625 0.8064375 0.494046875 0.8090828125 0.4900796875 0.8082015625000001 0.48735156249999995 0.8033515625 0.486359375 0.8007046875 0.4875984375 0.8002640624999999 0.49057500000000004
1 0.7905640625 0.5545640625 0.7865968750000001 0.556546875 0.7861546875000001 0.5605156250000001 0.7954140625 0.5620046875 0.7985015625 0.5620046875 0.801146875 0.5605156250000001 0.8037921875 0.55704375 0.802028125 0.5553078124999999 0.7954140625 0.5540671875000001 0.7905640625 0.5545640625
1 0.2380953125 0.4588296875 0.23853593750000002 0.454365625 0.23545 0.451140625 0.22883593750000003 0.45089218750000004 0.226190625 0.4533734375 0.22795468749999998 0.4588296875 0.2380953125 0.4588296875
1 0.7164906249999999 0.521578125 0.7081125 0.5233140625 0.7076718750000001 0.5255453125 0.7094359375 0.5267859374999999 0.7231046875 0.530009375 0.7288359375 0.532490625 0.731040625 0.5295140625 0.7306 0.52579375 0.7244265624999999 0.5220734375 0.7164906249999999 0.521578125
1 0.46649062499999994 0.9556046874999999 0.46604999999999996 0.9568453124999999 0.46649062499999994 0.96255 0.4704578125 0.96478125 0.47663124999999995 0.9620531250000001 0.4788359375 0.959325 0.4783953125 0.9568453124999999 0.476190625 0.9551093749999999 0.4709 0.95386875 0.46649062499999994 0.9556046874999999
1 0.7949734375 0.56175625 0.78791875 0.5602671875 0.7667546875 0.5602671875 0.764990625 0.5605156250000001 0.7667546875 0.5607640625 0.7694 0.5642359375 0.7764546875 0.5664687500000001 0.7910046875 0.5677078125 0.7954140625 0.5672125 0.79761875 0.565228125 0.7949734375 0.56175625
0 0 0.78125 0.01875 0.7859375 0.0296875 0.778125 0.05625 0.784375 0.1375 0.7765625 0.1859375 0.7296875 0.1921875 0.7171875 0.1859375 0.6875 0.1375 0.6484375 0.096875 0.64375 0.0875 0.6265625 0.0640625 0.621875 0.0375 0.6 0.01875 0.565625 0.0046875 0.5609375 0 0.5640625 0 0.78125
0 0.8421875 0.9640625 0.7390625 0.9546875 0.66875 0.9609375 0.6109375 0.9796875 0.5875 0.99375 0.5859375 0.9984375 0.9203125 0.9984375 0.9234375 0.9890625 0.8421875 0.9640625
0 0.659375 0.84375 0.721875 0.825 0.778125 0.78125 0.7859375 0.7515625 0.7796875 0.7375 0.8078125 0.728125 0.8203125 0.6734375 0.753125 0.68125 0.7078125 0.6734375 0.6859375 0.6734375 0.6765625 0.6796875 0.6734375 0.675 0.665625 0.703125 0.6125 0.7390625 0.5984375 0.7625 0.5734375 0.78125 0.5484375 0.8125 0.546875 0.821875 0.55625 0.834375 0.5875 0.8484375 0.659375 0.84375
0 0.946875 0.9484375 0.99375 0.9875 0.9984375 0.73125 0.9375 0.721875 0.8484375 0.7203125 0.8390625 0.7421875 0.8390625 0.7859375 0.8578125 0.8625 0.9390625 0.9484375 0.946875 0.9484375
0 0.9984375 0.7265625 0.9984375 0.625 0.9625 0.628125 0.915625 0.6484375 0.8609375 0.65 0.834375 0.665625 0.815625 0.6890625 0.8125 0.7078125 0.85625 0.7203125 0.9234375 0.715625 0.9984375 0.7265625
0 0.60546875 0.6471359375 0.55 0.609375 0.4875 0.6015625 0.43359375 0.5911453125 0.3450515625 0.6028640625 0.4518234375 0.6575515625 0.5299484375 0.7604171875 0.6106765625 0.7057296875 0.60546875 0.6471359375
0 0.759375 0.646875 0.9265625 0.640625 0.9578125 0.625 0.9984375 0.6203125 0.9984375 0.5890625 0.9890625 0.5859375 0.86875 0.5703125 0.7453125 0.5625 0.684375 0.54375 0.628125 0.578125 0.625 0.5859375 0.63125 0.6 0.6578125 0.6265625 0.759375 0.646875
0 0.3796875 0.95625 0.41875 0.93125 0.4453125 0.8796875 0.390625 0.8640625 0.3375 0.8734375 0.3484375 0.903125 0.3609375 0.909375 0.359375 0.94375 0.3796875 0.95625
0 0.1109375 0.553125 0.2565109375 0.5950515625 0.4401046875 0.5885421875 0.171875 0.55078125 0.2096359375 0.515625 0.225 0.496875 0.225 0.4875 0.2 0.48125 0.178125 0.490625 0.1375 0.4921875 0.103125 0.5046875 0.1015625 0.5125 0.121875 0.5296875 0.1078125 0.5484375 0.1109375 0.553125
0 0.525 0.1890625 0.5484375 0.184375 0.575 0.16875 0.590625 0.1515625 0.6015625 0.1265625 0.6 0.115625 0.528125 0.028125 0.50625 0.028125 0.471875 0.0453125 0.440625 0.071875 0.4359375 0.0828125 0.4375 0.1015625 0.4265625 0.128125 0.49375 0.209375 0.525 0.1890625
0 0.9015625 0.2359375 0.871875 0.2234375 0.759375 0.2 0.6546875 0.2 0.61875 0.215625 0.6140625 0.2203125 0.621875 0.2265625 0.8359375 0.246875 0.9015625 0.2359375
0 0.89375 0.228125 0.9453125 0.2296875 0.9984375 0.2640625 0.9984375 0.1453125 0.990625 0.134375 0.9359375 0.0984375 0.85625 0.0625 0.8484375 0.0625 0.8328125 0.0953125 0.8359375 0.121875 0.86875 0.1796875 0.86875 0.21875 0.89375 0.228125
1 0.1546875 0.7203125 0.128125 0.7203125 0.121875 0.7265625 0.1296875 0.73125 0.1625 0.73125 0.1546875 0.7203125
1 0.1421875 0.7609375 0.1578125 0.7546875 0.1390625 0.753125 0.1421875 0.7609375
1 0.178125 0.7359375 0.16875 0.73125 0.1609375 0.73125 0.1640625 0.74375 0.1734375 0.74375 0.178125 0.7359375
1 0 0.790625 0.0390625 0.7828125 0.01875 0.775 0 0.7765625 0 0.790625
1 0.0984375 0.7390625 0.0828125 0.7421875 0.08125 0.746875 0.090625 0.7515625 0.1015625 0.746875 0.0984375 0.7390625
1 0.0609375 0.7015625 0.0421875 0.7046875 0.0390625 0.7109375 0.0484375 0.71875 0.0671875 0.7125 0.0609375 0.7015625
1 0.0859375 0.6515625 0.084375 0.6609375 0.0984375 0.659375 0.096875 0.653125 0.0859375 0.6515625
1 0.1453125 0.5140625 0.1140625 0.515625 0.1265625 0.5359375 0.1453125 0.5375 0.1515625 0.528125 0.1453125 0.5140625
1 0.221875 0.56875 0.2265625 0.5796875 0.24375 0.5765625 0.234375 0.56875 0.221875 0.56875
1 0.25625 0.5796875 0.25625 0.5921875 0.2734375 0.590625 0.2703125 0.58125 0.25625 0.5796875
1 0.4984375 0.6140625 0.48125 0.6046875 0.45 0.6078125 0.446875 0.6171875 0.453125 0.6234375 0.4875 0.621875 0.4984375 0.6140625
1 0.5875 0.640625 0.5890625 0.628125 0.5765625 0.6203125 0.5640625 0.621875 0.55625 0.6375 0.5578125 0.6484375 0.575 0.653125 0.5875 0.640625
1 0.55 0.728125 0.5546875 0.7453125 0.578125 0.7359375 0.5734375 0.725 0.55 0.728125
1 0.384375 0.6078125 0.3625 0.6046875 0.359375 0.6125 0.365625 0.6171875 0.3859375 0.6140625 0.384375 0.6078125
1 0.3984375 0.6171875 0.3953125 0.6234375 0.4046875 0.6265625 0.4078125 0.621875 0.3984375 0.6171875
1 0.7046875 0.7875 0.746875 0.775 0.7375 0.7546875 0.70625 0.7640625 0.6640625 0.7578125 0.6390625 0.7734375 0.6375 0.7984375 0.65625 0.8 0.6953125 0.7984375 0.7046875 0.7875
1 0.6125 0.75625 0.6 0.7578125 0.5875 0.771875 0.5921875 0.778125 0.615625 0.7671875 0.6125 0.75625
1 0.7546875 0.8046875 0.7296875 0.8046875 0.725 0.8078125 0.728125 0.81875 0.74375 0.815625 0.7546875 0.8046875
1 0.778125 0.7359375 0.7734375 0.74375 0.7984375 0.74375 0.8140625 0.73125 0.778125 0.7359375
1 0.975 0.6578125 0.975 0.6671875 0.9859375 0.6734375 0.990625 0.665625 0.975 0.6578125
1 0.95625 0.7 0.928125 0.696875 0.925 0.7 0.9328125 0.709375 0.95625 0.70625 0.95625 0.7
1 0.959375 0.6921875 0.9578125 0.70625 0.96875 0.70625 0.9703125 0.69375 0.959375 0.6921875
1 0.971875 0.59375 0.9515625 0.596875 0.9546875 0.6078125 0.9734375 0.6078125 0.978125 0.6 0.971875 0.59375
1 0.8640625 0.571875 0.865625 0.5859375 0.8765625 0.5859375 0.88125 0.575 0.8640625 0.571875
1 0.7796875 0.5734375 0.7484375 0.5765625 0.746875 0.5828125 0.759375 0.5859375 0.7859375 0.5796875 0.7796875 0.5734375
1 0.675 0.565625 0.6765625 0.575 0.6875 0.575 0.684375 0.5671875 0.675 0.565625
1 0.946875 0.64375 0.9359375 0.6453125 0.9359375 0.65625 0.9546875 0.65625 0.9546875 0.6484375 0.946875 0.64375
1 0.796875 0.9734375 0.7859375 0.9640625 0.76875 0.9625 0.765625 0.9734375 0.775 0.9828125 0.784375 0.984375 0.796875 0.9734375
1 0.9890625 0.86875 0.9875 0.88125 0.9984375 0.8953125 0.9984375 0.8640625 0.9890625 0.86875
1 0.3890625 0.8921875 0.3609375 0.8875 0.346875 0.89375 0.346875 0.90625 0.353125 0.9078125 0.3828125 0.9 0.3890625 0.8921875
1 0.6296875 0.9484375 0.6296875 0.959375 0.6421875 0.9625 0.64375 0.9484375 0.6296875 0.9484375
1 0.4046875 0.9484375 0.4140625 0.9421875 0.4046875 0.9375 0.4046875 0.9484375
1 0.671875 0.215625 0.634375 0.20625 0.625 0.215625 0.6390625 0.228125 0.671875 0.228125 0.671875 0.215625
1 0.80625 0.2078125 0.796875 0.2078125 0.7984375 0.215625 0.815625 0.2125 0.80625 0.2078125
1 0.9265625 0.2234375 0.9125 0.2125 0.903125 0.2140625 0.896875 0.21875 0.9 0.228125 0.9171875 0.2296875 0.9265625 0.2234375
1 0.884375 0.1921875 0.8703125 0.19375 0.86875 0.2046875 0.8734375 0.20625 0.890625 0.2 0.884375 0.1921875
1 0.9046875 0.0890625 0.9046875 0.103125 0.9234375 0.0984375 0.9171875 0.0890625 0.9046875 0.0890625
1 0.4703125 0.175 0.484375 0.140625 0.4625 0.121875 0.4515625 0.121875 0.44375 0.1328125 0.44375 0.1484375 0.4515625 0.165625 0.4703125 0.175
1 0.5046875 0.096875 0.5125 0.0671875 0.5078125 0.059375 0.496875 0.059375 0.4890625 0.06875 0.4609375 0.075 0.45 0.0640625 0.4375 0.0828125 0.4359375 0.1078125 0.4609375 0.1125 0.4703125 0.1046875 0.5046875 0.096875
1 0.496875 0.1453125 0.4890625 0.15 0.4875 0.1609375 0.5015625 0.1640625 0.5046875 0.15 0.496875 0.1453125
1 0.5359375 0.165625 0.5109375 0.1703125 0.509375 0.1796875 0.5171875 0.190625 0.534375 0.1859375 0.5359375 0.165625
1 0.5640625 0.0703125 0.5515625 0.059375 0.54375 0.0671875 0.54375 0.0890625 0.559375 0.0953125 0.565625 0.0875 0.5640625 0.0703125
1 0.5984375 0.1234375 0.5828125 0.1171875 0.56875 0.121875 0.5734375 0.1375 0.590625 0.1421875 0.5984375 0.1234375
1 0.53125 0.1390625 0.5296875 0.146875 0.5375 0.1515625 0.5390625 0.140625 0.53125 0.1390625
1 0.5359375 0.1484375 0.53125 0.153125 0.5359375 0.165625 0.540625 0.15625 0.5359375 0.1484375