1 0.291446875 0.5932546875 0.286596875 0.596478125 0.2861546875 0.59995 0.2901234375 0.6036703125 0.2989421875 0.603421875 0.30246875 0.6021828124999999 0.3051140625 0.5994546875 0.3042328125 0.5954859375 0.2985015625 0.5935015625 0.291446875 0.5932546875
1 0.3597890625 0.5572921875 0.3659609375 0.5575390625 0.3694890625 0.556546875 0.37169375 0.55233125 0.369046875 0.550346875 0.36419687500000003 0.5505953124999999 0.3597890625 0.5525796875 0.3597890625 0.5572921875
1 0.320546875 0.5451390625 0.3223109375 0.5488593749999999 0.32980624999999997 0.5498515625 0.331128125 0.5488593749999999 0.33068749999999997 0.5446421875 0.32627812500000003 0.5431546875000001 0.32186875000000004 0.5436515625 0.320546875 0.5451390625
1 0.33377500000000004 0.5297625 0.338625 0.5280265625 0.3412703125 0.5248015625 0.3377421875 0.5213296875 0.32980624999999997 0.52108125 0.32627812500000003 0.5255453125 0.33377500000000004 0.5297625
1 0.44047656249999995 0.45709375 0.42989375 0.45684531249999993 0.41534375 0.459821875 0.41181718749999996 0.462053125 0.41137499999999994 0.4672625 0.4091703125 0.470734375 0.4082890625 0.4744546875 0.416225 0.478421875 0.423721875 0.48065468750000007 0.4320984375 0.4811515625 0.439153125 0.47891874999999995 0.44356249999999997 0.4712296875 0.442240625 0.459821875 0.44047656249999995 0.45709375
1 0.47795468750000003 0.4432046875 0.47266250000000004 0.447171875 0.47178125 0.45089218750000004 0.4744265625 0.45238125 0.49823593749999995 0.45213281250000004 0.5070546874999999 0.4506453125 0.5114640625 0.447171875 0.5017640625 0.44097187499999996 0.49426875 0.4392359375 0.47795468750000003 0.4432046875
1 0.44709062499999996 0.4047625 0.4413578125 0.40997031249999993 0.44047656249999995 0.4119546875 0.44356249999999997 0.4139390625 0.44709062499999996 0.414434375 0.46208125000000005 0.4119546875 0.46560781249999994 0.408234375 0.4629625 0.40128906249999996 0.45723125 0.40128906249999996 0.44709062499999996 0.4047625
1 0.3646390625 0.4342765625 0.36419687500000003 0.4360125 0.36684375 0.4389875 0.37301562499999996 0.439484375 0.3884484375 0.43526718750000004 0.3902109375 0.431546875 0.3853609375 0.4295640625 0.37698437500000004 0.430059375 0.3646390625 0.4342765625
1 0.37654375 0.47147812499999997 0.3787484375 0.4704859375 0.37698437500000004 0.466765625 0.372134375 0.46651718750000004 0.3708109375 0.4682546875 0.3708109375 0.47098281249999996 0.37654375 0.47147812499999997
1 0.4069671875 0.451140625 0.4043203125 0.446428125 0.40123437500000003 0.44915625 0.40079374999999995 0.45089218750000004 0.4029984375 0.45213281250000004 0.4069671875 0.451140625
1 0.5291 0.4377484375 0.53306875 0.435515625 0.5317453125 0.43204374999999995 0.5291 0.4295640625 0.5251328125 0.4303078125 0.52425 0.4357640625 0.5291 0.4377484375
1 0.5551140625000001 0.421875 0.560846875 0.4201390625 0.5599640625 0.41815468750000007 0.5564375 0.41641874999999995 0.552028125 0.41815468750000007 0.5515875 0.4201390625 0.5551140625000001 0.421875
1 0.5718687499999999 0.4360125 0.579365625 0.435515625 0.58465625 0.4322921875 0.584215625 0.427828125 0.57495625 0.43129999999999996 0.5709875 0.43526718750000004 0.5718687499999999 0.4360125
1 0.5798062500000001 0.4548609375 0.576278125 0.451884375 0.5718687499999999 0.4528765625 0.57010625 0.4548609375 0.5718687499999999 0.45758906250000003 0.5798062500000001 0.4548609375
1 0.5533515625 0.5017359375 0.5546734375 0.50545625 0.5639328124999999 0.5071921875000001 0.566578125 0.5047125 0.566578125 0.5009921875 0.5634921875 0.4997515625 0.5564375 0.5 0.5533515625 0.5017359375
1 0.5806875 0.4982640625 0.5837749999999999 0.4995046875 0.5917109375 0.49900781250000004 0.5917109375 0.494046875 0.5820109375 0.49379999999999996 0.5798062500000001 0.494046875 0.5806875 0.4982640625
1 0.556878125 0.5389390625 0.556878125 0.542659375 0.5595234375 0.5446421875 0.5639328124999999 0.5458828125 0.5683421875 0.5448906250000001 0.5679015625 0.53993125 0.5639328124999999 0.5362109375 0.5595234375 0.5364578125 0.556878125 0.5389390625
1 0.41181718749999996 0.53670625 0.415784375 0.537946875 0.4232796875 0.5332343749999999 0.42239843749999995 0.5297625 0.41887187499999995 0.5282734375 0.414021875 0.5292656250000001 0.41225781250000004 0.5307546875 0.41181718749999996 0.53670625
1 0.41931250000000003 0.5307546875 0.419753125 0.5337296874999999 0.4219578125 0.53125 0.4316578125 0.5292656250000001 0.4356265625 0.527034375 0.43606718750000006 0.524553125 0.42901249999999996 0.5233140625 0.42504375000000005 0.523809375 0.41931250000000003 0.5307546875
1 0.40387968750000003 0.509425 0.40784843750000005 0.5106640625 0.41534375 0.508928125 0.41798906249999995 0.5064484375 0.4166671875 0.503471875 0.41181718749999996 0.501240625 0.4025578125 0.5052078125 0.40387968750000003 0.509425
1 0.44400312499999994 0.49776718750000004 0.43959374999999995 0.49603125 0.4351859375 0.49702343750000005 0.4351859375 0.5022328125 0.443121875 0.5017359375 0.44400312499999994 0.49776718750000004
1 0.45194062500000004 0.53993125 0.45502656249999995 0.53745 0.4545859375 0.5362109375 0.4514984375 0.5344734375 0.44664843750000005 0.5357140625000001 0.44709062499999996 0.539434375 0.45194062500000004 0.53993125
1 0.44444375 0.5587796875000001 0.4453265625 0.556546875 0.44356249999999997 0.5548109375 0.439153125 0.5548109375 0.43783125 0.555803125 0.439153125 0.559028125 0.44444375 0.5587796875000001
1 0.415784375 0.57738125 0.41931250000000003 0.5783734375 0.4241625 0.5771328125 0.42813125 0.5724203125 0.4232796875 0.5674609375 0.4175484375 0.568453125 0.4126984375 0.571428125 0.415784375 0.57738125
1 0.38227500000000003 0.5647328125 0.3796296875 0.5682046875 0.3884484375 0.5689484375 0.3884484375 0.5627484375 0.38227500000000003 0.5647328125
1 0.5780421875 0.571428125 0.5798062500000001 0.5724203125 0.5837749999999999 0.5724203125 0.5864203125 0.5689484375 0.585096875 0.5664687500000001 0.5798062500000001 0.5649796874999999 0.5771609375 0.5672125 0.5780421875 0.571428125
1 0.6494703125 0.5404265625 0.6543203125 0.5376984375 0.6543203125 0.5329859375 0.646384375 0.5342265625 0.6446203125000001 0.5357140625000001 0.646384375 0.540921875 0.6494703125 0.5404265625
1 0.513228125 0.5806046874999999 0.5145500000000001 0.5756453125000001 0.5207234374999999 0.5724203125 0.5176359374999999 0.570684375 0.51366875 0.572171875 0.5119046875000001 0.5758921875 0.513228125 0.5806046874999999
1 0.514109375 0.5798609375 0.514109375 0.5761406250000001 0.5061734375 0.5758921875 0.50573125 0.5801093749999999 0.5097 0.5818453124999999 0.514109375 0.5798609375
1 0.41931250000000003 0.630953125 0.416225 0.6269843749999999 0.4131390625 0.6287203124999999 0.4126984375 0.630953125 0.41490312500000004 0.63194375 0.41931250000000003 0.630953125
1 0.5679015625 0.5974703124999999 0.5718687499999999 0.5982140625000001 0.5806875 0.5932546875 0.5815703125 0.591021875 0.5758375 0.5897812499999999 0.57010625 0.5915171875 0.5679015625 0.5942453125 0.5679015625 0.5974703124999999
1 0.5167546875 0.6150796875 0.51058125 0.61011875 0.4977953125 0.609375 0.49426875 0.6108625 0.489859375 0.6111109375 0.47971718750000003 0.61805625 0.46649062499999994 0.6225203125000001 0.462521875 0.6259921875 0.462521875 0.628471875 0.46428593749999997 0.6297125 0.46869531249999996 0.6314484375 0.47310468749999995 0.6312 0.481921875 0.627728125 0.4841265625 0.62574375 0.509259375 0.619046875 0.5167546875 0.6150796875
1 0.5573187500000001 0.5959828125 0.55555625 0.5957343749999999 0.5429890625 0.6020578125 0.53306875 0.6041671875 0.5286593749999999 0.6071421875 0.5295421874999999 0.6088796875 0.53306875 0.6091265625 0.541446875 0.6073906250000001 0.55246875 0.603421875 0.5546734375 0.600446875 0.5582015625000001 0.5994546875 0.5573187500000001 0.5959828125
1 0.6446203125000001 0.46651718750000004 0.6437390625 0.4759421875 0.646384375 0.47941406249999996 0.651234375 0.478421875 0.6538796875 0.4759421875 0.656525 0.4662703125 0.6538796875 0.46378906249999996 0.6494703125 0.4635421875 0.6446203125000001 0.46651718750000004
1 0.6582890625 0.4967765625 0.6534390625000001 0.4952875 0.6494703125 0.49727187500000003 0.650353125 0.5017359375 0.6578484375 0.5019843749999999 0.6582890625 0.4967765625
1 0.6534390625000001 0.451140625 0.6547625 0.45238125 0.6591703125 0.45386875 0.6613749999999999 0.451884375 0.660053125 0.44890937500000005 0.6578484375 0.44766874999999995 0.6543203125 0.44965312500000004 0.6534390625000001 0.451140625
1 0.5370375000000001 0.477678125 0.5317453125 0.478421875 0.5308640625 0.4796625 0.5304234375 0.482390625 0.53395 0.48363125 0.538359375 0.48983125000000005 0.5410046875 0.4908234375 0.54276875 0.48834375 0.5423281249999999 0.482390625 0.538359375 0.48015937500000005 0.5370375000000001 0.477678125
1 0.617284375 0.415178125 0.6150796875 0.41319375 0.6106703125 0.4146828125 0.6111109375 0.419890625 0.6150796875 0.42113125 0.617284375 0.415178125
1 0.6164015625 0.40625 0.61860625 0.40401718750000004 0.6150796875 0.40079374999999995 0.6111109375 0.39930625000000003 0.6102296875000001 0.4015375 0.6111109375 0.40550625 0.6164015625 0.40625
1 0.6578484375 0.384425 0.660053125 0.3821921875 0.6582890625 0.3779765625 0.655203125 0.3779765625 0.6534390625000001 0.3794640625 0.6525578125 0.3807046875 0.6578484375 0.384425
1 0.7623453125 0.3521828125 0.749559375 0.3563984375 0.75 0.36483125 0.7539687500000001 0.368303125 0.7597 0.37003906249999996 0.768959375 0.3692953125 0.77336875 0.36483125 0.77336875 0.3608625 0.7663140625 0.3536703125 0.7623453125 0.3521828125
1 0.8284828125000001 0.4662703125 0.829365625 0.470734375 0.8417109375 0.476934375 0.853615625 0.47495000000000004 0.852734375 0.4704859375 0.8492062499999999 0.46800625 0.8346562499999999 0.46478125 0.8306875 0.46502968750000007 0.8284828125000001 0.4662703125
1 0.8805109375000001 0.362846875 0.8835984375000001 0.3650796875 0.8884484374999999 0.365328125 0.8888890625 0.3608625 0.8805109375000001 0.3516859375 0.8765437500000001 0.3514390625 0.8743390625 0.352678125 0.8805109375000001 0.362846875
1 0.9074078125 0.4067453125 0.9034390625000001 0.408234375 0.9021156250000001 0.41071406250000003 0.9025578124999999 0.4126984375 0.920634375 0.421875 0.923721875 0.42286718749999996 0.9320984375 0.42261875 0.9320984375 0.41170625000000005 0.9259265624999999 0.40525781250000004 0.9228390624999999 0.4047625 0.9074078125 0.4067453125
1 0.93959375 0.44618125 0.9312171875 0.443453125 0.9197531250000001 0.44692499999999996 0.9087296874999999 0.4548609375 0.9038796874999999 0.45659687499999996 0.8941796875 0.466765625 0.8937390625000001 0.470734375 0.9038796874999999 0.47495000000000004 0.9078484375 0.47495000000000004 0.939153125 0.4672625 0.9444437499999999 0.4630453125 0.9453265625 0.45932500000000004 0.9444437499999999 0.4536203125 0.93959375 0.44618125
1 0.2724875 0.3849203125 0.27028281249999997 0.38665625000000003 0.27028281249999997 0.3928578125 0.2716046875 0.394840625 0.27557343749999996 0.396578125 0.2870375 0.3936015625 0.291446875 0.383928125 0.287478125 0.381696875 0.28306875 0.38194374999999997 0.2724875 0.3849203125
1 0.057318749999999995 0.3963296875 0.0537921875 0.394840625 0.03395 0.3911203125 0.02425 0.3908734375 0.0171953125 0.3936015625 0.01058125 0.399553125 0.010140625 0.40128906249999996 0.0127859375 0.40352187500000003 0.02425 0.4047625 0.0295421875 0.4067453125 0.041446875 0.4087296875 0.045414062500000005 0.4079859375 0.052468749999999995 0.4045140625 0.057318749999999995 0.3963296875
1 0.20634843749999998 0.302828125 0.20943593749999997 0.305803125 0.216490625 0.306546875 0.21693125000000002 0.30233125 0.2138453125 0.299603125 0.2089953125 0.299603125 0.206790625 0.3013390625 0.20634843749999998 0.302828125
1 0.2345671875 0.5486109375 0.236771875 0.5505953124999999 0.2425046875 0.5488593749999999 0.2438265625 0.544146875 0.23985937499999999 0.540178125 0.23633125000000002 0.5389390625 0.23545 0.5404265625 0.2345671875 0.5486109375
1 0 0.58358125 0.0061734375 0.5838296875 0.0114640625 0.5828375 0.0158734375 0.5801093749999999 0.0171953125 0.572171875 0.013228124999999999 0.5701890625 0.00573125 0.5729171875 0 0.5751484375 0 0.58358125
1 0 0.53993125 0.009259375 0.5404265625 0.0127859375 0.5376984375 0.0119046875 0.5332343749999999 0.009259375 0.5307546875 0.0035265625 0.53050625 0 0.53125 0 0.53993125
1 0.056437499999999995 0.6391375 0.060406249999999995 0.641865625 0.0679015625 0.6423609375 0.0674609375 0.6383921875 0.06437343749999999 0.6356640625 0.059082812500000005 0.6349203125 0.056437499999999995 0.6361609374999999 0.056437499999999995 0.6391375
1 0.15564375 0.6765875 0.156084375 0.6822921875 0.15828906250000002 0.6837796875000001 0.16181718750000001 0.6835312499999999 0.164021875 0.681546875 0.164021875 0.6775796875 0.1622578125 0.675346875 0.15828906250000002 0.675346875 0.15564375 0.6765875
1 0.268959375 0.759671875 0.2707234375 0.7604171875 0.27865937500000004 0.759671875 0.2768953125 0.755953125 0.2707234375 0.7552078125 0.268959375 0.7557046875 0.268959375 0.759671875
1 0.39329843750000004 0.7544640625000001 0.3928578125 0.756696875 0.3950625 0.759671875 0.402115625 0.76016875 0.40564375 0.7591765625 0.40740781249999997 0.7549609375 0.4047625 0.7514875 0.39594375 0.7524796874999999 0.39329843750000004 0.7544640625000001
1 0.4607578125 0.7323906250000001 0.4629625 0.7353671875 0.4744265625 0.73511875 0.4744265625 0.72891875 0.46560781249999994 0.7271828124999999 0.46208125000000005 0.728175 0.4612 0.7299109374999999 0.4607578125 0.7323906250000001
1 0.49029999999999996 0.7304062499999999 0.489859375 0.733134375 0.491621875 0.734375 0.49382656249999995 0.73511875 0.4973546875 0.7338796875 0.49867656250000003 0.7321421875 0.49603125 0.7304062499999999 0.49382656249999995 0.7296625 0.49029999999999996 0.7304062499999999
1 0.5317453125 0.758184375 0.5313046875 0.7599203125 0.5335093750000001 0.762153125 0.537478125 0.7631453125000001 0.5449734375 0.7619046875000001 0.5458546875 0.757440625 0.5440921875 0.7549609375 0.5365968750000001 0.7549609375 0.5317453125 0.758184375
1 0.6115515625 0.769096875 0.6159609374999999 0.769840625 0.622575 0.7686015625 0.6230156250000001 0.7638890625 0.6203703125 0.762153125 0.6150796875 0.7619046875000001 0.6106703125 0.7633921875 0.6115515625 0.769096875
1 0.6988531250000001 0.7703375 0.6984125 0.771825 0.7010578125 0.774553125 0.7089953125 0.773809375 0.7129624999999999 0.7713296875 0.7098765625000001 0.7688484375 0.7054671875 0.7678578125 0.7010578125 0.768353125 0.6988531250000001 0.7703375
1 0.7385359375 0.768353125 0.7429453125000001 0.7695937500000001 0.745590625 0.769096875 0.7477953125 0.7678578125 0.7477953125 0.7636406250000001 0.7429453125000001 0.7624015625 0.7380953124999999 0.7636406250000001 0.7385359375 0.768353125
1 0.6287484375 0.8226687500000001 0.630953125 0.8244046875000001 0.6384484375 0.823909375 0.6397703124999999 0.8229171875000001 0.6384484375 0.8179562499999999 0.6318343750000001 0.8179562499999999 0.6291890625 0.8196921875 0.6287484375 0.8226687500000001
1 0.5758375 0.8338296875 0.5696656250000001 0.8283734375 0.55246875 0.8278765625 0.5458546875 0.8298609375 0.5388 0.8340781249999999 0.53306875 0.8380453125 0.5295421874999999 0.8427578125 0.5273375 0.8511906249999999 0.52336875 0.8573906250000001 0.5220453125 0.8611109375 0.5251328125 0.8638390625 0.5286593749999999 0.8638390625 0.5365968750000001 0.8613593749999999 0.5388 0.858134375 0.546296875 0.8524312500000001 0.5683421875 0.8415171875 0.5758375 0.8338296875
1 0.46781249999999996 0.829365625 0.45767187500000006 0.8350687499999999 0.45546718750000004 0.83755 0.4563484375 0.8417656250000001 0.4629625 0.8442453125 0.47222187499999996 0.8373015625000001 0.4739859375 0.8338296875 0.47354531250000004 0.8301093749999999 0.4709 0.82886875 0.46781249999999996 0.829365625
1 0.372575 0.8187 0.372575 0.8149796874999999 0.3708109375 0.8134921875 0.3650796875 0.8127484375 0.3619921875 0.8139875 0.362434375 0.8182046875 0.372575 0.8187
1 0.2905640625 0.8296125 0.28791875 0.831596875 0.2870375 0.8345734374999999 0.2892421875 0.83755 0.2936515625 0.8385421875000001 0.2989421875 0.8382937500000001 0.30026406250000004 0.8335812499999999 0.2985015625 0.8311015625 0.2945328125 0.8291171875 0.2905640625 0.8296125
1 0.28483281250000003 0.8534218750000001 0.286596875 0.85540625 0.2940921875 0.855903125 0.2954140625 0.8529265625000001 0.291446875 0.8494546875 0.286596875 0.8489578124999999 0.2852734375 0.84995 0.28483281250000003 0.8534218750000001
1 0.22266249999999999 0.8613593749999999 0.2244265625 0.862846875 0.2283953125 0.86334375 0.2306 0.8611109375 0.230159375 0.8578875 0.22486718749999998 0.8561515625 0.22354531249999998 0.856646875 0.22266249999999999 0.8613593749999999
1 0.10097031249999999 0.8506937499999999 0.10317499999999999 0.8539187500000001 0.1071421875 0.8536703125 0.109346875 0.8509421875 0.1071421875 0.846478125 0.10317499999999999 0.8459828125 0.1014109375 0.84771875 0.10097031249999999 0.8506937499999999
1 0.1984125 0.8142359375 0.197971875 0.809771875 0.193121875 0.8075390625000001 0.189153125 0.8075390625000001 0.18783125 0.809028125 0.1887125 0.8134921875 0.1984125 0.8142359375
1 0.26322812500000003 0.8891375 0.260140625 0.8911203125 0.2614640625 0.896825 0.26366875 0.8980656249999999 0.268078125 0.8978171875 0.27028281249999997 0.8963296875 0.27116406249999997 0.8931046874999999 0.269840625 0.890625 0.26763593750000003 0.889384375 0.26322812500000003 0.8891375
1 0.1477078125 0.8911203125 0.1481484375 0.8958328124999999 0.1534390625 0.8978171875 0.15828906250000002 0.8973218749999999 0.16313906250000001 0.8926093749999999 0.16181718750000001 0.8908734375 0.155203125 0.889384375 0.150353125 0.8891375 0.1477078125 0.8911203125
1 0.442240625 0.9228671875 0.4369484375 0.925346875 0.43606718750000006 0.9278281249999999 0.442240625 0.9315468750000001 0.45502656249999995 0.9317953125 0.45899531250000003 0.9285718749999999 0.458553125 0.9255953124999999 0.45502656249999995 0.9238593749999999 0.4492953125 0.9241078125 0.442240625 0.9228671875
1 0.52821875 0.9233625 0.527778125 0.9278281249999999 0.5295421874999999 0.9295640625000001 0.5361546875000001 0.9308031250000001 0.5410046875 0.9295640625000001 0.541446875 0.9236109375 0.5392421875 0.9213796875 0.53306875 0.9208828125 0.52821875 0.9233625
1 0.57010625 0.9037703125000001 0.5679015625 0.90625 0.5674609375 0.9084828125 0.5696656250000001 0.9107140625 0.5731921875 0.9114578124999999 0.5767203125 0.910465625 0.5789234375000001 0.9079859375 0.5789234375000001 0.9042656250000001 0.5758375 0.902034375 0.57010625 0.9037703125000001
1 0.447971875 0.8965781249999999 0.45105781250000004 0.8993062500000001 0.45899531250000003 0.8998015625000001 0.4603171875 0.8958328124999999 0.458553125 0.8931046874999999 0.45105781250000004 0.8926093749999999 0.448853125 0.89459375 0.447971875 0.8965781249999999
1 0.7089953125 0.8353171875 0.7006171875 0.8365578125 0.6948859374999999 0.841021875 0.6873890625 0.8514390625000001 0.6781312500000001 0.8544140625000001 0.6684296875 0.8613593749999999 0.6675484375 0.8665671875 0.669753125 0.8695437500000001 0.6759265625 0.8645828124999999 0.693121875 0.8544140625000001 0.7041453125 0.8435015625 0.7107578125 0.8415171875 0.7138453124999999 0.8377968750000001 0.7089953125 0.8353171875
1 0.6547625 0.823909375 0.6538796875 0.8266375 0.6574078125 0.8286203125 0.6618171875 0.8283734375 0.665784375 0.8258921875 0.6701937499999999 0.8221718750000001 0.6715171875 0.8189484374999999 0.669753125 0.8127484375 0.6547625 0.823909375
1 0.2716046875 0.23462343749999998 0.27336875 0.23214218749999999 0.27116406249999997 0.22867031249999997 0.2671953125 0.22643906249999998 0.26366875 0.22966250000000002 0.26322812500000003 0.23313437499999998 0.2716046875 0.23462343749999998
1 0.11022968749999999 0.23611093749999998 0.107584375 0.23462343749999998 0.098765625 0.23561562500000002 0.098325 0.236359375 0.10317499999999999 0.23834375 0.11022968749999999 0.23611093749999998
1 0.20943593749999997 0.232390625 0.2081125 0.23313437499999998 0.20546718749999998 0.24007968750000003 0.207671875 0.241815625 0.22883593750000003 0.2485125 0.2345671875 0.248015625 0.230159375 0.23908749999999998 0.22486718749999998 0.23363125 0.21605 0.23462343749999998 0.20943593749999997 0.232390625
1 0.3417109375 0.282490625 0.3284828125 0.27728125000000003 0.3258375 0.2740578125 0.32275156250000003 0.273065625 0.3223109375 0.2713296875 0.31701875 0.2733140625 0.3143734375 0.2728171875 0.3099640625 0.2740578125 0.3086421875 0.27628906249999996 0.31040625 0.283978125 0.31349218749999996 0.287203125 0.32495625 0.2844734375 0.33377500000000004 0.28521874999999997 0.3368609375 0.287203125 0.3421515625 0.2869546875 0.3417109375 0.282490625
1 0.3562609375 0.27926562499999996 0.3452375 0.2755453125 0.3452375 0.280009375 0.3562609375 0.27926562499999996
1 0.49382656249999995 0.11557500000000001 0.47178125 0.118303125 0.471340625 0.119046875 0.4739859375 0.1200390625 0.4788359375 0.1200390625 0.4872140625 0.122271875 0.4973546875 0.12152812500000001 0.500440625 0.1192953125 0.49823593749999995 0.11631875 0.49382656249999995 0.11557500000000001
1 0.5008812500000001 0.1458328125 0.5030859375000001 0.1421125 0.49382656249999995 0.14136875 0.491621875 0.14260937499999998 0.4929453125 0.1458328125 0.5008812500000001 0.1458328125
1 0.5582015625000001 0.14136875 0.552909375 0.1453375 0.5546734375 0.1490578125 0.56216875 0.1515375 0.5806875 0.1463296875 0.585096875 0.1421125 0.580246875 0.13839218749999999 0.575396875 0.1369046875 0.5639328124999999 0.1391375 0.5582015625000001 0.14136875
1 0.6494703125 0.152034375 0.646825 0.153521875 0.646825 0.15823437499999998 0.650353125 0.1619546875 0.6574078125 0.1639390625 0.6613749999999999 0.162946875 0.6644625 0.1579859375 0.6626984375 0.15525781249999998 0.6543203125 0.152034375 0.6494703125 0.152034375
1 0.650353125 0.075396875 0.64594375 0.0734125 0.6406531249999999 0.0731640625 0.6375656249999999 0.0786203125 0.6305109375 0.08358125 0.630953125 0.08754999999999999 0.6380078124999999 0.0892859375 0.646825 0.0880453125 0.651675 0.084821875 0.6534390625000001 0.08060468750000001 0.650353125 0.075396875
1 0.872575 0.0625 0.8668437499999999 0.061012500000000004 0.853615625 0.0622515625 0.8447968749999999 0.065971875 0.8403875 0.07192499999999999 0.8412703125000001 0.0865578125 0.8492062499999999 0.09300625 0.8558203125 0.09201406250000001 0.8681656249999999 0.087796875 0.8734562499999999 0.082340625 0.8756609375 0.07638906250000001 0.8752203125 0.06423593749999999 0.872575 0.0625
1 0.7958546875 0 0.7958546875 0.0017359375 0.7993828125 0.0029765625 0.80731875 0.0032234375 0.81525625 0.001984375 0.8156968750000001 0 0.7958546875 0
1 0.896825 0.03521875 0.891534375 0.035465625 0.886684375 0.03670625 0.8844796875000001 0.0384421875 0.8835984375000001 0.0446421875 0.8853609375 0.04613125 0.8999124999999999 0.0498515625 0.906525 0.0486109375 0.9087296874999999 0.0453875 0.9082890625 0.0424109375 0.9025578124999999 0.03670625 0.896825 0.03521875
1 0.9607578125 0.053571875000000005 0.9550265625 0.054315625 0.9453265625 0.0602671875 0.944003125 0.0627484375 0.9457671875000001 0.0682046875 0.9660500000000001 0.07738125 0.9753093749999999 0.0744046875 0.9805999999999999 0.0704359375 0.9828046875 0.0647328125 0.981040625 0.0602671875 0.9673718750000001 0.054315625 0.9607578125 0.053571875000000005
1 0.9351859375 0.0731640625 0.9259265624999999 0.0778765625 0.9228390624999999 0.082340625 0.9223984375000001 0.0838296875 0.9263671875 0.0865578125 0.9329812499999999 0.08680625 0.9435625 0.082340625 0.9475312499999999 0.07911718749999999 0.9453265625 0.07713281250000001 0.93959375 0.0758921875 0.9351859375 0.0731640625
1 0.923721875 0.11458281249999999 0.9162250000000001 0.1044140625 0.9118171875 0.1036703125 0.8849203125 0.1078875 0.872575 0.11458281249999999 0.8668437499999999 0.119046875 0.867284375 0.12698437499999998 0.877425 0.13665624999999998 0.8805109375000001 0.137896875 0.8924156249999999 0.1376484375 0.9052031250000001 0.13516875 0.9171078125 0.13045625 0.9232796875 0.11879999999999999 0.923721875 0.11458281249999999
1 0.9365078125 0.1545140625 0.93474375 0.1515375 0.9241625000000001 0.1498015625 0.915784375 0.14558593749999998 0.9091703125 0.1450890625 0.9007937500000001 0.1458328125 0.89594375 0.147321875 0.8880078125 0.15277812500000001 0.8871249999999999 0.1547625 0.8888890625 0.15848281250000001 0.9029984375 0.162203125 0.9166671875000001 0.1641859375 0.9219578125 0.1641859375 0.9290125 0.1626984375 0.93474375 0.1579859375 0.9365078125 0.1545140625
1 0.9457671875000001 0.17113125 0.944003125 0.17261875 0.944003125 0.1775796875 0.9470906250000001 0.1798109375 0.9554671875 0.180059375 0.9607578125 0.177828125 0.961640625 0.17385937499999998 0.9589953124999999 0.17261875 0.9492953125 0.17088281249999998 0.9457671875000001 0.17113125
1 0.99515 0.1307046875 0.9977953125000001 0.1329359375 0.9984375 0.1329359375 0.9984375 0.1232640625 0.9977953125000001 0.1232640625 0.994709375 0.12847187499999999 0.99515 0.1307046875
1 0.7244265624999999 0.1979171875 0.7306 0.1986609375 0.735890625 0.196925 0.7376546875 0.19444375 0.735890625 0.1907234375 0.7297171875 0.1904765625 0.7239859375 0.19246093749999998 0.7244265624999999 0.1979171875
1 0.8487656250000001 0.20138906250000002 0.8417109375 0.20486093749999998 0.8399468750000001 0.20783749999999998 0.8421515625 0.212796875 0.8452375 0.2137890625 0.8492062499999999 0.2135421875 0.8589062500000001 0.20858125 0.8597890625 0.2046125 0.858465625 0.2026296875 0.8553796874999999 0.20138906250000002 0.8487656250000001 0.20138906250000002
1 0.8320109375 0.23511875 0.8315703125 0.23660781250000001 0.834215625 0.23908749999999998 0.8399468750000001 0.24007968750000003 0.8461203125000001 0.23983125 0.8478843749999999 0.2353671875 0.843475 0.2313984375 0.8373015625000001 0.23164687499999997 0.8320109375 0.23511875
1 0.7724875 0.232390625 0.7751328125 0.234375 0.7791 0.23412656250000002 0.7817453125 0.232390625 0.7817453125 0.228421875 0.7773375 0.22792656249999999 0.772928125 0.230903125 0.7724875 0.232390625
1 0.7813046875 0.2591765625 0.7821875 0.2624015625 0.7865968750000001 0.2638890625 0.7945328125 0.2633921875 0.798059375 0.2599203125 0.7958546875 0.2584328125 0.791446875 0.2579359375 0.78306875 0.258184375 0.7813046875 0.2591765625
1 0.972221875 0.24355156249999999 0.97178125 0.2524796875 0.9775124999999999 0.2584328125 0.9845671875 0.2604171875 0.9984375 0.2604171875 0.9984375 0.23759843749999998 0.9823640625 0.23611093749999998 0.9735453125 0.24007968750000003 0.972221875 0.24355156249999999
0 0.48324531249999997 0.15724218750000002 0.514990625 0.18402812500000001 0.52425 0.18849218750000002 0.527778125 0.1889875 0.5321875 0.1951890625 0.5370375000000001 0.196428125 0.543209375 0.1999015625 0.5564375 0.209821875 0.5599640625 0.2061015625 0.56216875 0.194940625 0.570546875 0.173115625 0.5780421875 0.1609625 0.5833328125 0.146825 0.5881828125 0.14161718750000002 0.6194890625 0.09474218749999999 0.622134375 0.09201406250000001 0.6269843749999999 0.092509375 0.6291890625 0.09176562499999999 0.6300703125 0.08333281249999999 0.6380078124999999 0.07638906250000001 0.63624375 0.0736609375 0.62654375 0.06770781249999999 0.6115515625 0.0620046875 0.5683421875 0.059771874999999995 0.565696875 0.060515624999999997 0.5511468749999999 0.0602671875 0.5291 0.06448437500000001 0.5207234374999999 0.069196875 0.5070546874999999 0.07192499999999999 0.499559375 0.07638906250000001 0.475309375 0.07911718749999999 0.46693125 0.0845734375 0.4594359375 0.0873015625 0.456790625 0.092509375 0.452821875 0.0952375 0.453703125 0.123015625 0.45502656249999995 0.125 0.4594359375 0.1267359375 0.4607578125 0.134425 0.4709 0.1463296875 0.4744265625 0.1485609375 0.4783953125 0.1545140625 0.48324531249999997 0.15724218750000002
1 0.64109375 0.2775296875 0.641534375 0.28025781250000004 0.646384375 0.2827375 0.6596124999999999 0.28199375 0.6635796875 0.2795140625 0.6618171875 0.2755453125 0.650353125 0.273809375 0.6432984375 0.2748015625 0.64109375 0.2775296875
1 0.7870375000000001 0.8931046874999999 0.7888 0.8950890625 0.7949734375 0.8960812499999999 0.7971781250000001 0.893353125 0.7958546875 0.88988125 0.7910046875 0.889384375 0.78791875 0.8911203125 0.7870375000000001 0.8931046874999999
1 0.7658734375 0.865575 0.7671953125 0.8670640625000001 0.7711640625 0.8670640625000001 0.7755734375000001 0.8653281249999999 0.77336875 0.860615625 0.7707234374999999 0.8598703125 0.7663140625 0.8608625 0.7658734375 0.865575
1 0.86860625 0.9506453125000001 0.8668437499999999 0.9521328125 0.8659609375 0.9556046874999999 0.8681656249999999 0.9588296875 0.8840390625 0.9623015625000001 0.886684375 0.9610609374999999 0.8884484374999999 0.9588296875 0.88624375 0.9548609375 0.8805109375000001 0.9511406250000001 0.86860625 0.9506453125000001
1 0.4501765625 0.9650296875000001 0.44709062499999996 0.9667656250000001 0.45061718749999996 0.9709828125 0.45899531250000003 0.97495 0.462521875 0.9754468749999999 0.46428593749999997 0.971478125 0.46340312499999997 0.964534375 0.45811250000000003 0.9640375000000001 0.4501765625 0.9650296875000001
0 0.8240734375000001 0.69618125 0.831128125 0.7011406250000001 0.8492062499999999 0.7068453124999999 0.8580249999999999 0.7070937500000001 0.8611109375 0.7095734375 0.951940625 0.6884921875 0.9589953124999999 0.6899796874999999 0.9779546874999999 0.68824375 0.9814812500000001 0.6850203125000001 0.9872140625 0.6837796875000001 0.9938265625 0.6795640625 0.9973546875 0.6741078125 0.9984375 0.6736109375 0.9984375 0.46602187500000003 0.9916218750000001 0.4583328125 0.9814812500000001 0.4548609375 0.97575 0.4454359375 0.9678125 0.44022812499999997 0.9642859375 0.4392359375 0.9541453125 0.4392359375 0.9462078125 0.43477187500000003 0.94268125 0.430803125 0.9316578124999999 0.4270828125 0.9290125 0.4275796875 0.906525 0.4171625 0.9047625 0.41493125 0.8994703124999999 0.41245000000000004 0.896384375 0.40699375 0.8937390625000001 0.40625 0.8910937499999999 0.40352187500000003 0.886684375 0.39260937500000004 0.882715625 0.3901296875 0.8747796875 0.3883921875 0.8730156250000001 0.384671875 0.86860625 0.3859125 0.864196875 0.3903765625 0.8597890625 0.40228125 0.8606703124999999 0.4154265625 0.862434375 0.4213796875 0.8659609375 0.4236109375 0.8664015624999999 0.430059375 0.87169375 0.44047656249999995 0.8730156250000001 0.4546125 0.8730156250000001 0.4623015625 0.8668437499999999 0.4928078125 0.852734375 0.5173609375 0.8320109375 0.5451390625 0.8276015624999999 0.5488593749999999 0.8240734375000001 0.5548109375 0.8209875 0.5563 0.8209875 0.5605156250000001 0.8192234375 0.561259375 0.8126109375 0.5593578124999999 0.8126109375 0.556546875 0.810846875 0.555803125 0.80731875 0.55704375 0.8055562500000001 0.5607640625 0.8117281249999999 0.5682046875 0.810846875 0.5828375 0.8051140625000001 0.584821875 0.8042328124999999 0.589534375 0.802028125 0.5922625 0.7985015625 0.59300625 0.782628125 0.6267359375 0.7804234375 0.634425 0.7813046875 0.6542656250000001 0.7870375000000001 0.6696421875 0.7940921875 0.678075 0.8024687500000001 0.6852671875 0.8134921875 0.690971875 0.8156968750000001 0.6932046875 0.8240734375000001 0.69618125
0 0 0.1200390625 0.005290625 0.12599218750000002 0.014770312499999999 0.126240625 0.0268953125 0.12996093749999998 0.03395 0.12996093749999998 0.0410046875 0.1326890625 0.155203125 0.1564984375 0.165784375 0.1577375 0.178571875 0.15699375 0.180334375 0.15550625 0.180334375 0.15228124999999998 0.1776890625 0.1423609375 0.173721875 0.14012968750000002 0.1715171875 0.14012968750000002 0.1679890625 0.1374015625 0.1728390625 0.12723281250000001 0.1723984375 0.12450468750000002 0.1693125 0.123015625 0.17019375 0.11780781250000001 0.161375 0.11408750000000001 0.15828906250000002 0.1096234375 0.1534390625 0.1063984375 0.1543203125 0.10317499999999999 0.15079375 0.10317499999999999 0.1490296875 0.101934375 0.14594374999999998 0.09573437500000001 0.0537921875 0.044146875 0.044532812500000005 0.03745 0.028659374999999997 0.030009374999999998 0.0220453125 0.0280265625 0.0110234375 0.0213296875 0.005290625 0.020089062499999998 0.0030859375 0.021578125 0 0.025296875000000003 0 0.1200390625
0 0.161375 0.1822921875 0.170634375 0.1770828125 0.1723984375 0.173115625 0.16534374999999998 0.1688984375 0.146825 0.162946875 0.146384375 0.1619546875 0.135803125 0.1619546875 0.13139375 0.1595984375 0.130953125 0.1577375 0.12830625 0.15699375 0.123015625 0.157490625 0.10361562499999999 0.153521875 0.0965609375 0.1530265625 0.0925921875 0.1547625 0.08994687500000001 0.1547625 0.080246875 0.15128906250000002 0.0758375 0.147321875 0.074515625 0.15079375 0.07186875000000001 0.15228124999999998 0.062168749999999995 0.146825 0.06349218749999999 0.1436015625 0.065696875 0.1423609375 0.0630515625 0.14112031249999998 0.056437499999999995 0.13963281249999998 0.0485015625 0.1408734375 0.033509375 0.137896875 0.0158734375 0.13368125 0.013228124999999999 0.12996093749999998 0.009259375 0.13045625 0.00573125 0.12847187499999999 0.0030859375 0.133928125 0.0026453125 0.1872515625 0.00573125 0.20089218749999999 0.054232812500000005 0.1984125 0.11948906249999999 0.193453125 0.1384484375 0.18948437499999998 0.142415625 0.1877484375 0.147265625 0.1875 0.161375 0.1822921875
0 0.117725 0 0.117725 0.0022328125 0.12213437499999999 0.00694375 0.1291890625 0.00868125 0.1344796875 0.014384375 0.1353609375 0.017609375 0.142415625 0.0220734375 0.1477078125 0.0235609375 0.1529984375 0.029265625 0.1596125 0.031001562500000003 0.1644625 0.0369546875 0.1684296875 0.0376984375 0.1723984375 0.03521875 0.170634375 0.028521875000000002 0.1728390625 0.024306249999999998 0.1851859375 0.021825 0.193121875 0.0280265625 0.19709062500000002 0.02728125 0.20326249999999998 0.0307546875 0.2050265625 0.0342265625 0.2129625 0.034721875 0.21869531250000002 0.0329859375 0.216490625 0.032242187500000005 0.2138453125 0.0255453125 0.2089953125 0.021081250000000003 0.20634843749999998 0.0240578125 0.203703125 0.024306249999999998 0.1953265625 0.022568750000000002 0.19444375 0.021578125 0.194003125 0.0133921875 0.1984125 0.009671875 0.1935625 0.003471875 0.1935625 0 0.117725 0
0 0.24338593749999998 0 0.240740625 0.0057046875 0.2425046875 0.0125984375 0.24118124999999999 0.0411703125 0.24338593749999998 0.05853125 0.241621875 0.068453125 0.244709375 0.073103125 0.24514999999999998 0.08010937500000001 0.2535265625 0.1076390625 0.2597 0.123015625 0.2663140625 0.1334328125 0.2724875 0.1403765625 0.27954218750000004 0.14409687499999999 0.2813046875 0.14756875 0.2958546875 0.16121093749999998 0.29717812499999996 0.1721234375 0.302028125 0.17113125 0.3051140625 0.1681546875 0.3183421875 0.1609625 0.3209875 0.157490625 0.329365625 0.15401718749999999 0.32980624999999997 0.150296875 0.3320109375 0.148065625 0.343915625 0.139384375 0.37301562499999996 0.122271875 0.37610156250000004 0.11855156250000001 0.381834375 0.1150796875 0.382715625 0.11284687499999999 0.3981484375 0.10218281250000001 0.41181718749999996 0.09449375 0.419753125 0.0865578125 0.5489421875 0.011160937499999999 0.56216875 0.0057046875 0.5639328124999999 0.0022328125 0.5639328124999999 0 0.24338593749999998 0
0 0.26366875 0.6530265625 0.3271609375 0.65005 0.334215625 0.6517859374999999 0.357584375 0.6478171875000001 0.3650796875 0.6490578124999999 0.37301562499999996 0.6490578124999999 0.39462031249999996 0.6436015625 0.3999125 0.6458328125 0.40343906250000006 0.6455859375 0.41931250000000003 0.6403765625 0.4356265625 0.64136875 0.44268124999999997 0.6403765625 0.447971875 0.6381453125000001 0.458553125 0.6369046875000001 0.462521875 0.6334328124999999 0.46649062499999994 0.6334328124999999 0.4700171875 0.6297125 0.481921875 0.6267359375 0.4845671875 0.6247515625 0.5013234375 0.619046875 0.50573125 0.6197921875 0.5392421875 0.606646875 0.56216875 0.6009421875000001 0.5643734375 0.6014390625 0.5679015625 0.600446875 0.575396875 0.5935015625 0.584215625 0.5917656250000001 0.5930328125 0.584821875 0.5943562499999999 0.5813484375 0.608465625 0.5761406250000001 0.6181656249999999 0.5674609375 0.630953125 0.5602671875 0.6494703125 0.542659375 0.6538796875 0.540921875 0.6543203125 0.5384421875000001 0.6631390625 0.5290171875 0.664021875 0.525296875 0.655203125 0.5228171875000001 0.6538796875 0.5188484375 0.652115625 0.5193453124999999 0.646384375 0.5151296875 0.64109375 0.515625 0.6388890625 0.512896875 0.6344796875000001 0.5126484375 0.6305109375 0.509425 0.6269843749999999 0.509425 0.6230156250000001 0.5071921875000001 0.6164015625 0.5062 0.6062609375 0.49925625 0.5943562499999999 0.4982640625 0.5917109375 0.4942953125 0.5868609375 0.4947921875 0.584215625 0.49305625 0.5784828125 0.4920640625 0.5639328124999999 0.4923109375 0.5471781250000001 0.49057500000000004 0.5436515625 0.48660781249999996 0.5471781250000001 0.482390625 0.5467375 0.47743125 0.5542328125 0.47222187499999996 0.5546734375 0.4704859375 0.57010625 0.466765625 0.5740734375 0.46329374999999995 0.5758375 0.46378906249999996 0.5776015625 0.46006875 0.5837749999999999 0.45659687499999996 0.585096875 0.453125 0.5925921875 0.451140625 0.5855375 0.44816406249999996 0.585096875 0.4392359375 0.5921515625 0.43526718750000004 0.5952375 0.423115625 0.6009703125 0.41964218750000004 0.6022921875 0.4154265625 0.6071421875 0.415921875 0.6097890625 0.4047625 0.608465625 0.39930625000000003 0.6102296875000001 0.3963296875 0.60890625 0.3923609375 0.598765625 0.390625 0.5930328125 0.38368125000000003 0.5648140625 0.3794640625 0.5485015625 0.37896874999999997 0.5167546875 0.3807046875 0.4788359375 0.3883921875 0.47795468750000003 0.3903765625 0.46869531249999996 0.3923609375 0.434303125 0.40699375 0.423721875 0.4079859375 0.41225781250000004 0.413690625 0.3990296875 0.415921875 0.39594375 0.42113125 0.392415625 0.42261875 0.3884484375 0.42113125 0.3880078125 0.4223703125 0.380953125 0.42410781249999996 0.3787484375 0.42584375 0.36860624999999997 0.4275796875 0.3611109375 0.4303078125 0.357584375 0.4357640625 0.3412703125 0.4392359375 0.3355375 0.4439484375 0.329365625 0.445684375 0.3130515625 0.4588296875 0.30908281249999997 0.47321406250000003 0.302909375 0.48214218750000004 0.30555625000000003 0.48660781249999996 0.30246875 0.48735156249999995 0.2989421875 0.491071875 0.296296875 0.4975203125 0.2949734375 0.5171125 0.2888 0.52505 0.2861546875 0.5332343749999999 0.2799828125 0.540675 0.2751328125 0.551090625 0.2716046875 0.568453125 0.25881875 0.5798609375 0.254409375 0.587796875 0.2535265625 0.593915625 0.24338593749999998 0.6111109375 0.2389765625 0.615575 0.2380953125 0.6227671875 0.25 0.6294640625000001 0.25 0.6391375 0.2477953125 0.64608125 0.2477953125 0.6542656250000001 0.25 0.655009375 0.2561734375 0.655009375 0.26366875 0.6530265625
0 0.48148125 0.7219734375 0.4925046875 0.7239578125 0.5171953125 0.725446875 0.566578125 0.7219734375 0.5912703125000001 0.722221875 0.5974421875 0.7209828125 0.6071421875 0.721478125 0.6388890625 0.7192453125 0.6441796875 0.7165171875 0.6499125 0.7056046874999999 0.6618171875 0.690971875 0.66534375 0.6845234375 0.6710765624999999 0.662203125 0.6728390625 0.6470734375 0.6732796875 0.615575 0.664021875 0.59995 0.6631390625 0.5915171875 0.65079375 0.57118125 0.646384375 0.566715625 0.6384484375 0.56175625 0.630953125 0.5627484375 0.61860625 0.56944375 0.614196875 0.5761406250000001 0.6115515625 0.5763890625 0.5952375 0.5858140625 0.5930328125 0.5917656250000001 0.580246875 0.5957343749999999 0.5626109375 0.6044140625 0.5564375 0.603175 0.552909375 0.6063984375 0.5343921875000001 0.6096234375 0.510140625 0.6205359374999999 0.4885359375 0.625 0.4748671875 0.631696875 0.467371875 0.6334328124999999 0.45546718750000004 0.6396328125 0.44709062499999996 0.639384375 0.442240625 0.6421125 0.43298125 0.643353125 0.42592656250000005 0.6421125 0.4232796875 0.640625 0.40652499999999997 0.6458328125 0.3999125 0.646578125 0.392415625 0.644840625 0.3699296875 0.650296875 0.3571421875 0.648809375 0.3324515625 0.6540171875 0.33818281250000004 0.67261875 0.3328921875 0.6810515625 0.33465625 0.6852671875 0.353175 0.7053578125 0.36419687500000003 0.7130453125 0.367284375 0.7172625 0.3747796875 0.7207343749999999 0.48148125 0.7219734375
0 0 0.6505453125 0.0026453125 0.6537703125000001 0.0030859375 0.6768359375 0.0022046875 0.7688484375 0.0030859375 0.7797625 0.00573125 0.782490625 0.0097 0.7807546875 0.0163140625 0.7797625 0.0216046875 0.7817453125 0.0370375 0.7767859374999999 0.0410046875 0.7733140625 0.044532812500000005 0.7728171875000001 0.0828921875 0.751240625 0.09215156249999999 0.7480156250000001 0.0961203125 0.7435515625 0.1000875 0.7420640625 0.10317499999999999 0.7361109375 0.1071421875 0.7358625 0.113315625 0.7333828125 0.11816562500000001 0.7279265625 0.14594374999999998 0.7078375 0.160053125 0.6894843749999999 0.16357968750000002 0.6875 0.170634375 0.6865078125 0.1776890625 0.6830359374999999 0.1860671875 0.6736109375 0.1887125 0.665178125 0.193121875 0.6582343749999999 0.20414531249999998 0.648809375 0.2045859375 0.646578125 0.21693125000000002 0.6326890625 0.21869531250000002 0.628471875 0.22574999999999998 0.6232640625 0.2283953125 0.61805625 0.23500937500000002 0.6108625 0.24118124999999999 0.6091265625 0.24735468749999998 0.5994546875 0.2535265625 0.5830859375 0.26675468750000003 0.5682046875 0.27028281249999997 0.56175625 0.27557343749999996 0.5416671875 0.2857140625 0.52579375 0.286596875 0.5176093749999999 0.29100468749999997 0.5138890625 0.29188749999999997 0.5017359375 0.296296875 0.486359375 0.3042328125 0.474703125 0.3130515625 0.445684375 0.3179015625 0.43849218749999996 0.3223109375 0.41914687500000003 0.3236328125 0.3727671875 0.3183421875 0.353175 0.3130515625 0.347221875 0.311728125 0.3420140625 0.31216875 0.322171875 0.3099640625 0.29141875 0.302909375 0.273065625 0.2967375 0.26488125 0.2870375 0.25694374999999997 0.2716046875 0.2524796875 0.260140625 0.252728125 0.2513234375 0.2552078125 0.24338593749999998 0.26066406249999996 0.235890625 0.2624015625 0.225309375 0.2562 0.2244265625 0.251240625 0.2129625 0.24776718749999999 0.2089953125 0.24380000000000002 0.18253906250000002 0.2388390625 0.1776890625 0.2368546875 0.180334375 0.23214218749999999 0.1856265625 0.2328875 0.1873890625 0.2294140625 0.1869484375 0.226190625 0.17989375000000002 0.222965625 0.180334375 0.22048593749999998 0.1776890625 0.2177578125 0.1719578125 0.22048593749999998 0.173721875 0.224703125 0.170634375 0.2271828125 0.1538796875 0.22668593750000002 0.151234375 0.22743125000000003 0.146384375 0.226190625 0.1437390625 0.22817500000000002 0.1380078125 0.227678125 0.1349203125 0.22891875 0.13139375 0.22668593750000002 0.12654375 0.2259421875 0.119046875 0.22817500000000002 0.1150796875 0.22792656249999999 0.1111109375 0.23710312500000003 0.10229218749999999 0.23759843749999998 0.09920625 0.23363125 0.0952375 0.2358625 0.0917109375 0.24727187499999997 0.0864203125 0.24826406250000002 0.083775 0.2475203125 0.075396875 0.24826406250000002 0.07186875000000001 0.24925625 0.0687828125 0.2485125 0.0639328125 0.2495046875 0.060406249999999995 0.2490078125 0.055556249999999995 0.25099218749999996 0.032628125 0.253471875 0.0176359375 0.2576890625 0.013228124999999999 0.2564484375 0.00573125 0.25868125000000003 0.0022046875 0.2633921875 0.0026453125 0.26959374999999997 0 0.2728171875 0 0.2814984375 0.0026453125 0.2844734375 0.0022046875 0.29290625000000003 0 0.2946421875 0.0022046875 0.2953875 0.0035265625 0.3754953125 0 0.39161718749999996 0 0.4047625 0.0035265625 0.4079859375 0.0035265625 0.4360125 0.0022046875 0.43849218749999996 0.0035265625 0.4759421875 0.0022046875 0.491815625 0.0017640625 0.493303125 0 0.4935515625 0 0.6505453125
0 0.12566093750000001 0.8809531249999999 0.13139375 0.884425 0.1344796875 0.8881453125000001 0.1402109375 0.8911203125 0.14417968750000001 0.90228125 0.146384375 0.9040171875 0.1529984375 0.9060015625 0.165784375 0.9223703125 0.18077656250000002 0.9293156249999999 0.1851859375 0.9298109374999999 0.188271875 0.9355156250000001 0.1909171875 0.9372515625 0.19753125 0.940228125 0.206790625 0.9422124999999999 0.21781250000000002 0.9461812500000001 0.22574999999999998 0.9526296875 0.23721406250000002 0.954365625 0.244709375 0.9568453124999999 0.2482359375 0.9580859374999999 0.2522046875 0.9618062500000001 0.25573125 0.9627968750000001 0.2985015625 0.9657734375 0.30467343750000003 0.967509375 0.3403875 0.9672625 0.348325 0.9689984375 0.42813125 0.9685015625 0.434303125 0.9677578125 0.46913593750000004 0.9600687499999999 0.4744265625 0.9603171875 0.4969140625 0.9526296875 0.50573125 0.9533734375 0.5251328125 0.9456843750000001 0.53306875 0.9407234375 0.5445328125 0.9375 0.552028125 0.9365078125 0.565696875 0.9285718749999999 0.574515625 0.921875 0.5921515625 0.9146828125 0.5961203125 0.9099703124999999 0.60405625 0.90550625 0.6102296875000001 0.8998015625000001 0.6300703125 0.8901296875 0.6344796875000001 0.8861609375 0.64594375 0.8816968749999999 0.650353125 0.8779765625 0.6538796875 0.8779765625 0.6675484375 0.8697921875000001 0.6732796875 0.862846875 0.6772484375000001 0.8623515625 0.6851859375 0.8591265625 0.6882718750000001 0.8536703125 0.693121875 0.8514390625000001 0.7041453125 0.84300625 0.7103171875000001 0.8417656250000001 0.7813046875 0.7889390625 0.7848328125 0.7832343749999999 0.7918875 0.7795140625 0.7954140625 0.7735609375 0.796296875 0.7671125 0.8130515624999999 0.7477671875 0.81040625 0.7373515625 0.8046734375 0.7346234375 0.810846875 0.728421875 0.8029093749999999 0.72420625 0.78306875 0.7192453125 0.731040625 0.7177578125 0.6675484375 0.7192453125 0.6455031250000001 0.721478125 0.6058203125 0.7234625 0.5930328125 0.7251984375 0.5559968750000001 0.725446875 0.5216046875 0.726934375 0.5008812500000001 0.726190625 0.4775125 0.7234625 0.46649062499999994 0.7207343749999999 0.45987656250000003 0.7202375 0.4501765625 0.7204859375 0.44753125000000005 0.7219734375 0.44047656249999995 0.721478125 0.4320984375 0.7234625 0.40343906250000006 0.7204859375 0.392415625 0.722965625 0.37624843750000003 0.724703125 0.34788437499999997 0.72569375 0.3373015625 0.726934375 0.28395000000000004 0.7353671875 0.2244265625 0.7514875 0.1693125 0.7695937500000001 0.14197500000000002 0.775296875 0.1384484375 0.7787703125000001 0.11948906249999999 0.782490625 0.11375625 0.787203125 0.10317499999999999 0.790675 0.099646875 0.7986109375 0.10097031249999999 0.8065468750000001 0.0806875 0.83978125 0.080246875 0.8417656250000001 0.0917109375 0.8489578124999999 0.0970015625 0.847965625 0.108025 0.8556546875000001 0.1111109375 0.8598703125 0.1146390625 0.8608625 0.1159609375 0.8660718749999999 0.12566093750000001 0.8809531249999999
0 0.7425046875 0.9588296875 0.749559375 0.9605656249999999 0.7526453125 0.9667656250000001 0.7597 0.9702375 0.7623453125 0.9744546875 0.7707234374999999 0.9821421875 0.7910046875 0.9858625 0.7958546875 0.9890874999999999 0.7958546875 0.9913187499999999 0.7918875 0.9933031250000001 0.78791875 0.9984375 0.99603125 0.9984375 0.9984375 0.96800625 0.9984375 0.9082343749999999 0.9977953125000001 0.9079859375 0.9973546875 0.9060015625 0.9973546875 0.8923609375 0.9984375 0.8896328125 0.9973546875 0.8603671875 0.9984375 0.8598703125 0.9984375 0.8459828125 0.9973546875 0.8377968750000001 0.9964734375000001 0.8075390625000001 0.9973546875 0.7504953125 0.9920640625000001 0.7438 0.9598765625000001 0.741815625 0.93474375 0.742559375 0.92989375 0.744046875 0.9281312500000001 0.7477671875 0.92989375 0.7579359375 0.9113749999999999 0.7611609374999999 0.906525 0.7557046875 0.9052031250000001 0.7497515625 0.896825 0.743303125 0.8756609375 0.7408234375 0.8730156250000001 0.7388390625000001 0.8602296875000001 0.7366078125 0.8575843750000001 0.73511875 0.849646875 0.735615625 0.8421515625 0.7395828125 0.8399468750000001 0.7428078124999999 0.8373015625000001 0.744046875 0.8355375 0.7480156250000001 0.8373015625000001 0.7519843749999999 0.8346562499999999 0.758928125 0.829365625 0.76016875 0.8258374999999999 0.7633921875 0.8271609375000001 0.76488125 0.834215625 0.7666171875 0.8355375 0.771578125 0.8324515625 0.77430625 0.8218687499999999 0.7792656250000001 0.8192234375 0.7829859375 0.82010625 0.787946875 0.8223109375 0.7891859375 0.8240734375000001 0.7876984375 0.8240734375000001 0.7810015625 0.8320109375 0.7795140625 0.8346562499999999 0.7807546875 0.8368609375 0.7844734375 0.835096875 0.8045640625000001 0.831128125 0.8087796875000001 0.8276015624999999 0.8077875000000001 0.8258374999999999 0.8053078125 0.8245156250000001 0.8144843749999999 0.8209875 0.8209328125 0.8156968750000001 0.8221718750000001 0.81040625 0.8209328125 0.8024687500000001 0.8298609375 0.7998234375 0.8350687499999999 0.7954140625 0.8380453125 0.7918875 0.8427578125 0.7888 0.8442453125 0.7804234375 0.8457343749999999 0.7751328125 0.8504468749999999 0.7676359374999999 0.8534218750000001 0.76366875 0.8583828125 0.75573125 0.8613593749999999 0.7486765625 0.8745046875 0.74426875 0.8764875 0.7376546875 0.8769843749999999 0.7354499999999999 0.8814484374999999 0.7283953125 0.8849203125 0.72575 0.88988125 0.7195765625 0.8923609375 0.711640625 0.9032734375 0.7107578125 0.920634375 0.7147265625 0.9298109374999999 0.7138453124999999 0.9357640625 0.717371875 0.9434531249999999 0.72575 0.9511406250000001 0.7332453125 0.9536203125 0.7425046875 0.9551093749999999 0.7425046875 0.9588296875
0 0.6194890625 0.5052078125 0.6252203125 0.507440625 0.642415625 0.5106640625 0.650353125 0.5136406250000001 0.6538796875 0.5131453125000001 0.6543203125 0.5173609375 0.6582890625 0.522321875 0.6693125 0.5240578124999999 0.6732796875 0.523065625 0.697090625 0.5228171875000001 0.7041453125 0.527034375 0.7103171875000001 0.5282734375 0.7209 0.528521875 0.73941875 0.5265375 0.7491187499999999 0.5292656250000001 0.7702828125 0.5272812499999999 0.78791875 0.5290171875 0.802028125 0.5275296875000001 0.8218687499999999 0.522321875 0.8417109375 0.5220734375 0.849646875 0.5166171875 0.8567015625 0.5062 0.8611109375 0.498015625 0.8659609375 0.48139843750000005 0.8694890624999999 0.4548609375 0.8655203124999999 0.431546875 0.8619921875 0.4236109375 0.8589062500000001 0.420634375 0.858465625 0.4015375 0.8602296875000001 0.3943453125 0.867284375 0.3829359375 0.872575 0.3812 0.8761015625 0.3814484375 0.87830625 0.384671875 0.8880078125 0.3908734375 0.8928578125 0.39161718749999996 0.8919750000000001 0.396578125 0.8924156249999999 0.3983140625 0.89594375 0.400296875 0.89594375 0.40401718750000004 0.9038796874999999 0.404265625 0.9078484375 0.4057546875 0.9122578125 0.4060015625 0.9215171874999999 0.4045140625 0.9223984375000001 0.39930625000000003 0.924603125 0.396825 0.9281312500000001 0.3963296875 0.9312171875 0.39930625000000003 0.9356265625000001 0.3983140625 0.9369484375000001 0.396578125 0.9360671875 0.3923609375 0.939153125 0.3903765625 0.96208125 0.389384375 0.9664906249999999 0.3903765625 0.9731046875 0.3901296875 0.9814812500000001 0.3883921875 0.9916218750000001 0.3821921875 0.9938265625 0.3826890625 0.99515 0.3767359375 0.986771875 0.37574375 0.9805999999999999 0.3764875 0.9704578125 0.37400781250000004 0.962521875 0.3745046875 0.957671875 0.3767359375 0.9532624999999999 0.37574375 0.951940625 0.368303125 0.948853125 0.3650796875 0.9312171875 0.3625984375 0.9281312500000001 0.3608625 0.9162250000000001 0.3611109375 0.9122578125 0.3596234375 0.9091703125 0.36011875 0.906525 0.359375 0.9038796874999999 0.3561515625 0.89594375 0.355903125 0.8928578125 0.3571421875 0.8932984375 0.3598703125 0.8849203125 0.3591265625 0.8805109375000001 0.356646875 0.8769843749999999 0.3563984375 0.8619921875 0.3514390625 0.8571421875 0.3469734375 0.8355375 0.34176562499999996 0.826278125 0.3365578125 0.8143734374999999 0.335565625 0.8077593750000001 0.33010937500000004 0.8029093749999999 0.3278765625 0.7910046875 0.3266375 0.78791875 0.3276296875 0.7821875 0.32738125 0.7654328125000001 0.329365625 0.7477953125 0.329365625 0.744709375 0.33010937500000004 0.7425046875 0.3328375 0.7345671874999999 0.334078125 0.712521875 0.33308593750000004 0.7056875 0.334821875 0.697971875 0.33506874999999997 0.689153125 0.337796875 0.6873890625 0.340278125 0.660934375 0.3442453125 0.6587296874999999 0.34573437500000004 0.656084375 0.353421875 0.6529984375 0.3568953125 0.641534375 0.3611109375 0.6375656249999999 0.3697921875 0.6252203125 0.3767359375 0.62654375 0.380953125 0.6300703125 0.384671875 0.6305109375 0.38864062499999996 0.6269843749999999 0.3908734375 0.6208109375 0.3921125 0.6181656249999999 0.394840625 0.61860625 0.4079859375 0.6159609374999999 0.413690625 0.5612874999999999 0.4685015625 0.5502640624999999 0.470734375 0.546296875 0.478421875 0.5493828125 0.4852015625 0.5485015625 0.490328125 0.5674609375 0.4923109375 0.5868609375 0.4920640625 0.598325 0.4942953125 0.608025 0.49727187500000003 0.6194890625 0.5052078125
0 0 0.25 0.0035265625 0.25198437500000004 0.00573125 0.2579359375 0.009259375 0.2557046875 0.007495312499999999 0.252728125 0.008378125 0.251240625 0.01851875 0.2495046875 0.0216046875 0.2475203125 0.0361546875 0.24603125 0.0485015625 0.246528125 0.052468749999999995 0.24355156249999999 0.0586421875 0.24305625000000003 0.0648140625 0.23983125 0.071428125 0.23983125 0.0723109375 0.24231093750000002 0.0731921875 0.23983125 0.083775 0.23759843749999998 0.0877421875 0.2395828125 0.0925921875 0.237846875 0.0952375 0.2388390625 0.099646875 0.23834375 0.10361562499999999 0.23908749999999998 0.1071421875 0.23834375 0.1097890625 0.23611093749999998 0.12698437499999998 0.2338796875 0.1499125 0.23611093749999998 0.16357968750000002 0.2358625 0.165784375 0.23710312500000003 0.169753125 0.23611093749999998 0.173721875 0.23983125 0.1776890625 0.23983125 0.1816578125 0.24206406249999998 0.193121875 0.241071875 0.2001765625 0.24305625000000003 0.21164062499999997 0.24231093750000002 0.217371875 0.24429531249999997 0.2209 0.24826406250000002 0.2244265625 0.2490078125 0.27116406249999997 0.240328125 0.27865937500000004 0.23660781250000001 0.28306875 0.236359375 0.29188749999999997 0.2338796875 0.2989421875 0.2338796875 0.3037921875 0.2313984375 0.3042328125 0.228421875 0.30246875 0.22668593750000002 0.296296875 0.22494999999999998 0.2945328125 0.2197421875 0.2751328125 0.21552656250000002 0.27028281249999997 0.2157734375 0.2663140625 0.212796875 0.26058125 0.212053125 0.2566140625 0.20882968750000003 0.2469140625 0.20486093749999998 0.2403 0.20287656250000002 0.235890625 0.20287656250000002 0.2323640625 0.20039687499999997 0.21913593750000002 0.19816406250000002 0.216490625 0.193453125 0.207671875 0.1892359375 0.20149843750000002 0.1875 0.1887125 0.186259375 0.1851859375 0.18253906250000002 0.1759265625 0.1795640625 0.1693125 0.179315625 0.15564375 0.1857640625 0.1305109375 0.19246093749999998 0.112434375 0.1946921875 0.088625 0.195684375 0.080246875 0.19766875 0.0498234375 0.19965312500000001 0.0268953125 0.19965312500000001 0.00573125 0.1889875 0.0022046875 0.2172625 0 0.2197421875 0 0.25
0 0.4744265625 0.9868546874999999 0.46208125000000005 0.980903125 0.4594359375 0.9761906249999999 0.4545859375 0.9756937499999999 0.45105781250000004 0.9707343749999999 0.44709062499999996 0.96875 0.32186875000000004 0.96875 0.3130515625 0.9697421875 0.2901234375 0.9682546875 0.28483281250000003 0.969990625 0.287478125 0.9754468749999999 0.2861546875 0.9861109375 0.2892421875 0.9984375 0.489859375 0.9984375 0.48941875 0.9970234375 0.4823640625 0.9918156249999999 0.4788359375 0.9913187499999999 0.4744265625 0.9868546874999999
0 0.660934375 0.981646875 0.6684296875 0.9796625000000001 0.673721875 0.9799109375 0.6759265625 0.9779265625000001 0.693121875 0.9724703124999999 0.7010578125 0.971478125 0.7050265625 0.972965625 0.7076718750000001 0.9704859375 0.7050265625 0.9595734374999999 0.7032625 0.9620531250000001 0.7032625 0.9677578125 0.7010578125 0.969990625 0.6922406249999999 0.96949375 0.689153125 0.967509375 0.68474375 0.9685015625 0.675484375 0.9670140625 0.66534375 0.9608140625000001 0.6582890625 0.9536203125 0.6534390625000001 0.9526296875 0.64594375 0.9471718750000001 0.627425 0.938740625 0.622134375 0.9317953125 0.6181656249999999 0.9293156249999999 0.603615625 0.921875 0.5921515625 0.9188984375 0.58465625 0.9198906250000001 0.5780421875 0.9223703125 0.57010625 0.9275796875 0.5630515625 0.9345234375 0.5392421875 0.940971875 0.514109375 0.9513890625 0.5022046875 0.9551093749999999 0.4977953125 0.9546125 0.47707187500000003 0.9608140625000001 0.4709 0.9620531250000001 0.46649062499999994 0.9618062500000001 0.46428593749999997 0.9640375000000001 0.46516718749999997 0.980159375 0.47310468749999995 0.9873515625 0.48545 0.9925593750000001 0.491621875 0.9984375 0.6349203125 0.9984375 0.6450625 0.9898312499999999 0.651234375 0.985615625 0.660934375 0.981646875
0 0.697090625 0.9734624999999999 0.708553125 0.9709828125 0.7014984375 0.9432046875 0.6869484375 0.920634375 0.6582890625 0.8819437499999999 0.655203125 0.8799609374999999 0.646384375 0.8824406249999999 0.6335984375 0.88988125 0.627425 0.8983140625000001 0.6256609375 0.905009375 0.6208109375 0.9126984374999999 0.6203703125 0.920634375 0.6181656249999999 0.9236109375 0.619046875 0.9275796875 0.6296296875 0.9389875 0.6388890625 0.9432046875 0.6851859375 0.9744546875 0.689153125 0.9724703124999999 0.697090625 0.9734624999999999
0 0.7323640625000001 0.9776781250000001 0.7129624999999999 0.9732140625 0.6887125000000001 0.9751984374999999 0.665784375 0.9799109375 0.6494703125 0.987846875 0.64109375 0.9928078125 0.6380078124999999 0.9962796875000001 0.636684375 0.9984375 0.7054671875 0.9984375 0.7076718750000001 0.996528125 0.7204578125000001 0.9875984375 0.7231046875 0.984375 0.7283953125 0.980903125 0.731921875 0.980903125 0.7323640625000001 0.9776781250000001
0 0.0970015625 0.753471875 0.1067015625 0.762153125 0.10626093750000001 0.7636406250000001 0.108025 0.764384375 0.1111109375 0.7700890625000001 0.12213437499999999 0.7760421875 0.1300703125 0.77505 0.142415625 0.7713296875 0.15564375 0.7633921875 0.166225 0.75 0.1693125 0.740575 0.1728390625 0.7380953124999999 0.18253906250000002 0.7239578125 0.18959375 0.7182546875 0.1909171875 0.7083328125 0.20149843750000002 0.67881875 0.20194062499999998 0.6577375 0.2010578125 0.6564984375 0.19709062500000002 0.6567453125 0.189153125 0.6693953125000001 0.1873890625 0.676090625 0.17989375000000002 0.6835312499999999 0.1759265625 0.6860125 0.16181718750000001 0.6904765625 0.1529984375 0.7001484375 0.0917109375 0.7519843749999999 0.0970015625 0.753471875
0 0.7147265625 0 0.7142859374999999 0.0029765625 0.7103171875000001 0.005953125 0.7050265625 0.0057046875 0.693121875 0.01636875 0.68959375 0.017609375 0.6485890624999999 0.056299999999999996 0.641975 0.069196875 0.6490296875 0.07638906250000001 0.6547625 0.07986093749999999 0.6543203125 0.082340625 0.6525578125 0.0845734375 0.646384375 0.087796875 0.6437390625 0.09201406250000001 0.6344796875000001 0.0907734375 0.6287484375 0.0935015625 0.627425 0.09573437500000001 0.6230156250000001 0.09548593749999999 0.6208109375 0.099703125 0.6159609374999999 0.1036703125 0.608465625 0.11631875 0.59920625 0.12723281250000001 0.576278125 0.1661703125 0.5626109375 0.198909375 0.56216875 0.21478125 0.56701875 0.232390625 0.574515625 0.23759843749999998 0.5855375 0.24057499999999998 0.589065625 0.24355156249999999 0.581128125 0.25198437500000004 0.5873015625 0.255953125 0.5961203125 0.2579359375 0.6044968749999999 0.2624015625 0.6261015624999999 0.2638890625 0.6543203125 0.26364062499999996 0.6684296875 0.2653765625 0.6953265625 0.26661718749999996 0.7089953125 0.2693453125 0.7244265624999999 0.2686015625 0.7336859375 0.26636875 0.7526453125 0.264384375 0.7949734375 0.2638890625 0.7993828125 0.26636875 0.8099640625 0.2678578125 0.8571421875 0.2681046875 0.8805109375000001 0.2720734375 0.9043203125 0.2708328125 0.9492953125 0.27505 0.9589953124999999 0.27505 0.9686953125000001 0.27256874999999997 0.9814812500000001 0.27108125 0.99426875 0.271825 0.9984375 0.2700890625 0.9984375 0.005207812500000001 0.9973546875 0.0047125 0.9969140624999999 0 0.7147265625 0
0 0.11684375 0 0.11816562500000001 0.0044640625 0.12522031250000001 0.011409375 0.169753125 0.0431546875 0.1723984375 0.04613125 0.21208125 0.06870000000000001 0.2438265625 0.082340625 0.245590625 0.0803578125 0.2429453125 0.066715625 0.2425046875 0.030257812499999998 0.24426874999999998 0 0.11684375 0
1 0.3333328125 0.8373015625000001 0.32627812500000003 0.8392859375 0.324515625 0.841021875 0.3258375 0.8442453125 0.33818281250000004 0.84449375 0.3417109375 0.84375 0.34435625000000003 0.8417656250000001 0.343915625 0.8377968750000001 0.3403875 0.8370531250000001 0.3377421875 0.8382937500000001 0.3333328125 0.8373015625000001
1 0.3884484375 0.6192953125 0.391975 0.6200390625 0.3950625 0.6192953125 0.3981484375 0.6165671875000001 0.397265625 0.6138390625000001 0.391534375 0.612846875 0.3880078125 0.6143359375 0.3884484375 0.6192953125
1 0.019840625 0.5213296875 0.023809375 0.523809375 0.028659374999999997 0.52505 0.0317453125 0.52430625 0.0321875 0.52108125 0.029099999999999997 0.519096875 0.022928125 0.5200890625000001 0.019840625 0.5213296875
1 0.272928125 0.540675 0.2751328125 0.5436515625 0.2791 0.5416671875 0.283509375 0.537203125 0.28483281250000003 0.5329859375 0.27954218750000004 0.5329859375 0.273809375 0.5359625 0.272928125 0.540675
1 0.6018515625 0.084078125 0.60405625 0.085565625 0.6111109375 0.0880453125 0.6150796875 0.087796875 0.614196875 0.0825890625 0.6119921875000001 0.0803578125 0.603175 0.08209375 0.6018515625 0.084078125
1 0.102734375 0.2713296875 0.1053796875 0.2728171875 0.1115515625 0.2733140625 0.117725 0.2713296875 0.1150796875 0.2673609375 0.11022968749999999 0.266865625 0.1071421875 0.2678578125 0.102734375 0.2713296875
1 0.5824515625 0.2517359375 0.5820109375 0.2557046875 0.58950625 0.259425 0.5974421875 0.26016875 0.6014109375000001 0.259671875 0.603175 0.2584328125 0.6067015625 0.25198437500000004 0.5965609374999999 0.2504953125 0.5824515625 0.2517359375
1 0.6168437499999999 0.07564531249999999 0.619046875 0.07986093749999999 0.6305109375 0.084821875 0.6384484375 0.07986093749999999 0.6384484375 0.0758921875 0.6349203125 0.074653125 0.6291890625 0.0758921875 0.6230156250000001 0.0744046875 0.6168437499999999 0.07564531249999999
1 0.5692234375 0.0838296875 0.5639328124999999 0.0838296875 0.5590828125 0.0860609375 0.5586421875 0.0880453125 0.5643734375 0.09176562499999999 0.5758375 0.0935015625 0.5798062500000001 0.092509375 0.5806875 0.087053125 0.5771609375 0.08333281249999999 0.5718687499999999 0.0828375 0.5692234375 0.0838296875
1 0.368165625 0.9109624999999999 0.37698437500000004 0.9122031249999999 0.377425 0.9079859375 0.37389843749999996 0.905009375 0.36684375 0.90699375 0.3659609375 0.908978125 0.368165625 0.9109624999999999
1 0.44356249999999997 0.596478125 0.44753125000000005 0.5954859375 0.4484125 0.5917656250000001 0.44709062499999996 0.5897812499999999 0.44268124999999997 0.5912703125000001 0.442240625 0.5957343749999999 0.44356249999999997 0.596478125
1 0.665784375 0.20535781250000001 0.673721875 0.20486093749999998 0.6816578125 0.201140625 0.6851859375 0.197171875 0.6820984375 0.197171875 0.6772484375000001 0.1954359375 0.6644625 0.2006453125 0.665784375 0.20535781250000001
1 0.5828921874999999 0.6783234375 0.5868609375 0.6798109375 0.5917109375 0.67881875 0.5943562499999999 0.6758437500000001 0.5961203125 0.6696421875 0.5877421875 0.6696421875 0.5824515625 0.671875 0.5828921874999999 0.6783234375
1 0.5917109375 0.613590625 0.589946875 0.61483125 0.5881828125 0.6227671875 0.58950625 0.6247515625 0.5952375 0.6272328125 0.603175 0.6269843749999999 0.6049375 0.622271875 0.60890625 0.619046875 0.6022921875 0.6143359375 0.5917109375 0.613590625
1 0.098325 0.8105156250000001 0.10052968749999999 0.811259375 0.1097890625 0.8127484375 0.1146390625 0.8105156250000001 0.114196875 0.8065468750000001 0.1111109375 0.8023312499999999 0.09920625 0.8067953125 0.098325 0.8105156250000001
1 0.5740734375 0.690228125 0.579365625 0.6897328125 0.5815703125 0.6855156250000001 0.5798062500000001 0.6845234375 0.571428125 0.684771875 0.5709875 0.6892359375 0.5740734375 0.690228125
1 0.646825 0.6138390625000001 0.6441796875 0.6170640625 0.6441796875 0.6269843749999999 0.646384375 0.6294640625000001 0.650353125 0.6297125 0.6538796875 0.6282234375 0.6569671875 0.6230156250000001 0.656525 0.61483125 0.6543203125 0.6130953124999999 0.646825 0.6138390625000001
1 0.5485015625 0.6443453124999999 0.5423281249999999 0.6463296875 0.5388 0.6485609375 0.5352734375 0.6542656250000001 0.53395 0.6584828125 0.5365968750000001 0.6609625 0.541446875 0.657490625 0.5471781250000001 0.65550625 0.5489421875 0.6510421875 0.5533515625 0.6463296875 0.55246875 0.644840625 0.5485015625 0.6443453124999999
1 0.6569671875 0.75074375 0.656525 0.7524796874999999 0.6587296874999999 0.7544640625000001 0.6622578125 0.755953125 0.665784375 0.755953125 0.670634375 0.7524796874999999 0.670634375 0.7477671875 0.6618171875 0.7460312499999999 0.6569671875 0.75074375
1 0.9038796874999999 0.3812 0.9078484375 0.3812 0.9118171875 0.384671875 0.924603125 0.384671875 0.9215171874999999 0.3764875 0.915784375 0.3727671875 0.9025578124999999 0.3727671875 0.9038796874999999 0.3812
1 0.9977953125000001 0.7380953124999999 0.9984375 0.7380953124999999 0.9984375 0.7244546875 0.9964734375000001 0.72495 0.9920640625000001 0.7286703125 0.9916218750000001 0.733134375 0.9977953125000001 0.7380953124999999
1 0.5211640625 0.7016375 0.514990625 0.704365625 0.514990625 0.7051093749999999 0.52336875 0.707340625 0.5405640625 0.709078125 0.5458546875 0.7088296875 0.5485015625 0.7056046874999999 0.5458546875 0.703125 0.5295421874999999 0.7011406250000001 0.5211640625 0.7016375
1 0.481921875 0.6361609374999999 0.47663124999999995 0.6381453125000001 0.47354531250000004 0.6411203125 0.47310468749999995 0.6428578125 0.47575 0.6458328125 0.481921875 0.6485609375 0.5022046875 0.64930625 0.5079359375 0.646578125 0.5074953125 0.6403765625 0.5017640625 0.634425 0.481921875 0.6361609374999999
1 0.51058125 0.0890375 0.51366875 0.094990625 0.5251328125 0.09176562499999999 0.5251328125 0.08333281249999999 0.5207234374999999 0.0845734375 0.5167546875 0.08358125 0.5110234375 0.0853171875 0.51058125 0.0890375
1 0.665784375 0.6044140625 0.6613749999999999 0.6088796875 0.6596124999999999 0.6140875 0.660053125 0.621528125 0.6618171875 0.6240078125 0.669753125 0.627728125 0.6741625 0.625 0.675484375 0.6200390625 0.674603125 0.6145828125 0.665784375 0.6044140625
1 0.5471781250000001 0.6693953125000001 0.5418875 0.670634375 0.5410046875 0.6738593749999999 0.5388 0.675346875 0.5388 0.6783234375 0.5423281249999999 0.680803125 0.55246875 0.681546875 0.5564375 0.680059375 0.5582015625000001 0.678075 0.5595234375 0.6733625 0.5564375 0.6698906250000001 0.5471781250000001 0.6693953125000001
1 0.6618171875 0.9441968749999999 0.660934375 0.9454359374999999 0.66049375 0.9548609375 0.6662250000000001 0.959325 0.6701937499999999 0.9600687499999999 0.6759265625 0.9541171875 0.67504375 0.9486609375 0.6701937499999999 0.9444437499999999 0.664903125 0.9449406249999999 0.6618171875 0.9441968749999999
1 0.93783125 0.9553578125 0.94268125 0.9578374999999999 0.9470906250000001 0.9580859374999999 0.9541453125 0.9551093749999999 0.9532624999999999 0.9526296875 0.9444437499999999 0.949653125 0.9387125 0.9516375 0.93783125 0.9553578125
1 0.7949734375 0.3923609375 0.7993828125 0.3888890625 0.798059375 0.3854171875 0.7945328125 0.3834328125 0.7888 0.384671875 0.788359375 0.38864062499999996 0.7949734375 0.3923609375
1 0.3752203125 0.107390625 0.372134375 0.111359375 0.37610156250000004 0.11259843750000001 0.380953125 0.112103125 0.3844796875 0.11284687499999999 0.3950625 0.103421875 0.3844796875 0.09920625 0.3805109375 0.10143906250000001 0.3752203125 0.107390625
1 0.43959374999999995 0.6698906250000001 0.44709062499999996 0.6723703125 0.4541453125 0.6696421875 0.45502656249999995 0.665675 0.44664843750000005 0.6626984375 0.4417984375 0.6641859375 0.4400359375 0.6669140625 0.43959374999999995 0.6698906250000001
1 0.43650781250000004 0.6703875 0.4387125 0.6698906250000001 0.43783125 0.6654265625 0.4356265625 0.66319375 0.434303125 0.664434375 0.43386250000000004 0.6698906250000001 0.43650781250000004 0.6703875
1 0.5917109375 0.7108140625 0.584215625 0.715278125 0.5828921874999999 0.7167656250000001 0.584215625 0.7204859375 0.5873015625 0.7227187500000001 0.5952375 0.7227187500000001 0.6067015625 0.7202375 0.6067015625 0.714534375 0.60405625 0.712796875 0.5917109375 0.7108140625
1 0.735890625 0.940228125 0.73633125 0.9355156250000001 0.731921875 0.9342765625 0.7239859375 0.9357640625 0.7235453125 0.9392359375 0.7195765625 0.9429562499999999 0.7239859375 0.9471718750000001 0.7314812500000001 0.9486609375 0.73633125 0.9486609375 0.740740625 0.9474203125 0.741621875 0.9432046875 0.735890625 0.940228125
1 0.5709875 0.621528125 0.5723109375 0.6247515625 0.5758375 0.6264875 0.5767203125 0.6230156250000001 0.5815703125 0.619046875 0.5798062500000001 0.6063984375 0.5736328125 0.613590625 0.5709875 0.621528125
1 0.8373015625000001 0.9828875 0.8328921875 0.984375 0.831128125 0.987103125 0.8315703125 0.9925593750000001 0.8364203124999999 0.9977671875 0.8364203124999999 0.9984375 0.8386250000000001 0.9984375 0.843475 0.9945437500000001 0.843475 0.9858625 0.8408296875 0.98363125 0.8373015625000001 0.9828875
1 0.944003125 0.36954375 0.9431218749999999 0.3688 0.9387125 0.3712796875 0.9351859375 0.37003906249999996 0.9307765625 0.3725203125 0.9325390625000001 0.3807046875 0.9356265625000001 0.3854171875 0.9431218749999999 0.3888890625 0.9545859374999999 0.3854171875 0.9559078124999999 0.379215625 0.9510578125 0.3685515625 0.9492953125 0.36954375 0.944003125 0.36954375
1 0.746875 0.965625 0.734375 0.965625 0.70625 0.9984375 0.7671875 0.9984375 0.7796875 0.990625 0.746875 0.965625
1 0.721875 0.95 0.7125 0.9265625 0.6984375 0.91875 0.7015625 0.9390625 0.7109375 0.9515625 0.7375 0.9625 0.721875 0.95