1 0.5967265625 0.7142859374999999 0.6036703125 0.7045859375 0.6061515625 0.6935625 0.613590625 0.6812171874999999 0.615575 0.6626984375 0.6068953125000001 0.660934375 0.5825890625000001 0.665784375 0.574653125 0.6679890625 0.5657234375 0.673721875 0.5642359375 0.6772484375000001 0.5644843749999999 0.679453125 0.5677078125 0.68959375 0.5701890625 0.6935625 0.5761406250000001 0.7209 0.579365625 0.7253093749999999 0.58680625 0.7244265624999999 0.5967265625 0.7142859374999999
1 0.622271875 0.9175484375 0.6267359375 0.9184296875 0.629215625 0.915784375 0.6299609375 0.9078484375 0.6267359375 0.9029984375 0.6235125 0.906525 0.6217765625 0.9118171875 0.622271875 0.9175484375
1 0.6865078125 0.6318343750000001 0.665921875 0.641534375 0.6654265625 0.642415625 0.6669140625 0.64594375 0.67733125 0.651675 0.6857640625 0.650353125 0.6927078125 0.64109375 0.695684375 0.6335984375 0.6937 0.6305109375 0.6865078125 0.6318343750000001
1 0.5431546875000001 0.414021875 0.540921875 0.41534375 0.5396828124999999 0.41842968750000004 0.5389390625 0.4241625 0.53993125 0.428571875 0.544146875 0.43342187499999996 0.5491078125 0.43253906249999996 0.55233125 0.4241625 0.5513390625000001 0.415784375 0.5488593749999999 0.4131390625 0.5431546875000001 0.414021875
1 0.7294140625 0.5030859375000001 0.7291671875 0.5127859375 0.7306546875000001 0.5194 0.7358625 0.5194 0.740328125 0.514109375 0.74131875 0.509259375 0.7380953124999999 0.5017640625 0.7321421875 0.5 0.7294140625 0.5030859375000001
1 0.9159218750000001 0.5163140625 0.915675 0.5220453125 0.9196421875 0.5286593749999999 0.9241078125 0.5255734375000001 0.92584375 0.5216046875 0.9255953124999999 0.5176359374999999 0.92261875 0.5145500000000001 0.9196421875 0.51366875 0.9159218750000001 0.5163140625
1 0.9032734375 0.5727515624999999 0.90228125 0.5789234375000001 0.9040171875 0.5837749999999999 0.9082343749999999 0.58465625 0.9119546875 0.581128125 0.9119546875 0.574515625 0.9084828125 0.5692234375 0.9047625 0.570546875 0.9032734375 0.5727515624999999
1 0.798115625 0.622134375 0.7973703125 0.63139375 0.7983625 0.6344796875000001 0.8028281249999999 0.63624375 0.8065468750000001 0.6335984375 0.8067953125 0.627865625 0.8025796875 0.6194890625 0.7988593749999999 0.6199296875 0.798115625 0.622134375
1 0.8650796875 0.1900359375 0.8608625 0.1887125 0.85540625 0.1917984375 0.8526781250000001 0.1953265625 0.8524312500000001 0.20546718749999998 0.856646875 0.21693125000000002 0.8650796875 0.217371875 0.8690468750000001 0.2112 0.8702875000000001 0.20546718749999998 0.8700390625000001 0.20061718750000002 0.8680562500000001 0.194003125 0.8650796875 0.1900359375
1 0.765625 0.27469062499999997 0.762153125 0.28306875 0.7619046875000001 0.287478125 0.76488125 0.293209375 0.766865625 0.2945328125 0.7720734375 0.292328125 0.774553125 0.28306875 0.77108125 0.2751328125 0.7676093749999999 0.27336875 0.765625 0.27469062499999997
1 0.9890874999999999 0.2526453125 0.9903281249999999 0.2561734375 0.9940468750000001 0.2597 0.9984375 0.260140625 0.9984375 0.24603125 0.9935515625000001 0.24514999999999998 0.9893359374999999 0.2482359375 0.9890874999999999 0.2526453125
1 0.439484375 0.27954218750000004 0.4432046875 0.282628125 0.447171875 0.2804234375 0.447171875 0.272928125 0.445684375 0.2694 0.44146875 0.26763593750000003 0.4389875 0.27028281249999997 0.439484375 0.27954218750000004
1 0.2834828125 0.36860624999999997 0.28521874999999997 0.372134375 0.2869546875 0.37389843749999996 0.288690625 0.37169375 0.2891859375 0.369046875 0.2869546875 0.362434375 0.2829859375 0.36419687500000003 0.2834828125 0.36860624999999997
1 0.257440625 0.9984375 0.2564484375 0.9938265625 0.25396874999999997 0.9938265625 0.24826406250000002 0.9977953125000001 0.24826406250000002 0.9984375 0.257440625 0.9984375
1 0.40203437500000005 0.33465625 0.400296875 0.3324515625 0.3963296875 0.33465625 0.3958328125 0.3421515625 0.3983140625 0.353175 0.400296875 0.3558203125 0.40550625 0.3558203125 0.40724218749999996 0.3505296875 0.4064984375 0.344796875 0.40327343750000005 0.3403875 0.40203437500000005 0.33465625
1 0.9025296875000001 0.52425 0.903521875 0.5304234375 0.907490625 0.5321875 0.9094734375 0.5304234375 0.909721875 0.5246906250000001 0.9087296874999999 0.522928125 0.9037703125000001 0.5220453125 0.9025296875000001 0.52425
1 0.7068453124999999 0.8298062500000001 0.7053578125 0.8337749999999999 0.7056046874999999 0.8364203124999999 0.7080859375 0.8381828125 0.712796875 0.8346562499999999 0.7147812499999999 0.8302468749999999 0.7130453125 0.8271609375000001 0.70858125 0.8276015624999999 0.7068453124999999 0.8298062500000001
0 0.116815625 0.7791 0.1232640625 0.7813046875 0.125 0.7848328125 0.12549531249999998 0.7949734375 0.1287203125 0.7998234375 0.12698437499999998 0.8174609374999999 0.1287203125 0.8267203125 0.134425 0.8412703125000001 0.1374015625 0.8430328125000001 0.1391375 0.849646875 0.1391375 0.8575843750000001 0.1374015625 0.864196875 0.1388890625 0.872575 0.1421125 0.8761015625 0.1458328125 0.8871249999999999 0.1463296875 0.9038796874999999 0.1498015625 0.9082890625 0.1498015625 0.9118171875 0.1517859375 0.9131390625 0.1530265625 0.9197531250000001 0.155009375 0.9219578125 0.1560015625 0.926984375 0.15625 0.9431218749999999 0.15823437499999998 0.9541453125 0.1639390625 0.9634031249999999 0.165178125 0.9678125 0.1688984375 0.9713406250000001 0.1674109375 0.97663125 0.1674109375 0.9828046875 0.164434375 0.9863312499999999 0.165921875 0.99426875 0.2083328125 0.99515 0.212053125 0.9969140624999999 0.23214218749999999 0.9977953125000001 0.255953125 0.9933859375 0.26016875 0.99603125 0.273065625 0.9973546875 0.27579375 0.9984375 0.28125 0.9984375 0.284721875 0.9964734375000001 0.412946875 0.9973546875 0.4186515625 0.995590625 0.469990625 0.9973546875 0.5801093749999999 0.9973546875 0.5860609375 0.99515 0.612103125 0.99515 0.6145828125 0.9938265625 0.6173109375 0.985890625 0.6205359374999999 0.9642859375 0.6279765625 0.9612 0.6297125 0.9554671875 0.6577375 0.9025578124999999 0.662203125 0.896825 0.66319375 0.8919750000000001 0.6587296874999999 0.8897703124999999 0.6579859375 0.8844796875000001 0.665178125 0.8752203125 0.6696421875 0.8721343750000001 0.6741078125 0.872575 0.67881875 0.8646390625 0.686259375 0.8456796875 0.6855156250000001 0.8412703125000001 0.68675625 0.8302468749999999 0.6884921875 0.8258374999999999 0.6884921875 0.82010625 0.6899796874999999 0.8183421875000001 0.6894843749999999 0.8174609374999999 0.690971875 0.8134921875 0.6932046875 0.8156968750000001 0.69766875 0.81040625 0.698909375 0.8015874999999999 0.7013890625 0.7989421875 0.6994046875000001 0.79761875 0.6994046875000001 0.7817453125 0.701884375 0.7768953125 0.7041171875 0.764990625 0.709325 0.763228125 0.7103171875000001 0.760140625 0.7095734375 0.7561734375 0.7115578124999999 0.75 0.7167656250000001 0.745590625 0.7170140625 0.7438265625 0.71329375 0.7332453125 0.7155265625 0.7231046875 0.7170140625 0.7209 0.7189984375 0.689153125 0.7207343749999999 0.6856265625 0.7204859375 0.6781312500000001 0.7182546875 0.669753125 0.71800625 0.6587296874999999 0.71949375 0.6534390625000001 0.717509375 0.5908296875 0.7212296874999999 0.576278125 0.7212296874999999 0.5679015625 0.719990625 0.56525625 0.7212296874999999 0.5599640625 0.71180625 0.5291 0.7088296875 0.5211640625 0.7061015625 0.518959375 0.7053578125 0.513228125 0.703125 0.5114640625 0.7006453125000001 0.505290625 0.697171875 0.5030859375000001 0.6932046875 0.4933859375 0.6877484375 0.49029999999999996 0.684771875 0.4823640625 0.678571875 0.4739859375 0.6775796875 0.4704578125 0.6579859375 0.44620781249999997 0.648065625 0.4373890625 0.6443453124999999 0.4312171875 0.6391375 0.428571875 0.6289687500000001 0.415784375 0.62425625 0.4126984375 0.621528125 0.40784843750000005 0.6158234375 0.4043203125 0.612846875 0.3994703125 0.6091265625 0.397265625 0.6073906250000001 0.392415625 0.6073906250000001 0.3884484375 0.5942453125 0.3747796875 0.5917656250000001 0.36772499999999997 0.57886875 0.3571421875 0.5758921875 0.3509703125 0.569196875 0.3452375 0.5644843749999999 0.34347500000000003 0.5605156250000001 0.338625 0.5498515625 0.335978125 0.5466265625 0.3320109375 0.5443953125000001 0.324515625 0.53670625 0.31746093750000004 0.5314984375 0.31525625 0.5292656250000001 0.31040625 0.523809375 0.30643750000000003 0.5133921875 0.3037921875 0.50868125 0.3007046875 0.5064484375 0.29761875 0.506696875 0.2949734375 0.5057046875 0.2936515625 0.490328125 0.2817453125 0.482390625 0.2843921875 0.47743125 0.2799828125 0.47495000000000004 0.2751328125 0.47147812499999997 0.273809375 0.46577343750000005 0.26763593750000003 0.46254999999999996 0.2671953125 0.459078125 0.26322812500000003 0.446428125 0.258378125 0.4432046875 0.255290625 0.4392359375 0.254409375 0.43849218749999996 0.25573125 0.4389875 0.260140625 0.4357640625 0.264109375 0.43129999999999996 0.264109375 0.42807500000000004 0.2597 0.41641874999999995 0.25573125 0.3936015625 0.255290625 0.376240625 0.2535265625 0.37400781250000004 0.2517640625 0.368303125 0.2517640625 0.3618546875 0.25925937499999996 0.32266875 0.25925937499999996 0.3182046875 0.26366875 0.31448437500000004 0.26455 0.3139875 0.2671953125 0.3110125 0.27116406249999997 0.2904265625 0.269840625 0.2837296875 0.272928125 0.282490625 0.27865937500000004 0.2787703125 0.28306875 0.272321875 0.28306875 0.24380000000000002 0.29100468749999997 0.2373515625 0.2989421875 0.234375 0.307759375 0.2232140625 0.31040625 0.212796875 0.31657812500000004 0.21081406249999998 0.319665625 0.20709375 0.32186875000000004 0.20287656250000002 0.33818281250000004 0.1803078125 0.3619921875 0.17733125 0.36860624999999997 0.1775796875 0.377425 0.1721234375 0.38624375 0.165921875 0.392415625 0.1579859375 0.405203125 0.15401718749999999 0.419753125 0.15401718749999999 0.4241625 0.1560015625 0.428571875 0.1547625 0.43606718750000006 0.150296875 0.4413578125 0.144840625 0.45105781250000004 0.14136875 0.46164062499999997 0.1374015625 0.4695765625 0.1354171875 0.4783953125 0.1369046875 0.48765468749999996 0.136409375 0.49029999999999996 0.1274796875 0.5211640625 0.127728125 0.5291 0.1297125 0.5317453125 0.1235125 0.5502640624999999 0.1232640625 0.5643734375 0.1247515625 0.57010625 0.122271875 0.5824515625 0.1227671875 0.5886250000000001 0.1264875 0.593475 0.126240625 0.598765625 0.1212796875 0.619046875 0.1200390625 0.6349203125 0.11656718749999999 0.6538796875 0.117559375 0.6574078125 0.1138390625 0.6693125 0.1123515625 0.6816578125 0.1103671875 0.6851859375 0.117559375 0.689153125 0.11656718749999999 0.6940031249999999 0.11458281249999999 0.697090625 0.115328125 0.7129624999999999 0.1130953125 0.71605 0.1111109375 0.7164906249999999 0.111359375 0.7231046875 0.103421875 0.7275125 0.0994546875 0.7279546875 0.09548593749999999 0.731921875 0.09474218749999999 0.7477953125 0.0974703125 0.75485 0.10317499999999999 0.759259375 0.103421875 0.763228125 0.1096234375 0.7663140625 0.110615625 0.7716046875 0.11334375000000001 0.772928125 0.116815625 0.7791
0 0.7333828125 0.4272484375 0.737103125 0.42989375 0.737846875 0.43342187499999996 0.7341265625 0.45105781250000004 0.73363125 0.4603171875 0.7348703125 0.475309375 0.7338796875 0.4885359375 0.731646875 0.4929453125 0.7299109374999999 0.5017640625 0.730159375 0.51366875 0.7291671875 0.5171953125 0.7296625 0.5207234374999999 0.73511875 0.5286593749999999 0.728421875 0.55246875 0.72891875 0.55555625 0.7279265625 0.5639328124999999 0.7232140625000001 0.594796875 0.7244546875 0.59920625 0.730903125 0.6018515625 0.7333828125 0.6062609375 0.7318953125000001 0.6150796875 0.728421875 0.62345625 0.7237109375 0.641975 0.7234625 0.6582890625 0.72420625 0.6618171875 0.726934375 0.665784375 0.7279265625 0.674603125 0.721478125 0.7045859375 0.7209828125 0.7204578125000001 0.7251984375 0.731921875 0.7271828124999999 0.7345671874999999 0.7271828124999999 0.7385359375 0.725446875 0.7477953125 0.7207343749999999 0.75573125 0.7170140625 0.7671953125 0.7167656250000001 0.7724875 0.7155265625 0.7751328125 0.7167656250000001 0.7795421874999999 0.7135421875 0.78306875 0.7140375 0.7918875 0.709325 0.8029093749999999 0.7013890625 0.8143734374999999 0.7013890625 0.8183421875000001 0.6999015625 0.8214281250000001 0.7001484375 0.8258374999999999 0.6966765625 0.8298062500000001 0.695684375 0.8337749999999999 0.6927078125 0.8377421875 0.691715625 0.8417109375 0.693453125 0.8456796875 0.6879953125 0.8558203125 0.6875 0.8615515625000001 0.68824375 0.86375625 0.6889875 0.8650796875 0.6979171875 0.8655203124999999 0.7046125 0.8602296875000001 0.7209828125 0.8562609374999999 0.7311515625 0.8558203125 0.7361109375 0.853175 0.753471875 0.849646875 0.7571921875000001 0.8518515624999999 0.7633921875 0.862434375 0.769096875 0.8664015624999999 0.7797625 0.8677250000000001 0.7889390625 0.863315625 0.7951390625 0.864196875 0.8005953124999999 0.872575 0.8060515625000001 0.8756609375 0.8191968749999999 0.8747796875 0.8298609375 0.8681656249999999 0.8380453125 0.8752203125 0.8487109374999999 0.8805109375000001 0.8613593749999999 0.8800703125 0.8650796875 0.877425 0.8690468750000001 0.8769843749999999 0.8712796875000001 0.8818343750000001 0.87103125 0.8840390625 0.8678078125 0.8884484374999999 0.8690468750000001 0.890653125 0.8690468750000001 0.8941796875 0.8648312499999999 0.8999124999999999 0.8660718749999999 0.9047625 0.8678078125 0.9069671874999999 0.8675593750000001 0.9122578125 0.8688 0.9135796875000001 0.8854171875000001 0.9131390625 0.8883921875 0.9171078125 0.8896328125 0.9140218750000001 0.893353125 0.9118171875 0.8908734375 0.9096125 0.8901296875 0.9069671874999999 0.8880203124999999 0.906525 0.8881453125000001 0.8919750000000001 0.8936015625 0.887565625 0.9164187500000001 0.8831562500000001 0.9198906250000001 0.8937390625000001 0.9201390625 0.887565625 0.923115625 0.8853609375 0.9342765625 0.88624375 0.950396875 0.8796296874999999 0.966021875 0.8844796875000001 0.969990625 0.8840390625 0.9747031249999999 0.886684375 0.978175 0.8835984375000001 0.9861109375 0.8805109375000001 0.9977671875 0.8694890624999999 0.9984375 0.8694890624999999 0.9984375 0.0030859375 0.855159375 0.0022046875 0.8442453125 0.00485 0.8420140625 0.0079359375 0.8407734375 0.0079359375 0.839534375 0.00485 0.8370531250000001 0.004409375 0.8296125 0.0119046875 0.8291171875 0.014109374999999999 0.8298609375 0.0154328125 0.8338296875 0.0171953125 0.831596875 0.029099999999999997 0.8256453125000001 0.0317453125 0.8211812500000001 0.036596875 0.8201890625000001 0.0396828125 0.8182046875 0.0405640625 0.8154765625 0.044973437500000005 0.8154765625 0.0485015625 0.8122515625 0.0546734375 0.8100203125000001 0.056437499999999995 0.8025796875 0.0736328125 0.8015874999999999 0.0828921875 0.798115625 0.0917109375 0.8000984375 0.09435625 0.8000984375 0.0970015625 0.7986109375 0.098325 0.7986109375 0.1000875 0.8013390625 0.10405625 0.7986109375 0.1071421875 0.7966265625 0.12125156249999999 0.7842265625 0.1437390625 0.7790171875 0.150353125 0.777778125 0.1543203125 0.7780265625 0.1591703125 0.7762890625 0.16181718750000001 0.77579375 0.16754843749999998 0.774553125 0.169753125 0.7787703125000001 0.1759265625 0.7780265625 0.18209843750000002 0.7676093749999999 0.20149843750000002 0.7576890625 0.2244265625 0.7557046875 0.2323640625 0.7557046875 0.24206406249999998 0.7584328124999999 0.25396874999999997 0.7537203124999999 0.26763593750000003 0.751240625 0.27116406249999997 0.7509921875 0.2751328125 0.7438 0.2949734375 0.74305625 0.3130515625 0.7452875 0.3231921875 0.7361109375 0.3562609375 0.7361109375 0.3659609375 0.7390875 0.3712515625 0.7400796875 0.377425 0.73511875 0.396384375 0.735615625 0.3990296875 0.7341265625 0.40387968750000003 0.7326390625 0.4171078125 0.7333828125 0.4272484375
1 0.0171875 0.85625 0.0140625 0.871875 0.0234375 0.8765625 0.03125 0.871875 0.0171875 0.85625
0 0 0.9984375 0.159375 0.9984375 0.1609375 0.9703125 0.1546875 0.9625 0.1203125 0.7921875 0.0953125 0.7640625 0.0875 0.734375 0.10625 0.6890625 0.1171875 0.5515625 0.0921875 0.5328125 0.06875 0.525 0.0078125 0.525 0 0.5296875 0 0.9984375