1 0.52425 0.6748515625 0.5343921875000001 0.6619546875 0.5352734375 0.6577375 0.5304234375 0.6525296875000001 0.5207234374999999 0.64608125 0.5022046875 0.6428578125 0.4977953125 0.6381453125000001 0.489859375 0.636409375 0.48545 0.6366562499999999 0.481921875 0.6391375 0.4709 0.640625 0.45899531250000003 0.6458328125 0.46516718749999997 0.6540171875 0.4709 0.6567453125 0.4806 0.665675 0.49029999999999996 0.6671625 0.4977953125 0.67113125 0.5171953125 0.6765875 0.5211640625 0.6765875 0.52425 0.6748515625
1 0.6543203125 0.3516859375 0.6582890625 0.3516859375 0.6622578125 0.349703125 0.6790125 0.3452375 0.6856265625 0.3415171875 0.68298125 0.3373015625 0.674603125 0.3318453125 0.669753125 0.3229171875 0.665784375 0.3224203125 0.6618171875 0.3196921875 0.6499125 0.3204359375 0.6380078124999999 0.3229171875 0.6150796875 0.32316406249999996 0.603175 0.3278765625 0.6009703125 0.33010937500000004 0.6005296875 0.334821875 0.5970015625 0.3412703125 0.598325 0.3452375 0.6243390625 0.3509421875 0.6305109375 0.3516859375 0.6384484375 0.3484625 0.6432984375 0.34771874999999997 0.6543203125 0.3516859375
1 0.377425 0.3442453125 0.37169375 0.3484625 0.3655203125 0.3571421875 0.3650796875 0.362103125 0.3664015625 0.363590625 0.3805109375 0.3702875 0.38227500000000003 0.3697921875 0.387565625 0.365328125 0.39109375 0.3529265625 0.3805109375 0.3435015625 0.377425 0.3442453125
1 0.1732796875 0.41493125 0.14285781250000001 0.4079859375 0.12654375 0.4079859375 0.123015625 0.41046562499999995 0.12169375 0.413690625 0.12169375 0.4236109375 0.12654375 0.42807500000000004 0.1388890625 0.43303593749999997 0.146825 0.4322921875 0.1543203125 0.428571875 0.1693125 0.42410781249999996 0.175484375 0.419890625 0.1732796875 0.41493125
1 0.093915625 0.37698437500000004 0.093915625 0.3814484375 0.099646875 0.384425 0.1071421875 0.384671875 0.1111109375 0.381696875 0.1115515625 0.3767359375 0.1071421875 0.37425625 0.09920625 0.3732640625 0.093915625 0.37698437500000004
1 0.6305109375 0.585565625 0.6305109375 0.5920140625 0.6349203125 0.5952375 0.6450625 0.5954859375 0.6525578125 0.5915171875 0.6538796875 0.58755 0.6437390625 0.5838296875 0.6353609375 0.58358125 0.6305109375 0.585565625
1 0.054232812500000005 0.608134375 0.053351562500000005 0.6071421875 0.044532812500000005 0.6061515625 0.0370375 0.6073906250000001 0.032628125 0.6098703125 0.0308640625 0.6111109375 0.0317453125 0.61631875 0.036596875 0.6202875 0.0405640625 0.6202875 0.045414062500000005 0.6188 0.052468749999999995 0.6130953124999999 0.054232812500000005 0.6113593749999999 0.054232812500000005 0.608134375
1 0.173721875 0.5734125 0.1684296875 0.576884375 0.1679890625 0.5803578125 0.173721875 0.58358125 0.1856265625 0.5820937500000001 0.1904765625 0.5798609375 0.1900359375 0.5761406250000001 0.1851859375 0.573909375 0.178571875 0.5729171875 0.173721875 0.5734125
1 0.17813125000000002 0.5580359374999999 0.1812171875 0.5595234375 0.18650781249999998 0.5595234375 0.18959375 0.556546875 0.1869484375 0.553075 0.1812171875 0.5520828125 0.1776890625 0.5540671875000001 0.17813125000000002 0.5580359374999999
1 0.396384375 0.6860125 0.3941796875 0.6870046875 0.392415625 0.6884921875 0.39329843750000004 0.6937 0.397265625 0.695684375 0.40387968750000003 0.69618125 0.40740781249999997 0.693453125 0.40784843750000005 0.6894843749999999 0.400353125 0.686259375 0.396384375 0.6860125
1 0.4082890625 0.755953125 0.4087296875 0.7514875 0.40079374999999995 0.741815625 0.380953125 0.72420625 0.37698437500000004 0.7251984375 0.3650796875 0.7323906250000001 0.3597890625 0.7400796875 0.359346875 0.7497515625 0.352734375 0.7638890625 0.3571421875 0.7695937500000001 0.3655203125 0.7733140625 0.37389843749999996 0.769840625 0.38580312499999997 0.762153125 0.40564375 0.7576890625 0.4082890625 0.755953125
1 0.5837749999999999 0.1830359375 0.5758375 0.18824375 0.5767203125 0.193453125 0.5833328125 0.1954359375 0.5903875000000001 0.1954359375 0.5974421875 0.193453125 0.6014109375000001 0.18948437499999998 0.6000875 0.18700468750000002 0.5917109375 0.1827875 0.5837749999999999 0.1830359375
0 0 0.8420140625 0.0035265625 0.8454859375 0.0026453125 0.889384375 0.00573125 0.8943453124999999 0.01058125 0.8923609375 0.0163140625 0.8874015625 0.0211640625 0.8859125000000001 0.03395 0.8772328125 0.0489421875 0.8702875000000001 0.052468749999999995 0.8697921875000001 0.0727515625 0.8613593749999999 0.0806875 0.8608625 0.0877421875 0.8680562500000001 0.0956796875 0.8673109374999999 0.108025 0.862846875 0.1966484375 0.8487109374999999 0.19929531250000002 0.8497031249999999 0.2045859375 0.8494546875 0.216490625 0.8447421875 0.22134062499999999 0.8407734375 0.2323640625 0.8365578125 0.2482359375 0.8283734375 0.2526453125 0.8283734375 0.26058125 0.8348218749999999 0.26763593750000003 0.834325 0.27557343749999996 0.83209375 0.2945328125 0.8234125000000001 0.3143734375 0.8110125 0.31878281249999996 0.8102671875 0.3258375 0.8120046875 0.33377500000000004 0.811259375 0.3417109375 0.8075390625000001 0.3474421875 0.801090625 0.3518515625 0.8005953124999999 0.3571421875 0.8023312499999999 0.359346875 0.8015874999999999 0.3650796875 0.796875 0.36772499999999997 0.790178125 0.37389843749999996 0.78199375 0.49029999999999996 0.75 0.49823593749999995 0.7514875 0.5061734375 0.7477671875 0.513228125 0.7420640625 0.518959375 0.73511875 0.53306875 0.724703125 0.5405640625 0.72495 0.55246875 0.7294140625 0.5599640625 0.72891875 0.576278125 0.7185015625 0.597884375 0.699653125 0.6071421875 0.6979171875 0.6203703125 0.6877484375 0.62654375 0.68675625 0.630953125 0.6884921875 0.6353609375 0.6884921875 0.6397703124999999 0.6870046875 0.6499125 0.678075 0.6582890625 0.667659375 0.6618171875 0.665675 0.6763671875 0.649553125 0.6807765625 0.6485609375 0.689153125 0.648809375 0.697090625 0.6458328125 0.7010578125 0.6383921875 0.7094359375 0.6108625 0.7178125 0.601190625 0.7209 0.5994546875 0.72178125 0.5959828125 0.72663125 0.5922625 0.7283953125 0.5890375 0.7347890625 0.58680625 0.7420640625 0.58680625 0.7477953125 0.5853171875000001 0.7526453125 0.5801093749999999 0.754409375 0.5724203125 0.7535265625 0.5478671875 0.75485 0.537203125 0.7597 0.5329859375 0.763228125 0.5327375 0.7667546875 0.5290171875 0.7711640625 0.5178578125 0.7694 0.4923109375 0.7724875 0.48710312499999997 0.7768953125 0.48338281250000004 0.7786593749999999 0.4786703125 0.7760140625 0.4392359375 0.78395 0.431546875 0.7857140625000001 0.423115625 0.7760140625 0.39260937500000004 0.7808640625 0.3764875 0.777778125 0.3588796875 0.7720453125 0.3454859375 0.77336875 0.33506874999999997 0.744709375 0.293403125 0.74118125 0.28323437500000004 0.7014984375 0.24380000000000002 0.678571875 0.22569374999999997 0.656525 0.21081406249999998 0.6044968749999999 0.1803078125 0.5952375 0.1765875 0.5784828125 0.1750984375 0.5758375 0.17410781250000001 0.5736328125 0.17137968750000002 0.5771609375 0.165675 0.5718687499999999 0.16170625 0.566578125 0.1619546875 0.5643734375 0.1609625 0.56216875 0.16493125 0.5573187500000001 0.1681546875 0.5542328125 0.1671625 0.5533515625 0.165675 0.5440921875 0.165921875 0.5423281249999999 0.167659375 0.53791875 0.16790624999999998 0.5268953125 0.1674109375 0.5216046875 0.165675 0.51058125 0.165921875 0.5061734375 0.164434375 0.48941875 0.1639390625 0.4783953125 0.1671625 0.46869531249999996 0.16790624999999998 0.4501765625 0.16790624999999998 0.42460312499999997 0.16989062500000002 0.41446249999999996 0.1688984375 0.40784843750000005 0.1701390625 0.39858906250000004 0.16964218749999999 0.344796875 0.1733625 0.31657812500000004 0.17385937499999998 0.2954140625 0.177828125 0.27425 0.1790671875 0.2283953125 0.18402812500000001 0.2045859375 0.18824375 0.1909171875 0.1922125 0.18209843750000002 0.1927078125 0.16754843749999998 0.195684375 0.1538796875 0.19965312500000001 0.14594374999999998 0.20585312500000003 0.1111109375 0.2177578125 0.098325 0.224703125 0.06437343749999999 0.238590625 0.061728125 0.24305625000000003 0.058201562500000005 0.2455359375 0.048059375 0.2485125 0.0343921875 0.2557046875 0.0251328125 0.258928125 0.0202828125 0.262896875 0.013228124999999999 0.264384375 0.007495312499999999 0.26760937500000004 0.0017640625 0.2790171875 0.0030859375 0.2807546875 0.0030859375 0.8102328125 0 0.8134921875 0 0.8420140625