1 0.45811250000000003 0.3541671875 0.456790625 0.34995 0.45502656249999995 0.34771874999999997 0.45105781250000004 0.346478125 0.430334375 0.34474218749999996 0.42504375000000005 0.34573437500000004 0.41931250000000003 0.3454859375 0.4131390625 0.347965625 0.41181718749999996 0.3494546875 0.4131390625 0.3611109375 0.419753125 0.36433593750000004 0.4276890625 0.3645828125 0.44356249999999997 0.3625984375 0.45194062500000004 0.3611109375 0.4563484375 0.358134375 0.45811250000000003 0.3541671875
1 0.1935625 0.379215625 0.1900359375 0.379215625 0.18077656250000002 0.3814484375 0.1763671875 0.384425 0.1776890625 0.3888890625 0.18474375 0.3931046875 0.20194062499999998 0.3990578125 0.2050265625 0.396825 0.206790625 0.3911203125 0.19753125 0.3807046875 0.1935625 0.379215625
1 0.2275125 0.461309375 0.226190625 0.4672625 0.23148125 0.470734375 0.2380953125 0.4712296875 0.24426874999999998 0.4704859375 0.24955937499999997 0.466765625 0.24338593749999998 0.459821875 0.23148125 0.4595734375 0.2275125 0.461309375
1 0.538359375 0.4536203125 0.5335093750000001 0.454365625 0.5317453125 0.45585312499999997 0.5291 0.4588296875 0.5291 0.4640375 0.5313046875 0.4670140625 0.5401234374999999 0.466765625 0.5498234375 0.4630453125 0.5507046875 0.4583328125 0.548059375 0.45585312499999997 0.538359375 0.4536203125
1 0.622134375 0.4422125 0.6582890625 0.431546875 0.6710765624999999 0.423859375 0.6662250000000001 0.4213796875 0.6300703125 0.4166671875 0.603175 0.415178125 0.5877421875 0.412946875 0.57495625 0.4141859375 0.56701875 0.4161703125 0.556878125 0.4236109375 0.5586421875 0.4275796875 0.581128125 0.4357640625 0.5912703125000001 0.4446921875 0.59920625 0.446428125 0.6071421875 0.4459328125 0.6097890625 0.44444375 0.622134375 0.4422125
1 0.651675 0.48536718749999996 0.6574078125 0.4786703125 0.6574078125 0.47271875 0.656084375 0.46651718750000004 0.646825 0.4583328125 0.630953125 0.4516375 0.62654375 0.451140625 0.62169375 0.455109375 0.6199296875 0.4635421875 0.6159609374999999 0.4702375 0.6119921875000001 0.48164687500000003 0.613315625 0.4841265625 0.619046875 0.4868546875 0.6353609375 0.48933593750000004 0.642415625 0.493303125 0.6481484375 0.492559375 0.65079375 0.49057500000000004 0.651675 0.48536718749999996
1 0.7627859375 0.439484375 0.7671953125 0.4399796875 0.7716046875 0.436259375 0.7760140625 0.435515625 0.78306875 0.431546875 0.7940921875 0.41765937500000005 0.7989421875 0.4139390625 0.8037921875 0.4045140625 0.8051140625000001 0.391865625 0.802028125 0.3903765625 0.791446875 0.3938484375 0.7857140625000001 0.391865625 0.7791 0.39161718749999996 0.7354499999999999 0.4047625 0.7244265624999999 0.412203125 0.7235453125 0.415921875 0.72663125 0.41964218750000004 0.740740625 0.42683593750000004 0.7460312499999999 0.43129999999999996 0.750440625 0.43253906249999996 0.7561734375 0.436259375 0.7614640625 0.43650781250000004 0.7627859375 0.439484375
1 0.5639328124999999 0.339534375 0.5630515625 0.344990625 0.5674609375 0.3484625 0.5731921875 0.3482140625 0.5798062500000001 0.3454859375 0.580246875 0.341021875 0.5767203125 0.33755 0.5683421875 0.3373015625 0.5639328124999999 0.339534375
1 0.48809531249999993 0.30704375 0.49382656249999995 0.30753906249999996 0.49823593749999995 0.306546875 0.500440625 0.3025796875 0.4977953125 0.29761875 0.49074062500000004 0.29761875 0.485890625 0.30183593750000004 0.48809531249999993 0.30704375
1 0.4096125 0.322171875 0.41093437499999996 0.32738125 0.41842968750000004 0.32738125 0.42019375 0.32614062499999996 0.41842968750000004 0.322171875 0.415784375 0.3209328125 0.41137499999999994 0.32118125000000003 0.4096125 0.322171875
1 0.43606718750000006 0.5136406250000001 0.42019375 0.506696875 0.41093437499999996 0.5076890625 0.40387968750000003 0.5091765625 0.3941796875 0.5153765625 0.39109375 0.522321875 0.391975 0.5292656250000001 0.40079374999999995 0.5357140625000001 0.4131390625 0.53819375 0.420634375 0.537946875 0.4276890625 0.533978125 0.434303125 0.525296875 0.4369484375 0.5176093749999999 0.43606718750000006 0.5136406250000001
1 0.5317453125 0.6054062499999999 0.5357140625000001 0.60069375 0.5357140625000001 0.5947421875 0.5291 0.5838296875 0.5216046875 0.575396875 0.5167546875 0.5751484375 0.5070546874999999 0.580853125 0.49911874999999994 0.5838296875 0.4973546875 0.589534375 0.49074062500000004 0.5954859375 0.4920640625 0.5994546875 0.499559375 0.601934375 0.5097 0.6014390625 0.5255734375000001 0.6061515625 0.5291 0.6063984375 0.5317453125 0.6054062499999999
1 0.4783953125 0.563740625 0.4709 0.5657234375 0.46869531249999996 0.56795625 0.467371875 0.5716765625 0.46869531249999996 0.5741562499999999 0.4744265625 0.5791171875 0.4823640625 0.5801093749999999 0.49029999999999996 0.5731640625 0.491621875 0.5682046875 0.4823640625 0.563740625 0.4783953125 0.563740625
1 0.599646875 0.5987109375 0.599646875 0.603421875 0.6014109375000001 0.6041671875 0.6111109375 0.605159375 0.6150796875 0.60391875 0.6146390625 0.59995 0.6106703125 0.5977187500000001 0.6049375 0.5967265625 0.599646875 0.5987109375
1 0.585096875 0.6197921875 0.58465625 0.6232640625 0.5877421875 0.626240625 0.593475 0.6264875 0.5970015625 0.6254953125 0.598765625 0.6220234375 0.5961203125 0.619046875 0.5873015625 0.6188 0.585096875 0.6197921875
1 0.5639328124999999 0.636409375 0.5687828125000001 0.634671875 0.5648140625 0.63045625 0.5626109375 0.6307046875 0.5595234375 0.6334328124999999 0.56040625 0.6361609374999999 0.5639328124999999 0.636409375
1 0.68474375 0.5905265625 0.6917984374999999 0.587796875 0.689153125 0.58358125 0.6851859375 0.5833328125 0.6803343749999999 0.5860609375 0.6803343749999999 0.5890375 0.68474375 0.5905265625
1 0.7716046875 0.5448906250000001 0.7671953125 0.5443953125000001 0.75881875 0.55233125 0.7508812500000001 0.5647328125 0.7517640625 0.56795625 0.75573125 0.5701890625 0.7619046875000001 0.5709328124999999 0.768078125 0.56795625 0.7764546875 0.553571875 0.777778125 0.5486109375 0.7716046875 0.5448906250000001
1 0.8002640624999999 0.503471875 0.7993828125 0.5057046875 0.802028125 0.50694375 0.81040625 0.505953125 0.81040625 0.4975203125 0.8090828125 0.5019843749999999 0.8068781250000001 0.502728125 0.8024687500000001 0.5022328125 0.8002640624999999 0.503471875
1 0.84435625 0.4143109375 0.8461203125000001 0.41071406250000003 0.854496875 0.405009375 0.8575843750000001 0.399553125 0.8558203125 0.3958328125 0.8306875 0.3752484375 0.8258374999999999 0.375 0.8183421875000001 0.3767359375 0.8090828125 0.380953125 0.8064375 0.384425 0.8046734375 0.391865625 0.8007046875 0.41121093750000004 0.802028125 0.41567499999999996 0.810846875 0.41790625 0.8223109375 0.42534687499999996 0.8337749999999999 0.42584375 0.8430328125000001 0.42410781249999996 0.8452375 0.420634375 0.84435625 0.4143109375
1 0.3015875 0.678571875 0.321428125 0.6736109375 0.34788437499999997 0.6579859375 0.3500875 0.6545140625 0.3465609375 0.646578125 0.33906562500000004 0.6423609375 0.335978125 0.6386406250000001 0.3328921875 0.6312 0.32627812500000003 0.628471875 0.31746093750000004 0.6287203124999999 0.30555625000000003 0.632440625 0.2901234375 0.6383921875 0.2764546875 0.6463296875 0.27116406249999997 0.6537703125000001 0.27116406249999997 0.6582343749999999 0.2751328125 0.6587296874999999 0.2768953125 0.6607140625000001 0.27954218750000004 0.673115625 0.28306875 0.6775796875 0.2901234375 0.679315625 0.3015875 0.678571875
1 0.8492062499999999 0.44766874999999995 0.8417109375 0.445684375 0.8346562499999999 0.4516375 0.8289234375 0.46651718750000004 0.829365625 0.46974218749999996 0.8298062500000001 0.4704859375 0.8421515625 0.470734375 0.85405625 0.462796875 0.8549374999999999 0.45411718749999996 0.853615625 0.451140625 0.8492062499999999 0.44766874999999995
0 0.11067031249999999 0.451884375 0.11552031250000001 0.45411718749999996 0.11860625 0.4595734375 0.12345625 0.46006875 0.127865625 0.46254999999999996 0.1291890625 0.46602187500000003 0.1380078125 0.4744546875 0.1499125 0.47743125 0.15079375 0.482390625 0.165784375 0.5 0.168871875 0.5019843749999999 0.169753125 0.505953125 0.1772484375 0.5076890625 0.180334375 0.509425 0.18077656250000002 0.515625 0.1856265625 0.521578125 0.1917984375 0.5248015625 0.192240625 0.5290171875 0.20194062499999998 0.5404265625 0.20238125 0.5458828125 0.2059078125 0.5488593749999999 0.20723124999999998 0.552828125 0.22178124999999999 0.5658890624999999 0.23104062500000003 0.59375 0.23633125000000002 0.5974703124999999 0.2380953125 0.60243125 0.23853593750000002 0.61483125 0.245590625 0.637153125 0.2464734375 0.6470734375 0.244709375 0.650296875 0.25088125 0.6698906250000001 0.2482359375 0.673115625 0.2477953125 0.683284375 0.2477953125 0.6855156250000001 0.25088125 0.68824375 0.25573125 0.688740625 0.26322812500000003 0.68675625 0.2716046875 0.6877484375 0.273809375 0.6907234375 0.2751328125 0.69766875 0.2804234375 0.696925 0.2870375 0.6984125 0.2936515625 0.6984125 0.311728125 0.694196875 0.3183421875 0.6939484375 0.32186875000000004 0.6922125 0.32627812500000003 0.6922125 0.329365625 0.6899796874999999 0.33377500000000004 0.6907234375 0.335978125 0.6892359375 0.36067031250000003 0.6850203125000001 0.3703703125 0.6842765625 0.37698437500000004 0.686259375 0.3888890625 0.6865078125 0.40784843750000005 0.6835312499999999 0.4175484375 0.6835312499999999 0.42283906250000003 0.684771875 0.44400312499999994 0.6845234375 0.447971875 0.6830359374999999 0.46693125 0.6827875 0.471340625 0.6817953125 0.4744265625 0.6827875 0.5061734375 0.679315625 0.5211640625 0.6768359375 0.52821875 0.674603125 0.53306875 0.6758437500000001 0.5365968750000001 0.6755953124999999 0.5696656250000001 0.6703875 0.5908296875 0.664434375 0.599646875 0.663690625 0.6067015625 0.6614578125 0.60890625 0.658978125 0.62654375 0.6557546875 0.6331562500000001 0.65005 0.6543203125 0.6436015625 0.656084375 0.641865625 0.6622578125 0.64136875 0.6715171875 0.6388890625 0.7239859375 0.6130953124999999 0.7283953125 0.609375 0.7328046875 0.6088796875 0.73633125 0.6068953125000001 0.7671953125 0.5813484375 0.7711640625 0.5796125 0.77425 0.5736609374999999 0.7870375000000001 0.56324375 0.7896828124999999 0.5587796875000001 0.7923281249999999 0.55704375 0.7945328125 0.5575390625 0.7954140625 0.554315625 0.7998234375 0.5525796875 0.8029093749999999 0.5488593749999999 0.8051140625000001 0.54141875 0.810846875 0.53670625 0.81216875 0.5329859375 0.8183421875000001 0.5310015625 0.820546875 0.52505 0.8324515625 0.5133921875 0.8359781249999999 0.505953125 0.8359781249999999 0.5004953125 0.8377421875 0.4982640625 0.8417109375 0.4967765625 0.8461203125000001 0.48511875 0.8492062499999999 0.4841265625 0.8500875000000001 0.4826390625 0.852734375 0.47098281249999996 0.8522921875 0.46565 0.8646390625 0.4603171875 0.8664015624999999 0.454365625 0.8734562499999999 0.4516375 0.8756609375 0.439484375 0.8844796875000001 0.43526718750000004 0.8849203125 0.43055625 0.8884484374999999 0.429315625 0.890653125 0.4216265625 0.89594375 0.41964218750000004 0.9197531250000001 0.3841765625 0.9210765625 0.376240625 0.92504375 0.37301562499999996 0.92504375 0.36954375 0.9276890625 0.3665671875 0.92989375 0.352678125 0.9320984375 0.3494546875 0.9316578124999999 0.337796875 0.9276890625 0.33829375 0.9197531250000001 0.3286203125 0.9228390624999999 0.32614062499999996 0.9223984375000001 0.32316406249999996 0.923721875 0.321428125 0.9312171875 0.320684375 0.939153125 0.318453125 0.956790625 0.3201890625 0.96208125 0.319196875 0.9634031249999999 0.3177078125 0.962521875 0.3162203125 0.9545859374999999 0.31746093750000004 0.9510578125 0.3142359375 0.9400359375 0.3142359375 0.9316578124999999 0.3125 0.9254843749999999 0.3125 0.9047625 0.3080359375 0.9043203125 0.306546875 0.8884484374999999 0.30381874999999997 0.8187828125 0.296875 0.7870375000000001 0.2966265625 0.7663140625 0.2986109375 0.6988531250000001 0.2943953125 0.6807765625 0.29489062499999996 0.6759265625 0.29613125 0.6635796875 0.29489062499999996 0.5286593749999999 0.29613125 0.5123453125 0.2986109375 0.5145500000000001 0.302828125 0.508378125 0.30555625000000003 0.4925046875 0.3087796875 0.48941875 0.3080359375 0.48633125 0.309028125 0.481921875 0.305059375 0.4783953125 0.3053078125 0.47575 0.30381874999999997 0.4744265625 0.2983625 0.44268124999999997 0.29761875 0.41181718749999996 0.29885937500000004 0.40564375 0.3033234375 0.3787484375 0.3063 0.368165625 0.3060515625 0.363315625 0.30704375 0.3571421875 0.3063 0.354496875 0.311259375 0.34920625 0.3110125 0.329365625 0.3147328125 0.32495625 0.3142359375 0.26366875 0.32911718749999996 0.2517640625 0.3373015625 0.2482359375 0.3412703125 0.22707187499999998 0.34474218749999996 0.2129625 0.350446875 0.19268125 0.3618546875 0.1816578125 0.3638390625 0.1759265625 0.36631874999999997 0.169753125 0.36631874999999997 0.16490312499999998 0.3678078125 0.1574078125 0.3725203125 0.156084375 0.3752484375 0.14594374999999998 0.3807046875 0.1380078125 0.381696875 0.12962968749999998 0.384425 0.1159609375 0.39161718749999996 0.11067031249999999 0.3963296875 0.1111109375 0.40128906249999996 0.10890625000000001 0.4045140625 0.0877421875 0.41046562499999995 0.07495625 0.4161703125 0.07186875000000001 0.419890625 0.0758375 0.428571875 0.083775 0.430803125 0.09127031249999999 0.4310515625 0.0961203125 0.43377968750000007 0.10229218749999999 0.443453125 0.10890625000000001 0.4484125 0.11067031249999999 0.451884375
1 0.098765625 0.4672625 0.102734375 0.4610609375 0.11067031249999999 0.459078125 0.11067031249999999 0.4548609375 0.107584375 0.44915625 0.099646875 0.4389875 0.09127031249999999 0.43353125 0.083775 0.431546875 0.07407343749999999 0.43452343750000005 0.075396875 0.43824375 0.07098750000000001 0.44022812499999997 0.0683421875 0.4392359375 0.06349218749999999 0.44022812499999997 0.060406249999999995 0.439484375 0.04761875 0.44965312500000004 0.047178125 0.45411718749999996 0.051587499999999994 0.46329374999999995 0.0595234375 0.47098281249999996 0.0639328125 0.47247031249999993 0.07186875000000001 0.47247031249999993 0.083775 0.46974218749999996 0.0956796875 0.4689984375 0.098765625 0.4672625
1 0 0.540921875 0.007054687499999999 0.5404265625 0.0167546875 0.537203125 0.0255734375 0.527034375 0.0251328125 0.5126484375 0.0211640625 0.5116562499999999 0.0110234375 0.5131453125000001 0.0026453125 0.5188484375 0 0.5193453124999999 0 0.540921875
1 0.16534374999999998 0.528521875 0.16181718750000001 0.5292656250000001 0.1574078125 0.5282734375 0.1543203125 0.53125 0.156084375 0.5359625 0.16181718750000001 0.5404265625 0.174603125 0.540178125 0.1772484375 0.5389390625 0.18077656250000002 0.5334828125 0.1772484375 0.5287703125000001 0.169753125 0.525296875 0.16534374999999998 0.528521875
1 0.114196875 0.597965625 0.11552031250000001 0.601934375 0.12257499999999999 0.6021828124999999 0.127865625 0.5994546875 0.12962968749999998 0.5954859375 0.1261015625 0.5939984375 0.119046875 0.5939984375 0.1159609375 0.5952375 0.114196875 0.597965625
1 0.0723109375 0.6577375 0.0731921875 0.66170625 0.0855375 0.665921875 0.09215156249999999 0.6661703125 0.0970015625 0.6639390625 0.0974421875 0.6609625 0.09127031249999999 0.65550625 0.083775 0.65550625 0.0723109375 0.6577375
1 0.0679015625 0.7264390625 0.0630515625 0.7259421875000001 0.052909375 0.728421875 0.048059375 0.7333828125 0.03791875 0.7353671875 0.036596875 0.7361109375 0.03791875 0.740328125 0.0410046875 0.7428078124999999 0.045414062500000005 0.744046875 0.0679015625 0.7400796875 0.07495625 0.7363593749999999 0.076278125 0.7323906250000001 0.0679015625 0.7264390625
1 0.194003125 0.701884375 0.19709062500000002 0.70386875 0.2010578125 0.7036203125 0.20414531249999998 0.7011406250000001 0.20149843750000002 0.6981640625 0.19753125 0.6966765625 0.194003125 0.7001484375 0.194003125 0.701884375
0 0 0.8680562500000001 0.0035265625 0.8727671875 0.0061734375 0.873759375 0.043651562500000005 0.8665671875 0.048059375 0.8623515625 0.0586421875 0.8591265625 0.075396875 0.8519343750000001 0.07980625 0.8469734375 0.08465625 0.8467265625 0.0877421875 0.844990625 0.1067015625 0.8427578125 0.1111109375 0.8365578125 0.12477968749999999 0.8365578125 0.1300703125 0.8382937500000001 0.1344796875 0.8380453125 0.1384484375 0.8392859375 0.14197500000000002 0.8420140625 0.146384375 0.8417656250000001 0.16490312499999998 0.8442453125 0.1741625 0.8432546875 0.1768078125 0.8405265625 0.1790125 0.8400296875000001 0.179453125 0.8377968750000001 0.1776890625 0.8365578125 0.1728390625 0.8370531250000001 0.16357968750000002 0.8296125 0.1574078125 0.829365625 0.1529984375 0.8278765625 0.151234375 0.825396875 0.1587296875 0.8236609375 0.1715171875 0.8169640625 0.1732796875 0.8149796874999999 0.189153125 0.8100203125000001 0.2001765625 0.7988593749999999 0.20855312499999998 0.793403125 0.21605 0.7832343749999999 0.2195765625 0.7728171875000001 0.226190625 0.761409375 0.2323640625 0.737103125 0.2336859375 0.716021875 0.2389765625 0.7021328125 0.24338593749999998 0.6723703125 0.2425046875 0.6594734375 0.23941875 0.6542656250000001 0.2425046875 0.6445937500000001 0.24206406249999998 0.6341765625 0.23985937499999999 0.6302078125 0.235890625 0.603175 0.22707187499999998 0.5932546875 0.2244265625 0.5796125 0.217371875 0.5644843749999999 0.1772484375 0.5104171875 0.1732796875 0.509671875 0.168871875 0.5071921875000001 0.16357968750000002 0.4997515625 0.1574078125 0.49776718750000004 0.1569671875 0.4900796875 0.1543203125 0.4846234375 0.1499125 0.48338281250000004 0.09920625 0.43973281249999996 0.0917109375 0.435515625 0.0789234375 0.4357640625 0.044973437500000005 0.4077375 0.036596875 0.4045140625 0.024690625 0.40203437500000005 0.0171953125 0.394840625 0.0017640625 0.3849203125 0 0.3849203125 0 0.4201390625 0.0017640625 0.4203875 0.0022046875 0.42286718749999996 0.0017640625 0.4243546875 0 0.42460312499999997 0 0.451884375 0.0022046875 0.45473749999999996 0.0026453125 0.46949375 0.0022046875 0.4795640625 0 0.48511875 0 0.4915671875 0.0022046875 0.4931546875 0 0.498759375 0 0.623759375 0.0022046875 0.6260749999999999 0.0022046875 0.629215625 0 0.6299609375 0 0.7686015625 0.0022046875 0.7688484375 0.0035265625 0.773065625 0.0026453125 0.7929062499999999 0 0.7971234375 0 0.8680562500000001
0 0.9359375 0.84375 0.925 0.8359375 0.86875 0.8328125 0.8421875 0.8203125 0.6796875 0.78125 0.4546875 0.78125 0.34375 0.80625 0.2609375 0.8390625 0.2453125 0.8390625 0.225 0.8578125 0.171875 0.8890625 0.146875 0.925 0.134375 0.93125 0.1171875 0.965625 0.1078125 0.9984375 0.9984375 0.9984375 0.9984375 0.8578125 0.9359375 0.84375
0 0.525 0.2546875 0.575 0.290625 0.740625 0.2921875 0.8921875 0.3015625 0.9984375 0.2765625 0.9984375 0.1453125 0.9609375 0.1234375 0.865625 0.0953125 0.75625 0.0921875 0.659375 0.1125 0.55625 0.171875 0.5359375 0.1921875 0.534375 0.2078125 0.528125 0.2078125 0.5328125 0.2109375 0.53125 0.228125 0.5234375 0.2375 0.525 0.2546875
1 0.8015625 0.15625 0.790625 0.1609375 0.790625 0.1734375 0.8015625 0.1734375 0.8078125 0.165625 0.8015625 0.15625
1 0.825 0.178125 0.8265625 0.1890625 0.8453125 0.184375 0.8421875 0.175 0.825 0.178125
1 0.9421875 0.2140625 0.934375 0.215625 0.934375 0.228125 0.9484375 0.2265625 0.9421875 0.2140625
1 0.75625 0.1375 0.7546875 0.1484375 0.7671875 0.15 0.7671875 0.1375 0.75625 0.1375
1 0.58125 0.2125 0.5828125 0.225 0.596875 0.2203125 0.5953125 0.209375 0.58125 0.2125
1 0.66875 0.1109375 0.671875 0.1265625 0.6875 0.1203125 0.684375 0.1078125 0.66875 0.1109375
1 0.709375 0.18125 0.7078125 0.196875 0.7203125 0.1953125 0.725 0.178125 0.709375 0.18125
0 0.715625 0.0390625 0.7859375 0.0375 0.8109375 0.025 0.9109375 0 0.36875 0.0015625 0.43125 0.0171875 0.571875 0.0375 0.715625 0.0390625
1 0.6828125 0.0390625 0.6859375 0.0453125 0.7203125 0.0515625 0.7109375 0.0359375 0.6828125 0.0390625
1 0.734375 0.0375 0.7328125 0.0484375 0.7484375 0.04375 0.74375 0.0359375 0.734375 0.0375
1 0.8515625 0.9671875 0.84375 0.9578125 0.828125 0.959375 0.825 0.9671875 0.8359375 0.9734375 0.846875 0.9734375 0.8515625 0.9671875
1 0.353125 0.8390625 0.3546875 0.85 0.36875 0.85 0.3671875 0.840625 0.353125 0.8390625
1 0.2359375 0.9421875 0.2171875 0.946875 0.215625 0.9578125 0.23125 0.9625 0.2421875 0.95 0.2359375 0.9421875