1 0.5185187499999999 0.373759375 0.5216046875 0.3697921875 0.5216046875 0.3645828125 0.5171953125 0.3598703125 0.5070546874999999 0.342509375 0.4929453125 0.331596875 0.4885359375 0.3258921875 0.4841265625 0.3229171875 0.4783953125 0.3107640625 0.4709 0.3025796875 0.45105781250000004 0.290178125 0.4356265625 0.2842265625 0.4316578125 0.29191406249999996 0.428571875 0.3048109375 0.42592656250000005 0.33209374999999997 0.425484375 0.3462296875 0.42813125 0.3702875 0.4316578125 0.37896874999999997 0.4417984375 0.3849203125 0.4704578125 0.391865625 0.4889765625 0.3891375 0.5008812500000001 0.3841765625 0.5185187499999999 0.373759375
1 0.1018515625 0.5602671875 0.1071421875 0.5620046875 0.112434375 0.5620046875 0.12257499999999999 0.5647328125 0.1353609375 0.5657234375 0.147265625 0.56175625 0.1728390625 0.5563 0.1887125 0.551090625 0.19929531250000002 0.5451390625 0.19929531250000002 0.5411703125 0.189153125 0.535465625 0.16534374999999998 0.5314984375 0.156525 0.5272812499999999 0.1538796875 0.5248015625 0.1494703125 0.524553125 0.12698437499999998 0.5297625 0.11860625 0.535465625 0.1111109375 0.53745 0.10361562499999999 0.5458828125 0.0961203125 0.545634375 0.09127031249999999 0.5429062499999999 0.085978125 0.5463796875 0.07980625 0.5466265625 0.075396875 0.5486109375 0.0731921875 0.5525796875 0.0736328125 0.5563 0.0820109375 0.5592765625 0.0864203125 0.5605156250000001 0.0908296875 0.5602671875 0.093475 0.555803125 0.098325 0.55555625 0.1018515625 0.5602671875
1 0.669753125 0.6899796874999999 0.6591703125 0.6884921875 0.6499125 0.6889875 0.650353125 0.6984125 0.6543203125 0.70386875 0.6728390625 0.7048609375 0.6776890625 0.7048609375 0.679453125 0.70386875 0.6820984375 0.696428125 0.678571875 0.69295625 0.669753125 0.6899796874999999
1 0.7164906249999999 0.5545640625 0.708553125 0.556546875 0.7045859375 0.5600203125000001 0.7045859375 0.5644843749999999 0.7081125 0.565971875 0.7164906249999999 0.5669640625000001 0.7283953125 0.5622515625 0.7297171875 0.559028125 0.7288359375 0.556546875 0.7244265624999999 0.5545640625 0.7164906249999999 0.5545640625
1 0.8099640625 0.64930625 0.8064375 0.65005 0.8042328124999999 0.6525296875000001 0.8051140625000001 0.6572421875 0.81040625 0.6599703124999999 0.8183421875000001 0.6614578125 0.8227515625 0.6594734375 0.82495625 0.6542656250000001 0.8218687499999999 0.650296875 0.8170187500000001 0.6490578124999999 0.8099640625 0.64930625
1 0.608465625 0.6542656250000001 0.608025 0.6584828125 0.6150796875 0.662946875 0.6269843749999999 0.662203125 0.630953125 0.6594734375 0.63139375 0.6545140625 0.62654375 0.64756875 0.619046875 0.648809375 0.608465625 0.6542656250000001
1 0.7050265625 0.5987109375 0.7014984375 0.597221875 0.6953265625 0.5984625 0.6966484375 0.602678125 0.7045859375 0.6036703125 0.7050265625 0.5987109375
1 0.66534375 0.451140625 0.6644625 0.4548609375 0.6684296875 0.45610156249999995 0.6772484375000001 0.45610156249999995 0.6812171874999999 0.4548609375 0.6807765625 0.45089218750000004 0.6776890625 0.44890937500000005 0.669753125 0.44890937500000005 0.66534375 0.451140625
1 0.5 0.451140625 0.499559375 0.45535781249999996 0.5030859375000001 0.45858125000000005 0.509259375 0.45932500000000004 0.513228125 0.4578375 0.5158734375 0.45535781249999996 0.513228125 0.45039687500000003 0.504409375 0.44965312500000004 0.5 0.451140625
1 0 0.4583328125 0.0127859375 0.461309375 0.0216046875 0.4615578125 0.032628125 0.45808593750000004 0.037478125 0.455109375 0.0392421875 0.44692499999999996 0.028218749999999997 0.4389875 0.0255734375 0.43824375 0.0202828125 0.438740625 0.013228124999999999 0.4370046875 0.00485 0.4422125 0 0.44766874999999995 0 0.4583328125
1 0.0956796875 0.7857140625000001 0.09127031249999999 0.7852187500000001 0.08906562500000001 0.7859625 0.083775 0.7919140625 0.08333281249999999 0.7988593749999999 0.0873015625 0.8023312499999999 0.0952375 0.8015874999999999 0.10052968749999999 0.7988593749999999 0.10229218749999999 0.7953875 0.1018515625 0.79141875 0.1000875 0.7884421875000001 0.0956796875 0.7857140625000001
1 0.2059078125 0.8427578125 0.2010578125 0.8427578125 0.1966484375 0.8454859375 0.1962078125 0.84995 0.19929531250000002 0.8583828125 0.2010578125 0.86011875 0.2089953125 0.8611109375 0.21252187500000003 0.8573906250000001 0.21208125 0.8492062499999999 0.2089953125 0.8442453125 0.2059078125 0.8427578125
1 0.1525578125 0.17113125 0.151234375 0.17286718750000002 0.15079375 0.1775796875 0.1543203125 0.180059375 0.1622578125 0.18055625 0.16754843749999998 0.178075 0.1679890625 0.173115625 0.1626984375 0.16989062500000002 0.156525 0.16964218749999999 0.1525578125 0.17113125
1 0.49823593749999995 0.05679531249999999 0.5008812500000001 0.058284375 0.505290625 0.0580359375 0.5070546874999999 0.05679531249999999 0.50573125 0.052331249999999996 0.500440625 0.052331249999999996 0.49867656250000003 0.055059375 0.49823593749999995 0.05679531249999999
1 0.372575 0.6954359375 0.3756609375 0.693453125 0.37301562499999996 0.6889875 0.3655203125 0.6892359375 0.363315625 0.691715625 0.3650796875 0.6959328124999999 0.372575 0.6954359375
1 0.5952375 0.2564484375 0.593475 0.2591765625 0.594796875 0.2609125 0.6009703125 0.261409375 0.6044968749999999 0.2604171875 0.6049375 0.2591765625 0.6018515625 0.2562 0.5970015625 0.2557046875 0.5952375 0.2564484375
0 0.32186875000000004 0 0.30246875 0.005953125 0.2905640625 0.008432812500000001 0.2857140625 0.0109125 0.25308593749999997 0.0213296875 0.236771875 0.028521875000000002 0.21869531250000002 0.038690625 0.2129625 0.040178124999999995 0.188271875 0.053818750000000005 0.18253906250000002 0.055556249999999995 0.14594374999999998 0.079365625 0.13932968750000002 0.084821875 0.1344796875 0.086309375 0.130953125 0.090278125 0.11860625 0.097221875 0.097884375 0.1150796875 0.071428125 0.143353125 0.0648140625 0.1532734375 0.060846875 0.15401718749999999 0.056437499999999995 0.1579859375 0.04761875 0.17137968750000002 0.0405640625 0.177828125 0.0194 0.20535781250000001 0.0171953125 0.21081406249999998 0.008378125 0.22197343749999998 0.0079359375 0.241815625 0.004409375 0.24776718749999999 0.006614062499999999 0.2514875 0.00396875 0.2599203125 0.0022046875 0.2775296875 0.0026453125 0.3732640625 0.0035265625 0.3834328125 0.0061734375 0.3903765625 0.00573125 0.3963296875 0.0030859375 0.40178593749999997 0.0030859375 0.436259375 0.00485 0.4427078125 0.0030859375 0.44816406249999996 0 0.45039687500000003 0 0.4528765625 0.0022046875 0.4533734375 0.0035265625 0.4623015625 0 0.4655265625 0.0035265625 0.4702375 0.0026453125 0.7053578125 0.00396875 0.7170140625 0.010140625 0.73983125 0.013228124999999999 0.7408234375 0.0216046875 0.741071875 0.0260140625 0.7438 0.0321875 0.7519843749999999 0.03306875 0.7562 0.0405640625 0.762896875 0.04761875 0.76636875 0.0537921875 0.7790171875 0.056437499999999995 0.7807546875 0.060846875 0.7814984375 0.0639328125 0.7889390625 0.076278125 0.788690625 0.08465625 0.7852187500000001 0.09435625 0.789434375 0.09435625 0.8105156250000001 0.0956796875 0.81175625 0.09920625 0.8105156250000001 0.10361562499999999 0.8115078125 0.117725 0.8177078124999999 0.12654375 0.8278765625 0.1384484375 0.8303578125 0.13932968750000002 0.8291171875 0.14462031250000001 0.8276296875 0.1538796875 0.8283734375 0.1574078125 0.8353171875 0.1622578125 0.8380453125 0.1644625 0.8415171875 0.1776890625 0.8457343749999999 0.18650781249999998 0.8442453125 0.193121875 0.84449375 0.20194062499999998 0.8400296875000001 0.20414531249999998 0.83755 0.206790625 0.83755 0.2129625 0.8407734375 0.216490625 0.8407734375 0.21869531250000002 0.8439984375 0.230159375 0.8516859374999999 0.2336859375 0.8563984375 0.235890625 0.8630953124999999 0.24426874999999998 0.8683031250000001 0.24603125 0.871528125 0.2513234375 0.8740078125 0.2561734375 0.8740078125 0.26851875000000003 0.8764875 0.2791 0.8856640625000001 0.2813046875 0.8812 0.28835937500000003 0.8802078124999999 0.2905640625 0.8816968749999999 0.2936515625 0.8812 0.30246875 0.8859125000000001 0.3099640625 0.887153125 0.31349218749999996 0.8888890625 0.32980624999999997 0.8908734375 0.33509687499999996 0.8903765625 0.3421515625 0.891865625 0.344796875 0.8993062500000001 0.352734375 0.9042656250000001 0.3694890625 0.9045140625 0.3805109375 0.9067453125 0.395503125 0.9198906250000001 0.4043203125 0.9238593749999999 0.40784843750000005 0.9285718749999999 0.41842968750000004 0.9300593750000001 0.4316578125 0.9293156249999999 0.43474375 0.928075 0.43827187500000003 0.921875 0.44268124999999997 0.920634375 0.45105781250000004 0.9159218750000001 0.45238125 0.9134421875 0.4563484375 0.9109624999999999 0.4704578125 0.90625 0.481921875 0.90550625 0.5008812500000001 0.8988093750000001 0.513228125 0.8965781249999999 0.5167546875 0.8921125 0.5251328125 0.887896875 0.5286593749999999 0.884425 0.5352734375 0.8839281250000001 0.5405640625 0.8869046875000001 0.5449734375 0.8869046875000001 0.5577593750000001 0.8814484374999999 0.56525625 0.8740078125 0.5727515624999999 0.8692953125 0.5776015625 0.8680562500000001 0.5837749999999999 0.8700390625000001 0.589065625 0.8700390625000001 0.59920625 0.8663187499999999 0.6049375 0.8613593749999999 0.6150796875 0.846478125 0.6199296875 0.8452375 0.6238984375000001 0.84771875 0.630953125 0.8469734375 0.6349203125 0.8454859375 0.6644625 0.821925 0.6684296875 0.8206843750000001 0.6732796875 0.8216765625000001 0.6790125 0.8211812500000001 0.6887125000000001 0.8184531249999999 0.693121875 0.8157234375 0.7045859375 0.8038187499999999 0.730159375 0.79141875 0.7385359375 0.7832343749999999 0.750440625 0.7653765625 0.763228125 0.7616562499999999 0.772928125 0.7564484375 0.7746906250000001 0.7517359375 0.7857140625000001 0.7375984375 0.7896828124999999 0.7259421875000001 0.7896828124999999 0.7205578125 0.8002640624999999 0.71006875 0.8024687500000001 0.710565625 0.8055562500000001 0.7088296875 0.8082015625000001 0.7048609375 0.8046734375 0.7013890625 0.8298062500000001 0.6708828125 0.8377421875 0.665675 0.8408296875 0.6517859374999999 0.8456796875 0.64756875 0.8500875000000001 0.64756875 0.853615625 0.6458328125 0.8589062500000001 0.631696875 0.8611109375 0.6302078125 0.863315625 0.6202875 0.8703703125000001 0.6150796875 0.8730156250000001 0.6014390625 0.8756609375 0.59920625 0.8805109375000001 0.5984625 0.886684375 0.5954859375 0.8924156249999999 0.5865578124999999 0.8928578125 0.571925 0.8897703124999999 0.5677078125 0.890653125 0.5602671875 0.8950625000000001 0.55704375 0.9038796874999999 0.55381875 0.9087296874999999 0.5473703125 0.9100531249999999 0.526103125 0.90564375 0.512896875 0.9082890625 0.5109125 0.9153437500000001 0.509671875 0.9184296875 0.505953125 0.918871875 0.501240625 0.9162250000000001 0.4985125 0.923721875 0.4595734375 0.9276890625 0.45535781249999996 0.9290125 0.4446921875 0.92504375 0.4357640625 0.9038796874999999 0.3177078125 0.900353125 0.31324375 0.8500875000000001 0.20858125 0.8412703125000001 0.195684375 0.8333328124999999 0.180059375 0.8267203125 0.1733625 0.8258374999999999 0.16989062500000002 0.8183421875000001 0.160465625 0.796296875 0.13963281249999998 0.7896828124999999 0.1227671875 0.7843921875000001 0.1150796875 0.7795421874999999 0.11284687499999999 0.7773375 0.107390625 0.769840625 0.10168593749999999 0.7517640625 0.0838296875 0.7464734375 0.081596875 0.739859375 0.0751484375 0.7209 0.0625 0.7001765625 0.0520828125 0.689153125 0.044146875 0.6556437500000001 0.0307546875 0.6481484375 0.0213296875 0.6384484375 0.0131453125 0.62345625 0.00396875 0.61860625 0.0024796875 0.617284375 0 0.471340625 0 0.42945312500000005 0.008432812500000001 0.4263671875 0.005207812500000001 0.4175484375 0.0017359375 0.4175484375 0 0.32186875000000004 0