1 0.26058125 0.5208328125 0.2541890625 0.519840625 0.23545 0.5136406250000001 0.22354531249999998 0.512896875 0.2142859375 0.515625 0.2045859375 0.525296875 0.2045859375 0.5332343749999999 0.2129625 0.5491078125 0.2429453125 0.55233125 0.2522046875 0.5525796875 0.25573125 0.551090625 0.264109375 0.5334828125 0.26366875 0.5240578124999999 0.26058125 0.5208328125
1 0.0908296875 0.5672125 0.10097031249999999 0.5647328125 0.10361562499999999 0.5605156250000001 0.0917109375 0.5585312499999999 0.07980625 0.5600203125000001 0.08333281249999999 0.565228125 0.0908296875 0.5672125
1 0.2751328125 0.6423609375 0.2751328125 0.6269843749999999 0.2663140625 0.622271875 0.2614640625 0.6210312499999999 0.2403 0.6210312499999999 0.22134062499999999 0.623759375 0.21781250000000002 0.6259921875 0.2112 0.6443453124999999 0.2112 0.650296875 0.216490625 0.655009375 0.22354531249999998 0.6552578125 0.24514999999999998 0.6594734375 0.2517640625 0.659721875 0.25881875 0.65699375 0.27028281249999997 0.64930625 0.2751328125 0.6423609375
1 0.481921875 0.619046875 0.4845671875 0.615575 0.48633125 0.6073906250000001 0.46913593750000004 0.5922625 0.45546718750000004 0.5892859374999999 0.44268124999999997 0.5885421875 0.43650781250000004 0.5915171875 0.4316578125 0.602678125 0.42504375000000005 0.60863125 0.4241625 0.6113593749999999 0.430334375 0.6145828125 0.43386250000000004 0.619046875 0.4351859375 0.6267359375 0.44400312499999994 0.627728125 0.45546718750000004 0.6269843749999999 0.4695765625 0.62425625 0.481921875 0.619046875
1 0.5630515625 0.5927578125 0.5626109375 0.58358125 0.55555625 0.573909375 0.541446875 0.569196875 0.5264546875 0.5674609375 0.513228125 0.5682046875 0.508378125 0.5724203125 0.5070546874999999 0.5766375 0.50881875 0.5801093749999999 0.523809375 0.5939984375 0.537478125 0.5984625 0.5564375 0.6021828124999999 0.570546875 0.603421875 0.5696656250000001 0.59920625 0.5630515625 0.5927578125
1 0.961640625 0.9045140625 0.9603171875 0.9017859375 0.9466484375 0.8911203125 0.9241625000000001 0.8851687500000001 0.9197531250000001 0.8856640625000001 0.9171078125 0.8874015625 0.9162250000000001 0.8963296875 0.9179890625 0.9037703125000001 0.9219578125 0.9087296874999999 0.9316578124999999 0.9107140625 0.9453265625 0.9114578124999999 0.953703125 0.910465625 0.9589953124999999 0.9087296874999999 0.961640625 0.9045140625
1 0.8082015625000001 0.8576390625 0.8029093749999999 0.8534218750000001 0.7945328125 0.8511906249999999 0.7905640625 0.8511906249999999 0.7843921875000001 0.8534218750000001 0.7808640625 0.8611109375 0.7799828125 0.865575 0.7817453125 0.8680562500000001 0.7896828124999999 0.8730156250000001 0.7945328125 0.873759375 0.798059375 0.8730156250000001 0.8033515625 0.8692953125 0.8086421874999999 0.8616078125 0.8082015625000001 0.8576390625
1 0.8046734375 0.8328374999999999 0.8042328124999999 0.834325 0.80731875 0.8380453125 0.8139328125 0.8387890625000001 0.8156968750000001 0.8377968750000001 0.8161375 0.8333328124999999 0.8139328125 0.8311015625 0.8095234375 0.830853125 0.8046734375 0.8328374999999999
1 0.7164906249999999 0.7524796874999999 0.7138453124999999 0.7547125 0.7164906249999999 0.7599203125 0.72178125 0.7651296875 0.72575 0.766865625 0.731921875 0.766865625 0.7341265625 0.759671875 0.7297171875 0.7552078125 0.7204578125000001 0.7522328125 0.7164906249999999 0.7524796874999999
1 0.74515 0.7624015625 0.7438265625 0.7631453125000001 0.7438265625 0.7676093749999999 0.7473546875 0.7693453124999999 0.7513234375 0.7693453124999999 0.7539687500000001 0.7676093749999999 0.7539687500000001 0.7636406250000001 0.7482359375 0.7616562499999999 0.74515 0.7624015625
1 0.962521875 0.839534375 0.9664906249999999 0.8412703125000001 0.9704578125 0.8407734375 0.9726625 0.8380453125 0.9700171875000001 0.8358140625000001 0.96693125 0.8350687499999999 0.9612 0.8373015625000001 0.962521875 0.839534375
0 0.7403 0.902034375 0.7438265625 0.9117062499999999 0.7460312499999999 0.9250984375 0.7526453125 0.9320437500000001 0.7610234375 0.9499015625 0.7716046875 0.9603171875 0.77425 0.9754468749999999 0.7773375 0.9776781250000001 0.773809375 0.9828875 0.7808640625 0.9868546874999999 0.78395 0.9942953125 0.7813046875 0.995784375 0.7808640625 0.9984375 0.995590625 0.9984375 0.9969140624999999 0.8154765625 0.9984375 0.81175625 0.9984375 0.8015874999999999 0.9969140624999999 0.797965625 0.9973546875 0.7693453124999999 0.9984375 0.7688484375 0.9984375 0.759425 0.9973546875 0.758928125 0.9973546875 0.7546125 0.9984375 0.751240625 0.9984375 0.6872515625 0.9973546875 0.68506875 0.9977953125000001 0.6775796875 0.9984375 0.67733125 0.9984375 0.6386406250000001 0.9872140625 0.6334328124999999 0.9823640625 0.6329359375 0.97178125 0.629215625 0.9660500000000001 0.629215625 0.9550265625 0.62574375 0.9325390625000001 0.6227671875 0.9219578125 0.6247515625 0.9162250000000001 0.6247515625 0.9078484375 0.6220234375 0.8946203125000001 0.6217765625 0.8924156249999999 0.622271875 0.891534375 0.62574375 0.8796296874999999 0.63194375 0.8778656249999999 0.6307046875 0.86860625 0.6287203124999999 0.8575843750000001 0.623759375 0.8505296875000001 0.6170640625 0.8377421875 0.61011875 0.8134921875 0.6138390625000001 0.7940921875 0.6140875 0.76366875 0.6274796874999999 0.7539687500000001 0.6381453125000001 0.75 0.6401296875 0.726190625 0.6679062499999999 0.7142859374999999 0.6889875 0.706790625 0.7182546875 0.703703125 0.7239578125 0.7041453125 0.735615625 0.7014984375 0.74305625 0.7028218749999999 0.8013390625 0.708553125 0.811259375 0.7112 0.8286203125 0.7314812500000001 0.880009375 0.7314812500000001 0.8955859374999999 0.7403 0.902034375
1 0.8571421875 0.27579375 0.8412703125000001 0.273809375 0.8315703125 0.275296875 0.8231921874999999 0.2790171875 0.8227515625 0.2837296875 0.8302468749999999 0.29885937500000004 0.854496875 0.2986109375 0.8646390625 0.295634375 0.8703703125000001 0.2911703125 0.8690468750000001 0.284721875 0.8655203124999999 0.2810015625 0.8571421875 0.27579375
1 0.9629625 0.37425625 0.9422406249999999 0.3787203125 0.939153125 0.3812 0.944003125 0.38566406249999996 0.9514984375 0.3881453125 0.96208125 0.3891375 0.9744265625 0.3849203125 0.9775124999999999 0.37698437500000004 0.9735453125 0.3745046875 0.9629625 0.37425625
1 0.768078125 0.4134421875 0.7623453125 0.41641874999999995 0.7597 0.419890625 0.764109375 0.421875 0.7755734375000001 0.4223703125 0.7791 0.421875 0.782628125 0.41964218750000004 0.7808640625 0.415921875 0.773809375 0.41319375 0.768078125 0.4134421875
1 0.9819218749999999 0.42088281250000004 0.9872140625 0.4203875 0.9889765625000001 0.415921875 0.985890625 0.414434375 0.9797171875 0.4154265625 0.9788359375000001 0.419890625 0.9819218749999999 0.42088281250000004
0 0.697090625 0.44171562499999995 0.7050265625 0.451884375 0.7081125 0.4533734375 0.7204578125000001 0.470734375 0.7429453125000001 0.49379999999999996 0.78395 0.5287703125000001 0.8055562500000001 0.54141875 0.8143734374999999 0.5451390625 0.8187828125 0.5458828125 0.8258374999999999 0.5436515625 0.8289234375 0.53993125 0.835096875 0.53745 0.8390656249999999 0.5332343749999999 0.8597890625 0.5203375 0.864196875 0.519096875 0.8730156250000001 0.519096875 0.8765437500000001 0.5205859375 0.8809531249999999 0.5205859375 0.8902109375 0.52505 0.8924156249999999 0.5364578125 0.896384375 0.540675 0.9043203125 0.5332343749999999 0.9074078125 0.5176093749999999 0.918871875 0.5084328124999999 0.9228390624999999 0.50074375 0.9312171875 0.4975203125 0.9360671875 0.498015625 0.939153125 0.50545625 0.9448859374999999 0.5131453125000001 0.951940625 0.518353125 0.9550265625 0.527034375 0.9700171875000001 0.522321875 0.9775124999999999 0.5171125 0.9828046875 0.506696875 0.985890625 0.5057046875 0.9894187499999999 0.4982640625 0.9925046875 0.49603125 0.9969140624999999 0.4868546875 0.9973546875 0.47321406250000003 0.9984375 0.47271875 0.9984375 0.42113125 0.9973546875 0.420634375 0.9973546875 0.41815468750000007 0.9984375 0.41765937500000005 0.9984375 0.391865625 0.9964734375000001 0.3869046875 0.9964734375000001 0.3415171875 0.99515 0.33755 0.9885359375 0.334325 0.9832453125 0.3258921875 0.977071875 0.3229171875 0.9634031249999999 0.31051562499999996 0.9369484375000001 0.29290625000000003 0.9241625000000001 0.2876984375 0.9171078125 0.2827375 0.9118171875 0.2810015625 0.9034390625000001 0.280009375 0.887565625 0.26959374999999997 0.8809531249999999 0.2673609375 0.8734562499999999 0.2688484375 0.8712515625 0.268353125 0.8650796875 0.26364062499999996 0.849646875 0.2579359375 0.8412703125000001 0.2571921875 0.8346562499999999 0.2591765625 0.8227515625 0.2557046875 0.8139328125 0.2564484375 0.7755734375000001 0.24727187499999997 0.7574953125 0.24454375 0.7477953125 0.24082343750000001 0.735890625 0.24057499999999998 0.7323640625000001 0.24206406249999998 0.7288359375 0.245784375 0.7204578125000001 0.2470234375 0.71208125 0.2532234375 0.7050265625 0.254215625 0.6997359375000001 0.2609125 0.697090625 0.2624015625 0.6900359375 0.26364062499999996 0.6838625 0.2708328125 0.6768078125 0.2735609375 0.674603125 0.277778125 0.6631390625 0.2891859375 0.6618171875 0.2951390625 0.6543203125 0.2971234375 0.652115625 0.29885937500000004 0.6490296875 0.3087796875 0.6441796875 0.3139875 0.6450625 0.322171875 0.6406531249999999 0.3286203125 0.642415625 0.34176562499999996 0.6477078125 0.365328125 0.6556437500000001 0.384425 0.6887125000000001 0.4303078125 0.6935625 0.43402812500000004 0.697090625 0.44171562499999995
0 0.054232812500000005 0.6619546875 0.060406249999999995 0.6639390625 0.07407343749999999 0.6654265625 0.10317499999999999 0.665921875 0.112434375 0.668403125 0.11552031250000001 0.670634375 0.12213437499999999 0.67261875 0.1693125 0.679315625 0.1935625 0.68055625 0.20194062499999998 0.6822921875 0.2089953125 0.6855156250000001 0.2204578125 0.6884921875 0.2328046875 0.688740625 0.2464734375 0.690971875 0.2619046875 0.6912203124999999 0.31657812500000004 0.7026296875 0.3703703125 0.7051093749999999 0.43959374999999995 0.7056046874999999 0.4559078125 0.7068453124999999 0.537478125 0.7028765625 0.5709875 0.6999015625 0.5912703125000001 0.6959328124999999 0.6111109375 0.6894843749999999 0.6252203125 0.6875 0.6534390625000001 0.6810515625 0.6763671875 0.6733625 0.6856265625 0.67261875 0.7204578125000001 0.66170625 0.7244265624999999 0.6602187500000001 0.7279546875 0.6552578125 0.7403 0.648809375 0.7429453125000001 0.643353125 0.7477953125 0.6396328125 0.7486765625 0.63045625 0.744709375 0.6267359375 0.741621875 0.6098703125 0.7332453125 0.5947421875 0.7010578125 0.563740625 0.6957671875 0.561259375 0.6781312500000001 0.5483625 0.6146390625 0.509425 0.5634921875 0.4858625 0.55555625 0.48338281250000004 0.548059375 0.47817499999999996 0.541446875 0.4766859375 0.5370375000000001 0.4739578125 0.5291 0.47147812499999997 0.5194 0.469990625 0.5061734375 0.46577343750000005 0.49823593749999995 0.462053125 0.4351859375 0.44692499999999996 0.416225 0.4451890625 0.3853609375 0.4379953125 0.3646390625 0.4379953125 0.33465625 0.4342765625 0.32275156250000003 0.43526718750000004 0.3126109375 0.43377968750000007 0.3015875 0.4357640625 0.2949734375 0.43303593749999997 0.2892421875 0.43477187500000003 0.2724875 0.43353125 0.254409375 0.43055625 0.25044062500000003 0.430803125 0.24735468749999998 0.4327875 0.23985937499999999 0.43328437500000005 0.2328046875 0.43129999999999996 0.21781250000000002 0.430059375 0.2010578125 0.43055625 0.1935625 0.43303593749999997 0.1768078125 0.43129999999999996 0.1529984375 0.431546875 0.146825 0.4350203125 0.136596875 0.4375 0.1115515625 0.43824375 0.053351562500000005 0.451140625 0.032628125 0.4533734375 0.028218749999999997 0.455109375 0.022928125 0.45932500000000004 0.005290625 0.462796875 0.0026453125 0.47222187499999996 0.0026453125 0.6403765625 0.00573125 0.646825 0.013668749999999999 0.648065625 0.0216046875 0.6530265625 0.029099999999999997 0.655009375 0.0370375 0.6567453125 0.046296875 0.6572421875 0.054232812500000005 0.6619546875
1 0.900353125 0.703125 0.90564375 0.7008921875 0.9052031250000001 0.6954359375 0.900353125 0.691715625 0.897265625 0.694940625 0.897265625 0.7008921875 0.900353125 0.703125
1 0.89594375 0.855159375 0.8937390625000001 0.856646875 0.8884484374999999 0.8643359374999999 0.8888890625 0.8673109374999999 0.8910937499999999 0.8685515625000001 0.896384375 0.8700390625000001 0.9007937500000001 0.8683031250000001 0.9021156250000001 0.8613593749999999 0.900353125 0.8571421875 0.8977078125 0.85540625 0.89594375 0.855159375
1 0.8884484374999999 0.9506453125000001 0.8919750000000001 0.9476687500000001 0.8910937499999999 0.9441968749999999 0.8844796875000001 0.9434531249999999 0.88139375 0.9454359374999999 0.8809531249999999 0.9508921875 0.8884484374999999 0.9506453125000001
0 0.4890625 0.95625 0.425 0.9578125 0.39375 0.96875 0.3546875 0.99375 0.35 0.9984375 0.625 0.9984375 0.559375 0.9703125 0.4890625 0.95625
1 0.3953125 0.96875 0.3875 0.9734375 0.390625 0.98125 0.4015625 0.978125 0.3953125 0.96875
1 0.559375 0.9875 0.553125 0.9984375 0.5734375 0.9984375 0.5703125 0.9890625 0.559375 0.9875