1 0.581128125 0.404265625 0.580246875 0.39930625000000003 0.5361546875000001 0.3764875 0.5211640625 0.3697921875 0.5185187499999999 0.371528125 0.5211640625 0.40252968750000007 0.523809375 0.40699375 0.5308640625 0.4077375 0.5410046875 0.41170625000000005 0.5542328125 0.41245000000000004 0.5648140625 0.4119546875 0.5736328125 0.4087296875 0.581128125 0.404265625
1 0.41181718749999996 0.498759375 0.3999125 0.4928078125 0.3884484375 0.492559375 0.380953125 0.49702343750000005 0.3805109375 0.5029765625 0.38932968749999997 0.50868125 0.39329843750000004 0.5099203125 0.4043203125 0.509671875 0.41093437499999996 0.508184375 0.41446249999999996 0.505953125 0.414021875 0.5014875 0.41181718749999996 0.498759375
1 0.349646875 0.66170625 0.3456796875 0.6592265625 0.3403875 0.6587296874999999 0.335978125 0.6594734375 0.3280421875 0.6641859375 0.32495625 0.6693953125000001 0.324515625 0.674603125 0.3271609375 0.67733125 0.3324515625 0.6775796875 0.3412703125 0.6758437500000001 0.3465609375 0.6738593749999999 0.3509703125 0.6698906250000001 0.3518515625 0.6654265625 0.349646875 0.66170625
1 0.6150796875 0.423859375 0.6071421875 0.427828125 0.6058203125 0.4303078125 0.6053796874999999 0.439484375 0.6071421875 0.44122031249999993 0.614196875 0.44370000000000004 0.627425 0.439484375 0.632275 0.4357640625 0.62830625 0.4310515625 0.61860625 0.42485156249999995 0.6150796875 0.423859375
1 0.5013234375 0.775296875 0.49382656249999995 0.7713296875 0.485890625 0.7708328125 0.4828046875 0.772321875 0.4783953125 0.777778125 0.4704578125 0.7814984375 0.46913593750000004 0.7829859375 0.4704578125 0.7859625 0.47795468750000003 0.789434375 0.4823640625 0.790178125 0.4885359375 0.787946875 0.4977953125 0.782490625 0.5013234375 0.7792656250000001 0.5013234375 0.775296875
1 0.4541453125 0.78993125 0.4541453125 0.7951390625 0.45767187500000006 0.7971234375 0.4629625 0.7973703125 0.46693125 0.79613125 0.46693125 0.790675 0.4629625 0.7869546875 0.458553125 0.7869546875 0.4541453125 0.78993125
1 0.8179015625 0.67881875 0.8086421874999999 0.6803078124999999 0.8064375 0.681546875 0.8077593750000001 0.6852671875 0.8095234375 0.6860125 0.8192234375 0.6879953125 0.825396875 0.6870046875 0.8271609375000001 0.6857640625 0.825396875 0.6817953125 0.8179015625 0.67881875
1 0.3042328125 0.337053125 0.3037921875 0.34176562499999996 0.30643750000000003 0.34300625 0.3183421875 0.3442453125 0.3240734375 0.34176562499999996 0.324515625 0.337053125 0.3183421875 0.334325 0.3086421875 0.334325 0.3042328125 0.337053125
1 0.51366875 0.2911703125 0.5158734375 0.29489062499999996 0.5291 0.29489062499999996 0.5295421874999999 0.290921875 0.5255734375000001 0.288690625 0.5171953125 0.28621093750000004 0.514109375 0.28819374999999997 0.51366875 0.2911703125
1 0.560846875 0.2790171875 0.5586421875 0.2810015625 0.5577593750000001 0.2829859375 0.5590828125 0.2844734375 0.5643734375 0.28621093750000004 0.5723109375 0.2857140625 0.5758375 0.2829859375 0.5723109375 0.27926562499999996 0.56701875 0.2782734375 0.560846875 0.2790171875
1 0.3223109375 0.2713296875 0.32186875000000004 0.27579375 0.32495625 0.2780265625 0.32892343749999997 0.2790171875 0.3377421875 0.2782734375 0.3417109375 0.275296875 0.3417109375 0.27108125 0.3377421875 0.26959374999999997 0.3223109375 0.2713296875
0 0.485890625 0 0.48148125 0.009671875 0.4823640625 0.0287703125 0.49074062500000004 0.0483625 0.49382656249999995 0.1232640625 0.49823593749999995 0.1267359375 0.495590625 0.1307046875 0.499559375 0.1341765625 0.499559375 0.1359125 0.49515000000000003 0.1388890625 0.48633125 0.13963281249999998 0.4828046875 0.143353125 0.4607578125 0.15525781249999998 0.4545859375 0.157490625 0.45061718749999996 0.16170625 0.42283906250000003 0.1763390625 0.3994703125 0.19097187499999999 0.396384375 0.1951890625 0.37830625 0.205109375 0.3659609375 0.216765625 0.36067031250000003 0.21949375 0.357584375 0.22420625 0.344796875 0.23363125 0.339946875 0.2393359375 0.31349218749999996 0.2584328125 0.3112875 0.2624015625 0.296296875 0.27430625000000003 0.2870375 0.2864578125 0.2804234375 0.2904265625 0.27954218750000004 0.29489062499999996 0.269840625 0.2983625 0.2658734375 0.303571875 0.25396874999999997 0.31324375 0.2469140625 0.3236609375 0.24206406249999998 0.328125 0.2403 0.334325 0.22134062499999999 0.3536703125 0.20326249999999998 0.3767359375 0.20149843750000002 0.38864062499999996 0.197971875 0.39260937500000004 0.1935625 0.40277812500000004 0.1887125 0.40848281249999996 0.17989375000000002 0.42683593750000004 0.180334375 0.4407234375 0.17504375 0.4546125 0.174603125 0.466765625 0.180334375 0.47420625000000005 0.180334375 0.518353125 0.18209843750000002 0.521825 0.1869484375 0.52505 0.1904765625 0.5322421875 0.1917984375 0.5488593749999999 0.1962078125 0.5644843749999999 0.2050265625 0.5716765625 0.2098765625 0.5989578125 0.21252187500000003 0.6021828124999999 0.21869531250000002 0.6041671875 0.2204578125 0.6068953125000001 0.2244265625 0.6220234375 0.226190625 0.6381453125000001 0.2283953125 0.6408734375 0.2389765625 0.644096875 0.24118124999999999 0.6463296875 0.24867656249999998 0.6587296874999999 0.2522046875 0.679315625 0.2570546875 0.684028125 0.264990625 0.6865078125 0.2671953125 0.6892359375 0.2751328125 0.71006875 0.28306875 0.7234625 0.2896828125 0.7266859375 0.2989421875 0.728421875 0.30731875 0.7366078125 0.3148140625 0.7495046875 0.3183421875 0.7522328125 0.325396875 0.7544640625000001 0.33465625 0.759671875 0.343915625 0.7728171875000001 0.35141093749999996 0.7792656250000001 0.362875 0.782490625 0.377425 0.7946421875 0.392415625 0.8038187499999999 0.40387968750000003 0.8058031250000001 0.40784843750000005 0.8045640625000001 0.4166671875 0.8045640625000001 0.4219578125 0.8072921875000001 0.4241625 0.8105156250000001 0.4307765625 0.813740625 0.4387125 0.8206843750000001 0.44268124999999997 0.8224203125 0.4514984375 0.8236609375 0.462521875 0.8209328125 0.46649062499999994 0.8216765625000001 0.48148125 0.8286203125 0.4929453125 0.8355656249999999 0.5 0.83755 0.505290625 0.8405265625 0.5145500000000001 0.8412703125000001 0.5268953125 0.839534375 0.548059375 0.8511906249999999 0.5564375 0.8536703125 0.603175 0.8807046875 0.62169375 0.8876484375 0.6305109375 0.8881453125000001 0.632715625 0.8851687500000001 0.632275 0.8831843750000001 0.6291890625 0.8769843749999999 0.622575 0.8720234375 0.6128750000000001 0.8494546875 0.6119921875000001 0.8298609375 0.613315625 0.82738125 0.6256609375 0.82415625 0.6296296875 0.8221718750000001 0.6340390625000001 0.8142359375 0.7001765625 0.7834828125 0.7054671875 0.783978125 0.71605 0.7795140625 0.726190625 0.769840625 0.7279546875 0.764384375 0.7403 0.764384375 0.7473546875 0.7631453125000001 0.7667546875 0.743303125 0.769840625 0.7423109375 0.7795421874999999 0.7428078124999999 0.7870375000000001 0.7395828125 0.7901234374999999 0.7346234375 0.7940921875 0.7318953125000001 0.8024687500000001 0.7177578125 0.8174609374999999 0.7080859375 0.8289234375 0.6877484375 0.8417109375 0.6822921875 0.8465609374999999 0.6738593749999999 0.8474421875000001 0.6688984375 0.87830625 0.618303125 0.900353125 0.559771875 0.9012343749999999 0.548115625 0.8981484375000001 0.52430625 0.9007937500000001 0.518353125 0.9007937500000001 0.5138890625 0.89594375 0.49925625 0.89594375 0.4858625 0.8853609375 0.462796875 0.885803125 0.45858125000000005 0.882715625 0.4516375 0.8809531249999999 0.4350203125 0.853175 0.3970734375 0.84435625 0.37698437500000004 0.8377421875 0.3725203125 0.826278125 0.3596234375 0.8227515625 0.35838281250000004 0.8046734375 0.33755 0.7985015625 0.33358125 0.7945328125 0.32911718749999996 0.7901234374999999 0.32713281250000004 0.7865968750000001 0.32266875 0.77821875 0.3177078125 0.76366875 0.304315625 0.7491187499999999 0.2951390625 0.736771875 0.2829859375 0.731921875 0.280009375 0.7288359375 0.2795140625 0.71605 0.2673609375 0.708553125 0.2633921875 0.6935625 0.251240625 0.68783125 0.2485125 0.6701937499999999 0.23561562500000002 0.665784375 0.234375 0.6529984375 0.2224703125 0.6261015624999999 0.20882968750000003 0.60890625 0.196428125 0.599646875 0.1927078125 0.5921515625 0.1875 0.5868609375 0.18551562500000002 0.575396875 0.17683593749999998 0.5648140625 0.17261875 0.532628125 0.1537703125 0.5291 0.150296875 0.514990625 0.14285781250000001 0.513228125 0.130953125 0.513228125 0.0689484375 0.5167546875 0.055059375 0.5211640625 0.0533234375 0.5251328125 0.054315625 0.532628125 0.053571875000000005 0.5392421875 0.055059375 0.5445328125 0.0580359375 0.5467375 0.05679531249999999 0.5511468749999999 0.05853125 0.5515875 0.0602671875 0.5559968750000001 0.0627484375 0.5564375 0.069196875 0.56525625 0.06870000000000001 0.5692234375 0.069940625 0.5723109375 0.0845734375 0.5798062500000001 0.084821875 0.5820109375 0.0838296875 0.5784828125 0.07986093749999999 0.584215625 0.0766375 0.5727515624999999 0.0631609375 0.5727515624999999 0.06002031249999999 0.5683421875 0.0533234375 0.56216875 0.048115625 0.56040625 0.044890625 0.5559968750000001 0.0424109375 0.5489421875 0.040675 0.5440921875 0.0362109375 0.5313046875 0.033978125 0.5268953125 0.025296875000000003 0.5273375 0.0208328125 0.5255734375000001 0.0178578125 0.5260140625 0 0.485890625 0