1 0.440740625 0.5020828125000001 0.43888906250000004 0.49635468749999995 0.4231484375 0.5098953125000001 0.4231484375 0.5140625 0.4351859375 0.5072921874999999 0.440740625 0.5020828125000001
1 0.4851859375 0.5104171875 0.48148125 0.5104171875 0.47777812500000005 0.5140625 0.47777812500000005 0.5182296875 0.4824078125 0.5182296875 0.4851859375 0.5104171875
1 0.5259265625 0.5223953125 0.5361109374999999 0.5177078125000001 0.5388890625 0.5114578125 0.5324078125 0.5088546875 0.5203703125 0.5135421874999999 0.5203703125 0.5213546874999999 0.5259265625 0.5223953125
1 0.5101859375 0.5223953125 0.5148140625 0.5192703125 0.5157406250000001 0.5135421874999999 0.5101859375 0.5130203125 0.503703125 0.5177078125000001 0.503703125 0.521875 0.5101859375 0.5223953125
1 0.4509265625 0.5828125 0.4583328125 0.5796875 0.46018593750000003 0.5760421874999999 0.44907343749999995 0.5734375 0.43888906250000004 0.5776046874999999 0.43888906250000004 0.58125 0.4509265625 0.5828125
1 0.5861109375 0.5447921874999999 0.58055625 0.5401046875 0.5703703124999999 0.5411453125000001 0.56944375 0.5447921874999999 0.5731484375 0.546875 0.5861109375 0.5447921874999999
1 0.7074078125 0.55625 0.7 0.5552078125000001 0.6898140625 0.5640625 0.6879625 0.5682296874999999 0.7009265625000001 0.5703125 0.7074078125 0.55625
1 0.53055625 0.5973953125 0.5324078125 0.603125 0.5425921875 0.5994796874999999 0.5379625 0.5942703125000001 0.53055625 0.5973953125
1 0.60555625 0.440625 0.60555625 0.44635468749999996 0.6138890625 0.44739531250000003 0.6138890625 0.44114531250000005 0.60555625 0.440625
1 0.7175921875 0.4609375 0.7203703124999999 0.459375 0.71944375 0.453125 0.7166671874999999 0.45208281250000004 0.7129624999999999 0.45625 0.7120375 0.45885468749999997 0.7175921875 0.4609375
1 0.672221875 0.51875 0.671296875 0.5234375 0.6740734374999999 0.5239578125000001 0.6768515625 0.5197921875 0.672221875 0.51875
1 0.759259375 0.5171875 0.7518515625 0.5161453125000001 0.7509265625 0.521875 0.759259375 0.5171875
1 0.6231484375 0.5989578125 0.6194437500000001 0.603125 0.6296296875 0.6036453125000001 0.6324078125 0.5973953125 0.6231484375 0.5989578125
0 0.41481406249999997 0.6151046874999999 0.446296875 0.63125 0.45925937499999997 0.6328125 0.48055624999999996 0.640625 0.5129625 0.6484375 0.572221875 0.6567703125000001 0.6175921875 0.6598953125 0.6277781250000001 0.6583328125000001 0.65 0.6619796874999999 0.671296875 0.6604171875 0.6990734375 0.6619796874999999 0.7166671874999999 0.6598953125 0.71944375 0.6572921875 0.74351875 0.6526046875 0.7601859375 0.6536453125 0.7648140625 0.65 0.7870375000000001 0.6458328125 0.790740625 0.6416671875 0.8092593750000001 0.6369796875 0.9074078125 0.6291671875 0.915740625 0.6317703125 0.9351859375 0.6317703125 0.88055625 0.5854171874999999 0.88055625 0.5796875 0.8740734375000001 0.5770828125 0.8601859375 0.5609375 0.859259375 0.5536453125 0.8481484375000001 0.5375 0.8231484375000001 0.5161453125000001 0.7833328125000001 0.4703125 0.7731484375 0.46666718749999997 0.7601859375 0.4546875 0.7490734375 0.4515625 0.746296875 0.44583281250000006 0.7009265625000001 0.42916718749999994 0.653703125 0.4234375 0.6333328125000001 0.42291718749999996 0.615740625 0.425 0.6064812500000001 0.42239531250000006 0.5759265625000001 0.42083281250000004 0.5185187499999999 0.42395781250000003 0.49166718749999994 0.43072968749999996 0.47777812500000005 0.4375 0.46666718749999997 0.4390625 0.447221875 0.446875 0.4425921875 0.45260468749999994 0.4296296875 0.4546875 0.4 0.47083281250000003 0.38425937499999996 0.48385468749999994 0.37777812499999996 0.49322968749999996 0.3796296875 0.5182296875 0.37777812499999996 0.5203125 0.36851875 0.5213546874999999 0.3601859375 0.5291671874999999 0.36851875 0.5640625 0.3768515625 0.5734375 0.37777812499999996 0.5802078125000001 0.41481406249999997 0.6151046874999999
1 0.822221875 0.5708328125000001 0.8324078125 0.5703125 0.828703125 0.5651046875 0.822221875 0.5640625 0.81851875 0.5661453125 0.8175921875000001 0.5682296874999999 0.822221875 0.5708328125000001
1 0.8861109375 0.6072921874999999 0.8768515625 0.6015625 0.871296875 0.6046875 0.8703703125000001 0.6072921874999999 0.878703125 0.6104171875 0.8861109375 0.6072921874999999
1 0.6833328125 0.49427031250000003 0.6833328125 0.49114531250000004 0.6731484375 0.49166718749999994 0.672221875 0.4973953125 0.677778125 0.49791718749999997 0.6833328125 0.49427031250000003
1 0.61851875 0.6505203125000001 0.6175921875 0.6541671874999999 0.6222218749999999 0.65625 0.6277781250000001 0.6505203125000001 0.61851875 0.6505203125000001
0 0.9953703125000001 0.6328125 0.9984375 0.6286453125 0.9984375 0.5619796874999999 0.9907406249999999 0.5604171874999999 0.9546296875 0.5614578125 0.9046296875 0.5734375 0.8916671875000001 0.5744796875 0.8842593750000001 0.5838546874999999 0.8842593750000001 0.5916671874999999 0.9120375 0.6140625 0.9240734375 0.6197921875 0.93148125 0.6223953125 0.9638890625000001 0.6255203125000001 0.9703703125 0.6291671875 0.9759265625 0.628125 0.9953703125000001 0.6328125
0 0.9305562500000001 0.6390625 0.9231484375000001 0.6369796875 0.922221875 0.6447921875 0.959259375 0.6557296874999999 0.9870374999999999 0.6708328125 0.99444375 0.6723953125000001 0.9984375 0.6598953125 0.9984375 0.5625 0.9740734375000001 0.5604171874999999 0.9703703125 0.5619796874999999 0.9564812500000001 0.5614578125 0.925 0.5697921874999999 0.8879625000000001 0.5755203125 0.8842593750000001 0.5916671874999999 0.89444375 0.5942703125000001 0.9083328125 0.609375 0.9129625000000001 0.6109375 0.9129625000000001 0.6145828125 0.9379625 0.6291671875 0.9398140625 0.6385421874999999 0.9305562500000001 0.6390625
1 0.9740734375000001 0.6411453125000001 0.9666671875 0.6369796875 0.9583328124999999 0.6364578125 0.959259375 0.6432296875 0.9703703125 0.6458328125 0.9740734375000001 0.6411453125000001
1 0.772221875 0.6505203125000001 0.7740734375 0.6552078125 0.790740625 0.6546875 0.8018515624999999 0.6567703125000001 0.8046296875 0.6546875 0.79444375 0.64375 0.790740625 0.64375 0.7861109374999999 0.6479171874999999 0.772221875 0.6505203125000001
0 0.9546296875 0.69375 0.9490734375000001 0.6864578125 0.953703125 0.6807296875 0.9648140625 0.678125 0.9768515624999999 0.6796875 0.9824078125 0.678125 0.99444375 0.6796875 0.996296875 0.678125 0.99351875 0.6614578125 0.9833328124999999 0.6671875 0.959259375 0.6567703125000001 0.9370375 0.6515625 0.9351859375 0.6494796875 0.8722218749999999 0.6364578125 0.8083328125 0.6411453125000001 0.7629625 0.6557296874999999 0.7425921875 0.6552078125 0.71851875 0.6588546875 0.7175921875 0.6619796874999999 0.7240734375 0.665625 0.7648140625 0.6661453125000001 0.8018515624999999 0.6697921874999999 0.8564812500000001 0.6880203125000001 0.8722218749999999 0.6864578125 0.9305562500000001 0.6890625 0.9546296875 0.69375
1 0.55648125 0.925 0.540740625 0.925 0.5333328125000001 0.9229171875000001 0.5148140625 0.9114578124999999 0.5055562499999999 0.9104171875 0.4824078125 0.9239578125 0.46666718749999997 0.9427078124999999 0.45925937499999997 0.95625 0.4620375 0.9635421875000001 0.4740734375 0.9677078124999999 0.5055562499999999 0.9640625 0.5370375000000001 0.9546875 0.5518515625 0.946875 0.559259375 0.9270828124999999 0.55648125 0.925
1 0.3018515625 0.8802078124999999 0.2916671875 0.8802078124999999 0.2861109375 0.8838546875000001 0.2861109375 0.9015625 0.29074062500000003 0.9104171875 0.2981484375 0.9119796875 0.3120375 0.9088546875000001 0.31944374999999997 0.8973953124999999 0.31851875 0.8848953125 0.3129625 0.88125 0.3018515625 0.8802078124999999
1 0.39259218749999997 0.8854171875000001 0.403703125 0.8854171875000001 0.4138890625 0.8765625 0.39259218749999997 0.8697921875000001 0.3861109375 0.8739578124999999 0.3851859375 0.88125 0.39259218749999997 0.8854171875000001
1 0.5157406250000001 0.9729171875 0.5138890625 0.9765625 0.5157406250000001 0.9885421875 0.528703125 0.9932296875000001 0.547221875 0.9916671875 0.5518515625 0.9859375 0.5509265625 0.9796875 0.5425921875 0.9729171875 0.5240734375 0.9692703125 0.5157406250000001 0.9729171875
1 0.5203703125 0.7739578125000001 0.53055625 0.7677078125000001 0.5268515625 0.7630203125 0.521296875 0.7614578125 0.5120375 0.7671875 0.5138890625 0.7739578125000001 0.5203703125 0.7739578125000001
1 0.40277812500000004 0.7755203125000001 0.4111109375 0.7640625 0.40833281250000003 0.7567703125 0.3981484375 0.7567703125 0.3861109375 0.7677078125000001 0.3888890625 0.775 0.40277812500000004 0.7755203125000001
1 0.3416671875 0.8520828125 0.347221875 0.8479171875 0.347221875 0.8375 0.3453703125 0.8354171875 0.3370375 0.8375 0.3333328125 0.8458328125 0.3416671875 0.8520828125
1 0.3333328125 0.8244796875 0.3333328125 0.8265625 0.3425921875 0.8265625 0.3416671875 0.8223953125 0.3333328125 0.8244796875
1 0.4898140625 0.8083328125 0.4981484375 0.8078125 0.5018515625 0.8015625 0.49629687499999997 0.7989578125000001 0.4888890625 0.7994796875 0.48796249999999997 0.8067703125 0.4898140625 0.8083328125
1 0.4370375 0.7390625 0.45 0.7395828125 0.45277812500000003 0.7322921874999999 0.447221875 0.7307296875 0.43888906250000004 0.7322921874999999 0.434259375 0.7359375 0.4370375 0.7390625
1 0.45648125000000006 0.8880203124999999 0.446296875 0.8875 0.4379625 0.8916671875000001 0.434259375 0.8869796875 0.43148125000000004 0.8880203124999999 0.434259375 0.9020828125 0.43888906250000004 0.9119796875 0.446296875 0.915625 0.4638890625 0.9083328125 0.46851875 0.9020828125 0.4620375 0.8984375 0.45648125000000006 0.8880203124999999
0 0.7833328125000001 0.9661453124999999 0.7870375000000001 0.9526046875 0.8 0.94375 0.803703125 0.9375 0.802778125 0.91875 0.8101859375 0.9083328125 0.8111109375 0.8989578125 0.8046296875 0.8921875 0.8018515624999999 0.8671875 0.7898140625 0.8552078125 0.790740625 0.8442703125 0.7861109374999999 0.8296875 0.78148125 0.8296875 0.778703125 0.8260421875 0.7685187499999999 0.8223953125 0.7518515625 0.7994796875 0.7472218749999999 0.7973953125000001 0.7351859375 0.7984375 0.7203703124999999 0.7890625 0.7101859375 0.7916671875 0.7046296875 0.7901046875 0.69444375 0.79375 0.68055625 0.7927078125 0.6768515625 0.7916671875 0.6740734374999999 0.7848953125 0.6861109375 0.7828125 0.677778125 0.78125 0.6583328125000001 0.7817703125000001 0.65648125 0.784375 0.6611109374999999 0.7875 0.65648125 0.7932296875 0.6268515625 0.796875 0.6083328125 0.7953125 0.6074078125 0.7895828125000001 0.5916671874999999 0.7822921875 0.5763890625 0.7817703125000001 0.5620375 0.7786453125 0.5620375 0.765625 0.553703125 0.7614578125 0.552778125 0.7583328125000001 0.5351859375 0.7609375 0.5296296875000001 0.75 0.509259375 0.7489578125 0.4981484375 0.7338546874999999 0.48148125 0.7291671875 0.4638890625 0.734375 0.4351859375 0.7338546874999999 0.4009265625 0.7401046874999999 0.3861109375 0.7473953125 0.3601859375 0.75 0.3453703125 0.7588546875 0.34351875 0.7625 0.321296875 0.771875 0.2925921875 0.7984375 0.26759218749999997 0.8296875 0.2583328125 0.865625 0.25 0.8807296875 0.24444375 0.9395828125 0.25 0.9828125 0.25648125 0.9984375 0.71944375 0.9984375 0.7203703124999999 0.9973953124999999 0.7398140625 0.9953125 0.7675921875 0.9786453125 0.7833328125000001 0.9661453124999999
0 0.3231484375 0.3796875 0.3611109375 0.3729171875 0.43888906250000004 0.3520828125 0.478703125 0.3458328125 0.5055562499999999 0.3453125 0.5129625 0.3411453125 0.527778125 0.3385421875 0.5333328125000001 0.334375 0.5759265625000001 0.3197921875 0.6138890625 0.3036453125 0.6407406250000001 0.2869796875 0.6675921875 0.2645828125 0.6675921875 0.2598953125 0.6620375000000001 0.2541671875 0.5703703124999999 0.1864578125 0.4824078125 0.171875 0.47222187499999996 0.1729171875 0.46018593750000003 0.1697921875 0.44166718749999995 0.16875 0.4351859375 0.1640625 0.4268515625 0.1619796875 0.352778125 0.1635421875 0.3101859375 0.1760421875 0.284259375 0.1963546875 0.2703703125 0.2166671875 0.2518515625 0.2171875 0.247221875 0.2203125 0.23981406249999998 0.2463546875 0.2351859375 0.2479171875 0.234259375 0.2557296875 0.240740625 0.2630203125 0.278703125 0.2677078125 0.3231484375 0.3604171875 0.3120375 0.3739578125 0.30462968749999997 0.3760421875 0.30648125 0.3802078125 0.3231484375 0.3796875
0 0.24444375 0.771875 0.240740625 0.7578125 0.23240781250000003 0.7484375 0.21574062500000002 0.7385421875 0.2166671875 0.7359375 0.18888906249999998 0.7380203125 0.17870312500000002 0.7421875 0.1583328125 0.74375 0.1546296875 0.746875 0.11944375 0.7515625 0.051851562500000004 0.775 0.0268515625 0.7802078125 0.0037031250000000003 0.790625 0 0.8052078125 0.0018515625000000001 0.9984375 0.15648125 0.9984375 0.2046296875 0.9515625 0.21851875 0.9322921875000001 0.228703125 0.9098953125 0.2416671875 0.8552078125 0.24444375 0.771875
0 0.19351875000000002 0.5020828125000001 0.2083328125 0.4984375 0.2703703125 0.47083281250000003 0.2796296875 0.4625 0.2703703125 0.45104218749999997 0.2583328125 0.44479218749999994 0.25277812499999996 0.4359375 0.2416671875 0.428125 0.21203750000000002 0.42604218749999995 0.13425937500000001 0.44479218749999994 0.0953703125 0.46041718749999994 0.0768515625 0.478125 0.0703703125 0.490625 0.06944375 0.49375 0.0759265625 0.49895781250000004 0.09814843749999999 0.5088546875 0.10277812500000001 0.5161453125000001 0.115740625 0.515625 0.1620375 0.5072921874999999 0.16944375 0.5036453125 0.19351875000000002 0.5020828125000001
0 0 0.40677031250000006 0.009259375 0.4125 0.0203703125 0.4114578125 0.028703125000000003 0.4140625 0.039814062500000004 0.41302031250000004 0.04444375 0.41458281250000006 0.165740625 0.40520781250000004 0.16851875 0.40416718749999997 0.165740625 0.3989578125 0.1611109375 0.3994796875 0.1518515625 0.3911453125 0.14351875 0.3901046875 0.13703749999999998 0.3828125 0.1398140625 0.3760421875 0.12685156250000001 0.3526046875 0.0870375 0.3364578125 0.0546296875 0.3026046875 0.05 0.2880203125 0.0620375 0.2755203125 0.0703703125 0.2713546875 0.03055625 0.2510421875 0.0166671875 0.2494796875 0.0037031250000000003 0.24375 0 0.24375 0 0.40677031250000006
0 0 0.45677031250000005 0.01851875 0.465625 0.05 0.4859375 0.0620375 0.48802031250000005 0.0666671875 0.47604218749999994 0.0796296875 0.471875 0.0796296875 0.465625 0.0870375 0.465625 0.09444375 0.45885468749999997 0.0916671875 0.45416718749999996 0.0675921875 0.44479218749999994 0.0425921875 0.4390625 0.0351859375 0.434375 0.025 0.434375 0.006481249999999999 0.440625 0 0.44427031250000004 0 0.45677031250000005
0 0.4101859375 0.1609375 0.4268515625 0.1609375 0.49351874999999995 0.1744796875 0.5101859375 0.1755203125 0.5166671875 0.1739578125 0.5157406250000001 0.1541671875 0.509259375 0.1442703125 0.4120375 0.0739578125 0.40740781249999997 0.0739578125 0.3990734375 0.0901046875 0.38703750000000003 0.09635468750000001 0.37870312500000003 0.1057296875 0.35555625 0.121875 0.34444375 0.1270828125 0.2833328125 0.1739578125 0.2666671875 0.1890625 0.25925937499999996 0.2020828125 0.2518515625 0.2078125 0.2509265625 0.2166671875 0.25555625000000004 0.2182296875 0.2666671875 0.2171875 0.28981406249999997 0.1895828125 0.30648125 0.1760421875 0.3518515625 0.1630203125 0.38148125 0.1645828125 0.4101859375 0.1609375
0 0.7361109375 0.7927078125 0.7555562499999999 0.7927078125 0.777778125 0.7859375 0.81851875 0.7651046874999999 0.8583328124999999 0.7505203125000001 0.8638890625 0.74375 0.8759265624999999 0.7390625 0.896296875 0.734375 0.9240734375 0.7322921874999999 0.9175921875 0.7234375 0.896296875 0.7119796875 0.8796296874999999 0.7052078125000001 0.8675921875 0.7052078125000001 0.8666671875 0.7005203125 0.8490734375000001 0.6885421875 0.8305562500000001 0.6838546875 0.8259265625 0.6807296875 0.7981484375 0.6770828125 0.79444375 0.6734375 0.78148125 0.6739578125000001 0.7601859375 0.6838546875 0.7268515625 0.6880203125000001 0.71944375 0.690625 0.7074078125 0.6890625 0.690740625 0.6916671875 0.6851859375 0.6953125 0.6407406250000001 0.7083328125 0.6425921875 0.7166671874999999 0.6638890625 0.7286453125000001 0.6833328125 0.7494796874999999 0.697221875 0.7583328125000001 0.6990734375 0.7635421874999999 0.7138890625000001 0.7723953125 0.71944375 0.7817703125000001 0.7361109375 0.7927078125
0 0.8407406249999999 0.5088546875 0.8407406249999999 0.5125 0.8333328124999999 0.5166671875 0.8416671875 0.5291671874999999 0.846296875 0.5291671874999999 0.86944375 0.5671875 0.88055625 0.5770828125 0.8842593750000001 0.5744796875 0.927778125 0.5682296874999999 0.953703125 0.5598953125 0.99351875 0.559375 0.9984375 0.5578125 0.9984375 0.4390625 0.9925921875 0.43697968749999994 0.971296875 0.44166718749999995 0.9657406249999999 0.4484375 0.9583328124999999 0.45104218749999997 0.9509265625 0.4484375 0.9453703125 0.45520781250000003 0.9342593750000001 0.4578125 0.9231484375000001 0.45625 0.9148140625 0.4583328125 0.903703125 0.4505203125 0.8925921875 0.45416718749999996 0.8879625000000001 0.46510468749999995 0.8796296874999999 0.4703125 0.8870374999999999 0.4765625 0.8851859375 0.4828125 0.8722218749999999 0.4859375 0.853703125 0.5046875 0.846296875 0.509375 0.8407406249999999 0.5088546875
0 0.9984375 0.01875 0.9824078125 0.0145828125 0.9675921875 0.028125 0.94351875 0.034375 0.8925921875 0.028125 0.88055625 0.0234375 0.8777781250000001 0.025520312499999996 0.8861109375 0.0453125 0.8935187499999999 0.08854218750000001 0.927778125 0.0979171875 0.9564812500000001 0.1005203125 0.9731484375000001 0.0994796875 0.9984375 0.0932296875 0.9984375 0.01875
0 0.3296296875 0 0.3296296875 0.0057296874999999995 0.3546296875 0.029167187500000004 0.3666671875 0.031770312499999995 0.3731484375 0.0364578125 0.3759265625 0.044792187500000004 0.446296875 0.09895781249999999 0.5111109375 0.1432296875 0.5268515625 0.1505203125 0.5388890625 0.1619796875 0.5675921875000001 0.1807296875 0.5870375 0.2015625 0.59444375 0.2041671875 0.59444375 0.2166671875 0.61851875 0.2223953125 0.6268515625 0.2317703125 0.6509265625 0.2421875 0.68148125 0.2703125 0.696296875 0.2796875 0.7129624999999999 0.2838546875 0.7111109375 0.2864578125 0.728703125 0.3026046875 0.746296875 0.3104171875 0.7472218749999999 0.303125 0.7333328125 0.2927078125 0.7333328125 0.2817703125 0.7472218749999999 0.2796875 0.7518515625 0.2760421875 0.759259375 0.2760421875 0.7953703125 0.2515625 0.8129625 0.2484375 0.8444437499999999 0.2484375 0.8453703125 0.2453125 0.8564812500000001 0.2395828125 0.8490734375000001 0.2348953125 0.84351875 0.2354171875 0.8296296875 0.23125 0.8268515624999999 0.2322921875 0.7731484375 0.2166671875 0.7398140625 0.1802078125 0.7296296875 0.1729171875 0.7046296875 0.1614578125 0.6925921875000001 0.15 0.6629625 0.1385421875 0.6546296875000001 0.1322921875 0.6268515625 0.1255203125 0.6148140625 0.1177078125 0.5768515625 0.1072921875 0.565740625 0.0942703125 0.5009265625 0.0484375 0.4398140625 0.0229171875 0.4324078125 0.0161453125 0.41851874999999994 0.0140625 0.38703750000000003 0 0.3296296875 0
0 0.7259265625 0.3395828125 0.7268515625 0.3338546875 0.71851875 0.328125 0.7240734375 0.3182296875 0.7083328125 0.2994796875 0.6990734375 0.2973953125 0.7018515625 0.2927078125 0.7 0.2859375 0.6870375 0.28125 0.6851859375 0.275 0.672221875 0.2671875 0.653703125 0.278125 0.6481484375 0.2848953125 0.6296296875 0.2947921875 0.6305562499999999 0.2973953125 0.59444375 0.3161453125 0.5916671874999999 0.3151046875 0.5675921875000001 0.3223953125 0.5435187499999999 0.3338546875 0.5361109374999999 0.3348953125 0.525 0.34375 0.5157406250000001 0.3473953125 0.5175921875 0.3505203125 0.540740625 0.35 0.5953703124999999 0.3546875 0.60555625 0.353125 0.6740734374999999 0.3536453125 0.6851859375 0.3489578125 0.703703125 0.3463546875 0.7259265625 0.3395828125
1 0.46759218750000003 0.8416671875 0.4611109375 0.8395828125 0.4518515625 0.8432296875 0.4509265625 0.8458328125 0.4629625 0.8505203124999999 0.46759218750000003 0.8416671875
1 0.26851875000000003 0.9588546875 0.26759218749999997 0.9708328125 0.271296875 0.9776046875000001 0.2824078125 0.9807296875 0.2981484375 0.9796875 0.3018515625 0.9765625 0.2981484375 0.9609375 0.278703125 0.9536453125 0.26851875000000003 0.9588546875
1 0.022221875 0.83125 0.019443750000000003 0.8375 0.0296296875 0.8380203125 0.03148125 0.8328125 0.022221875 0.83125
1 0.1851859375 0.8927078125 0.184259375 0.8864578125 0.1731484375 0.8885421875 0.172221875 0.8921875 0.1768515625 0.8942703125 0.1851859375 0.8927078125
1 0.7898140625 0.7291671875 0.7935187499999999 0.7244796874999999 0.7888890625 0.7182296874999999 0.7824078125 0.7177078125 0.777778125 0.7208328125000001 0.777778125 0.7296875 0.7898140625 0.7291671875
1 0.0583328125 0.775 0.051851562500000004 0.7791671874999999 0.052778124999999995 0.7869796874999999 0.055556249999999995 0.7890625 0.06388906250000001 0.7895828125000001 0.06944375 0.7817703125000001 0.0666671875 0.7776046875 0.060185937499999995 0.7739578125000001 0.0583328125 0.775
1 0.547221875 0.8359375 0.5370375000000001 0.8359375 0.5351859375 0.8385421875000001 0.5379625 0.8458328125 0.54444375 0.8421875 0.547221875 0.8359375
1 0.721296875 0.7145828125 0.7166671874999999 0.7130203125000001 0.7101859375 0.7166671874999999 0.7129624999999999 0.7203125 0.7083328125 0.7229171875 0.7074078125 0.7291671875 0.7203703124999999 0.73125 0.727778125 0.7260421874999999 0.7268515625 0.7166671874999999 0.7240734375 0.7130203125000001 0.721296875 0.7145828125
1 0.20277812499999998 0.9041671875 0.2101859375 0.9067703125 0.21759218749999998 0.9020828125 0.21759218749999998 0.8958328124999999 0.21203750000000002 0.8901046875 0.2083328125 0.8901046875 0.203703125 0.8947921875 0.20277812499999998 0.9041671875
1 0.6111109375 0.603125 0.615740625 0.5989578125 0.6148140625 0.5916671874999999 0.6092593749999999 0.5921875 0.6064812500000001 0.5953125 0.60555625 0.5994796874999999 0.6111109375 0.603125
1 0.3916671875 0.5270828125 0.3981484375 0.5265625 0.40740781249999997 0.5213546874999999 0.4009265625 0.5171875 0.3851859375 0.5197921875 0.3833328125 0.5213546874999999 0.3916671875 0.5270828125
1 0.6898140625 0.86875 0.6833328125 0.8661453124999999 0.6759265625 0.8671875 0.6740734374999999 0.8729171875 0.6888890625 0.8770828125 0.6898140625 0.86875
1 0.7453703125 0.7921875 0.7481484375 0.790625 0.746296875 0.7828125 0.7398140625 0.7802078125 0.7324078125 0.7822921875 0.7351859375 0.79375 0.7453703125 0.7921875
1 0.45277812500000003 0.3302078125 0.45 0.3260421875 0.4425921875 0.3229171875 0.4370375 0.3229171875 0.4324078125 0.3270828125 0.4351859375 0.3359375 0.45277812500000003 0.3302078125
1 0.2009265625 0.8520828125 0.20555625000000002 0.8421875 0.20277812499999998 0.8364578125 0.2 0.8354171875 0.19351875000000002 0.8395828125 0.19444375 0.8505203124999999 0.2009265625 0.8520828125
1 0.5138890625 0.7260421874999999 0.5333328125000001 0.7255203125 0.5351859375 0.7203125 0.528703125 0.7145828125 0.5240734375 0.715625 0.521296875 0.7130203125000001 0.5129625 0.71875 0.5138890625 0.7260421874999999
1 0.6351859375 0.2557296875 0.6370375 0.2666671875 0.653703125 0.2671875 0.6574078125 0.2630203125 0.646296875 0.259375 0.6453703125 0.2552078125 0.6379625 0.2546875 0.6351859375 0.2557296875
1 0.6351859375 0.3354171875 0.6379625 0.3390625 0.65 0.3411453125 0.653703125 0.3375 0.6481484375 0.3291671875 0.6416671875 0.328125 0.6370375 0.3307296875 0.6351859375 0.3354171875
1 0.190740625 0.809375 0.2009265625 0.815625 0.20925937499999997 0.8088546875 0.2101859375 0.8020828124999999 0.20648125 0.7994796875 0.2 0.7994796875 0.190740625 0.8026046875 0.190740625 0.809375
1 0.5759265625000001 0.284375 0.58055625 0.2822921875 0.584259375 0.275 0.578703125 0.2739578125 0.56851875 0.278125 0.5675921875000001 0.2833328125 0.5759265625000001 0.284375
1 0.4629625 0.2395828125 0.4629625 0.2453125 0.4768515625 0.24375 0.47222187499999996 0.2380203125 0.4629625 0.2395828125
1 0.453703125 0.1953125 0.4509265625 0.1958328125 0.4509265625 0.2052078125 0.45740781249999996 0.2052078125 0.4638890625 0.209375 0.46944375000000005 0.20625 0.46944375000000005 0.1994796875 0.4620375 0.1953125 0.453703125 0.1953125
1 0.6490734375 0.1796875 0.6574078125 0.1786453125 0.6518515625 0.1692703125 0.646296875 0.1671875 0.634259375 0.1682296875 0.6407406250000001 0.1770828125 0.6490734375 0.1796875
1 0.86944375 0.5145828125 0.8722218749999999 0.51875 0.8842593750000001 0.521875 0.8916671875000001 0.515625 0.8916671875000001 0.5078125 0.8759265624999999 0.5057296874999999 0.871296875 0.5088546875 0.86944375 0.5145828125
1 0.896296875 0.5265625 0.903703125 0.5317703125000001 0.9074078125 0.5317703125000001 0.9129625000000001 0.528125 0.9138890625 0.5208328125 0.903703125 0.5177078125000001 0.8981484375000001 0.5213546874999999 0.896296875 0.5265625
1 0.056481250000000004 0.3541671875 0.0675921875 0.3515625 0.0675921875 0.3442703125 0.06388906250000001 0.3411453125 0.052778124999999995 0.3458328125 0.051851562500000004 0.3505203125 0.056481250000000004 0.3541671875
1 0.0361109375 0.4505203125 0.04444375 0.4484375 0.0490734375 0.45104218749999997 0.056481250000000004 0.44322968749999997 0.037962499999999996 0.43541718749999997 0.033332812499999996 0.43541718749999997 0.0361109375 0.4505203125
1 0.021296875 0.46302031250000003 0.028703125000000003 0.46875 0.040740625 0.4671875 0.0481484375 0.4609375 0.0481484375 0.45885468749999997 0.037962499999999996 0.45677031250000005 0.0231484375 0.459375 0.021296875 0.46302031250000003
1 0.6851859375 0.3463546875 0.6879625 0.3494796875 0.696296875 0.3494796875 0.7046296875 0.3453125 0.7064812500000001 0.3380203125 0.6981484375 0.3328125 0.6879625 0.3338546875 0.6851859375 0.3463546875
1 0.8796296874999999 0.5005203125000001 0.8824078125 0.49791718749999997 0.88055625 0.49322968749999996 0.8759265624999999 0.49270781250000006 0.8731484375 0.4947921875 0.8731484375 0.5 0.8796296874999999 0.5005203125000001
1 0.9984375 0.525 0.9984375 0.5161453125000001 0.975 0.5140625 0.9740734375000001 0.525 0.99351875 0.5270828125 0.9984375 0.525
1 0.9657406249999999 0.0947921875 0.9694437499999999 0.09895781249999999 0.9796296874999999 0.0984375 0.9898140625 0.0947921875 0.9888890625 0.0864578125 0.9740734375000001 0.0848953125 0.971296875 0.0869796875 0.9657406249999999 0.0947921875
1 0.2638890625 0.44427031250000004 0.2583328125 0.44322968749999997 0.25555625000000004 0.44479218749999994 0.2583328125 0.45104218749999997 0.265740625 0.45104218749999997 0.2638890625 0.44427031250000004
1 0.99444375 0.0458328125 0.9984375 0.0442703125 0.9984375 0.0364578125 0.99351875 0.0348953125 0.9740734375000001 0.036979687500000004 0.975 0.044792187500000004 0.99444375 0.0458328125
1 0.33055625 0.1505203125 0.3425921875 0.146875 0.3425921875 0.1427078125 0.33425937499999997 0.1385421875 0.32592656249999996 0.14375 0.325 0.1463546875 0.33055625 0.1505203125
1 0.36944374999999996 0.1619796875 0.3675921875 0.153125 0.37222187500000004 0.1489578125 0.37222187500000004 0.1354171875 0.3620375 0.1390625 0.3620375 0.146875 0.36944374999999996 0.1619796875
1 0.9342593750000001 0.0796875 0.9444437499999999 0.0692703125 0.9351859375 0.0588546875 0.9231484375000001 0.060417187500000004 0.9175921875 0.06875 0.9194437499999999 0.075 0.9342593750000001 0.0796875
1 0.6601859375 0.3375 0.6583328125000001 0.3416671875 0.6620375000000001 0.3505203125 0.6759265625 0.3515625 0.68055625 0.3489578125 0.6824078124999999 0.3395828125 0.6740734374999999 0.3348953125 0.6629625 0.3354171875 0.6601859375 0.3375
1 0.10648125 0.45885468749999997 0.1111109375 0.45104218749999997 0.09444375 0.45208281250000004 0.0916671875 0.45364531250000006 0.0925921875 0.46041718749999994 0.10648125 0.45885468749999997
1 0.60555625 0.61875 0.6 0.615625 0.5953703124999999 0.6161453125 0.59351875 0.6229171874999999 0.5990734375 0.6244796874999999 0.60555625 0.61875
1 0.9148140625 0.0822921875 0.9055562500000001 0.0802078125 0.896296875 0.08125 0.896296875 0.0890625 0.9203703125 0.0953125 0.9148140625 0.0822921875
1 0.4620375 0.1557296875 0.4509265625 0.1526046875 0.44444375 0.1546875 0.44351874999999996 0.1645828125 0.4620375 0.1661453125 0.4620375 0.1557296875
1 0.0018515625000000001 0.3890625 0.017592187500000002 0.3885421875 0.025 0.384375 0.012962499999999998 0.3796875 0.002778125 0.3807296875 0 0.3828125 0.0018515625000000001 0.3890625
0 0.49537031249999997 0.7317703125 0.5027781250000001 0.7359375 0.5138890625 0.7489578125 0.540740625 0.7630203125 0.5546296875000001 0.7666671875 0.5666671875 0.7791671874999999 0.58055625 0.7848953125 0.6074078125 0.7911453125000001 0.6111109375 0.7963546874999999 0.6361109375 0.7958328125 0.671296875 0.790625 0.7009265625000001 0.7911453125000001 0.7018515625 0.7869796874999999 0.7120375 0.7791671874999999 0.6611109374999999 0.7286453125000001 0.6148140625 0.7015625 0.55555625 0.6802078125000001 0.527778125 0.6760421875 0.5175921875 0.671875 0.48055624999999996 0.6677078125 0.4129625 0.6541671874999999 0.4018515625 0.6546875 0.38055625000000004 0.65 0.36574062500000004 0.6494796875 0.3425921875 0.6677078125 0.33055625 0.6703125 0.3166671875 0.66875 0.302778125 0.6713546874999999 0.2925921875 0.6833328125 0.2916671875 0.6932296874999999 0.297221875 0.709375 0.321296875 0.7369796875 0.3416671875 0.7520828125000001 0.3759265625 0.7447921875 0.38425937499999996 0.7453125 0.40833281250000003 0.7354171875 0.49537031249999997 0.7317703125