1 0.7517640625 0.5262890625 0.7539687500000001 0.5287703125000001 0.75 0.5332343749999999 0.7508812500000001 0.5369546875 0.755290625 0.537203125 0.76366875 0.540921875 0.769840625 0.5357140625000001 0.7786593749999999 0.53125 0.78306875 0.53050625 0.7870375000000001 0.5327375 0.7910046875 0.5329859375 0.810846875 0.524553125 0.8170187500000001 0.5248015625 0.82495625 0.5267859374999999 0.8412703125000001 0.5349703124999999 0.8522921875 0.5314984375 0.85405625 0.528521875 0.8514109375000001 0.518353125 0.8386250000000001 0.5 0.829365625 0.494046875 0.8170187500000001 0.490328125 0.8033515625 0.476934375 0.7940921875 0.4719734375 0.7870375000000001 0.46428593749999997 0.78306875 0.46577343750000005 0.7791 0.4712296875 0.764109375 0.4719734375 0.7627859375 0.46651718750000004 0.7469140624999999 0.4655265625 0.7403 0.46329374999999995 0.735009375 0.4635421875 0.7204578125000001 0.4662703125 0.7147265625 0.47172656249999995 0.7050265625 0.47569375 0.7028218749999999 0.478421875 0.7107578125 0.4791671875 0.712521875 0.48338281250000004 0.7186953125 0.48784687499999996 0.726190625 0.49776718750000004 0.7292765625000001 0.509671875 0.7323640625000001 0.5146328125 0.7517640625 0.5262890625
1 0.7597 0.4446921875 0.76366875 0.44766874999999995 0.7671953125 0.4533734375 0.7720453125 0.4548609375 0.7751328125 0.460565625 0.7786593749999999 0.4623015625 0.78395 0.4608140625 0.796296875 0.4432046875 0.7949734375 0.4389875 0.7865968750000001 0.431546875 0.7535265625 0.4119546875 0.7345671874999999 0.40724218749999996 0.7164906249999999 0.399553125 0.7076718750000001 0.39930625000000003 0.70723125 0.400296875 0.7178125 0.40525781250000004 0.7226625 0.4114578125 0.7323640625000001 0.41691406249999996 0.73633125 0.4213796875 0.7539687500000001 0.43303593749999997 0.7574953125 0.43675625 0.7597 0.4446921875
1 0.78306875 0.3953375 0.7685187499999999 0.3936015625 0.760140625 0.39459374999999997 0.7570546874999999 0.3963296875 0.7570546874999999 0.40079374999999995 0.7645500000000001 0.405009375 0.7791 0.40550625 0.7870375000000001 0.40352187500000003 0.7918875 0.4005453125 0.7905640625 0.3985609375 0.78306875 0.3953375
1 0.8492062499999999 0.3494546875 0.8381828125 0.34449375 0.826278125 0.3365578125 0.8099640625 0.334821875 0.8024687500000001 0.33308593750000004 0.7702828125 0.3338296875 0.7676359374999999 0.3360609375 0.764990625 0.344990625 0.764109375 0.349703125 0.7663140625 0.351934375 0.7773375 0.353421875 0.782628125 0.3556546875 0.7949734375 0.35838281250000004 0.8099640625 0.35739062499999996 0.8381828125 0.350446875 0.8492062499999999 0.3494546875
1 0.6675484375 0.340278125 0.7006171875 0.33829375 0.712521875 0.335565625 0.7147265625 0.3338296875 0.7134031249999999 0.32614062499999996 0.708553125 0.3224203125 0.6732796875 0.316715625 0.66049375 0.315971875 0.6402109375 0.3172125 0.6238984375000001 0.315228125 0.5917109375 0.3147328125 0.5630515625 0.31646874999999997 0.5582015625000001 0.3182046875 0.5643734375 0.3229171875 0.5956796875 0.3278765625 0.6106703125 0.3286203125 0.6287484375 0.3278765625 0.6340390625000001 0.3286203125 0.6450625 0.334078125 0.6675484375 0.340278125
1 0.5784828125 0.2921625 0.5599640625 0.2936515625 0.5418875 0.299603125 0.5321875 0.3080359375 0.5313046875 0.3107640625 0.5357140625000001 0.31448437500000004 0.5643734375 0.311259375 0.5837749999999999 0.30084374999999997 0.585978125 0.29885937500000004 0.5855375 0.2953875 0.5820109375 0.29290625000000003 0.5784828125 0.2921625
1 0.7129624999999999 0.37698437500000004 0.7089953125 0.3735125 0.697090625 0.3712796875 0.6926812499999999 0.3685515625 0.6856265625 0.3665671875 0.669753125 0.3673109375 0.6618171875 0.3705359375 0.660053125 0.3725203125 0.6618171875 0.3767359375 0.669753125 0.38194374999999997 0.6803343749999999 0.3834328125 0.6967953125 0.3821921875 0.7089953125 0.3834328125 0.7138453124999999 0.3807046875 0.7129624999999999 0.37698437500000004
1 0.9673718750000001 0.39260937500000004 0.9585531250000001 0.3928578125 0.93783125 0.3990578125 0.9338625 0.4015375 0.933421875 0.404265625 0.9373890625 0.4087296875 0.947971875 0.41021875 0.9589953124999999 0.4139390625 0.9664906249999999 0.4134421875 0.9753093749999999 0.408234375 0.9744265625 0.396825 0.9673718750000001 0.39260937500000004
1 0.9118171875 0.3938484375 0.9025578124999999 0.39756874999999997 0.9012343749999999 0.405009375 0.9038796874999999 0.40699375 0.9197531250000001 0.4047625 0.923721875 0.40352187500000003 0.9268078125000001 0.40079374999999995 0.924603125 0.39608125 0.9197531250000001 0.3938484375 0.9118171875 0.3938484375
1 0.8461203125000001 0.3767359375 0.8412703125000001 0.37996093750000004 0.8403875 0.380953125 0.8425921875 0.383928125 0.848325 0.38566406249999996 0.8580249999999999 0.38516875 0.863315625 0.3807046875 0.8619921875 0.3774796875 0.8509703125 0.376240625 0.8461203125000001 0.3767359375
1 0.8355375 0.321925 0.8373015625000001 0.32266875 0.849646875 0.32316406249999996 0.8558203125 0.322171875 0.853175 0.31795625 0.8430328125000001 0.316715625 0.8359781249999999 0.31795625 0.8355375 0.321925
1 0.7597 0.2857140625 0.7477953125 0.2827375 0.7341265625 0.2817453125 0.7089953125 0.2775296875 0.703703125 0.2780265625 0.7032625 0.2797625 0.7063484375 0.28323437500000004 0.7283953125 0.2911703125 0.7614640625 0.2924109375 0.7702828125 0.2921625 0.7755734375000001 0.290921875 0.7707234374999999 0.2869546875 0.7597 0.2857140625
1 0.47795468750000003 0.4223703125 0.49074062500000004 0.42286718749999996 0.5039687500000001 0.41741093749999997 0.513228125 0.41493125 0.5211640625 0.4141859375 0.5295421874999999 0.41170625000000005 0.541446875 0.41170625000000005 0.5445328125 0.41021875 0.5454140625 0.404265625 0.5401234374999999 0.394096875 0.5396828124999999 0.3883921875 0.5370375000000001 0.38665625000000003 0.5260140625 0.3876484375 0.4977953125 0.38665625000000003 0.47927656250000006 0.3903765625 0.4704578125 0.3938484375 0.45987656250000003 0.3963296875 0.458553125 0.3985609375 0.4541453125 0.400296875 0.4541453125 0.40401718750000004 0.45546718750000004 0.40327343750000005 0.4612 0.4037703125 0.46781249999999996 0.412203125 0.4704578125 0.41815468750000007 0.47795468750000003 0.4223703125
1 0.5467375 0.370784375 0.5551140625000001 0.363590625 0.556878125 0.356646875 0.5546734375 0.353421875 0.55246875 0.3521828125 0.5440921875 0.3514390625 0.5211640625 0.351934375 0.5097 0.35391875 0.4841265625 0.3702875 0.46604999999999996 0.3794640625 0.46516718749999997 0.381696875 0.46649062499999994 0.38368125000000003 0.4872140625 0.3812 0.5176359374999999 0.384425 0.5321875 0.3807046875 0.5405640625 0.380953125 0.5445328125 0.3767359375 0.5467375 0.370784375
1 0.6203703125 0.4236109375 0.6208109375 0.4193953125 0.6181656249999999 0.4154265625 0.6146390625 0.41319375 0.607584375 0.41170625000000005 0.5806875 0.4146828125 0.5683421875 0.4139390625 0.56216875 0.41641874999999995 0.5564375 0.415178125 0.55246875 0.415178125 0.55246875 0.4161703125 0.5718687499999999 0.44122031249999993 0.5855375 0.443453125 0.5974421875 0.4407234375 0.6203703125 0.4236109375
1 0.6534390625000001 0.5188484375 0.651675 0.5136406250000001 0.6305109375 0.5022328125 0.6150796875 0.5014875 0.6000875 0.502728125 0.5912703125000001 0.5039687500000001 0.5877421875 0.5064484375 0.5868609375 0.509671875 0.589946875 0.5124015625 0.5961203125 0.514384375 0.6349203125 0.5329859375 0.64594375 0.533978125 0.6547625 0.5290171875 0.6574078125 0.5213296875 0.6534390625000001 0.5188484375
1 0.6741625 0.498015625 0.669753125 0.5009921875 0.669753125 0.5024796874999999 0.673721875 0.5049609375 0.6803343749999999 0.5062 0.689153125 0.5057046875 0.6922406249999999 0.502728125 0.6909171875 0.5002484375 0.6851859375 0.4975203125 0.6741625 0.498015625
1 0.9316578124999999 0.48710312499999997 0.929453125 0.4890875 0.9303343749999999 0.49131875 0.9360671875 0.49454374999999995 0.9431218749999999 0.49578437500000005 0.9470906250000001 0.49454374999999995 0.951940625 0.4900796875 0.947971875 0.4861109375 0.9409171875 0.48511875 0.9316578124999999 0.48710312499999997
1 0.47354531250000004 0.4432046875 0.462521875 0.43849218749999996 0.4497359375 0.438740625 0.44709062499999996 0.439484375 0.44664843750000005 0.4407234375 0.44709062499999996 0.4446921875 0.45811250000000003 0.44866093749999997 0.46693125 0.45014843750000005 0.4739859375 0.45014843750000005 0.47795468750000003 0.44965312500000004 0.47971718750000003 0.44816406249999996 0.48015937500000005 0.447171875 0.47354531250000004 0.4432046875
1 0.5674609375 0.363590625 0.5643734375 0.3618546875 0.5573187500000001 0.3645828125 0.56040625 0.36805625000000003 0.5679015625 0.365328125 0.5674609375 0.363590625
1 0.372134375 0.369046875 0.37698437500000004 0.370784375 0.3884484375 0.37003906249999996 0.396384375 0.3650796875 0.3928578125 0.3638390625 0.3853609375 0.3640875 0.37301562499999996 0.3685515625 0.372134375 0.369046875
1 0.41798906249999995 0.353421875 0.4166671875 0.3571421875 0.419753125 0.35863125 0.4316578125 0.356646875 0.43606718750000006 0.3549109375 0.4400359375 0.3420140625 0.439153125 0.33978125000000003 0.42989375 0.34375 0.41798906249999995 0.353421875
1 0.46649062499999994 0.3120046875 0.462521875 0.311259375 0.4532625 0.31448437500000004 0.4514984375 0.316715625 0.44709062499999996 0.318453125 0.45061718749999996 0.319196875 0.4545859375 0.323909375 0.45899531250000003 0.3251484375 0.46604999999999996 0.322171875 0.46869531249999996 0.3142359375 0.46649062499999994 0.3120046875
1 0.8844796875000001 0.5615078125 0.8791890625000001 0.5610125 0.8712515625 0.554315625 0.8646390625 0.551090625 0.8575843750000001 0.5500984375 0.8505296875000001 0.5518359375 0.8403875 0.5515875 0.8355375 0.5525796875 0.8271609375000001 0.5610125 0.8245156250000001 0.5657234375 0.8240734375000001 0.5682046875 0.8280421875 0.572171875 0.84435625 0.5749015625 0.8849203125 0.5736609374999999 0.8910937499999999 0.5724203125 0.8919750000000001 0.571428125 0.8919750000000001 0.5644843749999999 0.8844796875000001 0.5615078125
1 0.8999124999999999 0.5605156250000001 0.8941796875 0.555803125 0.887565625 0.546875 0.8840390625 0.540921875 0.8835984375000001 0.5369546875 0.8769843749999999 0.5317453125 0.8611109375 0.524553125 0.8575843750000001 0.524553125 0.8597890625 0.53050625 0.853175 0.533978125 0.852734375 0.535465625 0.8522921875 0.540921875 0.8571421875 0.54613125 0.87169375 0.5520828125 0.8840390625 0.56175625 0.8932984375 0.5657234375 0.8977078125 0.5654765625 0.8999124999999999 0.5642359375 0.8999124999999999 0.5605156250000001
0 0.51058125 0.4838796875 0.5220453125 0.4900796875 0.5251328125 0.49057500000000004 0.5313046875 0.4947921875 0.5335093750000001 0.498015625 0.5445328125 0.5 0.5542328125 0.505953125 0.5661375 0.5084328124999999 0.5758375 0.5133921875 0.5780421875 0.5116562499999999 0.5824515625 0.5116562499999999 0.589946875 0.514384375 0.593915625 0.5176093749999999 0.5974421875 0.5272812499999999 0.6009703125 0.5292656250000001 0.6106703125 0.53125 0.6181656249999999 0.53819375 0.6269843749999999 0.543403125 0.6384484375 0.5458828125 0.642415625 0.5505953124999999 0.655203125 0.5577875 0.6569671875 0.5602671875 0.665784375 0.563740625 0.6768078125 0.5734125 0.6909171875 0.5783734375 0.697090625 0.5820937500000001 0.7081125 0.58506875 0.7164906249999999 0.5853171875000001 0.7204578125000001 0.5838296875 0.7253093749999999 0.58358125 0.74426875 0.5853171875000001 0.755290625 0.5892859374999999 0.76366875 0.589534375 0.7667546875 0.5880453125 0.7843921875000001 0.5890375 0.798059375 0.586309375 0.810846875 0.5873015625 0.8130515624999999 0.586309375 0.8258374999999999 0.586309375 0.831128125 0.584821875 0.8412703125000001 0.584325 0.8452375 0.5763890625 0.872575 0.5766375 0.8756609375 0.5751484375 0.8884484374999999 0.574653125 0.8924156249999999 0.572171875 0.896825 0.5731640625 0.9109343750000001 0.571428125 0.9276890625 0.573909375 0.9316578124999999 0.5758921875 0.9506171875 0.5786203125 0.9585531250000001 0.5811015625 0.962521875 0.584325 0.96693125 0.58358125 0.9704578125 0.58506875 0.9805999999999999 0.5860609375 0.986771875 0.5900296875000001 0.99426875 0.5912703125000001 0.9984375 0.589534375 0.9984375 0.5404265625 0.9969140624999999 0.5359625 0.9977953125000001 0.532490625 0.995590625 0.525296875 0.9964734375000001 0.5186015625 0.9984375 0.515625 0.9984375 0.5002484375 0.9973546875 0.5 0.9964734375000001 0.4908234375 0.9964734375000001 0.4734625 0.9984375 0.470734375 0.9984375 0.462053125 0.9973546875 0.4603171875 0.99603125 0.44816406249999996 0.9984375 0.43824375 0.9984375 0.42733125000000005 0.9973546875 0.42683593750000004 0.99603125 0.4201390625 0.9973546875 0.4114578125 0.9984375 0.4109625 0.9984375 0.40128906249999996 0.99515 0.3963296875 0.9973546875 0.39136875 0.9984375 0.3911203125 0.9984375 0.386409375 0.99603125 0.383184375 0.9938265625 0.377728125 0.9889765625000001 0.3752484375 0.9903000000000001 0.37301562499999996 0.9664906249999999 0.353421875 0.929453125 0.33010937500000004 0.92504375 0.3298609375 0.9228390624999999 0.3311015625 0.9179890625 0.3283734375 0.918871875 0.32614062499999996 0.890653125 0.3139875 0.8835984375000001 0.3127484375 0.8809531249999999 0.31051562499999996 0.8461203125000001 0.304315625 0.826278125 0.298115625 0.8161375 0.29613125 0.8095234375 0.293403125 0.7945328125 0.290921875 0.7791 0.28993125000000003 0.760140625 0.290675 0.7517640625 0.289434375 0.7477953125 0.290675 0.7438265625 0.28670625 0.7429453125000001 0.2876984375 0.7380953124999999 0.2876984375 0.73633125 0.28621093750000004 0.7345671874999999 0.2876984375 0.7306 0.28819374999999997 0.7283953125 0.285465625 0.70238125 0.2807546875 0.6992953125 0.2782734375 0.68783125 0.275296875 0.6662250000000001 0.271825 0.6119921875000001 0.269096875 0.6014109375000001 0.2703375 0.5877421875 0.269840625 0.5736328125 0.27108125 0.5370375000000001 0.28125 0.5246906250000001 0.2829859375 0.5097 0.287946875 0.5030859375000001 0.290921875 0.4973546875 0.29613125 0.485890625 0.2986109375 0.4828046875 0.30183593750000004 0.4788359375 0.3025796875 0.4704578125 0.3087796875 0.46649062499999994 0.3087796875 0.45502656249999995 0.313740625 0.44620781249999997 0.319196875 0.43783125 0.32738125 0.4276890625 0.334078125 0.42019375 0.342509375 0.41534375 0.34573437500000004 0.40343906250000006 0.36135937500000004 0.391975 0.3645828125 0.38624375 0.3650796875 0.38139375000000003 0.3673109375 0.3571421875 0.37400781250000004 0.3452375 0.3747515625 0.335978125 0.3767359375 0.3355375 0.3812 0.3373015625 0.384425 0.349646875 0.3963296875 0.3602296875 0.40401718750000004 0.4369484375 0.4422125 0.4501765625 0.4533734375 0.5017640625 0.48139843750000005 0.51058125 0.4838796875
1 0.130953125 0.7802578125 0.14594374999999998 0.7814984375 0.15079375 0.7792656250000001 0.150353125 0.775296875 0.14197500000000002 0.7713296875 0.1349203125 0.7740578124999999 0.1305109375 0.7782734375 0.130953125 0.7802578125
1 0.2204578125 0.7088296875 0.21781250000000002 0.712796875 0.2244265625 0.7172625 0.2328046875 0.7177578125 0.23985937499999999 0.715278125 0.240740625 0.7088296875 0.2345671875 0.7051093749999999 0.2283953125 0.7048609375 0.2204578125 0.7088296875
1 0.3209875 0.7633921875 0.31746093750000004 0.759425 0.310846875 0.7579359375 0.2967375 0.7571921875000001 0.272928125 0.7599203125 0.27116406249999997 0.759425 0.26455 0.7671125 0.264109375 0.7713296875 0.27116406249999997 0.7822421875 0.2813046875 0.7790171875 0.2896828125 0.7735609375 0.2998234375 0.769840625 0.3143734375 0.768353125 0.31657812500000004 0.7653765625 0.3209875 0.7633921875
1 0.33377500000000004 0.756696875 0.32892343749999997 0.7636406250000001 0.3474421875 0.764384375 0.357584375 0.7619046875000001 0.3602296875 0.7557046875 0.3571421875 0.7517359375 0.3452375 0.7502484375 0.3412703125 0.7514875 0.33377500000000004 0.756696875
1 0.4043203125 0.70386875 0.39594375 0.7033734375 0.3880078125 0.7048609375 0.3844796875 0.707340625 0.3844796875 0.712053125 0.3880078125 0.71800625 0.3950625 0.7192453125 0.400353125 0.71875 0.4047625 0.7162703125000001 0.4069671875 0.71329375 0.4082890625 0.7051093749999999 0.4043203125 0.70386875
1 0.36860624999999997 0.6698906250000001 0.3562609375 0.6681546875000001 0.3377421875 0.6713796875 0.3324515625 0.6763390625000001 0.33377500000000004 0.680803125 0.3412703125 0.6870046875 0.353175 0.6872515625 0.36419687500000003 0.6857640625 0.369046875 0.683284375 0.37389843749999996 0.67881875 0.3743390625 0.6743546874999999 0.36860624999999997 0.6698906250000001
1 0.40784843750000005 0.643353125 0.3999125 0.6426093749999999 0.3884484375 0.6443453124999999 0.3840390625 0.64608125 0.38227500000000003 0.6483140625 0.381834375 0.655009375 0.3880078125 0.6599703124999999 0.390653125 0.6607140625000001 0.415784375 0.659721875 0.4215171875 0.6582343749999999 0.42504375000000005 0.655009375 0.42239843749999995 0.6498015625 0.40784843750000005 0.643353125
1 0.37301562499999996 0.6356640625 0.3650796875 0.6312 0.35405625 0.631696875 0.3421515625 0.634425 0.338625 0.63988125 0.33906562500000004 0.6463296875 0.3417109375 0.648065625 0.3452375 0.648065625 0.349646875 0.649553125 0.3664015625 0.6483140625 0.37345625 0.6463296875 0.3747796875 0.6416171875 0.37301562499999996 0.6356640625
1 0.3412703125 0.6063984375 0.33465625 0.6054062499999999 0.325396875 0.6063984375 0.3236328125 0.6071421875 0.324515625 0.6113593749999999 0.33068749999999997 0.613590625 0.3377421875 0.6145828125 0.3425921875 0.6133437500000001 0.3452375 0.6113593749999999 0.34347500000000003 0.6076390625 0.3412703125 0.6063984375
1 0.2597 0.6269843749999999 0.2658734375 0.6289687500000001 0.2751328125 0.629215625 0.27954218750000004 0.6269843749999999 0.27821875 0.6247515625 0.27116406249999997 0.622271875 0.2597 0.6227671875 0.2597 0.6269843749999999
1 0.362875 0.72495 0.372575 0.7251984375 0.3756609375 0.722221875 0.3756609375 0.71800625 0.3743390625 0.7167656250000001 0.369046875 0.716021875 0.362875 0.7204859375 0.362875 0.72495
1 0.41534375 0.7358625 0.42283906250000003 0.7375984375 0.4307765625 0.7361109375 0.43298125 0.7323906250000001 0.423721875 0.728175 0.416225 0.7294140625 0.414021875 0.7313984375 0.41534375 0.7358625
1 0.396384375 0.5873015625 0.39594375 0.5917656250000001 0.3999125 0.59375 0.4047625 0.5942453125 0.415784375 0.5917656250000001 0.415784375 0.587796875 0.4082890625 0.584078125 0.402115625 0.584325 0.396384375 0.5873015625
1 0.42283906250000003 0.5828375 0.423721875 0.5858140625 0.4276890625 0.5880453125 0.43386250000000004 0.5887890625 0.443121875 0.587796875 0.4457671875 0.5838296875 0.443121875 0.5771328125 0.4312171875 0.578125 0.42283906250000003 0.5828375
1 0.491621875 0.6205359374999999 0.49426875 0.6230156250000001 0.500440625 0.6225203125000001 0.5017640625 0.6205359374999999 0.500440625 0.6178078124999999 0.49426875 0.6173109375 0.491621875 0.6185515625 0.491621875 0.6205359374999999
1 0.5 0.6646828124999999 0.49823593749999995 0.665675 0.49823593749999995 0.6698906250000001 0.500440625 0.67113125 0.50573125 0.671875 0.51058125 0.6698906250000001 0.5114640625 0.665921875 0.50485 0.664434375 0.5 0.6646828124999999
1 0.41049375 0.6736109375 0.41181718749999996 0.6770828125 0.415784375 0.6768359375 0.41887187499999995 0.6736109375 0.41798906249999995 0.67261875 0.41534375 0.6716265625 0.41181718749999996 0.6728671875 0.41049375 0.6736109375
1 0.22001718750000002 0.686259375 0.22795468749999998 0.6892359375 0.2328046875 0.6892359375 0.2380953125 0.6855156250000001 0.2323640625 0.6830359374999999 0.2231046875 0.6827875 0.22001718750000002 0.684028125 0.22001718750000002 0.686259375
1 0.123015625 0.67733125 0.11948906249999999 0.6763390625000001 0.0917109375 0.6758437500000001 0.0881828125 0.6768359375 0.088625 0.681546875 0.0917109375 0.683284375 0.0961203125 0.6835312499999999 0.10052968749999999 0.6894843749999999 0.1071421875 0.690971875 0.12169375 0.6842765625 0.1243390625 0.681546875 0.123015625 0.67733125
1 0.146384375 0.697171875 0.150353125 0.693453125 0.1499125 0.6907234375 0.14594374999999998 0.6892359375 0.136684375 0.6932046875 0.13624375 0.697171875 0.146384375 0.697171875
1 0.09127031249999999 0.6478171875000001 0.08465625 0.650296875 0.08245156249999999 0.6522812499999999 0.083775 0.6582343749999999 0.0877421875 0.6594734375 0.0952375 0.6594734375 0.099646875 0.6584828125 0.1018515625 0.6567453125 0.10405625 0.650296875 0.10052968749999999 0.648809375 0.09127031249999999 0.6478171875000001
1 0.0873015625 0.6994046875000001 0.08994687500000001 0.6999015625 0.094796875 0.699653125 0.098765625 0.697171875 0.0917109375 0.6951890625 0.0877421875 0.6951890625 0.085096875 0.6966765625 0.0873015625 0.6994046875000001
1 0.0639328125 0.619046875 0.0679015625 0.620784375 0.0758375 0.6212796875000001 0.0776015625 0.61954375 0.0758375 0.6150796875 0.0687828125 0.6158234375 0.06525625 0.6178078124999999 0.0639328125 0.619046875
1 0.140653125 0.6267359375 0.1432984375 0.6297125 0.1499125 0.6294640625000001 0.152115625 0.627728125 0.1525578125 0.62574375 0.150353125 0.6235125 0.14197500000000002 0.6252484375 0.140653125 0.6267359375
1 0.061728125 0.6054062499999999 0.061287499999999995 0.6076390625 0.0639328125 0.6096234375 0.0683421875 0.6098703125 0.0727515625 0.6076390625 0.0723109375 0.6056546875000001 0.0679015625 0.603421875 0.0639328125 0.603175 0.061728125 0.6054062499999999
1 0.11948906249999999 0.5307546875 0.1146390625 0.5344734375 0.114196875 0.53745 0.117725 0.54141875 0.12654375 0.5424109374999999 0.1300703125 0.540921875 0.131834375 0.5369546875 0.12654375 0.5310015625 0.12345625 0.5302578125 0.11948906249999999 0.5307546875
1 0.34700156249999997 0.540675 0.34347500000000003 0.543403125 0.3430328125 0.5448906250000001 0.34788437499999997 0.5486109375 0.3646390625 0.5525796875 0.3708109375 0.5515875 0.3787484375 0.5451390625 0.37698437500000004 0.540921875 0.363315625 0.539434375 0.34700156249999997 0.540675
1 0.4263671875 0.53125 0.42592656250000005 0.5369546875 0.428571875 0.5384421875000001 0.4351859375 0.539434375 0.442240625 0.53670625 0.44268124999999997 0.5329859375 0.43650781250000004 0.5295140625 0.4316578125 0.5290171875 0.4263671875 0.53125
1 0.518959375 0.551090625 0.5167546875 0.55233125 0.518078125 0.5575390625 0.5216046875 0.558284375 0.53306875 0.5563 0.5348328125 0.5525796875 0.532628125 0.5508437500000001 0.5246906250000001 0.5498515625 0.518959375 0.551090625
1 0.5304234375 0.569940625 0.5299828125 0.572171875 0.53306875 0.5736609374999999 0.5370375000000001 0.5736609374999999 0.5401234374999999 0.571925 0.5405640625 0.5682046875 0.537478125 0.5672125 0.5335093750000001 0.5674609375 0.5304234375 0.569940625
1 0.56216875 0.59449375 0.5617281249999999 0.5959828125 0.5643734375 0.5987109375 0.5718687499999999 0.5977187500000001 0.5740734375 0.5957343749999999 0.5723109375 0.5932546875 0.5696656250000001 0.592509375 0.5643734375 0.5927578125 0.56216875 0.59449375
1 0.598765625 0.61011875 0.59920625 0.6125984375 0.6022921875 0.613590625 0.607584375 0.6138390625000001 0.6097890625 0.6125984375 0.6102296875000001 0.610615625 0.6071421875 0.6078875 0.603175 0.608134375 0.598765625 0.61011875
1 0.6168437499999999 0.5917656250000001 0.61860625 0.5927578125 0.622575 0.59300625 0.627425 0.5915171875 0.62654375 0.5853171875000001 0.622575 0.584821875 0.6168437499999999 0.5873015625 0.6168437499999999 0.5917656250000001
1 0.61860625 0.6098703125 0.6146390625 0.6123515625 0.6150796875 0.621528125 0.6247796875 0.62425625 0.627425 0.6269843749999999 0.6335984375 0.6269843749999999 0.63139375 0.615575 0.6331562500000001 0.6111109375 0.6230156250000001 0.6088796875 0.61860625 0.6098703125
1 0.3015875 0.508184375 0.2989421875 0.509671875 0.3033515625 0.5138890625 0.3099640625 0.516865625 0.321428125 0.5161203125 0.32892343749999997 0.5133921875 0.32980624999999997 0.5091765625 0.32627812500000003 0.507440625 0.3015875 0.508184375
1 0.392415625 0.509671875 0.3884484375 0.50868125 0.3791890625 0.509425 0.380953125 0.5111609374999999 0.3880078125 0.5133921875 0.392415625 0.509671875
1 0.352734375 0.47371093750000004 0.3509703125 0.4751984375 0.349646875 0.478421875 0.353175 0.482390625 0.3615515625 0.483134375 0.3650796875 0.48214218750000004 0.36684375 0.478421875 0.36375625 0.4744546875 0.3571421875 0.47296562499999995 0.352734375 0.47371093750000004
1 0.3258375 0.4828875 0.334215625 0.4838796875 0.3377421875 0.482390625 0.3368609375 0.478421875 0.33465625 0.476934375 0.329365625 0.4766859375 0.3258375 0.478421875 0.3258375 0.4828875
1 0.2905640625 0.47371093750000004 0.28791875 0.4764390625 0.287478125 0.482390625 0.2892421875 0.4841265625 0.293209375 0.48511875 0.3033515625 0.48511875 0.305996875 0.482390625 0.3033515625 0.475446875 0.2940921875 0.47321406250000003 0.2905640625 0.47371093750000004
0 0.0295421875 0.726190625 0.0308640625 0.728175 0.028659374999999997 0.7482640625 0.03306875 0.7517359375 0.03791875 0.752728125 0.0410046875 0.756696875 0.045414062500000005 0.77256875 0.0493828125 0.7792656250000001 0.06349218749999999 0.7864578125 0.056437499999999995 0.8102671875 0.0507046875 0.821925 0.0493828125 0.8298609375 0.043651562500000005 0.8382937500000001 0.043209375 0.8459828125 0.0485015625 0.8494546875 0.052468749999999995 0.847221875 0.055996875 0.847221875 0.069665625 0.8400296875000001 0.36419687500000003 0.7676093749999999 0.377425 0.7673609375 0.386684375 0.7626484375 0.4069671875 0.755953125 0.4126984375 0.7564484375 0.41842968750000004 0.75545625 0.4307765625 0.7485125 0.453703125 0.7390875 0.46604999999999996 0.738590625 0.50485 0.7189984375 0.513228125 0.7177578125 0.5357140625000001 0.70386875 0.5489421875 0.7006453125000001 0.5537921875 0.6979171875 0.5736328125 0.68055625 0.5877421875 0.6736109375 0.6053796874999999 0.6542656250000001 0.6199296875 0.64930625 0.6247796875 0.639384375 0.6252203125 0.6307046875 0.6269843749999999 0.6289687500000001 0.632715625 0.6269843749999999 0.632275 0.612846875 0.635803125 0.6076390625 0.635803125 0.6029265625 0.632275 0.582340625 0.635803125 0.5758921875 0.6318343750000001 0.5672125 0.6181656249999999 0.5525796875 0.6159609374999999 0.545634375 0.60890625 0.5384421875000001 0.5798062500000001 0.5153765625 0.5515875 0.50868125 0.51366875 0.4895828125 0.4969140625 0.486359375 0.49426875 0.482390625 0.48677187499999997 0.47891874999999995 0.4748671875 0.476190625 0.420634375 0.476190625 0.392415625 0.47371093750000004 0.380953125 0.47172656249999995 0.37301562499999996 0.47321406250000003 0.3320109375 0.47321406250000003 0.32627812500000003 0.4712296875 0.321428125 0.47147812499999997 0.31746093750000004 0.4704859375 0.3095234375 0.47247031249999993 0.2936515625 0.47247031249999993 0.25 0.4796625 0.2403 0.47991093749999997 0.2204578125 0.4846234375 0.21252187500000003 0.4875984375 0.18077656250000002 0.494046875 0.170634375 0.5 0.1388890625 0.509671875 0.132275 0.5136406250000001 0.12830625 0.5228171875000001 0.12257499999999999 0.5287703125000001 0.0687828125 0.5486109375 0.0639328125 0.55233125 0.0595234375 0.559028125 0.0410046875 0.572171875 0.0061734375 0.622271875 0.0035265625 0.6282234375 0.0035265625 0.6741078125 0.007054687499999999 0.6810515625 0.0158734375 0.684771875 0.018078125 0.6894843749999999 0.0158734375 0.696428125 0.0176359375 0.7170140625 0.0216046875 0.7227187500000001 0.0295421875 0.726190625
1 0.352734375 0.384425 0.3611109375 0.38566406249999996 0.3805109375 0.3849203125 0.3844796875 0.38194374999999997 0.3840390625 0.38045625 0.377425 0.3797125 0.3522921875 0.38045625 0.352734375 0.384425
1 0.3597890625 0.38864062499999996 0.3646390625 0.3891375 0.3743390625 0.39260937500000004 0.3849203125 0.393353125 0.387125 0.3923609375 0.3805109375 0.386409375 0.3611109375 0.3876484375 0.3597890625 0.38864062499999996
0 0.915625 0.6859375 0.928125 0.68125 0.9671875 0.6859375 0.9984375 0.7015625 0.9984375 0.6390625 0.896875 0.584375 0.8625 0.58125 0.7765625 0.596875 0.76875 0.6109375 0.778125 0.621875 0.8328125 0.659375 0.915625 0.6859375
0 0.8578125 0.2984375 0.95 0.334375 0.9984375 0.3703125 0.9984375 0.175 0.984375 0.16875 0.9375 0.1671875 0.9015625 0.171875 0.8640625 0.1859375 0.8296875 0.184375 0.825 0.1890625 0.8296875 0.209375 0.821875 0.2421875 0.8296875 0.2640625 0.8578125 0.2984375
0 0.4078125 0.3375 0.4171875 0.3375 0.434375 0.3171875 0.4609375 0.30625 0.4947921875 0.2955734375 0.5286453125 0.2825515625 0.5716140625 0.2682296875 0.5807296875 0.1796875 0.5481765625 0.1380203125 0.5065109375 0.0859375 0.459375 0.0734375 0.4046875 0.0359375 0.3390625 0.0296875 0.3359375 0.04375 0.3734375 0.0875 0.3625 0.11875 0.215625 0.1578125 0.10625 0.196875 0.09375 0.2078125 0.0890625 0.215625 0.1203125 0.240625 0.196875 0.278125 0.4078125 0.3375
0 0.1296875 0.184375 0.3109375 0.125 0.3703125 0.1140625 0.3890625 0.1078125 0.3890625 0.1 0.3203125 0.03125 0.290625 0.0171875 0.2078125 0.0125 0.14375 0.0234375 0.090625 0.04375 0.046875 0.0765625 0.0171875 0.1171875 0.009375 0.134375 0.009375 0.1734375 0.075 0.1625 0.1296875 0.184375
1 0.546875 0.1546875 0.5375 0.15 0.5203125 0.15625 0.51875 0.1640625 0.53125 0.171875 0.546875 0.1609375 0.546875 0.1546875
1 0.3921875 0.1296875 0.3875 0.1421875 0.4078125 0.146875 0.40625 0.134375 0.3921875 0.1296875
1 0.315625 0.2875 0.2875 0.2875 0.2859375 0.2953125 0.29375 0.30625 0.33125 0.296875 0.315625 0.2875
1 0.440625 0.3125 0.41875 0.30625 0.4140625 0.3109375 0.41875 0.3203125 0.4390625 0.321875 0.440625 0.3125
1 0.4796875 0.2859375 0.4671875 0.2953125 0.4796875 0.2984375 0.4953125 0.290625 0.4796875 0.2859375
1 0.5015625 0.1921875 0.4984375 0.2 0.509375 0.2046875 0.5109375 0.19375 0.5015625 0.1921875
1 0.5140625 0.1125 0.5125 0.1234375 0.528125 0.1234375 0.528125 0.1140625 0.5140625 0.1125
1 0.271875 0.203125 0.2703125 0.2125 0.2875 0.2125 0.284375 0.2015625 0.271875 0.203125
1 0.35 0.196875 0.35 0.209375 0.3609375 0.2125 0.3640625 0.203125 0.35 0.196875
1 0.240625 0.05 0.2265625 0.053125 0.225 0.0609375 0.2359375 0.065625 0.2453125 0.05625 0.240625 0.05
1 0.1140625 0.0953125 0.1078125 0.1046875 0.1171875 0.1109375 0.1203125 0.103125 0.1140625 0.0953125
1 0.184375 0.03125 0.18125 0.0390625 0.1921875 0.046875 0.196875 0.034375 0.184375 0.03125
1 0.3734375 0.0328125 0.3703125 0.0453125 0.38125 0.0484375 0.3859375 0.0359375 0.3734375 0.0328125
1 0.340625 0.146875 0.3421875 0.15625 0.359375 0.1515625 0.35625 0.14375 0.340625 0.146875
1 0.4078125 0.2921875 0.3953125 0.2921875 0.3890625 0.2984375 0.3921875 0.303125 0.4109375 0.3046875 0.4078125 0.2921875
1 0.0671875 0.18125 0.0609375 0.190625 0.0703125 0.1921875 0.084375 0.184375 0.0671875 0.18125
1 0.015625 0.2875 0.003125 0.284375 0 0.296875 0.0046875 0.303125 0.025 0.303125 0.015625 0.2875
1 0.3296875 0.43125 0.321875 0.4234375 0.29375 0.425 0.2921875 0.4328125 0.3015625 0.4390625 0.321875 0.4390625 0.3296875 0.43125
1 0.3453125 0.2375 0.3453125 0.2484375 0.371875 0.2453125 0.3703125 0.2390625 0.3453125 0.2375
1 0.1578125 0.2390625 0.1375 0.2375 0.1359375 0.246875 0.153125 0.25625 0.165625 0.2484375 0.1578125 0.2390625
1 0.328125 0.246875 0.3375 0.246875 0.3296875 0.2390625 0.328125 0.246875
1 0.121875 0.225 0.1046875 0.221875 0.1015625 0.225 0.11875 0.2390625 0.1296875 0.234375 0.121875 0.225
1 0.2734375 0.278125 0.2890625 0.2734375 0.2734375 0.26875 0.2734375 0.278125
1 0.9625 0.275 0.95 0.2625 0.934375 0.2609375 0.925 0.2703125 0.9296875 0.2796875 0.9546875 0.28125 0.9625 0.275
1 0.84375 0.2234375 0.8328125 0.2203125 0.825 0.2234375 0.8265625 0.24375 0.8328125 0.2484375 0.84375 0.2234375
1 0.846875 0.2109375 0.8421875 0.215625 0.8515625 0.2203125 0.8734375 0.2078125 0.846875 0.2109375
1 0.85 0.1921875 0.853125 0.2078125 0.8671875 0.203125 0.8640625 0.190625 0.85 0.1921875
1 0.7671875 0.59375 0.7625 0.6015625 0.7734375 0.6046875 0.778125 0.5984375 0.7671875 0.59375