1 0.2323640625 0.4739578125 0.22795468749999998 0.474703125 0.21605 0.48164687500000003 0.21605 0.49057500000000004 0.2209 0.49379999999999996 0.2328046875 0.4942953125 0.24118124999999999 0.492559375 0.2477953125 0.48983125000000005 0.2482359375 0.486359375 0.245590625 0.4826390625 0.2323640625 0.4739578125
1 0.1578484375 0.5161203125 0.160053125 0.525296875 0.165784375 0.5290171875 0.1790125 0.5275296875000001 0.18650781249999998 0.523809375 0.188271875 0.5171125 0.169753125 0.508928125 0.1596125 0.5136406250000001 0.1578484375 0.5161203125
1 0.22883593750000003 0.5349703124999999 0.2239859375 0.534721875 0.21605 0.53745 0.20855312499999998 0.546875 0.2081125 0.5488593749999999 0.2103171875 0.5505953124999999 0.2151671875 0.5515875 0.2239859375 0.5515875 0.24338593749999998 0.5486109375 0.24426874999999998 0.5446421875 0.235890625 0.537203125 0.22883593750000003 0.5349703124999999
1 0.146825 0.5567953125 0.1384484375 0.5625 0.1384484375 0.5674609375 0.151675 0.5716765625 0.15828906250000002 0.571925 0.1644625 0.5689484375 0.165784375 0.5649796874999999 0.1644625 0.5607640625 0.1543203125 0.5553078124999999 0.146825 0.5567953125
1 0.6194890625 0.494046875 0.6150796875 0.491815625 0.5917109375 0.49131875 0.5873015625 0.492559375 0.585978125 0.494046875 0.5873015625 0.5 0.5912703125000001 0.5032234375 0.5956796875 0.504215625 0.59920625 0.5047125 0.6150796875 0.5 0.61860625 0.49776718750000004 0.6194890625 0.494046875
1 0.7089953125 0.398809375 0.7081125 0.399553125 0.70238125 0.4079859375 0.7045859375 0.4119546875 0.7089953125 0.415921875 0.7200171875 0.41567499999999996 0.7239859375 0.4114578125 0.7235453125 0.4064984375 0.7204578125000001 0.40352187500000003 0.7089953125 0.398809375
1 0.3849203125 0.4588296875 0.3888890625 0.46180625 0.3941796875 0.46254999999999996 0.396825 0.45932500000000004 0.3950625 0.455109375 0.38932968749999997 0.45386875 0.3849203125 0.45411718749999996 0.3849203125 0.4588296875
1 0.3655203125 0.5520828125 0.36067031250000003 0.5525796875 0.35670156249999996 0.55555625 0.357584375 0.5600203125000001 0.36067031250000003 0.56175625 0.36860624999999997 0.5639875 0.37345625 0.5625 0.3752203125 0.5607640625 0.3743390625 0.55704375 0.369046875 0.553075 0.3655203125 0.5520828125
1 0.24911875 0.572171875 0.24955937499999997 0.5766375 0.2513234375 0.5776296875 0.25925937499999996 0.5766375 0.25881875 0.572171875 0.25573125 0.5709328124999999 0.25088125 0.57118125 0.24911875 0.572171875
1 0.532628125 0.42683593750000004 0.532628125 0.430803125 0.5357140625000001 0.43253906249999996 0.5449734375 0.43328437500000005 0.54761875 0.4322921875 0.54761875 0.4290671875 0.5449734375 0.4265875 0.5370375000000001 0.42410781249999996 0.532628125 0.42683593750000004
0 0.0211640625 0.5126484375 0.027337499999999997 0.5151296875 0.0295421875 0.5176093749999999 0.0396828125 0.521825 0.059964062500000005 0.5265375 0.070546875 0.53670625 0.1494703125 0.5803578125 0.1578484375 0.5828375 0.165784375 0.584078125 0.1935625 0.584078125 0.20855312499999998 0.5880453125 0.2138453125 0.58755 0.22354531249999998 0.589534375 0.27954218750000004 0.5912703125000001 0.28306875 0.5947421875 0.2993828125 0.59449375 0.31878281249999996 0.5927578125 0.3333328125 0.5935015625 0.348765625 0.5917656250000001 0.3571421875 0.5954859375 0.372575 0.5954859375 0.401675 0.5917656250000001 0.430334375 0.58680625 0.4351859375 0.58829375 0.45061718749999996 0.5880453125 0.4709 0.5801093749999999 0.4889765625 0.5763890625 0.5017640625 0.5758921875 0.5211640625 0.5704359375 0.5410046875 0.5622515625 0.5559968750000001 0.5602671875 0.575396875 0.55381875 0.5824515625 0.5488593749999999 0.5877421875 0.54761875 0.599646875 0.5471234375 0.6044968749999999 0.5443953125000001 0.62345625 0.539434375 0.6329359375 0.5350937499999999 0.64594375 0.53125 0.6534390625000001 0.5275296875000001 0.669753125 0.5235609375 0.675484375 0.519840625 0.7164906249999999 0.5091765625 0.7226625 0.50545625 0.7288359375 0.5057046875 0.735009375 0.502728125 0.75 0.501240625 0.7993828125 0.4997515625 0.8068781250000001 0.4982640625 0.8112875 0.4952875 0.8126109375 0.4908234375 0.8112875 0.4848703125 0.8077593750000001 0.482390625 0.802028125 0.4719734375 0.7910046875 0.4662703125 0.7892421875 0.462053125 0.782628125 0.45610156249999995 0.7821875 0.4533734375 0.7791 0.4516375 0.7791 0.44692499999999996 0.7755734375000001 0.4459328125 0.7707234374999999 0.44196406250000003 0.7716046875 0.4392359375 0.768078125 0.439484375 0.763228125 0.4372515625 0.7517640625 0.436259375 0.7482359375 0.4370046875 0.7336859375 0.4233625 0.7372140625 0.4193953125 0.74426875 0.4154265625 0.768959375 0.4079859375 0.7685187499999999 0.400296875 0.7610234375 0.3936015625 0.7566140625 0.39161718749999996 0.7425046875 0.38864062499999996 0.731921875 0.38194374999999997 0.7107578125 0.371528125 0.7081125 0.3688 0.6208109375 0.322171875 0.505290625 0.275296875 0.49382656249999995 0.271825 0.47971718750000003 0.269840625 0.4356265625 0.2584328125 0.42504375000000005 0.2591765625 0.3796296875 0.25099218749999996 0.3703703125 0.25074375 0.3615515625 0.2522328125 0.35670156249999996 0.2517359375 0.3258375 0.24429531249999997 0.3179015625 0.2455359375 0.302028125 0.24603125 0.2597 0.2395828125 0.25044062500000003 0.24355156249999999 0.20061718750000002 0.24305625000000003 0.1957671875 0.244046875 0.193121875 0.24727187499999997 0.188271875 0.248015625 0.1741625 0.246528125 0.1538796875 0.248015625 0.1490296875 0.2504953125 0.146825 0.2532234375 0.13558125000000001 0.2564484375 0.11860625 0.256696875 0.1071421875 0.258928125 0.1000875 0.2624015625 0.0873015625 0.262896875 0.0727515625 0.26760937500000004 0.06525625 0.2671125 0.0467375 0.2728171875 0.0295421875 0.2748015625 0.0220453125 0.278521875 0.0220453125 0.28211875000000003 0.010803125 0.28670625 0.0035265625 0.287946875 0 0.290675 0.0026453125 0.30555625000000003 0.0022046875 0.41567499999999996 0.004409375 0.4223703125 0.0022046875 0.44022812499999997 0.0030859375 0.4975203125 0.018078125 0.505953125 0.0211640625 0.5126484375
1 0.0734375 0.2734375 0.0875 0.2703125 0.0765625 0.265625 0.0734375 0.2734375