1 0.5571773291015625 0.671894134765625 0.551152541015625 0.6801979697265625 0.5603669931640625 0.686948783203125 0.5667166416015625 0.677116591796875 0.5571773291015625 0.671894134765625
1 0.465003134765625 0.564444509765625 0.4654166318359375 0.5725194375 0.4796812841796875 0.575551482421875 0.4772299794921875 0.56704340625 0.465003134765625 0.564444509765625
1 0.2063491728515625 0.4886996201171875 0.2023621923828125 0.497436603515625 0.220052736328125 0.5043916591796875 0.2223267705078125 0.493693169921875 0.2063491728515625 0.4886996201171875
1 0.197754765625 0.4389506064453125 0.191729978515625 0.44725444140625 0.201594154296875 0.4509485439453125 0.2072940791015625 0.444173064453125 0.197754765625 0.4389506064453125
1 0.4298875498046875 0.4691230673828125 0.467129173828125 0.4642597607421875 0.466627041015625 0.44658155078125 0.4462489658203125 0.442250056640625 0.43476048046875 0.446197732421875 0.4250735751953125 0.4617101962890625 0.4298875498046875 0.4691230673828125
1 0.5947430078125 0.4450601103515625 0.5907560283203125 0.4537970947265625 0.605434177734375 0.4649040673828125 0.6127584130859375 0.450486810546875 0.5947430078125 0.4450601103515625
0 0.220349533203125 0.9038065400390625 0.2419384208984375 0.892421328125 0.36825240234375 0.7691139189453124 0.3856770390625 0.747259125 0.397844525390625 0.669975044921875 0.30345565625 0.6531068857421874 0.268192884765625 0.6887415458984375 0.236001865234375 0.800107265625 0.2034563046875 0.8730598515625 0.201359541015625 0.9029649072265625 0.220349533203125 0.9038065400390625
0 0.6241891533203126 0.8075408828125 0.6379219931640625 0.7529532294921875 0.6338166982421874 0.712145443359375 0.6015069599609375 0.663745208984375 0.5635859326171875 0.63172373828125 0.507177046875 0.616538845703125 0.4995279501953125 0.632484458984375 0.472888861328125 0.6475884384765624 0.4080335625 0.6721407919921875 0.393237501953125 0.721710228515625 0.3940055400390625 0.7681982890625 0.435707 0.84255590234375 0.467101107421875 0.8652029970703125 0.52433698828125 0.8965377451171875 0.5599246220703125 0.8593747294921875 0.5808637861328125 0.851046228515625 0.5982884228515625 0.8291914345703125 0.617189779296875 0.82042978515625 0.6241891533203126 0.8075408828125
0 0.5015657578125 0.6329176083984375 0.515653138671875 0.6167430869140625 0.520850931640625 0.5922893974609375 0.5097462646484375 0.5643705126953125 0.4690490693359375 0.5253693203125 0.428529146484375 0.5055746943359375 0.377583958984375 0.4947459609375 0.3162135068359375 0.4928831181640625 0.2834609951171875 0.506687650390625 0.2504722578125 0.5316238212890625 0.21160632421875 0.5441289052734375 0.221086681640625 0.579689568359375 0.2546958681640625 0.6219763798828125 0.2922033974609375 0.6459229228515625 0.337773521484375 0.6619987802734375 0.3900181572265625 0.666714091796875 0.4377736806640625 0.662488177734375 0.473627220703125 0.6541350107421875 0.5015657578125 0.6329176083984375
0 0.0883966708984375 0.412344880859375 0.062082443359375 0.425920505859375 0.0396962412109375 0.4610973505859375 0.031249828125 0.50083459765625 0.0520710810546875 0.5531825068359375 0.060222310546875 0.554915103515625 0.1409076162109375 0.55609122265625 0.2119649716796875 0.5424416005859375 0.232726865234375 0.5149065341796875 0.242974857421875 0.486734076171875 0.2365068935546875 0.4470214951171875 0.2129391552734375 0.427635353515625 0.1482904033203125 0.4011145791015625 0.0883966708984375 0.412344880859375
0 0.5267866796875 0.46416109765625 0.48204355078125 0.4642350947265625 0.469610158203125 0.512709326171875 0.525399 0.57089241796875 0.6103371904296875 0.59214140234375 0.6268758779296875 0.584474958984375 0.64152434765625 0.555640443359375 0.647785361328125 0.5362049697265625 0.6323688515625 0.5185514248046875 0.6277911044921874 0.500006916015625 0.5929711064453125 0.473436810546875 0.53688708203125 0.4567235615234375 0.5267866796875 0.46416109765625
0 0.9760484306640625 0.2944850390625 0.9507677451171875 0.2731373916015625 0.886118994140625 0.2466166181640625 0.8426753125 0.2405771923828125 0.78783178125 0.2480887265625 0.76021810546875 0.2677777734375 0.7476074423828125 0.2970454375 0.752273826171875 0.32519323046875 0.7746307529296875 0.360296078125 0.7755463828125 0.3860492158203125 0.7984643984375 0.4084920703125 0.843384798828125 0.427624638671875 0.874601634765625 0.43106516796875 0.9306559794921875 0.4078369287109375 0.9673068349609375 0.37569212890625 0.97681646875 0.3409730986328125 0.9760484306640625 0.2944850390625
0 0.8356470654296875 0.43396696875 0.781600849609375 0.417686869140625 0.765387025390625 0.4238249580078125 0.7486121123046875 0.4426230400390625 0.738127892578125 0.4819271376953125 0.7700241318359375 0.522252443359375 0.8048441298828125 0.5488225478515625 0.851713703125 0.5587849833984375 0.944359947265625 0.5337501494140625 0.949646375 0.5188997431640625 0.9411406025390625 0.4787540126953125 0.9188723115234375 0.4532544482421875 0.8926170400390625 0.4364918671875 0.8356470654296875 0.43396696875
1 0.720791083984375 0.2929428515625 0.725516421875 0.290752439453125 0.72746559375 0.2815823056640625 0.7240397041015625 0.2776592958984375 0.7158884736328125 0.2759266982421875 0.711163134765625 0.278117111328125 0.7105134111328125 0.281173822265625 0.7150025234375 0.290115048828125 0.71671546875 0.2920765537109375 0.720791083984375 0.2929428515625
0 0.7619060380859375 0.35902742578125 0.763205486328125 0.3529140029296875 0.7463122578125 0.322167314453125 0.7415572392578125 0.2844162392578125 0.766808244140625 0.2658223984375 0.773482755859375 0.2544618515625 0.7723308984375 0.2398403525390625 0.7496491103515625 0.2062658603515625 0.7189047265625 0.1805620537109375 0.6774988525390625 0.1749557783203125 0.6450712041015625 0.187231955078125 0.62817837890625 0.266706447265625 0.6367727861328125 0.3164554599609375 0.6645934111328125 0.355914466796875 0.689135736328125 0.37071554296875 0.7179899033203125 0.3752512783203125 0.7474051591796875 0.36712701953125 0.7619060380859375 0.35902742578125
0 0.6064973994140626 0.4699222841796875 0.6550799169921875 0.481846224609375 0.71456015234375 0.4625409951171875 0.731010203125 0.445271267578125 0.7320437451171875 0.41034799609375 0.70838737109375 0.3813585712890625 0.6688420341796875 0.3569788779296875 0.5952447373046875 0.3525171396484375 0.549054568359375 0.3794394814453125 0.57085040625 0.42720232421875 0.6064973994140626 0.4699222841796875
0 0.2778480927734375 0.0821816884765625 0.2526267666015625 0.140717017578125 0.2439441279296875 0.19158590234375 0.256850376953125 0.2310695751953125 0.2674529111328125 0.24131025 0.3657698046875 0.2797796298828125 0.413348056640625 0.2563471484375 0.423743640625 0.2074397685546875 0.410335259765625 0.150277884765625 0.3652079091796875 0.07199726171875 0.3364126982421875 0.0371233212890625 0.320435099609375 0.0321297705078125 0.2778480927734375 0.0821816884765625
1 0.3896030458984375 0.2177544404296875 0.3869155146484375 0.220378001953125 0.3859409287109375 0.2249630693359375 0.38732901171875 0.2284529296875 0.3954802431640625 0.23018552734375 0.397104552734375 0.2225437490234375 0.3936786611328125 0.2186207392578125 0.3896030458984375 0.2177544404296875
1 0.3518865771484375 0.15611259765625 0.3441429091796875 0.154466630859375 0.3426940244140625 0.1612830966796875 0.350437693359375 0.162929064453125 0.3518865771484375 0.15611259765625
0 0.4163604501953125 0.2521952314453125 0.35664398828125 0.2826320986328125 0.3479316689453125 0.29355949609375 0.3795030478515625 0.3354131572265625 0.3797689541015625 0.3642230068359375 0.389721765625 0.377520392578125 0.4665087255859375 0.397036779296875 0.520200400390625 0.37490374609375 0.559125291015625 0.33206045703125 0.569196013671875 0.2846814326171875 0.5656814873046875 0.2711551396484375 0.550678474609375 0.2615765224609375 0.4614284423828125 0.2505928779296875 0.4163604501953125 0.2521952314453125
0 0.155462134765625 0.227090318359375 0.15017570703125 0.2419407255859375 0.163081955078125 0.2814243984375 0.206968814453125 0.3354802392578125 0.2598042177734375 0.3674770439453125 0.30699865234375 0.3759111240234375 0.34489 0.3679911064453125 0.3522142353515625 0.3535738486328125 0.3452738173828125 0.3361245458984375 0.3517710576171875 0.30555743359375 0.3226509853515625 0.2722118486328125 0.242674359375 0.2376408134765625 0.155462134765625 0.227090318359375
0 0.152479419921875 0.2711837236328125 0.1178366923828125 0.2638201845703125 0.042201587890625 0.2589252978515625 0.0266082119140625 0.3322863671875 0.02988651171875 0.3569442998046875 0.0466911044921875 0.378087705078125 0.076372265625 0.398773294921875 0.0926747265625 0.402238490234375 0.125515873046875 0.3980372412109375 0.2036022822265625 0.411440205078125 0.222178775390625 0.4042069111328125 0.23145218359375 0.38061951953125 0.2279376572265625 0.3670932265625 0.1691953779296875 0.2827238466796875 0.152479419921875 0.2711837236328125
0 0.59675194140625 0.6259941337890625 0.5898412041015625 0.6484863193359375 0.6575617080078126 0.7507381513671875 0.7309227783203125 0.7663315283203125 0.7515960361328125 0.729193177734375 0.7643542900390625 0.679190591796875 0.742824357421875 0.6602375986328125 0.7293570205078125 0.633413919921875 0.68541120703125 0.6096962841796875 0.64057944140625 0.600166998046875 0.6132019931640625 0.6087244072265625 0.59675194140625 0.6259941337890625
0 0.842497638671875 0.1111494453125 0.8120191611328125 0.11425548828125 0.7874178798828125 0.1297926181640625 0.754192916015625 0.165860427734375 0.74468328125 0.20057945703125 0.79441765625 0.2271248974609375 0.8932956376953125 0.2529342822265625 0.930359990234375 0.22886441015625 0.9725335 0.170737564453125 0.9769042978515625 0.13013401953125 0.9643229111328125 0.0891219912109375 0.90115087890625 0.075694361328125 0.8399576982421875 0.0930380859375 0.842497638671875 0.1111494453125