0 0.398776779296875 0.4050701728515625 0.4067427001953125 0.4242144375 0.38782474609375 0.4469926533203125 0.3341780244140625 0.564067423828125 0.32936116015625 0.60479734765625 0.3500632275390625 0.667626556640625 0.4031880615234375 0.722561673828125 0.45209703125 0.7448896298828125 0.5220109296875 0.7551759169921874 0.5903922158203125 0.74665917578125 0.628353875 0.7345049423828125 0.7211081728515625 0.6766817119140625 0.7458212412109375 0.64004308203125 0.7548167734375 0.54438158203125 0.7473632978515625 0.5060367705078125 0.7302808154296875 0.47274713671875 0.7003317158203125 0.43877503125 0.66518378125 0.42173092578125 0.5662571181640625 0.3932079755859375 0.4584234775390625 0.40620998828125 0.4200798466796875 0.394562296875 0.4063607275390625 0.4004125126953125 0.398776779296875 0.4050701728515625
0 0.3988653349609375 0.350933634765625 0.3923015537109375 0.3935948701171875 0.3978823623046875 0.400468794921875 0.48151537890625 0.4049048662109375 0.569196591796875 0.397411833984375 0.5785274580078125 0.39082286328125 0.5638300888671876 0.3698035693359375 0.5131322841796875 0.338272859375 0.47478865234375 0.32662516796875 0.425963515625 0.32656534375 0.3988653349609375 0.350933634765625
0 0.4932455224609375 0.1813722255859375 0.459583560546875 0.248401751953125 0.4518272236328125 0.2849278173828125 0.46920784375 0.3197512431640625 0.537714880859375 0.3446367001953125 0.574651650390625 0.370883560546875 0.5989361064453125 0.375713609375 0.710095916015625 0.3143127109375 0.7391972353515625 0.2784128349609375 0.75769130078125 0.22069862890625 0.74580765625 0.17048099609375 0.6926828212890624 0.11554587890625 0.6282658984375 0.089865384765625 0.567510478515625 0.1048585322265625 0.4932455224609375 0.1813722255859375
0 1 0.5172119794921874 0.93017919921875 0.529395517578125 0.8676768603515626 0.5463199755859375 0.811649748046875 0.574719736328125 0.758645943359375 0.62959148828125 0.7378086826171875 0.6861694208984375 0.743515240234375 0.7264455439453125 0.764985974609375 0.760473931640625 0.849084796875 0.810980060546875 0.9034907431640625 0.81791380859375 0.948183849609375 0.8076346044921875 0.9910881220703125 0.78815264453125 1 0.78019079296875 1 0.5172119794921874
0 0.539955705078125 1 0.787341681640625 0.9519130380859375 0.814356029296875 0.9052766142578125 0.8253080625 0.8633541337890625 0.82023969921875 0.837279662109375 0.8038373291015625 0.82932574609375 0.7864567080078125 0.7945023203125 0.7457279638671875 0.7705842890625 0.694219576171875 0.7567203330078125 0.638961130859375 0.7563192734375 0.5758625146484375 0.770176146484375 0.51953726171875 0.797042115234375 0.4554556728515625 0.8604341484375 0.4187656826171875 0.9773963544921875 0.4895739970703125 0.99228401953125 0.502160181640625 1 0.539955705078125 1
0 0.63515084765625 0.3654906875 0.61188655859375 0.3986642138671875 0.7082138046875 0.4356511640625 0.7572485244140625 0.491381318359375 0.796873267578125 0.4550276416015625 0.828574005859375 0.410663765625 0.85230882421875 0.3471556259765625 0.781160453125 0.3196001025390625 0.727648923828125 0.3172677314453125 0.701659466796875 0.3255030595703125 0.63515084765625 0.3654906875
0 0.1636094326171875 0.221570818359375 0.1359568896484375 0.25400558984375 0.1795412744140625 0.25985934765625 0.2466414482421875 0.299343974609375 0.3148084296875 0.3115615732421875 0.3393491083984375 0.30679134765625 0.3611646201171875 0.2770829248046875 0.366875900390625 0.2409543779296875 0.3610855078125 0.178410123046875 0.325638541015625 0.1853003154296875 0.2763018525390625 0.178972947265625 0.2105619013671875 0.1901597548828125 0.1636094326171875 0.221570818359375
0 0.20820926171875 0.3418328212890625 0.185713638671875 0.34620552734375 0.1875443896484375 0.36654234765625 0.2544768974609375 0.3614907109375 0.2634677080078125 0.342233880859375 0.2806806611328125 0.33252104296875 0.2517098125 0.3254184462890625 0.215196931640625 0.334107576171875 0.20820926171875 0.3418328212890625
0 0 0.462096533203125 0.006936490234375 0.4637270166015625 0.0416605361328125 0.4458351318359375 0.0492864013671875 0.4523115380859375 0.0880586435546875 0.4224905498046875 0.0721687177734375 0.3953360859375 0.053125013671875 0.384712103515625 0.022407248046875 0.379540818359375 0.00336354296875 0.3689168369140625 0 0.362456732421875 0 0.462096533203125
1 0.29828503125 0.1938007890625 0.3058689794921875 0.18914312890625 0.297944974609375 0.1811329306640625 0.2812863828125 0.1827792880859375 0.29828503125 0.1938007890625
1 0.305910896484375 0.2002771943359375 0.3117898427734375 0.208684912109375 0.3447669716796875 0.1927243388671875 0.3391861630859375 0.1858504140625 0.310853509765625 0.19294946875 0.305910896484375 0.2002771943359375
1 0.3401644140625 0.212719923828125 0.35541614453125 0.2256727353515625 0.364747009765625 0.2190837646484375 0.3626181201171875 0.1972131513671875 0.35678108984375 0.1999395 0.3401644140625 0.212719923828125
1 0.34885236328125 0.2683339716796875 0.35937578515625 0.267880169921875 0.3639783427734375 0.2478845849609375 0.347659806640625 0.2621988017578125 0.34885236328125 0.2683339716796875
1 0.28600996875 0.2725905712890625 0.2976840302734375 0.2671378740234375 0.2897600263671875 0.2591276748046875 0.273697712890625 0.2638416171875 0.28600996875 0.2725905712890625
1 0.2878826376953125 0.3040614580078125 0.302198033203125 0.3012788271484375 0.2875425810546875 0.291393599609375 0.273823462890625 0.2972438154296875 0.2878826376953125 0.3040614580078125
1 0.2494132548828125 0.259011568359375 0.259936677734375 0.258557767578125 0.25900034375 0.24282232421875 0.24673000390625 0.2452074365234375 0.2494132548828125 0.259011568359375
1 0 0.4475661396484375 0.0118371865234375 0.4452652236328125 0.0109008525390625 0.4295297802734375 0 0.4308124287109375 0 0.4475661396484375
1 0.5703425087890625 0.4688176083984375 0.582570931640625 0.4552984296875 0.571451232421875 0.4526846455078125 0.5647617001953125 0.46194368359375 0.5703425087890625 0.4688176083984375
1 0.5565348359375 0.5288043623046875 0.569103314453125 0.5279530419921875 0.578094125 0.508696212890625 0.55998675390625 0.513807673828125 0.5565348359375 0.5288043623046875
1 0.456881421875 0.540216298828125 0.4706005400390625 0.5343660830078125 0.46766106640625 0.530162224609375 0.4536438095703125 0.5344786484375 0.456881421875 0.540216298828125
1 0.743268462890625 0.5832364775390625 0.75468630078125 0.5873840537109375 0.7557950244140625 0.571251091796875 0.7452716015625 0.571704892578125 0.743268462890625 0.5832364775390625
1 0.6875347666015625 0.689574701171875 0.6910705185546875 0.69684614453125 0.7179124775390625 0.682078126953125 0.7129279462890625 0.678271787109375 0.694820576171875 0.683383248046875 0.6875347666015625 0.689574701171875
1 0.8140909423828125 0.3689101328125 0.845917431640625 0.357948455078125 0.8414872626953125 0.346075634765625 0.8213348349609375 0.3515846142578125 0.8140909423828125 0.3689101328125
1 0.5629031982421875 0.2012587861328125 0.5667370888671875 0.2100640224609375 0.5915759072265625 0.20682758984375 0.590937712890625 0.192625939453125 0.5716377861328125 0.19160223046875 0.5629031982421875 0.2012587861328125
1 0.5338857109375 0.2594267939453125 0.5476048291015625 0.253576578125 0.5396808251953125 0.2455663798828125 0.53179873828125 0.2486902470703125 0.5338857109375 0.2594267939453125
1 0.4962221904296875 0.2731148203125 0.5119863662109375 0.2668670849609375 0.5078543359375 0.256528056640625 0.4958821357421875 0.2604469619140625 0.4962221904296875 0.2731148203125
1 0.5797247353515625 0.32055336328125 0.594934548828125 0.322372109375 0.5942963544921875 0.3081704580078125 0.5779359013671875 0.3113506083984375 0.5797247353515625 0.32055336328125
1 0.62011814453125 0.255398865234375 0.6341354033203125 0.25108244140625 0.6317502900390625 0.2388121025390625 0.6177330322265625 0.243128525390625 0.62011814453125 0.255398865234375
1 0.70039251953125 0.14429041796875 0.709169025390625 0.145767927734375 0.7064857734375 0.131963794921875 0.698603685546875 0.1350876630859375 0.70039251953125 0.14429041796875
1 0.5182939248046875 0.233806123046875 0.5279229296875 0.2287509443359375 0.524387177734375 0.2214795009765625 0.5144600341796876 0.22500088671875 0.5182939248046875 0.233806123046875
1 0.4905994658203125 0.2551068291015625 0.5005266103515625 0.251585443359375 0.4987377763671875 0.2423826884765625 0.4864674365234375 0.24476780078125 0.4905994658203125 0.2551068291015625
1 0.7383913740234375 0.219674919921875 0.7570950224609375 0.2176310439453125 0.7529629931640625 0.207292015625 0.7366025400390624 0.2104721650390625 0.7383913740234375 0.219674919921875
1 0.5032889736328126 0.364062376953125 0.539801853515625 0.3553732470703125 0.51283414453125 0.33673906640625 0.4938323564453125 0.337249150390625 0.5032889736328126 0.364062376953125
1 0.4615353408203125 0.3785454404296875 0.4752544580078125 0.372695224609375 0.4731674853515625 0.361958677734375 0.4608971455078125 0.3643437900390625 0.4615353408203125 0.3785454404296875
1 0.4173127607421875 0.3584900322265625 0.4266855439453125 0.363035126953125 0.430733740234375 0.3511060234375 0.417867123046875 0.35042355078125 0.4173127607421875 0.3584900322265625
1 0.42570729296875 0.3361656181640625 0.4368269931640625 0.3387794013671875 0.44556158203125 0.329122845703125 0.42421659765625 0.3284966552734375 0.42570729296875 0.3361656181640625
1 0.4873990478515625 0.3369079140625 0.47478865234375 0.32662516796875 0.4625183125 0.3290102802734375 0.4637108681640625 0.3351454501953125 0.4873990478515625 0.3369079140625
1 0.5585893359375 0.37559750390625 0.5541591669921875 0.3637246826171875 0.543635744140625 0.3641784833984375 0.5585893359375 0.37559750390625
1 0.84151029296875 0.6628283798828125 0.854931271484375 0.65544437109375 0.847007267578125 0.6474341728515625 0.8332881494140625 0.653284388671875 0.84151029296875 0.6628283798828125
1 0.780111955078125 0.7400245458984375 0.7938310732421875 0.734174330078125 0.787952125 0.72576661328125 0.7759799248046875 0.729685517578125 0.780111955078125 0.7400245458984375
1 0.793998740234375 0.7787105947265625 0.8053746630859375 0.7717241044921875 0.7924661279296875 0.75990756640625 0.78313526171875 0.766496537109375 0.793998740234375 0.7787105947265625
1 0.6317916279296875 0.948722263671875 0.648748359375 0.9486096982421875 0.6633199775390625 0.9362267939453125 0.6632780615234375 0.9250927275390625 0.6509658046875 0.9163437744140625 0.63784296484375 0.9252615751953125 0.6317916279296875 0.948722263671875
1 0.6951883828125 0.9363991826171875 0.704817388671875 0.93134400390625 0.6992365791015624 0.9244700791015625 0.6855174619140625 0.930320294921875 0.6951883828125 0.9363991826171875
1 0.7072025009765625 0.94361434375 0.7203672578125 0.945830609375 0.7200272021484375 0.93316275 0.707160583984375 0.9324802783203126 0.7072025009765625 0.94361434375
1 0.6503228876953125 0.97854679296875 0.6646382841796875 0.975764162109375 0.6645963681640625 0.964630095703125 0.650280970703125 0.9674127275390625 0.6503228876953125 0.97854679296875