1 0.43561201171875 0.26229114453125 0.4263794384765625 0.2606631923828125 0.4172385595703125 0.2675132978515625 0.41398265625 0.285978443359375 0.4202293994140625 0.29554180078125 0.4294619716796875 0.2971697529296875 0.4411352197265625 0.2759578681640625 0.43561201171875 0.26229114453125
1 0.336641177734375 0.6256248955078125 0.3353724892578125 0.61482383203125 0.3280404453125 0.611415521484375 0.29854391015625 0.6887178994140625 0.332936822265625 0.6736275771484375 0.336641177734375 0.6256248955078125
1 0.6691420859375 0.3055842705078125 0.6757455859375 0.27713203515625 0.6504018583984374 0.276894197265625 0.637001451171875 0.244914734375 0.6320233984375 0.2461524404296875 0.627228732421875 0.2643462607421875 0.6485013291015626 0.2786745546875 0.65420792578125 0.309297390625 0.6691420859375 0.3055842705078125
1 0.3261048544921875 0.3614485166015625 0.3328050576171875 0.377438248046875 0.340498869140625 0.3787948740234375 0.3500015146484375 0.3698930869140625 0.351356888671875 0.353208298828125 0.33044605859375 0.336828322265625 0.3261048544921875 0.3614485166015625
1 0.57703480859375 0.5580082294921875 0.5844585458984375 0.569894595703125 0.5998461669921875 0.5726078486328126 0.6050942939453124 0.56084040234375 0.5975788623046875 0.5404759794921875 0.5788436435546875 0.5477498154296875 0.57703480859375 0.5580082294921875
1 0.3841744423828125 0.72497159375 0.38018999609375 0.7115761962890625 0.3621783115234375 0.714746666015625 0.36019109765625 0.7440128759765625 0.3797415439453125 0.74111373046875 0.3841744423828125 0.72497159375
1 0.4182421845703125 0.32480801171875 0.4028545634765625 0.3220947587890625 0.3973363642578125 0.344391943359375 0.4055753291015625 0.3606530009765625 0.413992673828125 0.35790626171875 0.4182421845703125 0.32480801171875
1 0.5983790634765624 0.4369589423828125 0.6061595595703125 0.410829716796875 0.5937577685546875 0.40018105859375 0.5809992197265625 0.4275479912109375 0.5983790634765624 0.4369589423828125
1 0.432116087890625 0.5070694833984375 0.4330180009765625 0.483958322265625 0.4061355107421875 0.483449158203125 0.4136509423828125 0.503813580078125 0.432116087890625 0.5070694833984375
1 0.6885908203125 0.22227925 0.6750120341796875 0.2093075830078125 0.6694938349609375 0.2316047685546875 0.6804485576171875 0.2504601591796875 0.6861501455078125 0.2451190869140625 0.6885908203125 0.22227925
1 0.2223809619140625 0.3918150546875 0.200929986328125 0.396494556640625 0.20038983984375 0.41755403515625 0.2096224130859375 0.4191819873046875 0.222564349609375 0.4087711669921875 0.2223809619140625 0.3918150546875
1 0.4384094443359375 0.201435716796875 0.4244688916015625 0.190515732421875 0.41587316796875 0.212270267578125 0.41904238671875 0.221290974609375 0.43017548828125 0.2211385693359375 0.4384094443359375 0.201435716796875
1 0.4021460556640625 0.4340898505859375 0.3974380751953125 0.424797818359375 0.3794263916015625 0.4279682890625 0.381148541015625 0.4451957275390625 0.3977131572265625 0.45023198828125 0.4021460556640625 0.4340898505859375
1 0.365602576171875 0.60534590625 0.370764017578125 0.6210643134765625 0.3853364111328125 0.619402875 0.389045775390625 0.6073641025390625 0.3827990322265625 0.59780074609375 0.3735664599609375 0.5961727939453125 0.365602576171875 0.60534590625
1 0.4730057802734375 0.3471571435546875 0.4742694609375 0.321994298828125 0.4562577763671875 0.32516476953125 0.457256392578125 0.3464955732421875 0.4730057802734375 0.3471571435546875
1 0.644643638671875 0.525504576171875 0.649076537109375 0.5093624384765625 0.63712820703125 0.5051401533203125 0.6212004404296875 0.5234863798828125 0.644643638671875 0.525504576171875
1 0.501707123046875 0.4093357119140625 0.5038777255859375 0.3970256142578125 0.4888518720703125 0.3922606787109375 0.4879499580078125 0.4153718408203125 0.501707123046875 0.4093357119140625
1 0.83209753515625 0.53317208984375 0.83653043359375 0.517029953125 0.8249438701171875 0.5107559853515625 0.8186104423828126 0.52867848046875 0.83209753515625 0.53317208984375
1 0.723375552734375 0.4209206982421875 0.726269689453125 0.404507236328125 0.7116972958984376 0.406168673828125 0.713781212890625 0.4213444306640625 0.723375552734375 0.4209206982421875
1 0.655639966796875 0.193198931640625 0.65708703515625 0.184992201171875 0.6447769384765625 0.1828215986328125 0.6448686328125 0.1912996552734375 0.655639966796875 0.193198931640625
1 0.4478354228515625 0.291947599609375 0.45145309375 0.2714307705078125 0.4425822880859375 0.26775113671875 0.437064087890625 0.2900483232421875 0.4478354228515625 0.291947599609375
1 0.0820367880859375 0 0.081126525390625 0.00516235546875 0.0994132919921875 0.0274260546875 0.1247570205078125 0.0276638935546875 0.1296433798828125 0.0179481298828125 0.1214044140625 0.0016870732421875 0.1222946181640625 0 0.0820367880859375 0
1 0.249959087890625 0 0.24251316015625 0.016695396484375 0.247944673828125 0.0218840634765625 0.2632406015625 0.0161192587890625 0.2696096962890625 0 0.249959087890625 0
1 0.339356935546875 0.6282192294921874 0.3312096640625 0.6204362294921875 0.3162805126953125 0.6601132587890625 0.322257181640625 0.6802063564453125 0.333390283203125 0.6800539501953125 0.339356935546875 0.6282192294921874
1 0.3628151611328125 0.73812915234375 0.3797415439453125 0.74111373046875 0.382543986328125 0.7162222119140625 0.366071064453125 0.7196640068359375 0.3628151611328125 0.73812915234375
1 0.2266354814453125 0.394680712890625 0.2143253837890625 0.3925101103515625 0.205637966796875 0.4057865888671875 0.215685767578125 0.4117892314453125 0.2248266455078125 0.404939126953125 0.2266354814453125 0.394680712890625
1 0.1021791376953125 0.389659478515625 0.1050732744140625 0.373246015625 0.0712205078125 0.367276859375 0.0478690029296875 0.373736720703125 0.042259109375 0.387555849609375 0.0481440849609375 0.3991708896484375 0.0656106142578125 0.38109598828125 0.0803663955078125 0.3963906640625 0.1021791376953125 0.389659478515625
1 0.2460325927734375 0.590608908203125 0.236708326171875 0.580502900390625 0.21987363671875 0.58599637890625 0.2180648017578125 0.59625479296875 0.228927830078125 0.6066321259765625 0.2643193583984375 0.612872607421875 0.2677536416015625 0.575399666015625 0.2460325927734375 0.590608908203125
1 0.1297034853515625 0.4495150380859375 0.126080806640625 0.4340679580078125 0.09919831640625 0.4335587939453125 0.1031827626953125 0.44695419140625 0.1297034853515625 0.4495150380859375
1 0.2097291328125 0.535551771484375 0.206468220703125 0.5180530068359375 0.2003131728515625 0.5169677060546874 0.195610201171875 0.54363958203125 0.205296234375 0.551693908203125 0.2097291328125 0.535551771484375
1 0.080651494140625 0.49375265234375 0.074404751953125 0.4841892939453125 0.05603130078125 0.489411447265625 0.0576617568359375 0.4981608291015625 0.0776656640625 0.5016880576171875 0.080651494140625 0.49375265234375
1 0.0413672138671875 0.4825948291015625 0.043176048828125 0.4723364140625 0.018647548828125 0.476473267578125 0.0283335830078125 0.4845275927734375 0.0413672138671875 0.4825948291015625
1 0.0581052001953125 0.432659384765625 0.0582835791015625 0.4136515888671875 0.0509515361328125 0.410243279296875 0.0476956328125 0.4287084248046875 0.0581052001953125 0.432659384765625
1 0.2115329599609375 0.489329447265625 0.2019386201171875 0.4897531796875 0.20257546875 0.5131356650390625 0.2115329599609375 0.489329447265625
1 0.021720064453125 0.4410520087890625 0.0231671328125 0.43284527734375 0.015473322265625 0.4314886513671875 0.0152032490234375 0.4420183896484375 0.021720064453125 0.4410520087890625
1 0.38651340625 0.6217258828125 0.388592314453125 0.6009377294921875 0.36596434375 0.6032942236328125 0.36578596484375 0.62230201953125 0.38651340625 0.6217258828125
1 0.428371662109375 0.2673608916015625 0.426109365234375 0.2711929326171875 0.4243005302734375 0.2814513466796875 0.4227617685546875 0.281180021484375 0.420591166015625 0.2934901181640625 0.4217681611328125 0.2958131259765625 0.424845685546875 0.29635577734375 0.4252074521484375 0.2943040947265625 0.42982373828125 0.2951180703125 0.433624796875 0.2915573544921875 0.4372424677734375 0.27104052734375 0.43606547265625 0.2687175185546875 0.428371662109375 0.2673608916015625
1 0.6675016123046875 0.2249070703125 0.66831683984375 0.2292817607421875 0.6710325966796875 0.23187609375 0.6756488837890625 0.2326900703125 0.67727933984375 0.241439451171875 0.6818956259765625 0.242253427734375 0.6815338583984375 0.244305111328125 0.6846113828125 0.24484776171875 0.686511912109375 0.2430674033203125 0.68795898046875 0.234860671875 0.685604990234375 0.2302146552734375 0.6809887041015625 0.2294006796875 0.681350470703125 0.2273489970703125 0.679811708984375 0.227077671875 0.6816205439453125 0.2168192578125 0.673743345703125 0.1985065185546875 0.667588296875 0.1974212177734375 0.665687767578125 0.1992015751953125 0.6642407001953125 0.2074083056640625 0.666594689453125 0.212054322265625 0.6681334521484374 0.2123256474609375 0.667048150390625 0.2184806962890625 0.6685869130859375 0.218752021484375 0.6675016123046875 0.2249070703125
1 0.4209429150390625 0.2195106171875 0.42211991015625 0.221833625 0.429813720703125 0.223190251953125 0.433614779296875 0.219629537109375 0.4368706826171875 0.2011643916015625 0.433339697265625 0.1941953671875 0.4302621728515625 0.193652716796875 0.4268228818359375 0.1951617490234375 0.4245605859375 0.1989937890625 0.4209429150390625 0.2195106171875
1 0.539259236328125 0.33133827734375 0.53627340625 0.33927368359375 0.5398043916015625 0.3462427080078125 0.5474982021484375 0.3475993349609375 0.5531997900390625 0.34225826171875 0.55790276171875 0.315586384765625 0.5594415234375 0.3158577099609375 0.5670436396484375 0.3087362802734375 0.5674054072265625 0.30668459765625 0.5607968974609375 0.2991729228515625 0.5457710439453125 0.294407986328125 0.5430552861328125 0.2918136533203125 0.532283951171875 0.289914376953125 0.5300216552734375 0.2937464169921875 0.5289363544921875 0.2999014658203125 0.527397591796875 0.299630140625 0.526312291015625 0.305785189453125 0.53020504296875 0.3107025302734375 0.5394376162109376 0.3123304814453125 0.542153373046875 0.3149248154296875 0.539259236328125 0.33133827734375
1 0.661901736328125 0.310654017578125 0.66615124609375 0.2775557666015625 0.6649742509765625 0.2752327587890625 0.656465212890625 0.26950144140625 0.6456938779296875 0.2676021640625 0.645332111328125 0.26965384765625 0.64071582421875 0.2688398720703125 0.63854522265625 0.28114996875 0.640899212890625 0.285795984375 0.652939236328125 0.298496326171875 0.651853935546875 0.304651375 0.6503151728515625 0.304380048828125 0.649591638671875 0.3084834150390625 0.6534843916015625 0.313400755859375 0.66000120703125 0.312434375 0.661901736328125 0.310654017578125
1 0.5580661142578125 0.188686861328125 0.5566190458984375 0.19689359375 0.557796041015625 0.1992166015625 0.573183662109375 0.2019298544921875 0.576984720703125 0.198369138671875 0.5792470166015625 0.194537099609375 0.5843117548828125 0.1658135390625 0.583134759765625 0.16349053125 0.5800572353515625 0.162947880859375 0.56032841015625 0.184854822265625 0.5580661142578125 0.188686861328125
1 0.538342296875 0.2465577119140625 0.5660400146484375 0.2514415673828125 0.569479306640625 0.24993253515625 0.5732803642578125 0.2463718203125 0.5740038984375 0.2422684541015625 0.571649908203125 0.2376224384765625 0.539335904296875 0.231924607421875 0.537435375 0.23370496484375 0.5356265400390625 0.24396337890625 0.538342296875 0.2465577119140625
1 0.625328203125 0.266126619140625 0.6265051982421875 0.268449626953125 0.6388152958984376 0.270620228515625 0.64071582421875 0.2688398720703125 0.6436099609375 0.2524264091796875 0.641255970703125 0.247780392578125 0.63356216015625 0.246423765625 0.630122869140625 0.247932798828125 0.6278605732421875 0.2517648388671875 0.625328203125 0.266126619140625
1 0.4933664462890625 0.3126687802734375 0.4941816748046875 0.317043470703125 0.505406470703125 0.32536912109375 0.5177165673828125 0.3275397236328125 0.5211558583984375 0.32603069140625 0.5230563876953125 0.324250333984375 0.5226029267578125 0.3178239609375 0.517986640625 0.317009984375 0.5183484072265625 0.3149583017578125 0.4968057373046875 0.3111597470703125 0.4933664462890625 0.3126687802734375
1 0.518155001953125 0.2260743701171875 0.519240302734375 0.2199193212890625 0.5180633076171876 0.2175963134765625 0.50729197265625 0.215697037109375 0.5034909140625 0.219257751953125 0.5020438466796875 0.2274644833984375 0.5043978369140625 0.2321105 0.509014123046875 0.2329244755859375 0.50865235546875 0.234976158203125 0.5101911181640625 0.2352474833984375 0.510552884765625 0.23319580078125 0.5151691708984375 0.2340097763671875 0.5170697001953125 0.2322294189453125 0.519693763671875 0.2263456953125 0.518155001953125 0.2260743701171875
1 0.5486401357421875 0.098174978515625 0.552441193359375 0.0946142646484375 0.5523495 0.08613620703125 0.5469179853515626 0.080947541015625 0.5407629365234375 0.079862240234375 0.536600111328125 0.0854746376953125 0.535514810546875 0.0916296865234375 0.53786880078125 0.0962757021484375 0.5486401357421875 0.098174978515625
1 0.480211068359375 0.0903400322265625 0.4894436416015625 0.091967984375 0.491344169921875 0.090187626953125 0.4939682333984375 0.084303904296875 0.490799015625 0.0752831962890625 0.484643966796875 0.0741978955078125 0.48120467578125 0.075706927734375 0.4789423798828125 0.0795389677734375 0.477857078125 0.0856940166015625 0.480211068359375 0.0903400322265625
1 0.547376455078125 0.1233378232421875 0.5496387509765625 0.119505783203125 0.5495470576171875 0.1110277265625 0.54683130078125 0.1084333935546875 0.539137490234375 0.1070767666015625 0.5369668876953125 0.1193868642578125 0.5393208779296875 0.124032880859375 0.54547592578125 0.125118181640625 0.547376455078125 0.1233378232421875
1 0.4696381484375 0.2132885966796875 0.4708151435546875 0.2156116044921875 0.4754314296875 0.216425580078125 0.47923248828125 0.2128648642578125 0.4791407939453125 0.20438680859375 0.477963798828125 0.20206380078125 0.47180875 0.2009784990234375 0.469908220703125 0.2027588564453125 0.468822919921875 0.2089139052734375 0.4696381484375 0.2132885966796875
1 0.5771731171875 0.251289162109375 0.5783501123046875 0.2536121689453125 0.5829663984375 0.2544261455078125 0.5826046318359375 0.256477828125 0.5856821552734375 0.257020478515625 0.5894832138671875 0.253459763671875 0.5905685146484375 0.2473047158203125 0.58939151953125 0.24498170703125 0.580158947265625 0.2433537548828125 0.57825841796875 0.24513411328125 0.5771731171875 0.251289162109375
1 0.567375353515625 0.0909011435546875 0.5692758828125 0.08912078515625 0.5703611845703125 0.0829657373046875 0.5680071943359375 0.0783197216796875 0.5633909072265625 0.0775057451171875 0.56149037890625 0.0792861025390625 0.560043310546875 0.087492833984375 0.5627590673828125 0.09008716796875 0.567375353515625 0.0909011435546875
1 0.5052080556640625 0.20052128125 0.5051163623046875 0.192043224609375 0.4974225517578125 0.19068659765625 0.4956137158203125 0.2009450126953125 0.501406998046875 0.20408199609375 0.5052080556640625 0.20052128125
1 0.644506865234375 0.1933513388671875 0.646499087890625 0.2000490380859375 0.65265413671875 0.2011343388671875 0.6564551953125 0.197573623046875 0.6582640302734375 0.187315208984375 0.6574488017578125 0.1829405185546875 0.654733044921875 0.1803461845703125 0.6501167587890625 0.179532208984375 0.6463157001953125 0.183092923828125 0.644506865234375 0.1933513388671875
1 0.159063248046875 0.040059423828125 0.1539935 0.03281907421875 0.1352582822265625 0.04009291015625 0.136526970703125 0.050893974609375 0.1553538828125 0.0520981953125 0.159063248046875 0.040059423828125
1 0.3478259033203125 0.3462392744140625 0.331261287109375 0.341203013671875 0.3308128349609375 0.370740548828125 0.33588258203125 0.3779808984375 0.3446616943359375 0.3731824765625 0.3478259033203125 0.3462392744140625
1 0.1654117021484375 0.1300286552734375 0.167673998046875 0.126196615234375 0.168759298828125 0.12004156640625 0.162966017578125 0.1169045830078125 0.1462230224609375 0.1308761181640625 0.1439607265625 0.134708158203125 0.1428754248046875 0.1408632060546875 0.1474917109375 0.1416771826171875 0.1654117021484375 0.1300286552734375
1 0.1684992431640625 0.2024991240234375 0.1738390634765625 0.199209734375 0.174924365234375 0.1930546865234375 0.1713933798828125 0.186085662109375 0.162160806640625 0.1844577099609375 0.1579979814453125 0.1900701083984375 0.1554656123046875 0.2044318876953125 0.1616206611328125 0.2055171884765625 0.1684992431640625 0.2024991240234375
1 0.1548237548828125 0.1450854921875 0.154100220703125 0.149188857421875 0.1552772158203125 0.1515118662109375 0.1614322646484375 0.1525971669921875 0.1610704970703125 0.154648849609375 0.1672255458984375 0.155734150390625 0.1706648369140625 0.154225119140625 0.1744658955078125 0.1506644033203125 0.1755511962890625 0.1445093544921875 0.174374201171875 0.1421863466796875 0.1636028662109375 0.1402870703125 0.1548237548828125 0.1450854921875
1 0.1826998515625 0.13096155078125 0.18650091015625 0.1274008359375 0.1875862109375 0.121245787109375 0.1864092158203125 0.118922779296875 0.174099119140625 0.116752177734375 0.1702980615234375 0.1203128916015625 0.1707515224609375 0.126739265625 0.173467279296875 0.129333599609375 0.1826998515625 0.13096155078125
1 0.6836878994140625 0.762975591796875 0.685680123046875 0.769673291015625 0.683871287109375 0.7799317060546875 0.6850482822265626 0.7822547138671875 0.688125806640625 0.7827973642578125 0.69156509765625 0.78128833203125 0.6966298369140626 0.7525647724609374 0.695452841796875 0.7502417646484375 0.6908365546875 0.7494277890625 0.68441143359375 0.7588722275390625 0.6836878994140625 0.762975591796875
1 0.64285984765625 0.71558253515625 0.641774546875 0.721737583984375 0.647206060546875 0.7269262509765625 0.6575239345703126 0.722399154296875 0.6586092353515625 0.71624410546875 0.644760376953125 0.713802177734375 0.64285984765625 0.71558253515625
1 0.7001558125 0.7235698876953125 0.700971041015625 0.727944578125 0.71020361328125 0.7295725302734375 0.712104142578125 0.7277921728515625 0.7128276767578124 0.723688806640625 0.694724298828125 0.718381220703125 0.6916467744140625 0.7178385703125 0.6897462451171875 0.719618927734375 0.689384478515625 0.721670611328125 0.7001558125 0.7235698876953125
1 0.6539062646484375 0.742915982421875 0.656168560546875 0.73908394140625 0.657253861328125 0.732928892578125 0.6510988134765625 0.731843591796875 0.6457589931640625 0.7351329814453125 0.64467369140625 0.7412880302734375 0.6458506865234375 0.7436110380859375 0.6504669736328125 0.744425013671875 0.6539062646484375 0.742915982421875
1 0.7048688017578125 0.7688258291015625 0.7067693310546875 0.7670454716796875 0.7082163994140624 0.758838740234375 0.707039404296875 0.756515732421875 0.7039618798828124 0.75597308203125 0.700160822265625 0.759533796875 0.6990755205078125 0.7656888447265625 0.700252515625 0.768011853515625 0.7048688017578125 0.7688258291015625
1 0.920255427734375 0.519100095703125 0.9214324228515625 0.5214231044921875 0.926048708984375 0.522237080078125 0.9317502958984375 0.5168960078125 0.9331973642578125 0.508689275390625 0.9316586025390625 0.5084179501953126 0.9312968349609375 0.5104696337890625 0.926680548828125 0.509655658203125 0.9209789619140625 0.51499673046875 0.920255427734375 0.519100095703125
1 0.8454212744140625 0.6645652236328125 0.844244279296875 0.6622422158203125 0.8396279931640624 0.6614282392578125 0.8358269345703125 0.664988955078125 0.835103400390625 0.6690923203125 0.840896681640625 0.6722293046875 0.84433597265625 0.670720271484375 0.8454212744140625 0.6645652236328125
1 0.8945599501953125 0.5928417578125 0.8911206591796875 0.5943507900390625 0.89193588671875 0.5987254814453125 0.899629697265625 0.600082107421875 0.9003532314453125 0.5959787421875 0.899176236328125 0.593655734375 0.8945599501953125 0.5928417578125
1 0.950123748046875 0.511673853515625 0.9489467529296876 0.509350845703125 0.945869228515625 0.5088081953125 0.94396869921875 0.510588552734375 0.9428833984375 0.5167436005859375 0.9474996845703125 0.5175575771484375 0.9494002138671875 0.5157772197265625 0.950123748046875 0.511673853515625
1 0.93510290234375 0.542872828125 0.9373651982421874 0.539040787109375 0.93464944140625 0.5364464541015626 0.9323871455078125 0.540278494140625 0.93510290234375 0.542872828125
1 0.8999864560546875 0.562066515625 0.9030639794921875 0.562609166015625 0.903787513671875 0.55850580078125 0.900709990234375 0.557963150390625 0.8999864560546875 0.562066515625
1 0.8238585693359375 0.5169110341796875 0.8219580400390625 0.5186913916015625 0.8194256708984375 0.5330531708984375 0.820602666015625 0.5353761796875 0.8282964765625 0.5367328056640625 0.83209753515625 0.53317208984375 0.8324593017578125 0.531120408203125 0.829743544921875 0.52852607421875 0.8311906123046875 0.5203193427734375 0.8300136171875 0.5179963349609376 0.8238585693359375 0.5169110341796875
1 0.8613790947265625 0.8620024521484375 0.8486155361328125 0.8534054755859375 0.84291394921875 0.858746548828125 0.8411968076171875 0.87748301953125 0.8565844287109375 0.880196271484375 0.8613790947265625 0.8620024521484375
1 0.2940092998046875 0.624454162109375 0.285138494140625 0.62077452734375 0.275997615234375 0.6276246318359375 0.27618100390625 0.6445807451171875 0.2914769306640625 0.6388159423828125 0.2940092998046875 0.624454162109375
1 0.2489217197265625 0.538231537109375 0.253538005859375 0.5390455126953125 0.2533546181640625 0.5220893994140625 0.2483765654296875 0.523327107421875 0.2489217197265625 0.538231537109375
1 0.2454724111328125 0.4678127509765625 0.238502134765625 0.4623527587890625 0.238955595703125 0.4687791328125 0.2454724111328125 0.4678127509765625
1 0.233437396484375 0.491076318359375 0.234522697265625 0.4849212705078125 0.2257435859375 0.4897196923828125 0.233437396484375 0.491076318359375
1 0.3094385263671875 0.276006380859375 0.3155935751953125 0.2770916826171875 0.315048419921875 0.262187251953125 0.3066310751953125 0.2649339912109375 0.3094385263671875 0.276006380859375
1 0.4104967509765625 0.6026846005859375 0.4187307080078125 0.582981748046875 0.40868290625 0.57697910546875 0.4019877119140625 0.596953283203125 0.4104967509765625 0.6026846005859375
1 0.3511168681640625 0.5795214921875 0.335005712890625 0.5809116044921875 0.349308033203125 0.58977990625 0.3511168681640625 0.5795214921875
0 0.71593525390625 0.9400149111328125 0.7478925 0.983728333984375 0.8202143193359375 0.9964806220703125 0.8217480732421875 0.9607880390625 0.8060853701171875 0.9326406171875 0.7216318330078125 0.8987099306640625 0.71593525390625 0.9400149111328125
0 0.5143373818359375 0.7606156650390625 0.486996421875 0.7177162177734375 0.480031154296875 0.748220134765625 0.48691474609375 0.7811659794921875 0.503300982421875 0.8052100361328125 0.5353449140625 0.8214376064453125 0.5379689775390625 0.8155538828125 0.5143373818359375 0.7606156650390625
0 0.2553934560546875 0.213589974609375 0.264529326171875 0.1707759609375 0.26190025390625 0.1406957744140625 0.25248429296875 0.122111708984375 0.235017763671875 0.1401866103515625 0.2277824228515625 0.1812202666015625 0.23502778125 0.2121144287109375 0.25086886328125 0.2212540546875 0.2553934560546875 0.213589974609375
0 0.2669649921875 0.11197221484375 0.2777363271484375 0.1138714912109375 0.34118233203125 0.086980236328125 0.334573822265625 0.0794685615234375 0.2976435322265625 0.0729567548828125 0.2721214248046875 0.0917267119140625 0.2669649921875 0.11197221484375
1 0.6357527978515625 0.3779693056640625 0.630321283203125 0.372780638671875 0.6272437587890625 0.37223798828125 0.61728765234375 0.37471340234375 0.61348659375 0.3782741171875 0.6113159921875 0.39058421484375 0.6097772294921875 0.3903128896484375 0.6072448603515626 0.4046746689453125 0.60842185546875 0.4069976767578125 0.6114993798828126 0.4075403271484375 0.630596365234375 0.3982148076171875 0.636297953125 0.3928737353515625 0.6381067880859375 0.382615322265625 0.6357527978515625 0.3779693056640625
1 0.6649892783203125 0.3831244853515625 0.663450515625 0.38285316015625 0.664897583984375 0.3746464296875 0.665075962890625 0.3556386337890625 0.6623602060546875 0.3530442998046875 0.6562968515625 0.3604370556640625 0.649963423828125 0.37835955078125 0.6477928212890625 0.3906696474609375 0.6462540595703125 0.390398322265625 0.644445224609375 0.4006567353515625 0.64679921484375 0.405302751953125 0.6514155009765625 0.4061167275390625 0.6586558505859375 0.40104698046875 0.6631804423828125 0.393382900390625 0.6649892783203125 0.3831244853515625
1 0.664367455078125 0.4676337255859375 0.6678067470703125 0.466124693359375 0.669707275390625 0.4643443369140625 0.6688920478515625 0.4599696455078125 0.6535044267578125 0.457256392578125 0.65314266015625 0.4593080751953125 0.6439100869140625 0.457680123046875 0.6435483203125 0.459731806640625 0.638932033203125 0.4589178310546875 0.633592212890625 0.4622072197265625 0.632506912109375 0.4683622685546875 0.64020072265625 0.46971889453125 0.6405624892578125 0.467667212890625 0.65133382421875 0.4695664892578125 0.651695591796875 0.467514806640625 0.6563118779296875 0.468328783203125 0.65667364453125 0.466277099609375 0.664367455078125 0.4676337255859375
1 0.6201001123046875 0.421749701171875 0.6190148115234375 0.4279047490234375 0.6198300390625 0.4322794404296875 0.6229075634765625 0.4328220908203125 0.6248080927734375 0.4310417333984375 0.6258933935546875 0.424886685546875 0.62743215625 0.4251580107421875 0.6277939228515625 0.4231063271484375 0.626616927734375 0.4207833193359375 0.6220006416015625 0.41996934375 0.6201001123046875 0.421749701171875
1 0.682649212890625 0.4539335166015625 0.6819256787109375 0.4580368818359375 0.6880807275390625 0.4591221826171875 0.690704791015625 0.4532384599609375 0.6895277958984375 0.4509154521484375 0.686450271484375 0.45037280078125 0.682649212890625 0.4539335166015625
1 0.661371607421875 0.4036413134765625 0.660286306640625 0.4097963623046875 0.662640296875 0.41444237890625 0.6657178212890625 0.414985029296875 0.6725964033203125 0.4119669638671875 0.6744969326171875 0.410186607421875 0.6736817041015625 0.405811916015625 0.66906541796875 0.4049979404296875 0.669427185546875 0.4029462578125 0.66327213671875 0.4018609560546875 0.661371607421875 0.4036413134765625
1 0.6962380166015625 0.538833001953125 0.695692861328125 0.5239285703125 0.6780429443359375 0.5250473583984375 0.681665623046875 0.540494439453125 0.6962380166015625 0.538833001953125
0 0.91937005859375 1 0.9207740029296875 0.993057287109375 0.92330136328125 0.9427315986328125 0.936961826171875 0.89225350390625 0.9320704580078125 0.8660053583984375 0.8862643525390625 0.8198500078125 0.804348193359375 0.807521451171875 0.7898725029296875 0.85362485546875 0.8161331708984375 0.9386432587890625 0.855026123046875 1 0.91937005859375 1
0 0.8602737578125 0.7243018642578125 0.8737558408203125 0.6928315654296875 0.8622559638671875 0.6590717451171875 0.8320208671875 0.6325857607421875 0.80703890625 0.6302962392578125 0.806320380859375 0.670363513671875 0.8232517734375 0.7093120009765626 0.8388227822265625 0.7289813671875 0.8602737578125 0.7243018642578125
0 0.84540123828125 0.520709587890625 0.80122558984375 0.483303619140625 0.7901891904296875 0.527897990234375 0.792191431640625 0.6065235078125 0.8069472119140625 0.6218181826171875 0.838532673828125 0.595655470703125 0.8473067763671875 0.554893138671875 0.84540123828125 0.520709587890625
0 0.9007966748046875 0.5304772978515625 0.8693029072265624 0.56511806640625 0.8501142275390625 0.565965529296875 0.8255907373046875 0.6060662900390625 0.830660484375 0.6133066396484375 0.8722070615234375 0.6206324228515625 0.903252376953125 0.6155291884765625 0.9287744833984375 0.59675923046875 0.943250173828125 0.550655828125 0.9539248056640625 0.508113138671875 0.944147078125 0.4915807568359375 0.904867806640625 0.5163868427734375 0.9007966748046875 0.5304772978515625
0 0.4315208447265625 0.132525962890625 0.3914213359375 0.11699344921875 0.371789212890625 0.1833423564453125 0.3431945908203125 0.2375335712890625 0.3265482978515625 0.295947072265625 0.3188645048828125 0.366518263671875 0.3653124677734375 0.472020009765625 0.3972697138671875 0.5157334326171875 0.4365539951171875 0.526891255859375 0.46542369921875 0.4981342099609375 0.4743811904296875 0.4743279921875 0.491654314453125 0.3673691591796875 0.477698734375 0.2485574482421875 0.4315208447265625 0.132525962890625
0 0.4591548505859375 0.1186322314453125 0.4643062744140625 0.0624228193359375 0.4584212998046875 0.0508077783203125 0.4214910087890625 0.0442959716796875 0.392081158203125 0.09411249609375 0.39000225 0.1149006494140625 0.3985112880859375 0.1206319677734375 0.4431353896484375 0.128500400390625 0.4591548505859375 0.1186322314453125
1 0.4438842646484375 0.1087766259765625 0.44822822265625 0.121473845703125 0.4583178427734375 0.1196989248046875 0.460304833984375 0.1070264384765625 0.4607571328125 0.090163375 0.4619416357421875 0.0619043271484375 0.4518737548828125 0.0559975703125 0.4451265859375 0.06868112890625 0.4438842646484375 0.1087766259765625
1 0.40794333203125 0.091569974609375 0.4147819267578125 0.0951853251953125 0.4195385400390625 0.0942766650390625 0.421375544921875 0.051015505859375 0.4056738486328125 0.07109397265625 0.4068834423828125 0.084560689453125 0.40794333203125 0.091569974609375
1 0.078802212890625 0.415069486328125 0.0712173935546875 0.4268078115234375 0.0826156533203125 0.4347705703125 0.089962029296875 0.4299543359375 0.09093945703125 0.4200379970703125 0.078802212890625 0.415069486328125
1 0.1412962109375 0.475990736328125 0.1507585869140625 0.4678032236328125 0.1482861083984375 0.467005513671875 0.1469113056640625 0.4540258408203125 0.1388386181640625 0.4462517607421875 0.1270015361328125 0.449226888671875 0.122275888671875 0.4599567998046875 0.1225149736328125 0.4719450283203125 0.1298711630859375 0.4797514306640625 0.1412962109375 0.475990736328125
1 0.30937848828125 0.74502980859375 0.3205337919921875 0.7444095673828125 0.333274212890625 0.7441576748046875 0.319846771484375 0.72668346875 0.304284232421875 0.729488255859375 0.306096845703125 0.7372585615234375 0.30937848828125 0.74502980859375
1 0.438813921875 0.7608018984375 0.428610431640625 0.75215496484375 0.4238090341796875 0.7623066884765625 0.4294129921875 0.76955873046875 0.438813921875 0.7608018984375