0 0.68364471875 0.886194228515625 0.63249002734375 0.780391427734375 0.59181312890625 0.7351404951171875 0.5534927255859375 0.712517533203125 0.4991825908203125 0.6965947744140625 0.4454485927734375 0.7013994580078124 0.3887969892578125 0.7707404560546876 0.3836418095703125 0.799976935546875 0.4048017470703125 0.8719319794921875 0.4568558466796875 0.9366416640625 0.4710987080078125 0.9518458974609375 0.5334966552734375 0.981887587890625 0.586026431640625 0.9959098173828125 0.643863794921875 0.9918286689453125 0.6718588125 0.96503286328125 0.68901927734375 0.9157007822265625 0.68364471875 0.886194228515625
0 0.3612626240234375 0.638957078125 0.3129551318359375 0.6129865185546876 0.201078958984375 0.5996061474609375 0.160469033203125 0.6019651455078125 0.0836573603515625 0.6296728818359375 0.054967287109375 0.648413109375 0.03804466015625 0.672401462890625 0.03222791015625 0.7173873310546875 0.03799271484375 0.7326832587890625 0.1042561884765625 0.7887922109375 0.15337765625 0.8101464833984375 0.2127240517578125 0.8095046259765625 0.2973522109375 0.797454583984375 0.3598021044921875 0.7672144794921875 0.375910755859375 0.747842412109375 0.391528703125 0.6712660732421875 0.3612626240234375 0.638957078125
0 0.3814076669921875 0.57269861328125 0.426511203125 0.556852521484375 0.45504887109375 0.5269791923828125 0.423849896484375 0.51195834765625 0.41835641796875 0.495123658203125 0.455829359375 0.4985579404296875 0.4642739296875 0.47466128125 0.46137478515625 0.4551108349609375 0.4215118623046875 0.405243615234375 0.3488220146484375 0.3495881240234375 0.3178943671875 0.3330285166015625 0.227196591796875 0.307516427734375 0.10738501171875 0.2911502255859375 0.031353828125 0.290436708984375 0.006934552734375 0.428925298828125 0.048425427734375 0.4695599453125 0.201283310546875 0.550457453125 0.2447923818359375 0.5676489013671875 0.31919561328125 0.577594990234375 0.3814076669921875 0.57269861328125
0 0.4625339208984375 0 0.4201621025390625 0.02898044921875 0.362815443359375 0.0902658701171875 0.34321305078125 0.153446810546875 0.33375015234375 0.2311084501953125 0.34168555859375 0.2340942802734375 0.3552668486328125 0.2650479013671875 0.3439231337890625 0.269394115234375 0.3440755390625 0.280527216796875 0.366015966796875 0.3240610078125 0.407778166015625 0.363156892578125 0.4715327392578125 0.3855047724609375 0.477264056640625 0.3769957333984375 0.4924398115234375 0.37491181640625 0.50203665625 0.3924700400390625 0.550615474609375 0.4169018369140625 0.64740132421875 0.3958892958984375 0.715701455078125 0.3444682880859375 0.7305723984375 0.32011816796875 0.7477697841796875 0.1026125634765625 0.732222244140625 0.034820345703125 0.5742426669921875 0.006964283203125 0.55674390234375 0.0102251953125 0.5132151845703125 0 0.4625339208984375 0
0 1 0.507169669921875 0.99118462890625 0.4977592744140625 0.88431123046875 0.4440093203125 0.7413550029296875 0.402936240234375 0.65301372265625 0.40005212109375 0.5796103583984376 0.4204278134765625 0.5454268076171875 0.4223333515625 0.501170734375 0.4573681220703125 0.491369537109375 0.488958591796875 0.4945400078125 0.5069702763671875 0.514666591796875 0.5247985732421875 0.4963538515625 0.532675771484375 0.4944545751953125 0.5434471064453125 0.510935009765625 0.593951173828125 0.5801830615234375 0.6331337431640625 0.7065734208984376 0.6601795859375 0.835372220703125 0.649571603515625 0.9028918623046875 0.6265718486328125 0.9550833408203125 0.594522908203125 0.9942696669921876 0.5522477880859376 1 0.5320725263671875 1 0.507169669921875
0 0 0.8975193251953125 0.0035009169921875 0.9043010810546875 0.0028393466796875 0.92005046875 0.1854391181640625 0.9522477353515625 0.1871859892578125 0.930343298828125 0.152088001953125 0.8654502255859375 0.11292013671875 0.823638583984375 0.05420182421875 0.784726087890625 0 0.8204159814453125 0 0.8975193251953125
1 0.212571646484375 0.7983715244140625 0.215979955078125 0.79103948046875 0.205026484375 0.7811750673828125 0.1836956806640625 0.78217368359375 0.181525078125 0.7944837802734375 0.188917833984375 0.800547134765625 0.212571646484375 0.7983715244140625
1 0.1933109853515625 0.7156451455078126 0.182662326171875 0.7280469365234375 0.2036028857421875 0.7412589462890625 0.2089104716796875 0.723155568359375 0.1933109853515625 0.7156451455078126
1 0.2753817314453125 0.5381373388671875 0.2655470478515625 0.54592284375 0.2790948525390625 0.5530714990234376 0.2830458115234375 0.542661931640625 0.2753817314453125 0.5381373388671875
1 0.5560084931640625 0.36232162890625 0.561078240234375 0.369561978515625 0.5736596630859375 0.370193818359375 0.5763729150390625 0.354806197265625 0.5622824609375 0.35073506640625 0.5560084931640625 0.36232162890625
1 0.534882041015625 0.31417155078125 0.5288793994140625 0.3242193515625 0.5403755205078125 0.331006240234375 0.5430887734375 0.315618619140625 0.534882041015625 0.31417155078125
1 0.572221037109375 0.222385970703125 0.56621839453125 0.232433771484375 0.5803088486328125 0.23650490234375 0.587277873046875 0.2329739169921875 0.5845311337890625 0.2245565732421875 0.572221037109375 0.222385970703125
1 0.7462019384765625 0.5434120439453125 0.74635434375 0.554545146484375 0.76098744921875 0.55553875390625 0.7643957587890625 0.5482067099609375 0.7462019384765625 0.5434120439453125
1 0.80449651953125 0.572730201171875 0.8105326484375 0.5864873662109376 0.8216050380859375 0.5836799150390625 0.8235043154296875 0.572908580078125 0.80449651953125 0.572730201171875
1 0.5410267890625 0.8911923173828125 0.5442826923828125 0.872727171875 0.5243085146484375 0.8660319775390625 0.51447383203125 0.873817482421875 0.51381226171875 0.8895668701171875 0.5294117490234375 0.89707729296875 0.5410267890625 0.8911923173828125
1 0.53222889453125 0.7611260810546875 0.5288205849609375 0.7684581240234375 0.5405880322265625 0.7737062509765625 0.550151388671875 0.7674595078125 0.53222889453125 0.7611260810546875
1 0.5774848359375 0.756413091796875 0.5740765263671875 0.763745134765625 0.57996025 0.7663691982421875 0.5851489169921875 0.76093768359375 0.5774848359375 0.756413091796875
1 0.509050759765625 0.712614236328125 0.50660883203125 0.7264630947265625 0.5168672470703125 0.7282719306640625 0.5213608564453125 0.714784837890625 0.509050759765625 0.712614236328125
1 0.509861302734375 0.8999764384765625 0.5105228720703126 0.8842270498046875 0.5004168642578125 0.89355131640625 0.509861302734375 0.8999764384765625
1 0 0.9043053076171875 0.01608233984375 0.9049329208984375 0.017710291015625 0.8957003486328124 0 0.8925775458984375 0 0.9043053076171875