0 0.889490544921875 0.747460236328125 0.90645463671875 0.7305662275390625 0.9464137119140625 0.7093853837890625 0.9382179951171875 0.70142863671875 0.917360564453125 0.7026273076171875 0.9032703017578125 0.674252076171875 0.861991751953125 0.651653224609375 0.7665820556640625 0.6265467724609375 0.614712771484375 0.6129567177734375 0.556333783203125 0.6150631845703125 0.5185940703125 0.628469078125 0.5325752568359375 0.6630933564453125 0.5611375537109375 0.6979721494140625 0.585806513671875 0.7171556044921875 0.6066094052734375 0.7190814580078125 0.645614052734375 0.75257978515625 0.6807253623046875 0.7703827734375 0.722549298828125 0.761736384765625 0.736939525390625 0.7729267333984375 0.7514933681640625 0.7747435087890625 0.7640732724609375 0.7702748779296875 0.778545306640625 0.7767784404296875 0.80987235546875 0.7726370419921875 0.889490544921875 0.747460236328125
0 0.59069827734375 0.556278974609375 0.59711094140625 0.54701448046875 0.5851309638671875 0.5171133466796874 0.554458380859375 0.4837604560546875 0.5192652626953125 0.47064425390625 0.4740115673828125 0.437036849609375 0.41582346484375 0.428207482421875 0.3864430859375 0.4401965498046875 0.404044916015625 0.5061387880859375 0.4533828359375 0.5445056962890625 0.4926601767578125 0.5623814033203125 0.5613724365234375 0.5651435185546875 0.59069827734375 0.556278974609375
0 0.4563824677734375 0.3726568740234375 0.4797864921875 0.3449361083984375 0.5217195068359375 0.330040671875 0.5470156630859375 0.313292099609375 0.567900361328125 0.31053116796875 0.62600665625 0.3240473212890625 0.6386956376953125 0.3133296416015625 0.6477639755859375 0.27129400390625 0.6358385361328125 0.2382683466796875 0.6130889755859374 0.2284948232421875 0.6012453447265625 0.1907823798828125 0.6039282880859375 0.156448974609375 0.5872368896484375 0.15772036328125 0.57281939453125 0.1480922763671875 0.5185791689453125 0.1518337236328125 0.4934193603515625 0.1607709853515625 0.4393700205078125 0.1535765986328125 0.383302748046875 0.2619896015625 0.36771266796875 0.3195387822265625 0.34409048828125 0.35975764453125 0.352286205078125 0.367714390625 0.3751721123046875 0.3696766044921875 0.3977307861328125 0.3903859609375 0.426974818359375 0.3862082041015625 0.4563824677734375 0.3726568740234375
0 0.248538259765625 0.5815613095703125 0.2807106591796875 0.5289897890625 0.281256046875 0.4977445478515625 0.26058950390625 0.4880073837890625 0.2484731787109375 0.465917560546875 0.2171461298828125 0.470058958984375 0.18776575 0.4820480263671875 0.1560296611328125 0.50962335546875 0.153701220703125 0.5236473544921875 0.1409849697265625 0.5359272958984375 0.142195365234375 0.5859560400390625 0.1647540390625 0.606665396484375 0.191805978515625 0.608700328125 0.248538259765625 0.5815613095703125
0 0.3987001162109375 0.81234214453125 0.4304362060546875 0.7847668154296875 0.4520026396484375 0.7429493330078125 0.4608255517578125 0.714974052734375 0.4619435966796875 0.650921310546875 0.4498272724609375 0.6288314873046875 0.4313255517578125 0.6144438955078125 0.383170759765625 0.6276679931640625 0.351434669921875 0.655243322265625 0.3001606240234375 0.7277970166015625 0.2453477421875 0.764345966796875 0.2239449248046875 0.796789876953125 0.22378130859375 0.80616344921875 0.2648962412109375 0.838135873046875 0.3273594521484375 0.8407889111328125 0.35246472265625 0.8349761728515624 0.3987001162109375 0.81234214453125
0 0 0.8676977392578125 0.0310257890625 0.8668711474609375 0.070875787109375 0.8519393515625 0.1109439404296875 0.8245094599609375 0.12590682421875 0.8028923056640624 0.1328376064453125 0.7639448330078125 0.1520756005859375 0.7361513486328125 0.1052024677734375 0.675949130859375 0.0701456982421875 0.6550216181640625 0 0.68756286328125 0 0.8676977392578125
0 0 0.6304572705078125 0.016287244140625 0.6368913974609375 0.06841718359375 0.634675853515625 0.0977702939453125 0.6242490478515625 0.114788923828125 0.6042305146484375 0.1240208779296875 0.5528213046875 0.116370548828125 0.5136193173828125 0.079667072265625 0.4676592529296875 0.0466933173828125 0.446768099609375 0.0031408662109375 0.43506872265625 0 0.615008791015625 0 0.6304572705078125
0 0.355088767578125 0.4459002109375 0.361555970703125 0.4335111923828125 0.3452736142578125 0.411348650390625 0.2442420654296875 0.35020109375 0.2361826943359375 0.3344330361328125 0.1970144306640625 0.31030828125 0.12446337109375 0.2887263037109375 0.068031052734375 0.2986804404296875 0.0589354462890625 0.3422783408203125 0.0626924375 0.3657849892578125 0.09947772265625 0.4070582666015625 0.1283399833984375 0.424752177734375 0.1386732548828125 0.429620759765625 0.184554146484375 0.4272961376953125 0.2278884423828125 0.4514936103515625 0.3090715283203125 0.456036142578125 0.3404258466796875 0.450332482421875 0.355088767578125 0.4459002109375
0 0.0877220830078125 0.1255602294921875 0.09237896484375 0.0975122314453125 0.0574858095703125 0.067211146484375 0.009903673828125 0.0476277412109375 0.008458396484375 0.13042762890625 0.0312624951171875 0.1370766279296875 0.066701037109375 0.1361324716796875 0.0877220830078125 0.1255602294921875
0 0.2046982138671875 0.10884919921875 0.196856998046875 0.0805830458984375 0.1994581328125 0.0509364267578125 0.1871781923828125 0.03822017578125 0.1538226650390625 0.0392006904296875 0.128581048828125 0.05282473828125 0.10942486328125 0.0759314365234375 0.10868858984375 0.1181125107421875 0.1394975205078125 0.1436540908203125 0.196066185546875 0.12588864453125 0.2046982138671875 0.10884919921875
0 0.1135196298828125 0.1994592138671875 0.126754 0.1574962939453125 0.087503927734375 0.1380583251953125 0.00810389453125 0.15073703515625 0.0067949638671875 0.2257256123046875 0.0484552841796875 0.2264527958984375 0.0777538564453125 0.219150513671875 0.1135196298828125 0.1994592138671875
0 0.2598026328125 0 0.1855860244140625 0.010063099609375 0.2266736884765625 0.0435977861328125 0.3118319208984375 0.0591488701171875 0.341075953125 0.05497111328125 0.384407419921875 0.0395796943359375 0.4142604873046875 0.000510376953125 0.3902537666015625 0 0.2598026328125 0
0 0.5266007275390625 0.05039576953125 0.51078194921875 0.0016747734375 0.4441254375 0.0005112802734375 0.4348389443359375 0.055045013671875 0.4488473994140625 0.0881070302734375 0.467430927734375 0.0978078359375 0.490316833984375 0.099770048828125 0.5009227998046875 0.089016009765625 0.5266007275390625 0.05039576953125
0 0.5321522919921875 1 0.50418093359375 0.976708072265625 0.3720404912109375 0.9072038173828125 0.2912119072265625 0.88235187890625 0.266624755859375 0.858481638671875 0.251989103515625 0.8613516484375 0.2663793310546875 0.8725419970703125 0.27841384765625 0.8993186064453125 0.269945435546875 0.9069844794921875 0.2691546240234375 0.9522900791015625 0.2954702900390625 0.9965060849609375 0.495636560546875 1 0.5321522919921875 1
0 0.3746979892578125 0.27746678515625 0.4352039892578125 0.153503880859375 0.3790443642578125 0.147835396484375 0.3289156328125 0.1547740869140625 0.3035649384765625 0.1746471826171875 0.2798336806640625 0.2211150927734375 0.2732301298828125 0.2413154208984375 0.2766326201171875 0.2851314765625 0.3028119384765625 0.3371587919921875 0.34603715625 0.3676053134765625 0.36335575 0.3304018984375 0.3746979892578125 0.27746678515625
1 0.7030280693359375 0.6863842158203125 0.69061178125 0.6814792744140625 0.6676440654296875 0.68420384765625 0.6653701640625 0.695103322265625 0.6756761669921875 0.701534166015625 0.702755375 0.7020068359375 0.7030280693359375 0.6863842158203125
1 0.840616205078125 0.682534873046875 0.8198405830078125 0.6790467578125 0.7967910595703125 0.6864581162109376 0.842562873046875 0.69038254296875 0.840616205078125 0.682534873046875
1 0.69121170703125 0.647109509765625 0.678686341796875 0.6484536171875 0.6806602802734375 0.6547390244140625 0.697324408203125 0.6550298974609375 0.69121170703125 0.647109509765625
1 0.6623221767578125 0.630977861328125 0.6436023017578125 0.6290883662109376 0.6537174189453125 0.646455044921875 0.6641597685546875 0.645074578125 0.6623221767578125 0.630977861328125
1 0.60638070703125 0.61281128125 0.5875517548828125 0.6171708349609375 0.5957747421875 0.6235653193359375 0.608300107421875 0.6222212119140625 0.60638070703125 0.61281128125
1 0.6233553408203125 0.714685544921875 0.602443373046875 0.7190087392578125 0.6063639814453124 0.73314181640625 0.62927715625 0.7335417666015625 0.6233553408203125 0.714685544921875
1 0.722576568359375 0.7601741220703125 0.7058306318359375 0.76457003515625 0.7286074609375 0.7727812958984375 0.755741208984375 0.77012944140625 0.722576568359375 0.7601741220703125
1 0.6997891953125 0.6331945888671875 0.685153544921875 0.6360645986328125 0.69126624609375 0.643984986328125 0.6996255791015625 0.64256816015625 0.6997891953125 0.6331945888671875
1 0.72292052734375 0.621096443359375 0.708284876953125 0.623966453125 0.71442484765625 0.6303245791015625 0.7332265302734375 0.627527287109375 0.72292052734375 0.621096443359375
1 0.80279468359375 0.700627552734375 0.792325064453125 0.7035702802734375 0.79635475 0.71145430859375 0.808934654296875 0.706985677734375 0.80279468359375 0.700627552734375
1 0.445589974609375 0.7522138271484375 0.4437523837890625 0.7381171103515625 0.4227858759765625 0.745564828125 0.420430166015625 0.76115108984375 0.4308179775390625 0.7628951474609375 0.445589974609375 0.7522138271484375
1 0.3579942236328125 0.7569357900390625 0.3476336826171875 0.7536294697265625 0.341221017578125 0.76289396484375 0.355720322265625 0.7678352646484375 0.3579942236328125 0.7569357900390625
1 0.3964702099609375 0.701348822265625 0.3818890986328125 0.70109430859375 0.381698212890625 0.712030142578125 0.39419630859375 0.7122482978515625 0.3964702099609375 0.701348822265625
1 0.380252935546875 0.794830029296875 0.37405842578125 0.791596427734375 0.365644552734375 0.79613777734375 0.3654536669921875 0.807073611328125 0.377869955078125 0.811978552734375 0.380252935546875 0.794830029296875
1 0.426270173828125 0.78469409765625 0.416018708984375 0.7751387294921875 0.4076321064453125 0.77811781640625 0.4052763974609375 0.793704078125 0.417719955078125 0.7970467568359375 0.426270173828125 0.78469409765625
1 0.38485527734375 0.7699065556640625 0.374494736328125 0.7666002353515625 0.370165087890625 0.77590108984375 0.3826359140625 0.7776815068359375 0.38485527734375 0.7699065556640625
1 0.317653376953125 0.799988302734375 0.30721102734375 0.8013687685546875 0.3090758876953125 0.8139032236328125 0.3216012529296875 0.8125591171875 0.317653376953125 0.799988302734375
1 0.2868171767578125 0.776008984375 0.268015494140625 0.778806275390625 0.282323912109375 0.79468341015625 0.29279353125 0.791740681640625 0.2868171767578125 0.776008984375
1 0.317298875 0.820297708984375 0.3109952880859375 0.8233131552734375 0.31299649609375 0.82803630078125 0.327604876953125 0.826728552734375 0.317298875 0.820297708984375
1 0.3331827333984375 0.9846624541015625 0.3267155302734375 0.99705147265625 0.3454626748046875 0.997378705078125 0.3497377841796875 0.991202375 0.3331827333984375 0.9846624541015625
1 0.32810626953125 0.917376109375 0.30938639453125 0.9154866142578125 0.315417287109375 0.9280937880859375 0.3320814150390625 0.928384662109375 0.32810626953125 0.917376109375
1 0.4309754091796875 0.9926203828125 0.422534267578125 0.9987239951171875 0.441308681640625 0.99748896484375 0.4309754091796875 0.9926203828125
1 0.4174032646484375 0.934562173828125 0.392379802734375 0.9356881259765625 0.40052098046875 0.946769396484375 0.41929539453125 0.9455343671875 0.4174032646484375 0.934562173828125
1 0.47320838671875 0.960540064453125 0.4670411474609375 0.955744201171875 0.441963146484375 0.9599946767578125 0.44802130859375 0.971039587890625 0.46887873828125 0.96984091796875 0.47320838671875 0.960540064453125
1 0.0853645478515625 0.73811237890625 0.0772233701171875 0.7270311083984375 0.050144162109375 0.726558439453125 0.0560932470703125 0.7438523984375 0.0790064228515625 0.744252349609375 0.0853645478515625 0.73811237890625
1 0 0.8282655166015624 0.0067113310546875 0.827378287109375 0.0110955185546875 0.8149529091796875 0 0.8123719716796876 0 0.8282655166015624
1 0.0632043720703125 0.575200818359375 0.0382627177734375 0.571639984375 0.040018501953125 0.59042348828125 0.0566826298828125 0.590714361328125 0.0632043720703125 0.575200818359375
1 0.050095806640625 0.4905841552734375 0.031348662109375 0.4902569228515625 0.0290747607421875 0.5011563974609375 0.0478219052734375 0.5014836298828125 0.050095806640625 0.4905841552734375
1 0.22241348046875 0.5264094697265626 0.2099971923828125 0.5215045283203125 0.1930331005859375 0.538398537109375 0.207505134765625 0.544902099609375 0.2222771337890625 0.534220779296875 0.22241348046875 0.5264094697265626
1 0.239841150390625 0.482957005859375 0.219065529296875 0.479468890625 0.21876556640625 0.4966537724609375 0.2375127109375 0.4969810048828125 0.239841150390625 0.482957005859375
1 0.2649736904296875 0.475582005859375 0.2566416259765625 0.4754365693359375 0.2543131865234375 0.489460568359375 0.2688942978515625 0.4897150830078125 0.2649736904296875 0.475582005859375
1 0.05747344140625 0.5454087626953125 0.049277724609375 0.537452015625 0.0282566796875 0.5480242578125 0.0280930634765625 0.557397830078125 0.032095478515625 0.56684412109375 0.0487596064453125 0.567134994140625 0.05747344140625 0.5454087626953125
1 0.161139578125 0.3362486298828125 0.1402548798828125 0.3390095625 0.1484505966796875 0.3469663095703125 0.165114724609375 0.3472571826171875 0.161139578125 0.3362486298828125
1 0.21664473828125 0.37941140234375 0.1937861005859375 0.375886927734375 0.1977067080078125 0.39002000390625 0.20798544140625 0.3980131103515625 0.2142890283203125 0.3949976640625 0.21664473828125 0.37941140234375
1 0.1784414453125 0.41937575 0.159776109375 0.4143617314453125 0.1470053193359375 0.4297661962890625 0.1676991328125 0.4379410986328125 0.1781687509765625 0.4349983701171875 0.1784414453125 0.41937575
1 0.250136611328125 0.3706195771484375 0.2561947734375 0.3816644892578125 0.2707758857421875 0.3819190029296875 0.270912232421875 0.374107693359375 0.250136611328125 0.3706195771484375
1 0.3246888779296875 0.3969247001953125 0.3121635126953125 0.398268806640625 0.314028373046875 0.4108032626953125 0.332775517578125 0.4111304951171875 0.3246888779296875 0.3969247001953125
1 0.0780538193359375 0.2019656318359375 0.050865533203125 0.2077420107421875 0.0548406796875 0.2187505625 0.0798914111328125 0.2160623486328125 0.0780538193359375 0.2019656318359375
1 0.07207746484375 0.18623393359375 0.063772669921875 0.1845262353515625 0.0614442294921875 0.198550234375 0.073942326171875 0.1987683896484375 0.07207746484375 0.18623393359375
1 0.105623876953125 0.1743175849609375 0.09737362109375 0.169485361328125 0.09085187890625 0.184998904296875 0.1054057216796875 0.1868156806640625 0.105623876953125 0.1743175849609375
1 0.0537120927734375 0.164035033203125 0.04329701171875 0.1638532373046875 0.0451891416015625 0.1748254306640625 0.0577417763671875 0.1719190615234375 0.0537120927734375 0.164035033203125
1 0.1887976279296875 0.0648149892578125 0.1636650888671875 0.0721899892578125 0.1779735068359375 0.088067123046875 0.1905806806640625 0.08203623046875 0.1887976279296875 0.0648149892578125
1 0.1713426875 0.1098297138671875 0.1632287783203125 0.097186181640625 0.1482113564453125 0.121927859375 0.1649300224609375 0.119094208984375 0.1713426875 0.1098297138671875
1 0.1513306083984375 0.06259826171875 0.1327198115234375 0.05445971875 0.1323653095703125 0.074769125 0.1531954697265625 0.075132716796875 0.1513306083984375 0.06259826171875
1 0.044387787109375 0.101362755859375 0.025722451171875 0.0963487373046875 0.0254497568359375 0.111971357421875 0.048390203125 0.110809046875 0.044387787109375 0.101362755859375
1 0.0093310166015625 0.080435244140625 0.009085591796875 0.0944956015625 0.0299430224609375 0.093296931640625 0.0093310166015625 0.080435244140625
1 0.053074353515625 0.0811987861328125 0.030024830078125 0.0886101455078125 0.046498072265625 0.099836853515625 0.0590234375 0.09849274609375 0.053074353515625 0.0811987861328125
1 0.3224862412109375 0.2843691162109375 0.30373909765625 0.2840418837890625 0.301274310546875 0.3058771923828125 0.324105677734375 0.3109639296875 0.3283807880859375 0.304787599609375 0.3224862412109375 0.2843691162109375
1 0.374922328125 0.025869880859375 0.366672072265625 0.021037658203125 0.35195461328125 0.0285944541015625 0.34754315625 0.04258209375 0.3725938876953125 0.0398938798828125 0.374922328125 0.025869880859375
1 0.405628859375 0 0.377387115234375 0.004034572265625 0.3773053076171875 0.0087213583984375 0.4085505478515625 0.00926674609375 0.4066603544921875 0 0.405628859375 0
1 0.2293838994140625 0.0077021181640625 0.208499201171875 0.01046305078125 0.2144210166015625 0.0293192724609375 0.2290839365234375 0.0248870009765625 0.2293838994140625 0.0077021181640625
1 0.52308916015625 0.0128287626953125 0.5149479814453125 0.0017474921875 0.50661591796875 0.0016020556640625 0.4981202373046875 0.0108301904296875 0.5020681142578125 0.0234010048828125 0.51440259375 0.032992732421875 0.5248449443359375 0.0316122666015625 0.52308916015625 0.0128287626953125
1 0.495410025390625 0.0467258583984375 0.4829664677734375 0.0433831787109375 0.470168408203125 0.06034990625 0.476062955078125 0.0807683896484375 0.4863962265625 0.0856369716796875 0.4989761318359375 0.0811683408203125 0.495410025390625 0.0467258583984375
1 0.463728474609375 0.0711766630859375 0.4490655546875 0.0756089345703125 0.4530952392578125 0.083492962890625 0.4656206044921875 0.0821488564453125 0.463728474609375 0.0711766630859375
1 0.56690812109375 0.2480043271484375 0.5524360869140625 0.241500765625 0.533607134765625 0.245860318359375 0.529195677734375 0.259847958984375 0.5353356484375 0.266206083984375 0.558057939453125 0.277541869140625 0.5789426376953125 0.2747809375 0.56690812109375 0.2480043271484375
1 0.49145596484375 0.2732538515625 0.483123900390625 0.2731084150390625 0.4766294287109375 0.2870596953125 0.4933753642578125 0.282663783203125 0.49145596484375 0.2732538515625
1 0.444293412109375 0.3490047890625 0.4297122998046875 0.3487502744140625 0.4315771611328125 0.3612847294921875 0.4503243056640625 0.361611962890625 0.444293412109375 0.3490047890625
1 0.5974065458984374 0.1719625166015625 0.5743024833984375 0.182498400390625 0.5803879150390625 0.1919810498046875 0.6012726142578125 0.1892201171875 0.5974065458984374 0.1719625166015625
1 0.4977490087890625 0.1514701318359375 0.4707243388671875 0.1478729384765625 0.478838248046875 0.1605164716796875 0.497558123046875 0.1624059658203125 0.4977490087890625 0.1514701318359375
1 0.424925255859375 0.1455107744140625 0.4125635068359375 0.1374813095703125 0.387485505859375 0.14173178515625 0.399819986328125 0.1513235126953125 0.4206501455078125 0.1516871044921875 0.424925255859375 0.1455107744140625
1 0.50705040234375 0.573571751953125 0.486383859375 0.563834587890625 0.4779154482421875 0.5715004609375 0.47983484765625 0.580910392578125 0.4901135810546875 0.5889034990234375 0.5005559296875 0.5875230322265625 0.50705040234375 0.573571751953125
1 0.55607781640625 0.51035526953125 0.5394136875 0.510064396484375 0.5454991201171875 0.5195470458984375 0.5579972158203125 0.519765201171875 0.55607781640625 0.51035526953125
1 0.5172640546875 0.465921109375 0.508904720703125 0.4673379345703125 0.519101646484375 0.480017826171875 0.5274337099609375 0.4801632626953125 0.5275427880859375 0.47391421484375 0.5172640546875 0.465921109375
1 0.3985866796875 0.460724111328125 0.38411464453125 0.454220548828125 0.3879807138671875 0.4714781494140625 0.398368525390625 0.4732222080078125 0.3985866796875 0.460724111328125
1 0.92793926171875 0.69343553125 0.923936845703125 0.683989240234375 0.9093557333984374 0.6837347265625 0.896721291015625 0.6913278818359375 0.8986406904296875 0.7007378125 0.9194981201171875 0.699539142578125 0.92793926171875 0.69343553125
1 0.276664248046875 0.641436294921875 0.2725800244140625 0.636676791015625 0.24966684765625 0.63627683984375 0.253614724609375 0.648847654296875 0.26614008984375 0.647503546875 0.276664248046875 0.641436294921875
1 0.221224169921875 0.713917271484375 0.2045055029296875 0.716750921875 0.2064249033203125 0.726160853515625 0.2189502685546875 0.72481674609375 0.221224169921875 0.713917271484375
1 0.20367687890625 0.644850509765625 0.211763517578125 0.6590563046875 0.228400376953125 0.6609094404296875 0.20367687890625 0.644850509765625