0 1 0.343300287109375 0.98739076171875 0.3363144326171875 0.9296413349609375 0.3219007060546875 0.876599888671875 0.3167790126953125 0.82410359765625 0.3265617490234375 0.7745064521484375 0.3558949326171875 0.762563130859375 0.3876365556640625 0.7491677333984375 0.391621001953125 0.7379429375 0.3832953515625 0.66916212109375 0.4494399052734375 0.6436450224609375 0.5041737724609375 0.6356861474609375 0.5493107939453125 0.626183501953125 0.55821258203125 0.62835911328125 0.5818663935546875 0.6434766611328125 0.5951093857421875 0.64067421875 0.6200009052734375 0.648368029296875 0.62135753125 0.66683818359375 0.66057734375 0.6975267412109375 0.6934897021484375 0.728847138671875 0.7138206376953125 0.7622514521484375 0.7493273291015625 0.7880486416015625 0.755991541015625 0.8708667138671875 0.7452089365234374 0.9148539658203125 0.7296948837890626 0.953771470703125 0.7069404794921875 0.976486126953125 0.6770981328125 1 0.5437443330078126 1 0.343300287109375
0 0.5597717021484375 0.7368948798828125 0.547094830078125 0.70081205078125 0.538585791015625 0.695080734375 0.5395743896484375 0.6444837197265625 0.525720521484375 0.6060778828125 0.50752544921875 0.592292240234375 0.508972517578125 0.5840855087890625 0.50127870703125 0.5827288828125 0.495755498046875 0.5690621591796875 0.460272275390625 0.5543436220703125 0.459186974609375 0.560498669921875 0.448053873046875 0.560651076171875 0.4412619755859375 0.536183287109375 0.392571751953125 0.5783692177734375 0.3388167890625 0.6492787080078125 0.3412624736328125 0.66240278125 0.46193278515625 0.77887645703125 0.475058109375 0.7854217509765625 0.479220935546875 0.779809353515625 0.4759600234375 0.7623105888671875 0.4835621396484375 0.7551891591796875 0.5004885224609374 0.7581737373046875 0.5110864873046875 0.81504471875 0.5455761025390625 0.844396361328125 0.550192388671875 0.845210337890625 0.5549870546875 0.827016517578125 0.5597717021484375 0.7368948798828125
0 0.466023951171875 0.908641638671875 0.486297931640625 0.90163912890625 0.489645529296875 0.8916520400390625 0.474436287109375 0.8699309912109375 0.4679194716796875 0.8708973720703125 0.4638483408203125 0.8849878271484375 0.4305357197265625 0.85795919140625 0.44374773046875 0.8370186328125 0.4198510703125 0.8285740625 0.42002944921875 0.8095662666015625 0.393595412109375 0.7795195673828125 0.308683404296875 0.7031985986328125 0.2951096279296875 0.7261908408203125 0.2847967626953125 0.7666818466796875 0.2932191162109375 0.7998990166015625 0.2847150859375 0.8301316083984375 0.290151609375 0.87128418359375 0.306721234375 0.912284353515625 0.3525223310546875 0.922475794921875 0.466023951171875 0.908641638671875
0 0.410226673828125 0 0.3732212548828125 0.0672438974609375 0.355759734375 0.12128270703125 0.34273612109375 0.1951432880859375 0.34600705078125 0.2845698701171875 0.356875087890625 0.3309111123046875 0.3969846142578125 0.4183714453125 0.4489457685546875 0.465612095703125 0.4977326953125 0.467868130859375 0.546606306640625 0.442638314453125 0.5974671328125 0.388142287109375 0.6219906240234375 0.348041525390625 0.6550131357421874 0.241744263671875 0.663502138671875 0.1036199443359375 0.65643516015625 0.0537179873046875 0.6418577578125 0.019415515625 0.525454572265625 0 0.410226673828125 0
0 0.278953392578125 0.4039057724609375 0.3137897490234375 0.3233140048828125 0.3232873857421875 0.27844830859375 0.32400090234375 0.202417125 0.3134029375 0.145546142578125 0.278638240234375 0.0907603310546875 0.2522042021484375 0.060713630859375 0.1984342138671875 0.0237313935546875 0.179790689453125 0.0394832861328125 0.15391182421875 0.0962688349609375 0.1776301044921875 0.1237212021484375 0.17075653125 0.1627031748046875 0.123875142578125 0.19463069140625 0.115916267578125 0.2397677138671875 0.127599533203125 0.290483646484375 0.18789635546875 0.3984273203125 0.1907955 0.4179777666015625 0.2148755478515625 0.4433784501953125 0.22093890234375 0.4359856943359375 0.242935033203125 0.4462106220703125 0.278953392578125 0.4039057724609375
0 0 0.763271669921875 0.00791628515625 0.76228526171875 0.0472005654296875 0.7734430849609375 0.06946676953125 0.7731382734375 0.10422144921875 0.755996267578125 0.1437707939453125 0.7206604423828125 0.1661236826171875 0.6928697783203125 0.1958036064453125 0.632523513671875 0.1997830439453125 0.6099550029296875 0.1942598359375 0.5962882802734375 0.1205726240234375 0.5282929609375 0.09224306640625 0.5359905283203125 0.0808398916015625 0.546672673828125 0.0654522705078125 0.5439594208984375 0.0649121240234375 0.5650188994140625 0.04952951171875 0.5982695556640625 0.0193911181640625 0.6162255380859375 0.012242462890625 0.6297733408203126 0.00183289453125 0.6258223818359375 0 0.622622689453125 0 0.763271669921875
0 0.0820367880859375 0 0.0525469296875 0.1672452978515625 0.05725491015625 0.176537330078125 0.0811515703125 0.184981900390625 0.12097098828125 0.1391163359375 0.1654933779296875 0.06657889453125 0.1887481796875 0.015677068359375 0.1911769423828125 0 0.0820367880859375 0
1 0.92135074609375 0.5848728662109375 0.911664712890625 0.5768185400390625 0.8984527021484375 0.5977590986328125 0.9131167890625 0.6045757177734375 0.92135074609375 0.5848728662109375
1 0.9451456943359375 0.5129115615234375 0.944147078125 0.4915807568359375 0.93192867578125 0.4978882119140625 0.9138303056640625 0.5285445341796875 0.9131984658203125 0.5411259560546875 0.927409091796875 0.541516201171875 0.9451456943359375 0.5129115615234375
1 0.863693013671875 0.5789371953125 0.8588016455078125 0.5526890498046875 0.8530083642578125 0.54955206640625 0.841605189453125 0.5602342119140625 0.838079212890625 0.5892290966796875 0.8546438291015624 0.594265357421875 0.863693013671875 0.5789371953125
1 0.77669708984375 0.487440470703125 0.7689115849609375 0.4776057880859375 0.7582319443359375 0.4841845673828125 0.7489126865234375 0.51004246875 0.75443589453125 0.5237091923828125 0.7655689970703125 0.5235567861328125 0.77669708984375 0.487440470703125
1 0.76672595703125 0.382024158203125 0.7657273408203125 0.3606933544921875 0.740928767578125 0.3753599462890625 0.744551447265625 0.3908070263671875 0.7587620732421875 0.391197271484375 0.76672595703125 0.382024158203125
1 0.7779908232421875 0.6780610810546875 0.7603409052734375 0.679179869140625 0.7578085361328125 0.6935416484375 0.76414697265625 0.7115830625 0.789944162109375 0.7182472744140626 0.7779908232421875 0.6780610810546875
1 0.835083365234375 0.5252366845703125 0.8228649619140626 0.531544138671875 0.82449541796875 0.5402935205078125 0.841783568359375 0.541226416015625 0.835083365234375 0.5252366845703125
1 0.6701807724609375 0.614626345703125 0.6591393642578125 0.62325680859375 0.6634855771484375 0.6346005244140625 0.6734416845703125 0.632125109375 0.6701807724609375 0.614626345703125
1 0.6723413564453125 0.5303884306640625 0.6550532060546875 0.52945553515625 0.655144900390625 0.5379335927734376 0.6628387109375 0.53929021875 0.6723413564453125 0.5303884306640625
1 0.7752550302734375 0.531611111328125 0.7584203408203125 0.5371045908203125 0.7730844287109375 0.5439212080078125 0.7752550302734375 0.531611111328125
1 0.92964634375 0.3578646162109375 0.9177897080078125 0.3621203876953125 0.9182431689453125 0.3685467607421875 0.9297380380859375 0.366342671875 0.92964634375 0.3578646162109375
1 0.8586949248046875 0.4363192666015625 0.85154626953125 0.4498670703125 0.8615940703125 0.455869712890625 0.8634029052734375 0.445611298828125 0.8586949248046875 0.4363192666015625
1 0.7779557607421875 0.4263137177734375 0.7721624794921875 0.4231767333984375 0.7607593046875 0.43385887890625 0.7749699306640625 0.4342491240234375 0.7779557607421875 0.4263137177734375
1 0.7433944873046875 0.532339654296875 0.7303608564453125 0.53427241796875 0.7319913125 0.5430217998046875 0.748464234375 0.53958000390625 0.7433944873046875 0.532339654296875
1 0.8025909814453125 0.5385466494140625 0.7934501025390625 0.54539675390625 0.80938287890625 0.5630144375 0.8126387822265625 0.5445492919921875 0.8025909814453125 0.5385466494140625
1 0.4782438896484375 0.26346187890625 0.47389767578125 0.2521181640625 0.4470151865234375 0.2516089990234375 0.4460215791015625 0.2662421044921875 0.4549840791015625 0.278399794921875 0.4703717001953125 0.2811130478515625 0.4782438896484375 0.26346187890625
1 0.4653686025390625 0.1025312099609375 0.4521515830078125 0.0875078603515625 0.444096005859375 0.0882029169921875 0.4431023984375 0.102836021484375 0.4513413642578125 0.119097078125 0.464920150390625 0.1320687451171875 0.4725222666015625 0.1249473154296875 0.4653686025390625 0.1025312099609375
1 0.51731973828125 0.07784404296875 0.5185834189453125 0.05268119921875 0.494778453125 0.052714685546875 0.477765384765625 0.0772159599609375 0.48256505859375 0.094986048828125 0.4952369228515625 0.0951049677734375 0.51731973828125 0.07784404296875
1 0.56637673828125 0.0695703388671875 0.566193349609375 0.0526142265625 0.5557837822265626 0.048663265625 0.5466429033203125 0.05551337109375 0.5483650537109375 0.0727408095703125 0.56103691796875 0.0728597294921875 0.56637673828125 0.0695703388671875
1 0.581045833984375 0.1123508671875 0.5789619169921875 0.0971751103515625 0.567828814453125 0.097327517578125 0.5610419267578125 0.108823638671875 0.5619488486328125 0.1216763857421875 0.5684656640625 0.12071000390625 0.581045833984375 0.1123508671875
1 0.394783958984375 0.214898087890625 0.387451916015625 0.2114897783203125 0.385011240234375 0.2343296142578125 0.3911662890625 0.2354149150390625 0.394783958984375 0.214898087890625
1 0.470203337890625 0.3720486630859375 0.457531474609375 0.3719297431640625 0.4592536240234375 0.389157181640625 0.4688479638671875 0.3887334501953125 0.470203337890625 0.3720486630859375
1 0.5152308125 0.02670437890625 0.5029207158203125 0.0245337763671875 0.50120357421875 0.0432702470703125 0.51812995703125 0.0462548251953125 0.5152308125 0.02670437890625
1 0.5075920986328125 0.4209507509765625 0.503969419921875 0.4055036708984375 0.49428839453125 0.4334132548828125 0.4997199091796875 0.4386019208984375 0.5075920986328125 0.4209507509765625
1 0.5263989765625 0.2782993359375 0.5179816318359375 0.2810460751953125 0.519612087890625 0.28979545703125 0.526490669921875 0.286777392578125 0.5263989765625 0.2782993359375
1 0.629649373046875 0.0976507890625 0.6208702607421875 0.1024492109375 0.620961955078125 0.1109272666015625 0.6290175322265625 0.1102322109375 0.629649373046875 0.0976507890625
1 0.50636348046875 0.697860958984375 0.5012020390625 0.6821425537109375 0.483006966796875 0.66835691015625 0.476306763671875 0.6523671796875 0.4540405595703125 0.652671990234375 0.4574848603515625 0.6871268681640625 0.47206226171875 0.7214293388671875 0.485549353515625 0.72592294921875 0.4969525283203125 0.7152408037109375 0.50636348046875 0.697860958984375
1 0.5011003271484376 0.6017366787109375 0.49150598828125 0.6021604091796875 0.497844423828125 0.62020182421875 0.501645482421875 0.6166411083984376 0.5011003271484376 0.6017366787109375
1 0.415958318359375 0.823656720703125 0.40889634765625 0.8097186728515625 0.3923317314453125 0.804682412109375 0.3614698037109375 0.8267417587890625 0.3655459443359375 0.8486152138671875 0.3947824248046875 0.8537703935546875 0.415958318359375 0.823656720703125
1 0.3204683818359375 0.8343204072265625 0.30815828515625 0.8321498046875 0.3083416728515625 0.8491059169921875 0.3179360126953125 0.8486821865234375 0.3204683818359375 0.8343204072265625
1 0.4610408896484375 0.8739154375 0.4379594580078125 0.8698455576171875 0.4442978935546875 0.88788697265625 0.459323748046875 0.892651908203125 0.4610408896484375 0.8739154375
1 0.496325697265625 0.763786134765625 0.4755065615234375 0.75588421484375 0.4765968720703125 0.785693076171875 0.4932531826171875 0.799207392578125 0.496325697265625 0.763786134765625
1 0.127114484375 0.707146125 0.1257541005859375 0.68786700390625 0.116883294921875 0.684187369140625 0.0984231591796875 0.7168953740234375 0.118065298828125 0.7224742861328125 0.127114484375 0.707146125
1 0.0406687236328125 0.6665177392578125 0.0275433984375 0.6599724462890625 0.0214800439453125 0.6673652021484375 0.0209398984375 0.6884246806640625 0.0356039853515625 0.6952412998046875 0.0406687236328125 0.6665177392578125
1 0.0725242587890625 0.629825287109375 0.0648304482421875 0.6284686611328125 0.0489026806640625 0.6468148876953125 0.065105529296875 0.6539028310546875 0.0725242587890625 0.629825287109375
1 0.1090827646484375 0.566460958984375 0.1024742548828125 0.5589492841796875 0.081023279296875 0.563628787109375 0.08383073046875 0.5747011767578125 0.1057351669921875 0.5764480478515625 0.1090827646484375 0.566460958984375
1 0 0.61775696875 0.0110654677734375 0.6274503330078125 0.0266314677734375 0.6111557900390625 0.067271123046875 0.6056288251953125 0.0733344775390625 0.5982360693359375 0.0735128564453125 0.5792282734375 0.0630115947265625 0.5667992578125 0.0562247060546875 0.57829537890625 0.040928779296875 0.5840601826171875 0.0235489345703125 0.57464923046875 0.0070760126953125 0.5780910263671875 0 0.590949107421875 0 0.61775696875
1 0.0192127392578125 0.635233333984375 0.0034633515625 0.634571763671875 0.00056921484375 0.6509852265625 0.016318603515625 0.6516467958984375 0.0192127392578125 0.635233333984375
1 0 0.7686385888671875 0.0145247939453125 0.7697969365234375 0.0221269111328125 0.7626755068359375 0.0158801689453125 0.7531121484375 0.000854314453125 0.7483472138671875 0 0.749147509765625 0 0.7686385888671875
1 0.1535435126953125 0.7012289150390625 0.1472967705078125 0.6916655576171875 0.1378858193359375 0.7090454013671875 0.1460330908203125 0.7168284013671875 0.1535435126953125 0.7012289150390625
1 0.2804821376953125 0.3322492802734375 0.275229001953125 0.30805281640625 0.256493783203125 0.3153266533203125 0.246721064453125 0.3347581796875 0.2499819765625 0.3522569443359375 0.264192603515625 0.3526471875 0.2804821376953125 0.3322492802734375
1 0.08440380859375 0 0.0796794580078125 0.0133690869140625 0.099683365234375 0.0168963154296875 0.101373072265625 0 0.08440380859375 0
1 0.1694728154296875 0.0440103828125 0.1483836064453125 0.046638203125 0.152368052734375 0.0600336005859375 0.1669404462890625 0.0583721630859375 0.1694728154296875 0.0440103828125