0 0.6686090673828124 0.67630363671875 0.6993316083984376 0.6836969169921875 0.773468794921875 0.6729299267578125 0.79861333203125 0.64846582421875 0.8066098994140625 0.6287753427734375 0.8028349384765625 0.6002126435546875 0.746188876953125 0.55447657421875 0.7144095810546875 0.5830656162109376 0.6890961708984376 0.585556384765625 0.594373802734375 0.6164809638671875 0.62264508984375 0.6518922197265625 0.6686090673828124 0.67630363671875
1 0.73250540625 0.663072220703125 0.7271289677734375 0.6767180595703125 0.7480192041015625 0.67697725 0.7510478759765625 0.6662629443359375 0.73250540625 0.663072220703125
0 0.6047616494140625 0.4260366259765625 0.5699536826171875 0.4653399736328125 0.550147482421875 0.5483044541015625 0.5616793427734375 0.58381966796875 0.588828490234375 0.6081534697265625 0.6052955537109375 0.611162619140625 0.716893529296875 0.5785775283203125 0.7535045400390625 0.5425688642578125 0.76592428125 0.5201284228515625 0.7723574736328125 0.4705002626953125 0.747931943359375 0.415035376953125 0.7203742548828125 0.39537123828125 0.6614458115234375 0.399626478515625 0.6047616494140625 0.4260366259765625
1 0.68379052734375 0.55058589453125 0.6789588115234375 0.5580055166015625 0.6930781083984375 0.5639462001953125 0.695970599609375 0.5547884501953125 0.68379052734375 0.55058589453125
1 0.6207493759765625 0.4823317685546875 0.62796155078125 0.4955105 0.6617127646484375 0.492189474609375 0.6625298505859375 0.4828501494140625 0.6463351474609375 0.476727890625 0.6207493759765625 0.4823317685546875
0 0.5035352919921875 0.5552056953125 0.4810108857421875 0.5736251552734375 0.4399113154296875 0.56532400390625 0.3836356953125 0.5870644892578125 0.353659443359375 0.6189482138671875 0.3397417138671875 0.6585107509765625 0.3408965458984375 0.6931180927734375 0.3899545810546875 0.75387498046875 0.4611992763671875 0.7522657412109375 0.522578974609375 0.719992525390625 0.581409337890625 0.6451476220703125 0.584132955078125 0.614016537109375 0.56127080078125 0.5884893310546875 0.54558812890625 0.5526109677734375 0.5035352919921875 0.5552056953125
1 0.5138998232421875 0.6748659296875 0.5148972109375 0.6622705537109375 0.507062673828125 0.660675408203125 0.501389802734375 0.6632956435546875 0.501370041015625 0.668589064453125 0.506163255859375 0.67298762109375 0.5138998232421875 0.6748659296875
1 0.4664449443359375 0.6445003515625 0.4624303134765625 0.6425806484375 0.4499778798828125 0.6414912021484375 0.4477662939453125 0.642866181640625 0.4473577509765625 0.64753584375 0.451372380859375 0.649455546875 0.463824814453125 0.650544994140625 0.4660364013671875 0.6491700146484375 0.4664449443359375 0.6445003515625
1 0.49496130859375 0.557592505859375 0.4866596865234375 0.5568662080078125 0.484448099609375 0.5582411875 0.4782218828125 0.55769646484375 0.4696478984375 0.560083275390625 0.4613462763671875 0.5593569775390625 0.45940705078125 0.5576188486328125 0.4461375322265625 0.5658687265625 0.4460013515625 0.56742528125 0.462059873046875 0.57510409375 0.46828608984375 0.5756488173828125 0.4742399453125 0.5793066494140625 0.4825415673828125 0.580032947265625 0.4869647412109375 0.5772829873046875 0.49400804296875 0.5684883857421875 0.496491990234375 0.564000296875 0.49496130859375 0.557592505859375
0 0.46727284765625 0.44380881640625 0.3758188193359375 0.43737609375 0.339142421875 0.426324982421875 0.282049716796875 0.4574047939453125 0.32141162890625 0.5094710380859375 0.3895241640625 0.5436625458984375 0.41609589453125 0.5506926767578125 0.4724042080078125 0.552482078125 0.51306254296875 0.5419230048828125 0.52687678515625 0.52744691015625 0.54749466015625 0.530819208984375 0.566075232421875 0.4618637158203125 0.5167775283203125 0.42774982421875 0.5021135078125 0.428035357421875 0.46727284765625 0.44380881640625
0 0.538969484375 0.3150300478515625 0.5256672724609375 0.2997500390625 0.4708569482421875 0.2808385400390625 0.412473228515625 0.2788675634765625 0.3210518935546875 0.2959647294921875 0.251234392578125 0.329068201171875 0.2108811123046875 0.3600440537109375 0.19641866015625 0.40583280859375 0.2059786025390625 0.416080005859375 0.2355790048828125 0.4123958310546875 0.3310476630859375 0.4207482568359375 0.40273359375 0.4379992421875 0.4652681240234375 0.4403333681640625 0.524027693359375 0.4141047939453125 0.565470419921875 0.3706765078125 0.5670718974609374 0.3284679697265625 0.538969484375 0.3150300478515625
1 0.47272008203125 0.3815466474609375 0.4677521845703125 0.39052282421875 0.4778568515625 0.3945438046875 0.4806131611328125 0.3869426083984375 0.47272008203125 0.3815466474609375
0 0.8849470546875 0.952459591796875 0.885524470703125 0.9697632626953125 0.89549295703125 0.9753407978515625 0.947650458984375 0.97676705078125 0.9549661220703125 0.9648593408203125 0.9458147216796875 0.94994248046875 0.9087297822265625 0.94356103125 0.8849470546875 0.952459591796875
0 0.7100734306640625 0.2501709306640625 0.74845479296875 0.1939270625 0.757508115234375 0.1382542587890625 0.754822599609375 0.0972391259765625 0.7418962373046875 0.05375956640625 0.715700357421875 0.0185298857421875 0.5683465576171876 0.0056380986328125 0.5005336669921875 0.0875394755859375 0.4707262890625 0.141396533203125 0.46680973828125 0.2100664931640625 0.4920523525390625 0.2561920537109375 0.535668564453125 0.283535005859375 0.5582256630859375 0.2886454326171875 0.5793882626953125 0.2857915146484375 0.59034270703125 0.30400305859375 0.6170506181640625 0.309476634765625 0.640288623046875 0.306804291015625 0.666555298828125 0.293417642578125 0.677444357421875 0.26456941015625 0.7100734306640625 0.2501709306640625
0 1 0.26452334375 0.9076455078125 0.2627508427734375 0.8290851484375 0.2762677919921875 0.7872011865234375 0.3008358525390625 0.7548771669921875 0.335651111328125 0.751608826171875 0.3730084130859375 0.7781805576171875 0.3800385439453125 0.7794388779296875 0.389559443359375 0.795088857421875 0.4019079189453125 0.825539037109375 0.412414306640625 0.878954859375 0.423361458984375 0.93124854296875 0.423231158203125 0.975649146484375 0.417704896484375 0.995417244140625 0.4068866337890625 1 0.404037458984375 1 0.26452334375
1 0.885284564453125 0.3988197412109375 0.8828006171875 0.4033078291015625 0.8844674794921875 0.40815906640625 0.8883459296875 0.4116353232421875 0.8944359658203125 0.4137366015625 0.902737587890625 0.4144628994140625 0.9090999853515624 0.413451068359375 0.913523158203125 0.4107011083984375 0.913931701171875 0.4060314462890625 0.9082502080078125 0.399260505859375 0.9042355771484375 0.397340802734375 0.893858548828125 0.3964329306640625 0.885284564453125 0.3988197412109375
1 0.25305333203125 0.210081765625 0.244926212890625 0.209392693359375 0.2422623095703125 0.2145990810546875 0.2394465771484375 0.2146805458984375 0.2391960810546875 0.2168027275390625 0.241840296875 0.2216218359375 0.243250712890625 0.2249104013671875 0.245570390625 0.22655476953125 0.247767390625 0.22802371484375 0.258465322265625 0.2283950146484375 0.26287715234375 0.2228584619140625 0.2644096240234375 0.221094689453125 0.2640419423828125 0.216739822265625 0.259242556640625 0.210188787109375 0.25305333203125 0.210081765625
0 0.0478937900390625 0 0.0302609599609375 0.1561887392578125 0.0660167841796875 0.2016656181640625 0.110450080078125 0.219669244140625 0.1395057587890625 0.222211287109375 0.262428619140625 0.27531429296875 0.3013166015625 0.2849904248046875 0.35153487890625 0.284678548828125 0.417370443359375 0.2731852607421875 0.439674232421875 0.2453356884765625 0.4533005498046875 0.2449593681640625 0.4553432626953125 0.2216110546875 0.44173599609375 0.1859142666015625 0.4269031025390625 0.1642264658203125 0.3879824267578125 0.1310204462890625 0.339262138671875 0.1142102255859375 0.2701636435546875 0.0673847099609375 0.23127566015625 0.057708578125 0.1588761318359375 0.0247104755859375 0.1406060244140625 0.018406642578125 0.0697698720703125 0.0153462197265625 0.05627258984375 0 0.0478937900390625 0
1 0.8463480703125 0.3673721591796875 0.846662458984375 0.369515529296875 0.8499954365234375 0.3714101015625 0.8499332783203125 0.372574740234375 0.8561309677734374 0.37220255078125 0.8607944130859375 0.368833677734375 0.85953103515625 0.3663265263671875 0.854682478515625 0.364711865234375 0.850633552734375 0.36459446875 0.848819185546875 0.365397203125 0.8471861142578125 0.3664463642578125 0.8463480703125 0.3673721591796875
1 0.93758389453125 0.9005998525390625 0.933329595703125 0.9253231455078125 0.94772125390625 0.928150720703125 0.9530976923828125 0.9145048818359375 0.93758389453125 0.9005998525390625
0 0.8020122060546875 0.1076415556640625 0.7972131826171875 0.1385910654296875 0.8140179951171875 0.1855468828125 0.7898594169921875 0.2226449931640625 0.80567826953125 0.2569668017578125 0.831432916015625 0.2733362578125 0.852459333984375 0.27203889453125 0.885224587890625 0.2560838603515625 0.904142908203125 0.2310750341796875 0.9072750673828125 0.1952742880859375 0.8913200341796875 0.162509033203125 0.8627763857421875 0.1302108857421875 0.824705486328125 0.1111954287109375 0.8020122060546875 0.1076415556640625
0 0.8247435888671875 0.0390492119140625 0.7904149599609375 0.02506656640625 0.7302281962890625 0.0198009072265625 0.758564869140625 0.1022719375 0.7908180927734375 0.1160730087890625 0.8285839365234375 0.1146716865234375 0.85862557421875 0.1298477373046875 0.889653169921875 0.1576577958984375 0.9221460625 0.14481587109375 0.9308943310546876 0.0687262890625 0.9285138701171874 0.0481279345703125 0.9170147021484375 0.0361426083984375 0.8360738828125 0.029061205078125 0.8247435888671875 0.0390492119140625
0 0.459456208984375 0.891706939453125 0.4578601416015625 0.8382393720703125 0.4430272470703125 0.8165515712890625 0.4290441318359375 0.809054333984375 0.3661337509765625 0.8349197587890625 0.3454450810546875 0.8801637890625 0.3443883271484375 0.9161461103515625 0.360343361328125 0.948911365234375 0.398550439453125 0.966370267578125 0.425939255859375 0.9640610732421875 0.453567740234375 0.9351088828125 0.4598974443359375 0.9105671640625 0.4477173720703125 0.9063646083984375 0.4488068193359375 0.8939121748046875 0.459456208984375 0.891706939453125
0 0.0660386591796875 0.4165477158203125 0.02966731640625 0.4259133837890625 0.016125435546875 0.43727637109375 0.0176888115234375 0.4672140498046875 0.054806443359375 0.4971253857421875 0.0909381171875 0.51440271484375 0.1879374580078125 0.5291629306640625 0.210053322265625 0.5154131337890625 0.2266238740234375 0.493335841796875 0.230878173828125 0.468612548828125 0.2236659970703125 0.4554338173828125 0.2021983447265625 0.4378709560546875 0.1758989755859375 0.427727716796875 0.0660386591796875 0.4165477158203125
0 0.0439257041015625 0 0.0423810556640625 0.0176554140625 0.1401974814453125 0.0230763056640625 0.2189594072265625 0.0550625771484375 0.2684967802734375 0.06253347265625 0.2752023349609375 0.0097922041015625 0.2707789267578125 0 0.0439257041015625 0
0 0.3753992216796875 0.03581144921875 0.3591010302734375 0.0547756328125 0.3567859560546875 0.0812370537109375 0.3656649951171875 0.0992670224609375 0.379239568359375 0.111433923828125 0.4099621103515625 0.118827203125 0.424522642578125 0.1436281123046875 0.451366734375 0.147545134765625 0.47113483203125 0.13672687109375 0.4892033740234375 0.097527482421875 0.4732810322265625 0.0882921162109375 0.4724312548828125 0.0741015537109375 0.428951224609375 0.0452020478515625 0.3753992216796875 0.03581144921875