1 0.3286747626953125 0.4242665615234375 0.3377362734375 0.4194560771484375 0.333892255859375 0.4092827744140625 0.3232720517578125 0.4142022529296875 0.3286747626953125 0.4242665615234375
1 0.4233732421875 0.52415405078125 0.431312037109375 0.5256873359375 0.43044008203125 0.51321778515625 0.4223559609375 0.5096062421875 0.4233732421875 0.52415405078125
1 0.4611152724609375 0.79509797265625 0.470322109375 0.79236574609375 0.4676008076171875 0.775848673828125 0.456689951171875 0.7766116357421875 0.4611152724609375 0.79509797265625
1 0.50932934765625 0.8126107216796875 0.5183908583984375 0.8078002373046875 0.5145468408203125 0.7976269345703125 0.5070440234375 0.802328423828125 0.50932934765625 0.8126107216796875
1 0.5274894267578125 0.57952615625 0.5441990810546875 0.57209244140625 0.5497072265625 0.5612651708984375 0.548253966796875 0.5404825869140625 0.5308176826171875 0.5375250087890625 0.520818673828125 0.5737273583984375 0.5274894267578125 0.57952615625
1 0.5583840595703125 0.4165574052734375 0.567590896484375 0.4138251796875 0.5647242685546875 0.3952298486328125 0.549427982421875 0.400476310546875 0.5583840595703125 0.4165574052734375
0 0.075482458984375 0.7009356484375 0.0612034541015625 0.720729919921875 0.0593940009765625 0.739652234375 0.0892998359375 0.7417378564453125 0.1660719189453125 0.719662064453125 0.2808339580078125 0.7032834384765625 0.3210294541015625 0.6733232275390625 0.317461845703125 0.577505349609375 0.2392365029296875 0.57879855859375 0.215169357421875 0.5930120205078125 0.075482458984375 0.7009356484375
0 0.19899828125 0.3393554970703125 0.187691337890625 0.3568535205078125 0.1636241923828125 0.371066982421875 0.152462576171875 0.3906432646484375 0.11070838671875 0.4207124697265625 0.1337724921875 0.4817522890625 0.15182997265625 0.51599273828125 0.219660220703125 0.56763694140625 0.2655889716796875 0.574867392578125 0.3167352158203125 0.56711405859375 0.350074740234375 0.5063069541015625 0.3687391748046875 0.48202918359375 0.385594154296875 0.4766737265625 0.3784076396484375 0.4187004794921875 0.3519753857421875 0.3766919697265625 0.3085428271484375 0.3379606572265625 0.268703525390625 0.32821596875 0.212735873046875 0.334218029296875 0.19899828125 0.3393554970703125
0 0.3436946396484375 0.504664673828125 0.3304329169921875 0.5390067529296875 0.31960184375 0.5857093896484376 0.31700021875 0.638101828125 0.3265774912109375 0.685465794921875 0.34507094921875 0.7259410185546875 0.3822687333984375 0.76510830859375 0.416163912109375 0.7794454921875 0.4339563896484375 0.742698169921875 0.4632410283203125 0.7135009208984375 0.481469484375 0.6829883740234375 0.4881658876953125 0.6219559169921876 0.48453273828125 0.56999945703125 0.47057003515625 0.5271189912109375 0.4376123544921875 0.4813899423828125 0.4115106455078125 0.466507787109375 0.386571544921875 0.46825169921875 0.3685938486328125 0.479950923828125 0.3436946396484375 0.504664673828125
0 0.4178847099609375 0.779325162109375 0.39447865234375 0.84779133203125 0.3844141015625 0.9278550986328125 0.3849954052734375 0.9361681318359375 0.4339361103515625 0.964072173828125 0.4744621494140625 0.96123831640625 0.5124122138671875 0.9439656455078125 0.529517953125 0.919796869140625 0.5489745595703125 0.8620489736328125 0.5317092509765625 0.7943384013671875 0.5157917685546874 0.7683019921875 0.4773658349609375 0.75637005078125 0.4480413046875 0.762597462890625 0.4178847099609375 0.779325162109375
0 0.43400485546875 0.3626022275390625 0.4241112802734375 0.3779129990234375 0.433332359375 0.4649818642578125 0.483184912109375 0.52832529296875 0.5329177880859375 0.5227592119140625 0.53921810546875 0.4784618173828125 0.54798896484375 0.4694948173828125 0.539243755859375 0.4116305634765625 0.517778236328125 0.3734515869140625 0.5000512998046875 0.3663374931640625 0.48471512109375 0.3486141181640625 0.464597427734375 0.3521093046875 0.43400485546875 0.3626022275390625
0 0.651201875 0.086361755859375 0.6203984345703125 0.1386378369140625 0.6194609365234375 0.1700297021484375 0.6321555966796875 0.2171756787109375 0.651190466796875 0.242994099609375 0.6765655458984375 0.247484962890625 0.70821529296875 0.274509685546875 0.7354397177734375 0.2830480712890625 0.7661776162109375 0.27463340625 0.7895181318359376 0.2500286513671875 0.8045893076171875 0.1967642568359375 0.804654849609375 0.1529028408203125 0.7873895419921875 0.0851922685546875 0.7697680400390625 0.0571865947265625 0.7238392890625 0.0499561435546875 0.68813465625 0.0545412744140625 0.651201875 0.086361755859375
0 0.4907361943359375 0.1435278623046875 0.4940786923828125 0.191327806640625 0.5155442119140625 0.2295067822265625 0.5510379755859375 0.26670480859375 0.591418689453125 0.261792693359375 0.612368447265625 0.2477972197265625 0.620703328125 0.2325954443359375 0.6121034453125 0.1768094501953125 0.617531806640625 0.1200425048828125 0.6045863857421875 0.0917098486328125 0.5824341279296875 0.0661094169921875 0.5438628681640625 0.052099216796875 0.528421255859375 0.055267419921875 0.4907361943359375 0.1435278623046875
1 0.7360609140625 0.3143309423828125 0.73776493359375 0.3163002060546875 0.745994380859375 0.3219900087890625 0.7491117685546875 0.3217720205078125 0.75193850390625 0.3173975146484375 0.7513572001953125 0.30908448046875 0.74794916015625 0.305145953125 0.7385969970703125 0.305799919921875 0.73577026171875 0.31017442578125 0.7360609140625 0.3143309423828125
0 0.6538730068359375 0.3014932265625 0.654348876953125 0.330697837890625 0.66559027734375 0.3570612314453125 0.7007933896484375 0.390102740234375 0.748862138671875 0.4055372314453125 0.8299142177734375 0.399869517578125 0.8465839794921876 0.369465966796875 0.84679484765625 0.32768280859375 0.8256199794921875 0.2936603486328125 0.7955289267578125 0.2665266318359375 0.78121003125 0.2633510654296875 0.7690311318359375 0.2683795380859375 0.747103984375 0.2907970390625 0.7103820703125 0.2808343623046875 0.682285689453125 0.25982642578125 0.6760509140625 0.2602624033203125 0.666012013671875 0.2734949150390625 0.6538730068359375 0.3014932265625
0 0.5395600576171875 0.3489558271484375 0.5446065751953125 0.39872503515625 0.5819496845703125 0.4399705830078125 0.6262143076171875 0.4682016083984375 0.659303072265625 0.4262078251953125 0.66512751953125 0.352705818359375 0.6464887353515625 0.3101523359375 0.6210737646484376 0.2826916357421875 0.5863465224609375 0.2788547392578125 0.5669554580078126 0.29274121875 0.5395600576171875 0.3489558271484375
0 0.69939596875 0.6635726279296875 0.7238078994140625 0.766286611328125 0.7324733251953125 0.778211189453125 0.76977654296875 0.7964868994140625 0.8213587646484375 0.7949683408203125 0.8828345625 0.7781390107421875 0.93832634375 0.742932337890625 0.9356050419921875 0.7264152646484375 0.90507801171875 0.693046771484375 0.8338397236328124 0.637464041015625 0.7791002216796875 0.616230751953125 0.7292220185546875 0.6197185751953125 0.69939596875 0.6635726279296875
1 0.7564863359375 0.651226798828125 0.76116241796875 0.6508998154296874 0.7641344794921875 0.648603568359375 0.7638438271484375 0.64444705078125 0.760435787109375 0.6405085224609375 0.752642318359375 0.6410534951171875 0.7532236220703125 0.649366529296875 0.7564863359375 0.651226798828125
1 0.8204795478515625 0.7024292509765625 0.81992730859375 0.694531869140625 0.8129755341796875 0.695017984375 0.8135277734375 0.7029153671875 0.8204795478515625 0.7024292509765625
0 0.626690177734375 0.4974062216796875 0.59730010546875 0.54749505078125 0.605939880859375 0.626250880859375 0.617722693359375 0.637957470703125 0.64621516015625 0.6422303447265625 0.6832676181640625 0.679319376953125 0.6953011904296875 0.6722126455078125 0.7337527744140625 0.6173133330078125 0.74161178515625 0.5729069443359375 0.7431562373046875 0.482996859375 0.7357588544921875 0.46680676953125 0.7228533251953125 0.4614439501953125 0.67453381640625 0.464822779296875 0.626690177734375 0.4974062216796875
0 0.5960206552734375 0.7083929052734375 0.5978044599609375 0.75630184375 0.622136607421875 0.8130761513671875 0.669558509765625 0.864059025390625 0.7068617275390625 0.882334736328125 0.72230333984375 0.879166533203125 0.7239931181640625 0.79133470703125 0.7008891201171875 0.7073250498046875 0.671920783203125 0.6738475634765625 0.6407469072265625 0.676027453125 0.6244333388671875 0.66672610546875 0.609137052734375 0.6719725673828125 0.5960206552734375 0.7083929052734375
0 0.54644734765625 0.8058383369140625 0.54885234765625 0.885030146484375 0.5401213798828125 0.916966984375 0.54128398828125 0.933593052734375 0.5576374482421875 0.965864236328125 0.57623633984375 0.9854478818359375 0.6001980517578125 0.992125998046875 0.67501535546875 0.9868942626953126 0.6806944765625 0.911313998046875 0.6782239345703125 0.875983603515625 0.6691225322265625 0.85782425 0.59374957421875 0.7879116982421875 0.5808440458984375 0.78254887890625 0.5561955966796875 0.78844930859375 0.54644734765625 0.8058383369140625
0 0.268398630859375 0.234258361328125 0.2736303662109375 0.3090756650390625 0.36546221875 0.390367822265625 0.3886972998046875 0.3866546474609375 0.4080883642578125 0.37276816796875 0.4203726962890625 0.3468481162109375 0.4171755244140625 0.3011264306640625 0.3998047822265625 0.2543074375 0.37511644140625 0.2372380283203125 0.35934428515625 0.2132798779296875 0.30805271484375 0.2189549541015625 0.268398630859375 0.234258361328125
0 0.828391451171875 0.1115630244140625 0.79939746484375 0.144916791015625 0.81119451953125 0.246424470703125 0.83055993359375 0.2993692451171875 0.8662645654296875 0.29478411328125 0.90660538671875 0.26690216015625 0.925415146484375 0.2447026484375 0.93273274609375 0.2149530625 0.9503143564453125 0.2199888984375 0.9760057373046875 0.161805025390625 0.9715006318359375 0.097379013671875 0.9326387197265625 0.0792122978515625 0.8918220283203125 0.0778896376953125 0.828391451171875 0.1115630244140625