1 0.88170187109375 0.3388333505859375 0.8728000830078125 0.329330705078125 0.8488749453125 0.333045078125 0.85258806640625 0.34797923828125 0.87775091015625 0.34924291796875 0.88170187109375 0.3388333505859375
1 0.82691605859375 0.3735980478515625 0.8166576435546875 0.371789212890625 0.816386318359375 0.373327974609375 0.81023126953125 0.372242673828125 0.8055852548828125 0.3745966640625 0.8047712783203125 0.3792129501953125 0.8027195947265625 0.37885118359375 0.8010916435546875 0.388083755859375 0.802872001953125 0.38998428515625 0.815453423828125 0.390616125 0.824474130859375 0.3874469072265625 0.8270684638671875 0.3847311494140625 0.8286964150390626 0.3754985771484375 0.82691605859375 0.3735980478515625
1 0.577320837890625 0.4454097744140625 0.5719797646484375 0.4397081865234375 0.565824716796875 0.4386228857421875 0.559127017578125 0.4406151083984375 0.5585843671875 0.4436926328125 0.5603647236328125 0.445593162109375 0.5767781865234375 0.448487298828125 0.577320837890625 0.4454097744140625
1 0.602126923828125 0.484689046875 0.6003465654296875 0.482788517578125 0.58803646875 0.4806179150390625 0.587493818359375 0.483695439453125 0.592834890625 0.4893970263671875 0.5987186142578125 0.49202108984375 0.6010416220703125 0.4908440947265625 0.602126923828125 0.484689046875
1 0.3558914990234375 0.4174720361328125 0.3627081171875 0.40280794921875 0.3447856220703125 0.396474521484375 0.3400206865234375 0.4115003759765625 0.3558914990234375 0.4174720361328125
1 0.268873357421875 0.383089140625 0.2746046748046875 0.3745801025390625 0.2549018232421875 0.3663461455078125 0.255054228515625 0.377479248046875 0.268873357421875 0.383089140625
1 0.1642225068359375 0.256747294921875 0.163951181640625 0.2582860576171875 0.155744451171875 0.2568389892578125 0.153421443359375 0.258015984375 0.1520648173828125 0.265709794921875 0.159457572265625 0.2717731494140625 0.1656126201171875 0.2728584501953125 0.165341294921875 0.274397212890625 0.1673929775390625 0.2747589794921875 0.174362001953125 0.271227994140625 0.175447302734375 0.2650729453125 0.1662741904296875 0.2571090625 0.1642225068359375 0.256747294921875
1 0.150347998046875 0.503397685546875 0.1549940146484375 0.5010436953125 0.1568932919921875 0.4902723603515625 0.15511293359375 0.4883718310546875 0.146906203125 0.486924763671875 0.1422601865234375 0.48927875390625 0.140632234375 0.498511326171875 0.1441929501953125 0.502312384765625 0.150347998046875 0.503397685546875
1 0.0718079150390625 0.4689230966796875 0.0679758740234375 0.46666080078125 0.061006849609375 0.4701917861328125 0.0578698662109375 0.4759850673828125 0.0596502236328125 0.4778855966796875 0.0678569541015625 0.4793326640625 0.070179962890625 0.4781556689453125 0.0718079150390625 0.4689230966796875
1 0.8720749736328125 0.1054916728515625 0.87071834765625 0.1131854833984375 0.8742790615234375 0.1169865419921875 0.8804341103515625 0.1180718427734375 0.8820620625 0.1088392705078125 0.880281705078125 0.1069387412109375 0.8720749736328125 0.1054916728515625
1 0.864935083984375 0.181976318359375 0.855761970703125 0.1740124345703125 0.843756685546875 0.1941080361328125 0.8555241318359375 0.199356162109375 0.8607127978515625 0.1939246474609375 0.864935083984375 0.181976318359375
1 0.6657325244140625 0.3039253359375 0.658068443359375 0.2994007431640625 0.6536937529296875 0.3002159716796875 0.652337126953125 0.3079097822265625 0.6541174833984374 0.3098103115234375 0.658220849609375 0.310533845703125 0.6651898740234375 0.3070028603515625 0.6657325244140625 0.3039253359375
1 0.2633347998046875 0.0425792705078125 0.263606125 0.0410405087890625 0.251024703125 0.04040866796875 0.2507533779296875 0.0419474306640625 0.2463786865234375 0.042762658203125 0.2455647109375 0.0473789443359375 0.24761639453125 0.0477407119140625 0.24912542578125 0.0511800029296875 0.2593838408203125 0.0529888388671875 0.259655166015625 0.051450076171875 0.2640298564453125 0.05063484765625 0.265386482421875 0.042941037109375 0.2633347998046875 0.0425792705078125
0 0.7023846220703125 0.6959328818359375 0.7289040927734375 0.6895027509765626 0.740875892578125 0.64560218359375 0.730041341796875 0.6230659072265625 0.67395084765625 0.6052426201171875 0.607416048828125 0.5506724296875 0.559413369140625 0.54696807421875 0.5238731904296875 0.556567421875 0.49228397265625 0.555757203125 0.4828730205078125 0.573137046875 0.4797695234375 0.602735294921875 0.488976123046875 0.6345041435546875 0.5049993408203125 0.65160890625 0.55412080859375 0.6729631787109375 0.6374258291015625 0.6924119140625 0.7023846220703125 0.6959328818359375
0 1 0.5018994892578125 0.9523215751953125 0.4782138369140625 0.8707969130859375 0.460665630859375 0.7760292587890625 0.45823497265625 0.689349416015625 0.469923248046875 0.67978605859375 0.476169990234375 0.673274251953125 0.51310028125 0.6459408056640625 0.524146697265625 0.6277469853515625 0.5193520322265625 0.6187262783203125 0.52252125 0.62150650390625 0.554743560546875 0.6308320234375 0.5738405458984375 0.6677957998046875 0.604157318359375 0.70131778125 0.6180011689453125 0.7505581689453125 0.626683578125 0.8315066943359375 0.623504341796875 0.942773244140625 0.5923523056640625 0.970920666015625 0.5766896025390625 1 0.543739865234375 1 0.5018994892578125
0 0.406098267578125 0.4326712607421875 0.45525322265625 0.4778304990234375 0.5071214296875 0.5076021162109375 0.54706978515625 0.520992505859375 0.6136565302734375 0.515280900390625 0.6567418701171875 0.5228780087890625 0.6749022041015625 0.5038677080078126 0.6752924482421875 0.48965708203125 0.6406181923828125 0.4343583486328125 0.6194917412109375 0.386208271484375 0.563334275390625 0.3207750517578125 0.49803718359375 0.2711829150390625 0.4614971376953125 0.250460482421875 0.4471353583984375 0.24792811328125 0.4181739599609375 0.2682071025390625 0.397147966796875 0.291471921875 0.384057380859375 0.317722572265625 0.3797496630859375 0.3661477314453125 0.393483359375 0.408234455078125 0.406098267578125 0.4326712607421875
0 0.839467427734375 0.15844643359375 0.7698106708984375 0.217561251953125 0.7595857431640625 0.2395573828125 0.690657529296875 0.330532744140625 0.6636623818359375 0.387650330078125 0.6480109482421875 0.440421703125 0.6569127353515625 0.4499243486328125 0.6794812470703125 0.4539037861328125 0.7083237255859375 0.4462966611328125 0.75756411328125 0.4549790693359375 0.8339855419921876 0.4414819599609375 0.8513318994140625 0.4270879462890625 0.8972494111328125 0.4066255693359375 0.9272961103515625 0.38019153125 0.94433765625 0.3435313134765625 0.960379333984375 0.276549314453125 0.9635682646484375 0.2104742373046875 0.9527521728515626 0.10385119921875 0.9629771005859376 0.081855068359375 0.954499044921875 0.0819467626953125 0.93428702734375 0.1005952958984375 0.9237572890625 0.10032522265625 0.903273947265625 0.1205125185546875 0.839467427734375 0.15844643359375
0 0.2447773544921875 0.459757173828125 0.29640772265625 0.51487251953125 0.3229606806640625 0.5322473544921875 0.353888328125 0.5488069619140625 0.39465066015625 0.557581064453125 0.4367696171875 0.558661357421875 0.485705193359375 0.5450775625 0.5070359970703125 0.5440789462890625 0.5256200615234375 0.5346629853515625 0.5303849970703125 0.5196371318359375 0.4777028134765625 0.49448180078125 0.4310232734375 0.4592786689453125 0.39224565234375 0.4032564013671875 0.3859047109375 0.3672330322265625 0.3790546064453125 0.3580921533203125 0.355248388671875 0.3491346630859375 0.293697904296875 0.33828165234375 0.2556823125 0.3379248935546875 0.2294676533203125 0.3666212275390625 0.2248551240234375 0.39278018359375 0.2447773544921875 0.459757173828125
0 0.055855103515625 0.30744977734375 0.0446303076171875 0.299124126953125 0.02945455078125 0.3012080439453125 0.013717685546875 0.39045624609375 0.0510717080078125 0.406562392578125 0.08266092578125 0.4073726123046875 0.1814130263671875 0.42319866796875 0.1948084248046875 0.4192142216796875 0.2109170751953125 0.399842154296875 0.2150723876953125 0.340283892578125 0.1924703896484375 0.3124994892578125 0.1929795537109375 0.285617 0.1832303037109375 0.256925673828125 0.1639176962890625 0.234481091796875 0.1444861689453125 0.224708373046875 0.148979779296875 0.2112212802734375 0.0487186455078125 0.19195593359375 0.037322984375 0.2565839423828125 0.045291876953125 0.28337473828125 0.0577543798828125 0.2966784423828125 0.055855103515625 0.30744977734375
0 0 0.549871064453125 0.01476606640625 0.552474720703125 0.07930112890625 0.5464013486328125 0.117435640625 0.5340862431640625 0.16160628125 0.5355283017578125 0.17907155859375 0.508462423828125 0.186007095703125 0.48112647265625 0.1857022841796875 0.45886026953125 0.170221716796875 0.438677982421875 0.127255296875 0.4184090107421875 0.092648013671875 0.410720208984375 0.0085625048828125 0.4196927265625 0 0.4682531044921875 0 0.549871064453125
0 0.316530873046875 0.7246793037109375 0.3259753115234375 0.73110442578125 0.324618685546875 0.738798236328125 0.303135474609375 0.72866375 0.277972630859375 0.7274000703125 0.230088869140625 0.7110238505859375 0.1987709765625 0.708674869140625 0.2085202275390625 0.7373661943359375 0.2286468095703125 0.7551944912109375 0.3245667392578125 0.79908003125 0.39405262890625 0.812918873046875 0.42126715625 0.8145443203125 0.437256888671875 0.8078441171875 0.4845979990234375 0.8272978603515625 0.5072854287109375 0.81860543359375 0.517934087890625 0.806203642578125 0.520918666015625 0.789277259765625 0.5150014560546875 0.76284823046875 0.4992160771484375 0.720399740234375 0.4609811064453125 0.66129994921875 0.45874353125 0.6260001142578125 0.3686218935546875 0.621215466796875 0.345934462890625 0.629907892578125 0.3243658203125 0.6562502373046875 0.3126653466796875 0.6986120419921875 0.31103739453125 0.7078446142578125 0.316530873046875 0.7246793037109375
0 0.635693984375 0.822208078125 0.6946166484375 0.8119718798828125 0.6974823076171875 0.807717361328125 0.6526166103515625 0.7982197236328125 0.612006685546875 0.80057872265625 0.5270737138671875 0.790362560546875 0.5086420556640625 0.810911623046875 0.4813086083984375 0.8219580400390625 0.4804946328125 0.826574326171875 0.4941948427734375 0.844856083984375 0.5487763037109376 0.859240080078125 0.587063220703125 0.858058076171875 0.6262830322265625 0.839587921875 0.635693984375 0.822208078125
0 0.5042249501953125 0 0.4929038974609375 0.0243541455078125 0.4908857001953125 0.04779734375 0.5032292841796875 0.073772912109375 0.519252501953125 0.0908776748046875 0.583854537109375 0.1324142333984375 0.6593765576171875 0.160010240234375 0.7062939365234375 0.16986964453125 0.7268961982421875 0.1370104853515625 0.7543485634765625 0.1132922041015625 0.8139327978515625 0.0873066181640625 0.7814626318359374 0.04350275390625 0.534746255859375 0 0.5042249501953125 0
0 0.2231869580078125 0 0.1840142265625 0.03652593359375 0.1732466474609375 0.0615995888671875 0.1780450703125 0.0703787001953125 0.2263525634765625 0.096349259765625 0.275321625 0.1065704306640625 0.3335827197265625 0.11208362109375 0.3721409619140625 0.10936285546875 0.44717227734375 0.07975458984375 0.488834017578125 0.0474355771484375 0.4953473681640625 0 0.2231869580078125 0
0 0.6304452119140626 0.39607268359375 0.634124845703125 0.3872018779296875 0.6472489189453124 0.3847561943359375 0.659677935546875 0.3742549326171875 0.6735824970703125 0.34338799609375 0.7123450927734375 0.2915185361328125 0.7110738984375 0.262735517578125 0.6916088857421875 0.2291578330078125 0.629177451171875 0.17531117578125 0.6046761767578125 0.158298107421875 0.5317484912109375 0.1279863447265625 0.5252366845703125 0.164916634765625 0.5012261142578125 0.205107837890625 0.4932387607421875 0.262403802734375 0.5048872890625 0.2803237939453125 0.5612825927734375 0.32041328515625 0.6304452119140626 0.39607268359375
0 0.2431193505859375 0.2532062919921875 0.2935304716796875 0.2192568232421875 0.36023613671875 0.200873353515625 0.3729364775390625 0.188833330078125 0.3470785771484375 0.179514072265625 0.32188224609375 0.15444542578125 0.25321033203125 0.135990298828125 0.23625421875 0.1361736865234375 0.2322697724609375 0.1227782880859375 0.2564662353515625 0.1175251533203125 0.25836551171875 0.106753818359375 0.2504301064453125 0.10376798828125 0.231422310546875 0.103589609375 0.2220113583984375 0.120969453125 0.2049363251953125 0.133824705078125 0.18931837890625 0.2104010439453125 0.2431193505859375 0.2532062919921875
0 0 0.9195498154296875 0.0254078583984375 0.92402990625 0.0134880068359375 0.9076486787109375 0.0356662724609375 0.9258387421875 0.1238886337890625 0.941394724609375 0.1252972060546875 0.8734191181640625 0.106341357421875 0.812958943359375 0.04735171875 0.775585208984375 0 0.7601953818359375 0 0.9195498154296875
0 0.3942720087890625 0.87166190625 0.37317904296875 0.847316794921875 0.32363384375 0.816368181640625 0.2723417734375 0.807324005859375 0.2350212373046875 0.8150228251953126 0.1937497421875 0.833131212890625 0.153478115234375 0.881561380859375 0.1530878701171875 0.8957720068359375 0.1689586826171875 0.90174366796875 0.3132380498046875 0.9113179716796875 0.3555948466796875 0.8870545361328125 0.382809373046875 0.8886799833984375 0.3942720087890625 0.87166190625
0 0.2754821904296875 0.609552236328125 0.300102384765625 0.6138934404296875 0.3514798876953125 0.586460787109375 0.358025181640625 0.5733354619140625 0.3768805703125 0.5623807392578125 0.2951700166015625 0.5098944658203125 0.2624285244140625 0.46762936328125 0.244506029296875 0.461295935546875 0.2122552412109375 0.4762351044921875 0.19928357421875 0.489813890625 0.1904152724609375 0.5041162109375 0.1878544267578125 0.53063693359375 0.2063530576171875 0.557697802734375 0.2069291953125 0.578425244140625 0.221833625 0.57788008984375 0.2284124052734375 0.58855973046875 0.2586449970703125 0.597063759765625 0.2754821904296875 0.609552236328125
0 0.8510384921875 1 0.85361112109375 0.9780414501953125 0.82268347265625 0.9614818427734375 0.790399197265625 0.9526160458984375 0.7512983046875 0.9584143369140625 0.71959016796875 0.9702759814453125 0.704537439453125 1 0.8510384921875 1
0 0.7005340390625 1 0.695969841796875 0.99625655859375 0.692104314453125 0.9701892958984375 0.6698071298828125 0.9646710966796875 0.6514943896484375 0.972548294921875 0.586688001953125 0.9801604296875 0.5500775517578125 1 0.7005340390625 1
0 0.689052763671875 0.939505748046875 0.7154533154296875 0.9457474814453125 0.7936551005859375 0.934150900390625 0.8341126201171875 0.9206587998046875 0.8395726123046875 0.9136885234375 0.813409900390625 0.8821030625 0.796301380859375 0.8711533486328125 0.7240687509765625 0.848897162109375 0.71950816796875 0.814774322265625 0.7054177138671875 0.81070319140625 0.6222985859375 0.8261925244140625 0.62601170703125 0.8411266845703125 0.603866927734375 0.8467415869140625 0.5852828623046875 0.856157546875 0.5841975615234375 0.862312595703125 0.6100889482421875 0.8954368193359376 0.659753068359375 0.9137135673828125 0.689052763671875 0.939505748046875
0 0.8778595302734375 0.91250651953125 0.8953582939453125 0.909245607421875 0.9077873095703125 0.898744345703125 0.9381388212890625 0.89457651171875 0.946549904296875 0.8468748857421875 0.909076962890625 0.843440603515625 0.8467459892578125 0.8610088447265625 0.8386916640625 0.87069487890625 0.840776833984375 0.894861611328125 0.8552910185546875 0.90852708203125 0.8778595302734375 0.91250651953125
0 0.9195498154296875 1 0.9308130380859375 0.9361230888671875 0.90030912109375 0.9291578212890625 0.880487349609375 0.933595728515625 0.8623270166015625 0.9526060283203125 0.859613763671875 0.9679936494140625 0.8718766259765625 1 0.9195498154296875 1