0 0.7440066552734375 0.2738320498046875 0.65690175390625 0.2972308037109375 0.5425540263671875 0.3117286552734375 0.488886458984375 0.3407947099609375 0.4459884736328125 0.3899883759765625 0.432034556640625 0.4261749169921875 0.435699197265625 0.5167497548828125 0.4529905205078125 0.552390908203125 0.45112566015625 0.56492536328125 0.394055603515625 0.6378074736328125 0.3816120458984375 0.64115015234375 0.3839677548828125 0.6567364140625 0.4088276005859375 0.64848879296875 0.4084185595703125 0.62505486328125 0.4595940703125 0.572591236328125 0.480233345703125 0.561291810546875 0.5426965576171875 0.5586387734375 0.6402165390625 0.5350582236328125 0.73091481640625 0.4787792490234375 0.730614853515625 0.4615943662109375 0.76115108984375 0.420430166015625 0.7564942080078125 0.39238216796875 0.770557203125 0.36244467578125 0.7752791650390625 0.2748489248046875 0.7440066552734375 0.2738320498046875
0 0.7436750634765625 0.6129519873046875 0.705771734375 0.590172521484375 0.6492030693359375 0.5724070751953125 0.5907695419921875 0.567176083984375 0.5138342958984375 0.57633268359375 0.4724739384765625 0.59424475 0.445721962890625 0.6134645634765625 0.409073025390625 0.6625491513671875 0.4433557099609375 0.7166465751953125 0.4770930078125 0.7394987587890625 0.540101607421875 0.7680909619140625 0.57556741796875 0.7705973798828125 0.68777758984375 0.7530113642578125 0.7415269658203125 0.7286320947265625 0.7516966220703125 0.7143899404296875 0.7566640087890625 0.6408545478515625 0.7436750634765625 0.6129519873046875
0 0.3267824365234375 0.48427066796875 0.2698592685546875 0.446195814453125 0.2489745703125 0.4434348828125 0.1994184951171875 0.4693036953125 0.14967153515625 0.484236673828125 0.1291140693359375 0.5002228857421875 0.106228162109375 0.5021850986328125 0.0758010029296875 0.54959834765625 0.0679325185546875 0.57630223828125 0.0829499404296875 0.6010439169921875 0.1124939365234375 0.622406556640625 0.2089671396484375 0.658228322265625 0.3110076552734375 0.6548844609375 0.3400880712890625 0.649688646484375 0.366949125 0.636717880859375 0.36270128515625 0.6321038134765625 0.37698243359375 0.6146644169921875 0.38063034765625 0.5849087197265626 0.3757825810546875 0.5459248876953126 0.3267824365234375 0.48427066796875
0 0.3211667685546875 0.759410580078125 0.3043390234375 0.750327880859375 0.2568386953125 0.774598072265625 0.2446951015625 0.7951256337890625 0.222081888671875 0.812710466796875 0.163784708984375 0.8152907861328125 0.1451739111328125 0.8234293291015625 0.1266994609375 0.839379181640625 0.1169933857421875 0.8801797900390625 0.094789212890625 0.9211985537109375 0.0929243525390625 0.933733009765625 0.1036121259765625 0.949173833984375 0.12466044140625 0.961308337890625 0.201950189453125 0.97246114453125 0.2415547626953125 0.97333258203125 0.268497625 0.9650486025390625 0.3198094833984375 0.9203962861328125 0.3334088974609375 0.86390033984375 0.3321545048828125 0.7920362861328125 0.3211667685546875 0.759410580078125
0 1 0.70338412890625 0.9785272138671876 0.6979286943359375 0.951475275390625 0.699963625 0.89567015234375 0.725941515625 0.8230645546875 0.74439896875 0.8044810263671875 0.7540997744140625 0.7943386396484375 0.7699041904296875 0.7990773291015625 0.802638974609375 0.8274109287109375 0.8740303583984375 0.8529525087890625 0.9048392880859375 0.892966125 0.92914465625 0.9296696005859375 0.8831845927734375 0.9626978935546875 0.865417962890625 1 0.8553975986328125 1 0.70338412890625
0 0.8339599404296875 0.8911061630859375 0.787424583984375 0.851287251953125 0.714082712890625 0.827563630859375 0.674505408203125 0.828254455078125 0.6330632421875 0.8414797353515625 0.60296331640625 0.9076401279296875 0.609785021484375 0.940338552734375 0.7228405439453125 0.9711826591796875 0.7524118095703125 0.9941075615234375 0.82526283203125 0.9897104658203125 0.8375427734375 0.97699421484375 0.85628991796875 0.976666982421875 0.857609390625 0.9328872861328125 0.8339599404296875 0.8911061630859375
0 0.5115120390625 0.8014074931640625 0.437761126953125 0.75424994140625 0.3814924248046875 0.7536693779296875 0.3545495634765625 0.7619533564453125 0.3604881064453125 0.863427669921875 0.3713940341796875 0.8913665908203126 0.401101646484375 0.922102802734375 0.4473370400390625 0.9447368310546875 0.4744980576171875 0.948950947265625 0.5221892705078125 0.9356165908203125 0.5343055947265625 0.9135267666015625 0.583834400390625 0.8860956923828125 0.5833708203125 0.85953723828125 0.5115120390625 0.8014074931640625
0 0.07556176171875 0.774636796875 0.00657680859375 0.7617762919921875 0.0100672900390625 0.9617458310546875 0.051536724609375 0.9500828134765625 0.0845377490234375 0.930753921875 0.1108261455078125 0.884975654296875 0.120504951171875 0.842612783203125 0.13678730859375 0.8204502412109375 0.1321849658203125 0.795526767578125 0.07556176171875 0.774636796875
1 0.7478894501953125 0.376904984375 0.7459973203125 0.387877177734375 0.762879603515625 0.400084400390625 0.768637802734375 0.3718546064453125 0.76027846875 0.37043778125 0.7478894501953125 0.376904984375
1 0.7324797138671875 0.4490599111328125 0.7329160234375 0.474056103515625 0.749252919921875 0.4550180859375 0.7531189892578125 0.4377604853515625 0.7447323857421875 0.4347813974609375 0.7324797138671875 0.4490599111328125
1 0.5339932646484375 0.4181442685546875 0.534211419921875 0.430642365234375 0.548901609375 0.4366368984375 0.56551119921875 0.4332215009765625 0.5610997421875 0.419233861328125 0.5339932646484375 0.4181442685546875
1 0.6716192119140625 0.304787599609375 0.6633962255859375 0.3111820849609375 0.680169431640625 0.317140259765625 0.6820615625 0.30616806640625 0.6716192119140625 0.304787599609375
1 0.584459771484375 0.325061830078125 0.5950930068359375 0.3373781298828125 0.6054535478515625 0.334071810546875 0.601069361328125 0.3216464326171875 0.584459771484375 0.325061830078125
1 0.5264352861328125 0.34326476953125 0.53076493359375 0.352565623046875 0.5432084912109375 0.349222943359375 0.53887884375 0.33992208984375 0.5264352861328125 0.34326476953125
1 0.49140578515625 0.3657545439453125 0.4979547958984375 0.3828303486328125 0.510425623046875 0.3810499306640625 0.5081517216796875 0.3701504560546875 0.49140578515625 0.3657545439453125
1 0.4792349208984375 0.3847198427734375 0.4877851396484375 0.397072501953125 0.4940069189453125 0.3954011630859375 0.491678478515625 0.3813771640625 0.4792349208984375 0.3847198427734375
1 0.4567475126953125 0.5288842587890625 0.442248208984375 0.5338255595703125 0.4529905205078125 0.552390908203125 0.4695455712890625 0.545850986328125 0.4672444013671875 0.5333892490234375 0.4567475126953125 0.5288842587890625
1 0.4725222939453125 0.3582704658203125 0.4623526376953125 0.3725126201171875 0.477042828125 0.378507154296875 0.4850749287109375 0.3611768349609375 0.4725222939453125 0.3582704658203125
1 0.30282248046875 0.5440729345703125 0.2905152705078125 0.555226923828125 0.2927346337890625 0.563001875 0.317703556640625 0.561003302734375 0.3195684169921875 0.54846884765625 0.30282248046875 0.5440729345703125
1 0.711414671875 0.3165948720703125 0.705247431640625 0.3213907353515625 0.726186669921875 0.32727619140625 0.7322721015625 0.3177935419921875 0.711414671875 0.3165948720703125
1 0.7488816904296876 0.31437814453125 0.76979366015625 0.3187013388671875 0.7654367421875 0.30783822265625 0.7488816904296876 0.31437814453125
1 0.752447796875 0.2799356611328125 0.7525568740234375 0.2861847099609375 0.769330080078125 0.292142884765625 0.7733052265625 0.28113433203125 0.767028908203125 0.2796811474609375 0.752447796875 0.2799356611328125
1 0.688146994140625 0.296685416015625 0.6882560712890625 0.30293446484375 0.702864453125 0.3042422119140625 0.70272810546875 0.29643090234375 0.688146994140625 0.296685416015625
1 0.7071395625 0.3104185419921875 0.721775212890625 0.3132885517578125 0.7237218818359376 0.3054408828125 0.7071395625 0.3104185419921875
1 0.5252794287109375 0.396418037109375 0.5275260615234375 0.40575525 0.539969619140625 0.4024125712890625 0.5378047939453126 0.39776214453125 0.5252794287109375 0.396418037109375
1 0.539522765625 0.4961846513671875 0.552075400390625 0.4990910205078125 0.5561050859375 0.4912069921875 0.539522765625 0.4961846513671875
1 0.5624693955078125 0.7364457705078125 0.5606318037109375 0.75054248828125 0.5753492626953125 0.7580992841796875 0.58359951953125 0.753267060546875 0.58135288671875 0.74392984765625 0.5624693955078125 0.7364457705078125
1 0.4697259150390625 0.67555509375 0.4656416904296875 0.68031459765625 0.4721907021484375 0.69739040234375 0.484606990234375 0.6924854619140625 0.4823058193359375 0.680023724609375 0.4697259150390625 0.67555509375
1 0.8729373193359375 0.85604557421875 0.8814602685546875 0.8668359716796875 0.885380876953125 0.85270289453125 0.8729373193359375 0.85604557421875
1 0.8065640419921875 0.7540634150390625 0.8088106748046875 0.7634006279296875 0.8273396640625 0.750575298828125 0.8272305869140625 0.7443262509765625 0.8188985224609375 0.7444716875 0.8065640419921875 0.7540634150390625
1 0.7815300380859375 0.871705736328125 0.7859142255859375 0.88413111328125 0.7962202275390625 0.87770026953125 0.7940281337890625 0.8714875810546875 0.7815300380859375 0.871705736328125
1 0.444272326171875 0.8885317568359375 0.4506849912109375 0.897796251953125 0.4631558173828125 0.8960158349609375 0.4629376630859375 0.88351773828125 0.444272326171875 0.8885317568359375
1 0.034245400390625 0.91444166015625 0.0385750498046875 0.923742513671875 0.0489355908203125 0.9204361943359375 0.0466889580078125 0.91109898046875 0.034245400390625 0.91444166015625
1 0.1678962021484375 0.8120935439453125 0.21172134765625 0.816016787109375 0.224137634765625 0.811111845703125 0.2529453583984375 0.7902934111328125 0.2526726640625 0.774670791015625 0.1678962021484375 0.8120935439453125