1 0.1511250546875 0.666954921875 0.14741193359375 0.65202076171875 0.12224908984375 0.65075708203125 0.11829812890625 0.6611666494140624 0.1271999169921875 0.670669294921875 0.1511250546875 0.666954921875
1 0.183613681640625 0.626672025390625 0.18976873046875 0.627757326171875 0.1944147451171875 0.6254033359375 0.1952287216796875 0.6207870498046875 0.1972804052734375 0.62114881640625 0.1989083564453125 0.611916244140625 0.197127998046875 0.61001571484375 0.184546576171875 0.609383875 0.175525869140625 0.6125530927734375 0.1729315361328125 0.6152688505859375 0.1713035849609375 0.6245014228515625 0.17308394140625 0.6264019521484375 0.1833423564453125 0.628210787109375 0.183613681640625 0.626672025390625
1 0.434175283203125 0.5613771142578124 0.440872982421875 0.5593848916015625 0.4414156328125 0.5563073671875 0.4396352763671875 0.554406837890625 0.4232218134765625 0.551512701171875 0.422679162109375 0.5545902255859375 0.4280202353515625 0.5602918134765625 0.434175283203125 0.5613771142578124
1 0.41196353125 0.5193820849609375 0.412506181640625 0.516304560546875 0.407165109375 0.5106029736328125 0.4012813857421875 0.50797891015625 0.3989583779296875 0.5091559052734375 0.397873076171875 0.515310953125 0.3996534345703125 0.517211482421875 0.41196353125 0.5193820849609375
1 0.6552143779296875 0.603525478515625 0.6599793134765625 0.5884996240234375 0.6441085009765625 0.5825279638671875 0.6372918828125 0.59719205078125 0.6552143779296875 0.603525478515625
1 0.7450981767578125 0.6336538544921875 0.744945771484375 0.622520751953125 0.731126642578125 0.616910859375 0.7253953251953125 0.6254198974609375 0.7450981767578125 0.6336538544921875
1 0.844255548828125 0.7431610107421875 0.846578556640625 0.741984015625 0.8479351826171875 0.734290205078125 0.840542427734375 0.7282268505859375 0.8343873798828125 0.7271415498046875 0.834658705078125 0.725602787109375 0.8326070224609375 0.7252410205078125 0.825637998046875 0.728772005859375 0.824552697265625 0.7349270546875 0.8337258095703125 0.7428909375 0.8357774931640625 0.743252705078125 0.836048818359375 0.7417139423828125 0.844255548828125 0.7431610107421875
1 0.8431067080078125 0.5097276396484375 0.84488706640625 0.5116281689453125 0.853093796875 0.513075236328125 0.8577398134765625 0.51072124609375 0.859367765625 0.501488673828125 0.8558070498046875 0.497687615234375 0.849652001953125 0.496602314453125 0.8450059853515625 0.4989563046875 0.8431067080078125 0.5097276396484375
1 0.938993150390625 0.5298082138671875 0.9421301337890625 0.5240149326171875 0.9403497763671875 0.5221144033203124 0.9321430458984376 0.5206673359375 0.929820037109375 0.5218443310546875 0.9281920849609375 0.5310769033203125 0.9320241259765625 0.53333919921875 0.938993150390625 0.5298082138671875
1 0.1257209384765625 0.8830134580078125 0.1195658896484375 0.8819281572265625 0.1179379375 0.8911607294921875 0.119718294921875 0.8930612587890625 0.1279250263671875 0.8945083271484375 0.12928165234375 0.8868145166015625 0.1257209384765625 0.8830134580078125
1 0.156243314453125 0.8058919638671875 0.1444758681640625 0.800643837890625 0.1392872021484375 0.8060753525390625 0.135064916015625 0.818023681640625 0.144238029296875 0.8259875654296875 0.156243314453125 0.8058919638671875
1 0.3463062470703125 0.6997840283203125 0.347662873046875 0.6920902177734375 0.3458825166015625 0.6901896884765625 0.341779150390625 0.689466154296875 0.3348101259765625 0.6929971396484375 0.3342674755859375 0.6960746640625 0.341931556640625 0.7005992568359375 0.3463062470703125 0.6997840283203125
1 0.748975296875 0.95959133203125 0.7492466220703125 0.9580525693359375 0.7536213134765625 0.957237341796875 0.7544352890625 0.9526210556640625 0.75238360546875 0.9522592880859375 0.75087457421875 0.9488199970703125 0.7406161591796875 0.9470111611328125 0.740344833984375 0.948549923828125 0.7359701435546875 0.94936515234375 0.734613517578125 0.957058962890625 0.7366652001953125 0.9574207294921875 0.736393875 0.9589594912109375 0.748975296875 0.95959133203125
0 0.259124107421875 0.35439781640625 0.269958658203125 0.3769340927734375 0.32604915234375 0.3947573798828125 0.392583951171875 0.4493275703125 0.440586630859375 0.45303192578125 0.4761268095703125 0.443432578125 0.50771602734375 0.444242796875 0.5171269794921876 0.426862953125 0.5202304765625 0.397264705078125 0.511023876953125 0.3654958564453125 0.4950006591796875 0.34839109375 0.44587919140625 0.3270368212890625 0.3625741708984375 0.3075880859375 0.2976153779296875 0.3040671181640625 0.2710959072265625 0.3104972490234375 0.259124107421875 0.35439781640625
0 0 0.4981005107421875 0.0476784248046875 0.5217861630859375 0.1292030869140625 0.539334369140625 0.2239707412109375 0.54176502734375 0.310650583984375 0.530076751953125 0.32021394140625 0.523830009765625 0.326725748046875 0.48689971875 0.3540591943359375 0.475853302734375 0.3722530146484375 0.4806479677734375 0.3812737216796875 0.47747875 0.37849349609375 0.445256439453125 0.3691679765625 0.4261594541015625 0.3322042001953125 0.395842681640625 0.29868221875 0.3819988310546875 0.2494418310546875 0.373316421875 0.1684933056640625 0.376495658203125 0.057226755859375 0.4076476943359375 0.029079333984375 0.4233103974609375 0 0.456260134765625 0 0.4981005107421875
0 0.4928785703125 0.4923978837890625 0.45293021484375 0.479007494140625 0.3863434697265625 0.484719099609375 0.3432581298828125 0.4771219912109375 0.3250977958984375 0.4961322919921875 0.3247075517578125 0.51034291796875 0.3593818076171875 0.5656416513671875 0.3805082587890625 0.613791728515625 0.436665724609375 0.6792249482421875 0.50196281640625 0.7288170849609374 0.5385028623046875 0.749539517578125 0.5528646416015625 0.75207188671875 0.5818260400390625 0.7317928974609375 0.602852033203125 0.708528078125 0.615942619140625 0.682277427734375 0.6202503369140625 0.6338522685546875 0.606516640625 0.591765544921875 0.593901732421875 0.5673287392578125 0.54474677734375 0.5221695009765625 0.4928785703125 0.4923978837890625
0 0.2404142568359375 0.7604426171875 0.309342470703125 0.669467255859375 0.3363376181640625 0.612349669921875 0.3519890517578125 0.559578296875 0.3430872646484375 0.5500756513671875 0.3205187529296875 0.5460962138671875 0.2916762744140625 0.5537033388671875 0.24243588671875 0.5450209306640625 0.1660144580078125 0.5585180400390625 0.1486681005859375 0.5729120537109375 0.1027505888671875 0.5933744306640625 0.0727038896484375 0.61980846875 0.05566234375 0.6564686865234375 0.039620666015625 0.723450685546875 0.0364317353515625 0.7895257626953125 0.0472478271484375 0.89614880078125 0.0370228994140625 0.918144931640625 0.045500955078125 0.9180532373046875 0.06571297265625 0.8994047041015625 0.0762427109375 0.89967477734375 0.096726052734375 0.8794874814453125 0.160532572265625 0.84155356640625 0.2301893291015625 0.782438748046875 0.2404142568359375 0.7604426171875
0 0.6770393193359375 0.4677526455078125 0.646111671875 0.4511930380859375 0.60534933984375 0.442418935546875 0.5632303828125 0.441338642578125 0.514294806640625 0.4549224375 0.4929640029296875 0.4559210537109375 0.4743799384765625 0.4653370146484375 0.4696150029296875 0.4803628681640625 0.5222971865234375 0.50551819921875 0.5689767265625 0.5407213310546874 0.60775434765625 0.5967435986328125 0.6140952890625 0.6327669677734375 0.6209453935546875 0.6419078466796875 0.644751611328125 0.6508653369140625 0.706302095703125 0.66171834765625 0.7443176875 0.6620751064453125 0.7705323466796875 0.6333787724609375 0.7751448759765625 0.60721981640625 0.7552226455078125 0.540242826171875 0.70359227734375 0.48512748046875 0.6770393193359375 0.4677526455078125
0 0.97054544921875 0.6987919560546875 0.986282314453125 0.60954375390625 0.9489282919921875 0.593437607421875 0.91733907421875 0.5926273876953125 0.8185869736328125 0.57680133203125 0.8051915751953125 0.5807857783203125 0.7890829248046874 0.600157845703125 0.7849276123046875 0.659716107421875 0.8075296103515625 0.6875005107421875 0.8070204462890626 0.714383 0.8167696962890625 0.743074326171875 0.8360823037109375 0.765518908203125 0.8555138310546875 0.775291626953125 0.851020220703125 0.7887787197265625 0.9512813544921875 0.80804406640625 0.962677015625 0.7434160576171875 0.954708123046875 0.71662526171875 0.9422456201171875 0.7033215576171875 0.944144896484375 0.69255022265625 0.9553696923828126 0.700875873046875 0.97054544921875 0.6987919560546875
0 1 0.450128935546875 0.98523393359375 0.447525279296875 0.92069887109375 0.4535986513671875 0.882564359375 0.4659137568359375 0.83839371875 0.4644716982421875 0.82092844140625 0.491537576171875 0.813992904296875 0.51887352734375 0.8142977158203125 0.54113973046875 0.829778283203125 0.561322017578125 0.872744703125 0.5815909892578125 0.907351986328125 0.589279791015625 0.9914374951171875 0.5803072734375 1 0.5317468955078125 1 0.450128935546875
0 0.675381314453125 0.261201763671875 0.696864525390625 0.27133625 0.722027369140625 0.2725999296875 0.769911130859375 0.2889761494140625 0.8012290234375 0.291325130859375 0.7914797724609375 0.2626338056640625 0.7713531904296875 0.2448055087890625 0.6754332607421875 0.20091996875 0.60594737109375 0.187081126953125 0.57873284375 0.1854556796875 0.562743111328125 0.1921558828125 0.5154020009765625 0.1727021396484375 0.4927145712890625 0.18139456640625 0.482065912109375 0.193796357421875 0.479081333984375 0.210722740234375 0.4849985439453125 0.23715176953125 0.5007839228515625 0.279600259765625 0.5390188935546875 0.33870005078125 0.54125646875 0.3739998857421875 0.6313781064453124 0.378784533203125 0.654065537109375 0.370092107421875 0.6756341796875 0.3437497626953125 0.6873346533203125 0.3013879580078125 0.68896260546875 0.2921553857421875 0.683469126953125 0.2753206962890625 0.6740246884765625 0.26889557421875 0.675381314453125 0.261201763671875
0 0.3025176923828125 0.192282638671875 0.3473833896484375 0.2017802763671875 0.387993314453125 0.19942127734375 0.4729262861328125 0.209637439453125 0.4913579443359375 0.189088376953125 0.5186913916015625 0.1780419599609375 0.5195053671875 0.173425673828125 0.5058051572265625 0.155143916015625 0.4512236962890625 0.140759919921875 0.412936779296875 0.141941923828125 0.3737169677734375 0.160412078125 0.364306015625 0.177791921875 0.3053833515625 0.1880281201171875 0.3025176923828125 0.192282638671875
0 0.4957750498046875 1 0.5070961025390625 0.9756458544921875 0.5091142998046875 0.95220265625 0.4967707158203125 0.926227087890625 0.480747498046875 0.9091223251953126 0.416145462890625 0.8675857666015625 0.3406234423828125 0.839989759765625 0.2937060634765625 0.83013035546875 0.2731038017578125 0.8629895146484375 0.2456514365234375 0.8867077958984375 0.1860672021484375 0.9126933818359375 0.2185373681640625 0.95649724609375 0.465253744140625 1 0.4957750498046875 1
0 0.7768130419921875 1 0.8159857734375 0.96347406640625 0.8267533525390625 0.9384004111328125 0.8219549296875 0.9296212998046876 0.7736474365234375 0.903650740234375 0.724678375 0.8934295693359375 0.6664172802734375 0.88791637890625 0.6278590380859375 0.89063714453125 0.55282772265625 0.92024541015625 0.511165982421875 0.9525644228515625 0.5046526318359374 1 0.7768130419921875 1
0 0.3527510810546875 0.6152438056640624 0.340322064453125 0.6257450673828125 0.3264175029296875 0.65661200390625 0.2876549072265625 0.7084814638671875 0.2889261015625 0.737264482421875 0.3083911142578125 0.7708421669921875 0.370822548828125 0.82468882421875 0.3953238232421875 0.841701892578125 0.4682515087890625 0.8720136552734375 0.4747633154296875 0.835083365234375 0.4987738857421875 0.794892162109375 0.5067612392578125 0.737596197265625 0.4951127109375 0.7196762060546875 0.4387174072265625 0.67958671484375 0.3695547880859375 0.60392731640625 0.365875154296875 0.6127981220703125 0.3527510810546875 0.6152438056640624
0 0.63976386328125 0.799126646484375 0.6270635224609376 0.811166669921875 0.6529214228515625 0.820485927734375 0.67811775390625 0.84555457421875 0.74678966796875 0.864009701171875 0.76374578125 0.8638263134765625 0.7677302275390625 0.8772217119140625 0.7435337646484375 0.8824748466796875 0.74163448828125 0.893246181640625 0.7495698935546875 0.89623201171875 0.768577689453125 0.896410390625 0.7779886416015624 0.879030546875 0.7950636748046875 0.866175294921875 0.81068162109375 0.7895989560546876 0.7568806494140625 0.7467937080078125 0.7064695283203125 0.7807431767578125 0.63976386328125 0.799126646484375
0 1 0.0804501845703125 0.9745921416015625 0.07597009375 0.9865119931640625 0.0923513212890625 0.9643337275390625 0.0741612578125 0.8761113662109375 0.058605275390625 0.8747027939453125 0.1265808818359375 0.893658642578125 0.187041056640625 0.95264828125 0.224414791015625 1 0.2398046181640625 1 0.0804501845703125
0 0.67636615625 0.183631818359375 0.7276582265625 0.192675994140625 0.7649787626953125 0.1849771748046875 0.8062502578125 0.166868787109375 0.846521884765625 0.118438619140625 0.8469121298828125 0.1042279931640625 0.8310413173828125 0.09825633203125 0.6867619501953125 0.0886820283203125 0.6444051533203125 0.1129454638671875 0.617190626953125 0.1113200166015625 0.6057279912109375 0.12833809375 0.62682095703125 0.152683205078125 0.67636615625 0.183631818359375
0 0.6485201123046875 0.413539212890625 0.641974818359375 0.4266645380859375 0.6231194296875 0.4376192607421875 0.7048299833984375 0.4901055341796875 0.7375714755859375 0.53237063671875 0.755493970703125 0.538704064453125 0.7877447587890625 0.5237648955078125 0.80071642578125 0.510186109375 0.8095847275390625 0.4958837890625 0.8121455732421875 0.46936306640625 0.7936469423828125 0.442302197265625 0.7930708046875 0.421574755859375 0.778166375 0.42211991015625 0.7715875947265625 0.41144026953125 0.7413550029296875 0.402936240234375 0.7245178095703125 0.390447763671875 0.699897615234375 0.3861065595703125 0.6485201123046875 0.413539212890625
0 0.1489615078125 0 0.14638887890625 0.0219585498046875 0.17731652734375 0.0385181572265625 0.209600802734375 0.0473839541015625 0.2487016953125 0.0415856630859375 0.28040983203125 0.0297240185546875 0.295462560546875 0 0.1489615078125 0
0 0.2994659609375 0 0.304030158203125 0.00374344140625 0.307895685546875 0.0298107041015625 0.3301928701171875 0.0353289033203125 0.3485056103515625 0.027451705078125 0.413311998046875 0.0198395703125 0.4499224482421875 0 0.2994659609375 0
0 0.2063448994140625 0.065849099609375 0.1658873798828125 0.0793412001953125 0.1604273876953125 0.0863114765625 0.186590099609375 0.1178969375 0.203698619140625 0.1288466513671875 0.2759312490234375 0.151102837890625 0.28049183203125 0.185225677734375 0.2945822861328125 0.18929680859375 0.3777014140625 0.1738074755859375 0.37398829296875 0.1588733154296875 0.396133072265625 0.1532584130859375 0.4147171376953125 0.143842453125 0.4158024384765625 0.137687404296875 0.3899110517578125 0.1045631806640625 0.340246931640625 0.0862864326171875 0.310947236328125 0.060494251953125 0.2845466845703125 0.0542525185546875 0.2063448994140625 0.065849099609375
0 0.1221404697265625 0.08749348046875 0.1046417060546875 0.090754392578125 0.0922126904296875 0.101255654296875 0.0618611787109375 0.10542348828125 0.053450095703125 0.1531251142578125 0.090923037109375 0.156559396484375 0.1532540107421875 0.1389911552734375 0.1613083359375 0.12930512109375 0.159223166015625 0.105138388671875 0.1447089814453125 0.09147291796875 0.1221404697265625 0.08749348046875
0 0.0804501845703125 0 0.0691869619140625 0.0638769111328125 0.09969087890625 0.0708421787109375 0.119512650390625 0.066404271484375 0.1376729833984375 0.0473939716796875 0.140386236328125 0.0320063505859375 0.1281233740234375 0 0.0804501845703125 0