0 0.5886648720703125 0.5992655810546875 0.615486484375 0.6251453271484375 0.6534339169921874 0.6505946083984375 0.691145720703125 0.6611313544921875 0.7484137861328125 0.652186248046875 0.7769882587890625 0.6370367763671875 0.813993171875 0.602835916015625 0.8343676103515625 0.5660601025390625 0.8404548115234375 0.536859025390625 0.832487794921875 0.5023500859375 0.8132784482421875 0.4747129091796875 0.762915759765625 0.43716298046875 0.725556095703125 0.435097470703125 0.72215905078125 0.42732920703125 0.69346545703125 0.4211248427734375 0.5528119921875 0.43007778515625 0.4673215927734375 0.462643599609375 0.4829008759765625 0.4953951103515625 0.541344478515625 0.533217546875 0.5886648720703125 0.5992655810546875
0 0.1676234912109375 0.4356183486328125 0.1820324599609375 0.4771925810546875 0.2066299521484375 0.5142764736328125 0.2397770078125 0.553662810546875 0.3190689189453125 0.612329638671875 0.3701332734375 0.6390269072265625 0.38980865625 0.640898888671875 0.422248822265625 0.635547619140625 0.4600745234375 0.61184793359375 0.47810833203125 0.59271756640625 0.4886437724609375 0.5411081953125 0.463339390625 0.4592866962890625 0.437452462890625 0.4096716923828125 0.392123169921875 0.345302109375 0.328174912109375 0.304474255859375 0.299949966796875 0.300299830078125 0.19934893359375 0.3021440732421875 0.15332580859375 0.33201255078125 0.148056783203125 0.3439196689453125 0.160824177734375 0.364491552734375 0.1664479541015625 0.3888508046875 0.1617640849609375 0.3963465615234375 0.1676234912109375 0.4356183486328125
0 0.523416732421875 0.43472608203125 0.6975641689453125 0.418040447265625 0.699319640625 0.40480636328125 0.6721432783203125 0.3426602470703125 0.6032729091796875 0.2666204814453125 0.544135474609375 0.32303610546875 0.5216560380859375 0.3923698984375 0.518497234375 0.427309302734375 0.523416732421875 0.43472608203125
0 0.470757810546875 0.8873388642578125 0.5419661962890625 0.9179380517578125 0.5713614560546875 0.9132897548828125 0.594899919921875 0.8971648037109375 0.6297920009765625 0.8121365244140625 0.630374546875 0.7799300302734375 0.622876177734375 0.7474510283203125 0.6033120810546875 0.6835474814453125 0.5900760390625 0.66094566015625 0.5548239853515625 0.6541173037109375 0.513717748046875 0.66360742578125 0.4784683056640625 0.6845742021484374 0.430808830078125 0.74903059765625 0.4172284833984375 0.8013429404296875 0.427538740234375 0.8460015673828125 0.4511963251953125 0.8512304521484375 0.4578739072265625 0.8732082802734376 0.470757810546875 0.8873388642578125
0 1 0.7860388779296875 0.9718779404296874 0.758817365234375 0.95630126953125 0.7538609892578125 0.951148751953125 0.75932680859375 0.9491654853515625 0.8410337568359375 0.9754045517578125 0.8991199970703125 1 0.89446340234375 1 0.7860388779296875
0 0 0.556967802734375 0.0264057607421875 0.67134371875 0.0738374404296875 0.6753601875 0.09257552734375 0.6731722919921875 0.1357867626953125 0.631124189453125 0.140703650390625 0.610745833984375 0.132620125 0.5826781943359375 0.1014641708984375 0.5449703076171875 0.0561374892578125 0.5083958583984375 0 0.4990763212890625 0 0.556967802734375
1 0.187058021484375 0.36698752734375 0.18155075390625 0.3361869765625 0.1717117568359375 0.3213534189453125 0.1427851455078125 0.3280316533203125 0.1618805947265625 0.3899052626953125 0.187058021484375 0.36698752734375
1 0.419299533203125 0.4074482265625 0.4260910126953125 0.39518962109375 0.4082876103515625 0.3736422578125 0.401496130859375 0.3859008623046875 0.4087588701171875 0.4034673291015625 0.419299533203125 0.4074482265625
1 0.2770201630859375 0.5621696201171875 0.2881459833984375 0.5617391552734375 0.286387900390625 0.54717810546875 0.274793431640625 0.5455786328125 0.2770201630859375 0.5621696201171875
1 0.203344193359375 0.4444766435546875 0.2206763359375 0.436198935546875 0.2189182529296875 0.42163788671875 0.202171267578125 0.425504232421875 0.203344193359375 0.4444766435546875
1 0.2985649150390625 0.516571083984375 0.3088699482421875 0.5056394453125 0.3092194755859375 0.486315548828125 0.29282462890625 0.498653130859375 0.2900153525390625 0.514268638671875 0.2985649150390625 0.516571083984375
1 0.324441396484375 0.4550055556640625 0.334044763671875 0.454926576171875 0.3322866806640625 0.44036552734375 0.3246744150390625 0.44212295703125 0.324441396484375 0.4550055556640625
1 0.3359141328125 0.407456060546875 0.3430577509765625 0.4036686923828125 0.33977721484375 0.38945912890625 0.332048439453125 0.3976578583984375 0.3359141328125 0.407456060546875
1 0.333565669921875 0.34171610546875 0.32935044921875 0.35124180078125 0.333216142578125 0.361040001953125 0.35101693359375 0.354792232421875 0.3548800146484375 0.33679530078125 0.3499605166015625 0.3293785224609375 0.333565669921875 0.34171610546875
1 0.2952713212890625 0.363385853515625 0.3038208828125 0.365688298828125 0.3056928642578125 0.346012916015625 0.2940983955078125 0.3444134423828125 0.2952713212890625 0.363385853515625
1 0.33461686328125 0.311539548828125 0.31388767578125 0.3120489912109375 0.3198609794921875 0.3170843466796875 0.33461686328125 0.311539548828125
1 0.256868296875 0.47488230078125 0.2649492119140625 0.47515480859375 0.26728983984375 0.45750936328125 0.25311911328125 0.45864280078125 0.256868296875 0.47488230078125
1 0.3061693466796875 0.43142825390625 0.30733966015625 0.42260553125 0.2996108857421875 0.4308042607421875 0.3061693466796875 0.43142825390625
1 0.186234623046875 0.3286912197265625 0.190452455078125 0.346960658203125 0.198882896484375 0.3279092685546875 0.1939633984375 0.320492490234375 0.186234623046875 0.3286912197265625
1 0.4365203896484375 0.461202083984375 0.4497538203125 0.456008771484375 0.4530317451171875 0.4424232021484375 0.42785170703125 0.4375458046875 0.431600890625 0.4537853046875 0.4365203896484375 0.461202083984375
1 0.4394513984375 0.4947355439453125 0.4480009609375 0.4970379892578125 0.4477653310546875 0.482125453125 0.437108158203125 0.48458585546875 0.4394513984375 0.4947355439453125
1 0.46580436328125 0.518585353515625 0.462992474609375 0.5064057275390625 0.45725480078125 0.5162829072265624 0.46580436328125 0.518585353515625
1 0.3931978671875 0.5652817529296875 0.4011622724609375 0.5719955595703125 0.4049088447265625 0.5604399267578125 0.395890634765625 0.5561075439453125 0.3931978671875 0.5652817529296875
1 0.3413179482421875 0.583673576171875 0.33077728515625 0.5796926796875 0.331598072265625 0.590193853515625 0.3413179482421875 0.583673576171875
1 0.178166765625 0.4673943779296875 0.1827341259765625 0.466339919921875 0.175587896484375 0.442332154296875 0.1710205361328125 0.4433866123046875 0.178166765625 0.4673943779296875
1 0.336509736328125 0.514225232421875 0.3466982607421875 0.509734892578125 0.3358054580078125 0.497282759765625 0.33112158984375 0.5047785166015625 0.336509736328125 0.514225232421875
1 0.3588648291015625 0.3679473369140625 0.369522001953125 0.365486935546875 0.3627279111328125 0.3499504072265625 0.35511564453125 0.3517078369140625 0.3588648291015625 0.3679473369140625
1 0.5465231103515625 0.8057030595703125 0.5601086796875 0.808980984375 0.5618641513671875 0.795746900390625 0.54980103515625 0.792117490234375 0.5465231103515625 0.8057030595703125
1 0.5974474521484375 0.588685427734375 0.6100957265625 0.5879034775390625 0.610797392578125 0.5770508173828125 0.5921758154296874 0.5727974130859375 0.5974474521484375 0.588685427734375
1 0.5604320927734375 0.5117057548828124 0.5700354599609375 0.5116267763671875 0.5692146728515625 0.5011256025390625 0.557151556640625 0.49749619140625 0.5604320927734375 0.5117057548828124
1 0.6442783056640625 0.4303424580078125 0.6583325244140625 0.4356503203125 0.66008799609375 0.422416236328125 0.6443948154296875 0.4239011591796875 0.6442783056640625 0.4303424580078125
1 0.7315293994140625 0.4401328251953125 0.7441776728515626 0.439350875 0.74792424609375 0.4277952431640625 0.72473530859375 0.4245962958984375 0.7315293994140625 0.4401328251953125
1 0.5926209599609376 0.324671150390625 0.595782375 0.3175268798828125 0.5874658310546875 0.3023418359375 0.576223501953125 0.309213599609375 0.5810264912109375 0.3230716767578125 0.5926209599609376 0.324671150390625
1 1 0.8177084970703125 0.9935496474609375 0.817958064453125 0.99636153515625 0.830137689453125 1 0.8301077666015625 1 0.8177084970703125
1 0.07429303125 0.538414458984375 0.0869413046875 0.5376325078125 0.0851832216796875 0.523071458984375 0.069490041015625 0.524556380859375 0.07429303125 0.538414458984375
0 0.234394083984375 0.599806361328125 0.2280712529296875 0.6140949033203125 0.2523139951171875 0.61491242578125 0.2786669599609375 0.6387622353515625 0.292721177734375 0.6440700966796875 0.3039635068359375 0.6371983330078125 0.3101698291015625 0.62935108984375 0.308059607421875 0.6063188046875 0.2342723515625 0.5506573935546875 0.193277400390625 0.498115951171875 0.163172640625 0.4302315078125 0.15356405078125 0.3747202197265625 0.14653694140625 0.3720662880859375 0.128855271484375 0.399667892578125 0.126633763671875 0.438667171875 0.1322575400390625 0.463026423828125 0.2087427861328125 0.565103892578125 0.2140144228515625 0.5809919072265625 0.2309970380859375 0.59203809765625 0.234394083984375 0.599806361328125
1 0.165987140625 0.4702062666015625 0.1786354140625 0.46942431640625 0.176760822265625 0.4613045654296875 0.158139244140625 0.4570511611328125 0.165987140625 0.4702062666015625
1 1 0.5323646845703125 0.988601421875 0.504794818359375 0.985323498046875 0.518380388671875 0.9553456923828125 0.5552351806640625 0.97221441015625 0.600517802734375 1 0.569203369140625 1 0.5323646845703125