0 0.6055897900390625 0.1770683916015625 0.5170990478515625 0.241275193359375 0.557621201171875 0.250277712890625 0.6625136220703125 0.23012153515625 0.7073881533203125 0.1932576845703125 0.714191787109375 0.1754092900390625 0.70660376171875 0.1603884716796875 0.6646871064453125 0.1593502978515625 0.6055897900390625 0.1770683916015625
0 0.7344119375 0.3587195390625 0.756767470703125 0.39911233203125 0.799332337890625 0.4314631640625 0.8592140458984375 0.4466142841796875 0.996735541015625 0.4408565869140625 0.985841072265625 0.3163322490234375 0.95930203515625 0.2998324921875 0.86345752734375 0.2799853671875 0.783911208984375 0.27910242578125 0.7463850341796875 0.304344099609375 0.73543058984375 0.322555642578125 0.7344119375 0.3587195390625
0 0.331690578125 0.5602107529296875 0.31222753515625 0.5289757099609375 0.274494384765625 0.5040445 0.2323053671875 0.4998932177734375 0.2119598544921875 0.506378625 0.2074386025390625 0.5742183291015625 0.2564693544921875 0.63266743359375 0.3267280908203125 0.646910681640625 0.3401664833984375 0.6331872265625 0.3444861689453125 0.610850744140625 0.331690578125 0.5602107529296875
0 0.1041911708984375 0.8044053671875 0.1700594267578125 0.792368767578125 0.2058860458984375 0.7955082177734375 0.2485162978515625 0.7807992744140625 0.274270943359375 0.7644298193359375 0.30142008984375 0.740096017578125 0.3154358994140625 0.7090688916015625 0.28392896484375 0.6835929580078125 0.2431344501953125 0.6714773310546875 0.187098498046875 0.676379841796875 0.1185774189453125 0.7059016865234375 0.0528834462890625 0.7916410576171875 0.0577151611328125 0.7990606796875 0.1041911708984375 0.8044053671875
0 0.28813434375 0.44481782421875 0.3154577734375 0.4941867939453125 0.3534632861328125 0.5222311123046876 0.3771098330078125 0.5295731181640625 0.4076253994140625 0.472006955078125 0.3729536123046875 0.434260162109375 0.3555332822265625 0.4263734326171875 0.296332478515625 0.419005083984375 0.28813434375 0.44481782421875
0 0.3227406416015625 1 0.3335860546875 0.9882368193359375 0.3536592060546875 0.9786383037109375 0.380399810546875 0.94963483984375 0.394007076171875 0.91393805078125 0.393767408203125 0.8872950546875 0.3623258603515625 0.8147593466796875 0.32016953515625 0.7870781767578126 0.303566291015625 0.7885307724609375 0.288085185546875 0.7789059140625 0.275632751953125 0.779995361328125 0.22579032421875 0.8078830361328125 0.19074809765625 0.8376127978515625 0.165303916015625 0.929241580078125 0.16527122265625 0.9527714677734375 0.1750708349609375 0.969167265625 0.238558630859375 0.97772901953125 0.256977740234375 1 0.3227406416015625 1
0 0 0.4174382861328125 0.010640099609375 0.4283152431640625 0.0341504658203125 0.4341006953125 0.081884794921875 0.429924482421875 0.1504058740234375 0.4004026376953125 0.11917130078125 0.3780398125 0.1150858759765625 0.3313431865234375 0.096984640625 0.315673685546875 0.0286651298828125 0.2996923095703125 0.0063803916015625 0.307915845703125 0 0.3076076806640625 0 0.4174382861328125
0 0.4289841552734375 0.333681546875 0.3438925244140625 0.341126099609375 0.2944259462890625 0.3972133251953125 0.2970460751953125 0.4032579677734375 0.312254818359375 0.409769716796875 0.377409478515625 0.413480234375 0.42003973046875 0.398771291015625 0.4602187275390625 0.3560443720703125 0.4574624169921875 0.3484431748046875 0.4289841552734375 0.333681546875
0 0.5793558076171875 0.1401518544921875 0.588234845703125 0.1221218857421875 0.5827222265625 0.1069194931640625 0.548153927734375 0.094259142578125 0.5340673232421875 0.0766699384765625 0.51137404296875 0.0802238115234375 0.4537039208984375 0.066447671875 0.4329498642578125 0.068263416015625 0.4352649384765625 0.094724837890625 0.467180416015625 0.12487043359375 0.5298184345703125 0.14762275 0.563433466796875 0.1493872216796875 0.5793558076171875 0.1401518544921875
0 0.7906336796875 0 0.7851206083984374 0.0060830986328125 0.7747108876953125 0.0305208583984375 0.777570685546875 0.0632084970703125 0.7991418271484375 0.070732078125 0.8489515625 0.066374291015625 0.8683438095703125 0.04899300390625 0.9205340048828125 0.02403686328125 0.9442669345703125 0 0.7906336796875 0
0 0.821535462890625 0.1832710888671875 0.84878809765625 0.1840237294921875 0.9001285146484375 0.173258150390625 0.9365325498046875 0.1590939306640625 0.965893283203125 0.136135109375 0.9669119345703125 0.099971212890625 0.933329595703125 0.0746768544921875 0.918153544921875 0.044635216796875 0.904884025390625 0.036385337890625 0.8783122958984375 0.04341546875 0.858920046875 0.060796755859375 0.8094207763671875 0.1404138681640625 0.8088433603515625 0.1577175390625 0.821535462890625 0.1832710888671875
0 0.56963447265625 0 0.5796554521484375 0.024058970703125 0.6290239521484375 0.038561408203125 0.7001651591796875 0.0150842060546875 0.691816751953125 0 0.56963447265625 0
1 0 0.4031809599609375 0.00764412109375 0.39407105078125 0.0048878115234375 0.3864698544921875 0 0.3863746806640625 0 0.4031809599609375
1 0.132713181640625 0.3894027998046875 0.1454379775390625 0.3914264609375 0.1266885322265625 0.3444443017578125 0.1163115029296875 0.345352173828125 0.114611947265625 0.373733298828125 0.132713181640625 0.3894027998046875
1 0.0142407783203125 0.3260497724609375 0.0293133408203125 0.33100496875 0.02614848828125 0.318734109375 0.015635279296875 0.3180854267578125 0.0142407783203125 0.3260497724609375
1 0.3895241640625 0.4563374541015625 0.381086361328125 0.4555071982421875 0.38010040234375 0.4681412060546875 0.391566876953125 0.479685767578125 0.4062308974609375 0.47997130078125 0.405277630859375 0.4690754208984375 0.3895241640625 0.4563374541015625
1 0.349514041015625 0.4770910400390625 0.3636333388671875 0.4711503564453125 0.36281625390625 0.46181103125 0.3458044658203125 0.4585939638671875 0.349514041015625 0.4770910400390625
1 0.359858376953125 0.4997130556640625 0.3770063447265625 0.5044866767578124 0.3759168974609375 0.4920342431640625 0.3593136533203125 0.4934868388671875 0.359858376953125 0.4997130556640625
1 0.200645787109375 0.78341893359375 0.2111589970703125 0.784067615234375 0.2162957666015625 0.7710704580078125 0.2035709716796875 0.769046796875 0.200645787109375 0.78341893359375
1 0.2549767744140625 0.7112214423828125 0.267565388671875 0.7116885498046875 0.268823708984375 0.702167650390625 0.2540235087890625 0.7003255634765625 0.2549767744140625 0.7112214423828125
1 0.292432154296875 0.637363439453125 0.302673001953125 0.6348990126953125 0.3015835546875 0.6224465791015625 0.2892673017578125 0.625092580078125 0.292432154296875 0.637363439453125
1 0.2959563916015625 0.9883920517578125 0.3059248759765625 0.9828145166015625 0.3030323857421875 0.973656765625 0.2903075908203125 0.9716331044921875 0.2959563916015625 0.9883920517578125
1 0.2898665927734375 0.3929068115234375 0.302182845703125 0.390260810546875 0.3193635068359375 0.3715045439453125 0.318818783203125 0.3652783271484375 0.3045633056640625 0.3696624560546875 0.2898665927734375 0.3929068115234375
1 0.588784978515625 0.2240242080078125 0.60276809375 0.2165269697265625 0.60222337109375 0.2103007529296875 0.583136177734375 0.2072652607421875 0.5735762353515625 0.2175124580078125 0.588784978515625 0.2240242080078125
1 0.522475486328125 0.254921033203125 0.5598327880859375 0.2516526923828125 0.56289415234375 0.238837109375 0.55432016796875 0.236450298828125 0.513629140625 0.2494211142578125 0.522475486328125 0.254921033203125
1 0.81923120703125 0.348161876953125 0.831683640625 0.3470724306640625 0.8350173671875 0.3373699560546875 0.822428751953125 0.3369028486328125 0.81923120703125 0.348161876953125
1 0.8478456494140625 0.3644800595703125 0.86016190234375 0.36183405859375 0.861011681640625 0.34764349609375 0.8464838408203125 0.348914517578125 0.8478456494140625 0.3644800595703125
1 0.9303663095703125 0.0169027734375 0.9451665107421875 0.018744861328125 0.9486364169921875 0.01059894140625 0.936047802734375 0.010131833984375 0.9303663095703125 0.0169027734375
1 0.8591651259765625 0.1831158564453125 0.8922354345703125 0.178654111328125 0.90414314453125 0.171338447265625 0.87495128515625 0.172323935546875 0.8591651259765625 0.1831158564453125
1 0.55740881640625 0.1044287236328125 0.5781628720703125 0.1026129794921875 0.568907984375 0.0924433974609375 0.54801774609375 0.092702587890625 0.5463508837890625 0.0975538251953125 0.55740881640625 0.1044287236328125
1 0.59098574609375 0.0340469775390625 0.605785947265625 0.0358890654296875 0.60510504296875 0.0281062939453125 0.5925164287109375 0.0276391865234375 0.59098574609375 0.0340469775390625
0 0.26259773046875 0.10512585546875 0.283384478515625 0.0797802236328125 0.2825673935546875 0.0704408984375 0.2434397412109375 0.0534740341796875 0.1900566123046875 0.040891298828125 0.1637899365234375 0.027504650390625 0.062095060546875 0.036401798828125 0.0351528896484375 0.110908484375 0.0971426962890625 0.102348142578125 0.1578741826171875 0.10330869921875 0.2090457265625 0.1145164541015625 0.244463802734375 0.1129862431640625 0.26259773046875 0.10512585546875
1 0.2069703212890625 0.114698029296875 0.228132919921875 0.117551947265625 0.2360259990234375 0.112155986328125 0.229391240234375 0.108031046875 0.2069703212890625 0.114698029296875