0 0.382039654296875 0.3213776591796875 0.3915436953125 0.3474974345703125 0.40392955078125 0.474014349609375 0.4237268046875 0.5198600654296875 0.4776153447265625 0.57411376953125 0.5096205029296875 0.591173818359375 0.5886865380859375 0.5940596025390625 0.62052026171875 0.571260103515625 0.6217007587890625 0.5039478349609375 0.6076266171875 0.440607580078125 0.5592622666015625 0.34159703515625 0.533995796875 0.3153136640625 0.4715088466796875 0.2936003935546875 0.424756837890625 0.284647966796875 0.3795281962890625 0.2881023671875 0.382039654296875 0.3213776591796875
0 0.634018611328125 0.424773177734375 0.6292835908203125 0.46313618359375 0.6322753515625 0.5131443330078125 0.6628461181640625 0.5954488447265625 0.685518669921875 0.6262486669921875 0.7118556904296875 0.635608759765625 0.74806059375 0.62276744140625 0.7897896865234375 0.565169283203125 0.8061973359375 0.5064822490234375 0.7998774609375 0.4421898896484375 0.7803890751953125 0.373217482421875 0.7625954921875 0.356511451171875 0.734426236328125 0.3578712216796875 0.6918189990234375 0.344211923828125 0.66336836328125 0.3561011376953125 0.634018611328125 0.424773177734375
0 0.5471288798828124 0.69151730859375 0.5193849541015625 0.734804431640625 0.539717482421875 0.7721885087890625 0.5655532294921874 0.89285602734375 0.5841084970703125 0.91576547265625 0.6202584267578125 0.9281186494140625 0.655193857421875 0.90493830859375 0.688407 0.8420888408203125 0.69832985546875 0.7946929345703125 0.693361912109375 0.702947853515625 0.6885104306640625 0.67625681640625 0.67765445703125 0.67758976171875 0.6554622080078125 0.663522796875 0.624726521484375 0.6568017705078125 0.5921586005859375 0.6608006083984375 0.5745639384765625 0.671356876953125 0.5471288798828124 0.69151730859375
0 0.7544368671875 0.1874959208984375 0.741185896484375 0.2206076171875 0.7662599609375 0.33507172265625 0.79178032421875 0.3634228984375 0.8025813251953124 0.3872844482421875 0.8635998818359375 0.371396396484375 0.92210698046875 0.3222330517578125 0.94440917578125 0.285911025390625 0.95509371484375 0.24471853125 0.917447904296875 0.2073612802734375 0.88859942578125 0.1647258935546875 0.85346507421875 0.1606439345703125 0.8025408076171875 0.168995626953125 0.7544368671875 0.1874959208984375
0 0.8638537763671875 0.3734642001953125 0.8476725341796875 0.4468162861328125 0.8530043173828125 0.4902401806640625 0.863043634765625 0.50789831640625 0.8720673740234375 0.5172852353515625 0.903846125 0.5196802314453125 0.91439323046875 0.5414739765625 0.9244600341796875 0.546534865234375 0.9430702744140625 0.5442498154296875 0.954742904296875 0.523925787109375 0.9605759619140625 0.456042255859375 0.97771780859375 0.4161558828125 0.9906599111328125 0.4061708779296875 0.97999634375 0.31932308984375 0.9254625810546875 0.323920013671875 0.8638537763671875 0.3734642001953125
0 0.853120779296875 0.555294224609375 0.78553496875 0.6202651455078125 0.785116154296875 0.6937808271484375 0.7910381875 0.703548587890625 0.84577087109375 0.726213962890625 0.9258799697265625 0.724773716796875 0.921508791015625 0.7148155361328125 0.925427154296875 0.6954436123046875 0.958105021484375 0.641055783203125 0.9519840673828125 0.6040257236328125 0.9308348828125 0.5856327294921875 0.89789660546875 0.52250971875 0.8746338056640625 0.52536603125 0.853120779296875 0.555294224609375
1 0.60674053125 0.72827647265625 0.6178503994140625 0.72901133203125 0.6132528125 0.7043880986328125 0.6000568154296875 0.7123052998046875 0.60674053125 0.72827647265625
1 0.7222863349609375 0.5923484619140625 0.7390918271484375 0.5881860283203125 0.735763712890625 0.5739018173828125 0.72050907421875 0.5778738310546875 0.7222863349609375 0.5923484619140625
1 0.7790436591796875 0.51611323828125 0.7942982978515625 0.5121412255859376 0.7907162890625 0.4957892099609375 0.7801142099609375 0.4991899599609375 0.7790436591796875 0.51611323828125
1 0.9030634697265625 0.641517099609375 0.9121146953125 0.6383067705078125 0.9092943701171875 0.62815816796875 0.898438396484375 0.6294911142578125 0.9030634697265625 0.641517099609375
1 0.891487755859375 0.3805660693359375 0.9002850869140625 0.3752879345703125 0.896167802734375 0.36739755859375 0.887116576171875 0.3706078876953125 0.891487755859375 0.3805660693359375
1 0.8712102001953125 0.31798749609375 0.88076921484375 0.3189127763671875 0.8787380595703125 0.30237033984375 0.8696868330078125 0.3055806689453125 0.8712102001953125 0.31798749609375
1 0.8998532421875 0.2179175478515625 0.9068458251953125 0.2107620302734375 0.90092379296875 0.2009942705078125 0.8934234208984375 0.2040141796875 0.8998532421875 0.2179175478515625
1 0.7850416357421875 0.372646220703125 0.79279590234375 0.3716941162109375 0.7905108525390625 0.3530838759765625 0.7850966083984375 0.347451724609375 0.77629927734375 0.352729859375 0.7850416357421875 0.372646220703125
1 0.48180205859375 0.313326333984375 0.4898377060546875 0.3018447861328125 0.463754580078125 0.294552498046875 0.4652779462890625 0.3069593251953125 0.48180205859375 0.313326333984375
1 0.5228584423828125 0.327176052734375 0.552297169921875 0.3361553046875 0.538902251953125 0.3168102060546875 0.517725580078125 0.311014458984375 0.5228584423828125 0.327176052734375
1 0.498195251953125 0.4981226162109375 0.5064573076171875 0.50130612109375 0.5144929560546875 0.48982457421875 0.5142665478515624 0.475159521484375 0.507047556640625 0.4676499873046875 0.4998010791015625 0.4727377001953125 0.498195251953125 0.4981226162109375
1 0.595933015625 0.5889718896484375 0.6091290126953125 0.5810546884765625 0.6029530859375 0.5692191240234376 0.5923510068359376 0.5726198740234375 0.595933015625 0.5889718896484375
1 0.4353994345703125 0.499536037109375 0.444196765625 0.49425790234375 0.4390639033203125 0.47809630859375 0.430266572265625 0.4833744423828125 0.4353994345703125 0.499536037109375
1 0.45158719140625 0.5416269853515625 0.477190015625 0.53218641796875 0.4653459501953125 0.5126508974609375 0.4503452060546875 0.51869071484375 0.45158719140625 0.5416269853515625
1 0.4002860537109375 0.3674137958984375 0.407758939453125 0.376991134765625 0.4137084580078125 0.374161646484375 0.41322815625 0.3574287900390625 0.4039505224609375 0.3459740673828125 0.39800100390625 0.3488035556640625 0.4002860537109375 0.3674137958984375
1 0.4194930576171875 0.4469156455078125 0.430630412109375 0.435053255859375 0.4265131279296875 0.4271628798828125 0.416164943359375 0.432631435546875 0.4194930576171875 0.4469156455078125
1 0.4093922529296875 0.339008970703125 0.4249007861328125 0.3371047626953125 0.4239126953125 0.3162362958984375 0.4133106162109375 0.319637046875 0.4093922529296875 0.339008970703125
1 0.4092208173828125 0.2991494228515625 0.4164398095703125 0.3066589580078125 0.4203581728515625 0.2872870341796875 0.4092483046875 0.2865521748046875 0.4092208173828125 0.2991494228515625
1 0.3893136181640625 0.30369269921875 0.3952906240234375 0.288265962890625 0.38313769140625 0.291857134765625 0.3893136181640625 0.30369269921875
1 0.8117135849609375 0.820651759765625 0.833624453125 0.8452481669921875 0.840109248046875 0.833957041015625 0.8370350283203125 0.8217406357421875 0.8213275732421875 0.79638254296875 0.8081590625 0.79170249609375 0.8117135849609375 0.820651759765625
0 0.79425635546875 0.7682217890625 0.809456021484375 0.789444271484375 0.826487921875 0.7999468896484375 0.840870931640625 0.840160455078125 0.87155164453125 0.8720759755859375 0.9304016123046875 0.9026317265625 0.9587697890625 0.9285342568359375 0.9696257626953125 0.927201310546875 0.98120941796875 0.8292259921875 0.9706897978515625 0.7948349990234375 0.9516267421875 0.7677899443359375 0.9217077119140625 0.7420778369140625 0.8744479150390625 0.72898980078125 0.7961435634765625 0.7323074296875 0.79425635546875 0.7682217890625
0 0.1339023935546875 1 0.12688813671875 0.9614101796875 0.109149525390625 0.91950965234375 0.0818244140625 0.88928109375 0.0544718154296875 0.87164978125 0.04206498828125 0.8731731484375 0.0576373671875 1 0.1339023935546875 1
0 0.4205142802734375 1 0.424006759765625 0.983700005859375 0.4241716796875 0.90811651953125 0.41475009765625 0.844205001953125 0.402398244140625 0.820533873046875 0.30313711328125 0.7172777734375 0.2695811015625 0.70040814453125 0.227708060546875 0.7055495078125 0.213612947265625 0.7702495341796874 0.2055772998046875 0.78173108203125 0.206284009765625 0.8131289912109375 0.2124599365234375 0.8249645556640625 0.2603989580078125 0.882047748046875 0.3306354814453125 1 0.4205142802734375 1
1 0.408210330078125 0.8806906240234375 0.4182771337890625 0.8857515126953125 0.4188398955078125 0.864692625 0.407983921875 0.8660255712890625 0.408210330078125 0.8806906240234375