0 0.431179353515625 1 0.4421911728515625 0.985873736328125 0.5044847998046875 0.86672357421875 0.5297735126953125 0.7817742734375 0.529530048828125 0.683476337890625 0.5205092275390625 0.6513488212890625 0.4975506962890625 0.60747214453125 0.4426206484375 0.5709766728515625 0.4149808603515625 0.56239088671875 0.3568920078125 0.5608348193359375 0.2901396962890625 0.591212740234375 0.2438835537109375 0.6339638154296875 0.24259673046875 0.6492278369140625 0.1821724716796875 0.720907482421875 0.1454084111328125 0.82561114453125 0.1366388876953125 0.9751669638671875 0.1423720458984375 1 0.431179353515625 1
0 0.256034453125 0.3254054599609375 0.278407826171875 0.3736934990234375 0.3613324130859375 0.455041126953125 0.412396767578125 0.4817383955078125 0.4788021640625 0.498479505859375 0.5421600419921875 0.4881284541015625 0.58431747265625 0.4484617744140625 0.5964970986328125 0.4456498857421875 0.6023512822265625 0.42933140625 0.58840573828125 0.3341968447265625 0.5666201337890625 0.3092925791015625 0.5497514169921875 0.26400995703125 0.5102789189453125 0.21111702734375 0.471394189453125 0.1816078701171875 0.3655189072265625 0.1397689658203125 0.3485362919921875 0.1287227763671875 0.344201951171875 0.11689463671875 0.3300312236328125 0.118028072265625 0.3090664052734375 0.10362498046875 0.2173644619140625 0.0884477724609375 0.2151455654296875 0.1552421845703125 0.2205363232421875 0.1924840341796875 0.256034453125 0.3254054599609375
0 0.617135892578125 0.7295330751953125 0.6899910751953126 0.836724876953125 0.769751634765625 0.8974216435546875 0.832995615234375 0.9213070244140625 0.8652027626953125 0.9288383525390626 0.988052826171875 0.8983380478515625 0.9797336708984375 0.85535787109375 0.9854687333984375 0.817685556640625 0.979492818359375 0.7848550693359375 0.8963326015625 0.6885949052734375 0.8319078603515625 0.5623517138671875 0.7794349501953125 0.501769498046875 0.7409023603515625 0.4807315791015625 0.7041278525390625 0.47425470703125 0.692419486328125 0.5068916669921875 0.6729771220703125 0.492137087890625 0.66618303125 0.47660055859375 0.61957475 0.5108803974609375 0.6069264765625 0.5116623486328125 0.5847991787109375 0.58946737890625 0.5890196220703126 0.6355319501953125 0.617135892578125 0.7295330751953125
0 1 0.4499781513671875 0.9725404345703125 0.331037705078125 0.9071888427734375 0.311915171875 0.8119759560546875 0.323206130859375 0.789493908203125 0.364744791015625 0.805430552734375 0.4615578037109375 0.8242903720703125 0.508518876953125 0.85029380859375 0.5516925830078125 0.8686823681640625 0.5688285849609375 0.9049908388671875 0.6010706513671875 0.9609746923828125 0.63518469921875 1 0.6392779013671875 1 0.4499781513671875
0 0.607463166015625 0 0.60173217578125 0.0724060341796875 0.60407802734375 0.11035085546875 0.61497344140625 0.150598123046875 0.6442574140625 0.2079813916015625 0.7028201376953125 0.267157662109375 0.7494336416015625 0.28846808984375 0.7768377998046875 0.282141341796875 0.784097927734375 0.27191267578125 0.7900712314453125 0.2769480302734375 0.787492361328125 0.251885806640625 0.81090909375 0.1866118876953125 0.8145365458984375 0.1537024208984375 0.8043375751953125 0.0470122275390625 0.793483947265625 0 0.607463166015625 0
0 0.21892869921875 0.532818419921875 0.2474979482421875 0.462078681640625 0.270326912109375 0.3734209912109375 0.2237029619140625 0.2409300302734375 0.20484053125 0.1661738232421875 0.16256398046875 0.1844866689453125 0.1334017392578125 0.1762523671875 0.082692134765625 0.18582146875 0.0415885087890625 0.223106724609375 0.0235573115234375 0.2700322255859375 0.01149941796875 0.32199308203125 0.0152538251953125 0.393822849609375 0.00389759765625 0.434931044921875 0.020885435546875 0.5015675009765626 0.0710203291015625 0.607590294921875 0.2267792060546875 0.573768658203125 0.21892869921875 0.532818419921875
1 0.1912620185546875 1 0.1949633701171875 0.99163556640625 0.17540449609375 0.983322287109375 0.156549900390625 0.9919514794921875 0.15737808203125 1 0.1912620185546875 1
1 0.356213845703125 0.8218436796875 0.350828310546875 0.84019209765625 0.358091048828125 0.857758564453125 0.37436938671875 0.851862279296875 0.3679248232421875 0.8170018544921875 0.356213845703125 0.8218436796875
1 0.4502485830078125 0.73599004296875 0.4345554033203125 0.7374749658203125 0.441232984375 0.75945279296875 0.4604397197265625 0.7592948369140625 0.4502485830078125 0.73599004296875
1 0.334203056640625 0.8932074111328125 0.3236623935546875 0.889226513671875 0.32038446875 0.902812083984375 0.3319789375 0.9044115576171875 0.334203056640625 0.8932074111328125
1 0.2757568427734375 0.8275898408203125 0.2606488193359375 0.82466340234375 0.2599471533203125 0.8355160625 0.2715416220703125 0.83711553515625 0.2757568427734375 0.8275898408203125
1 0.3050685546875 1 0.3041139658203125 0.9920937685546874 0.29345679296875 0.9945541708984375 0.2947140615234375 1 0.3050685546875 1
1 0.463026423828125 0.8677424599609375 0.4574052587890625 0.871178341796875 0.460685794921875 0.88538790625 0.4693518662109375 0.8812490517578125 0.463026423828125 0.8677424599609375
1 0.319778419921875 0.6848623779296875 0.30549118359375 0.6924371142578125 0.3132225703125 0.7120335185546876 0.325518705078125 0.7027803310546875 0.319778419921875 0.6848623779296875
1 0.438879298828125 0.638122572265625 0.425762376953125 0.6368745849609375 0.4255293583984375 0.64975718359375 0.4351327255859375 0.6496782041015625 0.438879298828125 0.638122572265625
1 0.4240121279296875 0.705698935546875 0.4162833525390625 0.7138976640625 0.4186265927734375 0.7240473525390625 0.4303375712890625 0.71920552734375 0.4240121279296875 0.705698935546875
1 0.420692419921875 0.2745623720703125 0.4085127939453125 0.277374259765625 0.403712416015625 0.29131131640625 0.4114464140625 0.3387028544921875 0.4283099091796875 0.328395208984375 0.437208998046875 0.3113737568359375 0.436973369140625 0.2964612216796875 0.420692419921875 0.2745623720703125
1 0.31668389453125 0.1574578173828125 0.3118835166015625 0.171394873046875 0.3165699970703125 0.1916942490234375 0.332967455078125 0.2071517998046875 0.3629478720703125 0.1980921416015625 0.354279189453125 0.1744358623046875 0.331439779296875 0.15191301953125 0.31668389453125 0.1574578173828125
1 0.4801872158203125 0.2822082509765625 0.5013850517578124 0.28372874609375 0.5037256806640625 0.2660833017578125 0.495761275390625 0.259369494140625 0.4820591962890625 0.2625328681640625 0.475852875 0.270380111328125 0.4801872158203125 0.2822082509765625
1 0.526575537109375 0.3997866767578125 0.507133171875 0.3850320986328125 0.505613330078125 0.41317871875 0.5100641806640624 0.4185655595703125 0.5309098779296875 0.41161481640625 0.526575537109375 0.3997866767578125
1 0.5361684580078125 0.2885271650390625 0.52750238671875 0.29266601953125 0.527854525390625 0.301137255859375 0.5481150654296875 0.298597875 0.5361684580078125 0.2885271650390625
1 0.424081630859375 0.198945236328125 0.417523169921875 0.1983212431640625 0.4177587998046875 0.2132337783203125 0.4292367587890625 0.22127455078125 0.424081630859375 0.198945236328125
1 0.389671255859375 0.4249791201171875 0.382644146484375 0.422325189453125 0.381825970703125 0.4396191484375 0.3914293388671875 0.439540169921875 0.389671255859375 0.4249791201171875
1 0.3674143916015625 0.370249783203125 0.3547661171875 0.3710317333984375 0.354533099609375 0.3839143310546875 0.36554241015625 0.389925166015625 0.3674143916015625 0.370249783203125
1 0.2431374921875 0.172299208984375 0.233417615234375 0.1788194853515625 0.2386892529296875 0.1947075009765625 0.26000359765625 0.1897866962890625 0.2431374921875 0.172299208984375
1 0.2789929833984375 0.3692821376953125 0.2844976396484375 0.3722875546875 0.2801632978515625 0.3604594150390625 0.2789929833984375 0.3692821376953125
1 0.802763900390625 0.7486833466796875 0.7970262255859375 0.7585605263671875 0.8004258828125 0.7941239248046875 0.827361392578125 0.78576723828125 0.8147105078125 0.758754056640625 0.802763900390625 0.7486833466796875
1 0.8654279462890625 0.8325703544921875 0.8572305234375 0.838739146484375 0.85442124609375 0.8543546533203125 0.8675407802734375 0.8833977744140625 0.8797204052734375 0.8805858857421875 0.883935626953125 0.87106019140625 0.8758521005859375 0.84299255078125 0.8654279462890625 0.8325703544921875
1 0.6709860205078125 0.49045863671875 0.6677080966796874 0.50404420703125 0.673681400390625 0.5090795615234375 0.6949957451171875 0.5041587568359375 0.69546178125 0.4783935615234375 0.6709860205078125 0.49045863671875
1 0.7193576083984375 0.5263301142578125 0.705655529296875 0.52949348828125 0.716431822265625 0.548386919921875 0.7250978935546875 0.54424806640625 0.725330912109375 0.53136546875 0.7193576083984375 0.5263301142578125
1 0.72732984765625 0.6164293203125 0.719601072265625 0.624628048828125 0.723466765625 0.634426251953125 0.7341239384765625 0.631965849609375 0.72732984765625 0.6164293203125
1 0.642292427734375 0.4842542734375 0.6376085595703125 0.4917500302734375 0.646978908203125 0.5045536494140626 0.653537369140625 0.505177642578125 0.6598602001953126 0.4908891005859375 0.642292427734375 0.4842542734375
1 0.7130608916015625 0.8185699892578125 0.6891702880859375 0.826223703125 0.69444192578125 0.8421117177734375 0.70451394140625 0.844062677734375 0.721025296875 0.8252837958984375 0.7130608916015625 0.8185699892578125
1 0.774663298828125 0.821453021484375 0.76342096875 0.82832478515625 0.7682239580078125 0.8421828623046875 0.77419726171875 0.847218216796875 0.779349779296875 0.8417523974609376 0.774663298828125 0.821453021484375
1 0.6760350859375 0.630409783203125 0.658702943359375 0.638687490234375 0.660344517578125 0.6596898388671875 0.6735779482421875 0.6544965263671875 0.679432130859375 0.638178046875 0.6760350859375 0.630409783203125
1 0.9141203349609375 0.54337146875 0.90276149609375 0.5566845302734375 0.908149642578125 0.5661312470703125 0.9233741748046875 0.56261638671875 0.9277059052734375 0.5466493935546874 0.9141203349609375 0.54337146875
1 0.9899995322265625 0.4274992314453125 0.9788737119140625 0.4279296962890625 0.97852418359375 0.44725359375 0.9896500048828125 0.44682312890625 0.9938652255859375 0.4372974345703125 0.9899995322265625 0.4274992314453125
1 0.9117666494140625 0.4220412470703125 0.911064982421875 0.4328939072265625 0.92348023828125 0.4449945546875 0.93003869921875 0.4456185478515625 0.9223073125 0.42602214453125 0.9117666494140625 0.4220412470703125
1 0.918322498046875 0.394870107421875 0.906728029296875 0.3932706337890625 0.9089547607421875 0.40986162109375 0.91961193359375 0.4074012197265625 0.918322498046875 0.394870107421875
1 0.9118779345703125 0.360009681640625 0.8987610126953125 0.3587616943359375 0.9000504482421875 0.3712928056640625 0.91070762109375 0.3688324033203125 0.9118779345703125 0.360009681640625
1 0.7870106552734375 0.1108802021484375 0.7782280751953125 0.1214603544921875 0.781039962890625 0.13363998046875 0.80387676171875 0.1283676904296875 0.8098474541015624 0.105607912109375 0.7870106552734375 0.1108802021484375
1 0.7673326611328125 0.081213087890625 0.7526932861328125 0.0803165869140625 0.756442470703125 0.096556087890625 0.769090744140625 0.0957741376953125 0.7673326611328125 0.081213087890625
1 0.770464306640625 0 0.7687307705078125 0.0039175 0.785949015625 0.0298762255859375 0.7985972900390625 0.0290942744140625 0.7905910703125 0 0.770464306640625 0
1 0.730439033203125 0.0533823828125 0.7241135908203125 0.039875791015625 0.7194297216796876 0.0473715478515625 0.7217729619140625 0.057521236328125 0.730439033203125 0.0533823828125
1 0.8036463544921875 0.1690454208984375 0.79357433984375 0.167094462890625 0.7902964150390624 0.1806800322265625 0.7936934599609375 0.188448296875 0.80235953125 0.184309443359375 0.8036463544921875 0.1690454208984375
1 0.729165267578125 0.2076220712890625 0.7199140390625 0.2161722861328125 0.722257279296875 0.2263219736328125 0.735374201171875 0.2275699609375 0.7401745791015625 0.2136329052734375 0.729165267578125 0.2076220712890625
1 0.76604844921875 0.1242722431640625 0.75492262890625 0.1247027080078125 0.759256970703125 0.13653084765625 0.766869236328125 0.1347734169921875 0.76604844921875 0.1242722431640625
1 0.8897558603515625 0.493404978515625 0.8755851337890626 0.4945384150390625 0.879919474609375 0.5063665546875 0.888000388671875 0.5066390625 0.8897558603515625 0.493404978515625
1 0.8507520107421875 0.4425419873046875 0.8411486435546875 0.44262096484375 0.8434918837890625 0.4527706533203125 0.8515727978515625 0.4530431611328125 0.8507520107421875 0.4425419873046875
1 0.83727250390625 0.3216422294921875 0.82766913671875 0.3217212080078125 0.828489923828125 0.3322223828125 0.836570837890625 0.3324948896484375 0.83727250390625 0.3216422294921875
1 0.6436644228515624 0.1290073525390625 0.6234038828125 0.1315467333984375 0.624224669921875 0.1420479072265625 0.640386498046875 0.142592921875 0.6436644228515624 0.1290073525390625
1 0.38537086328125 0.77448771484375 0.37881240234375 0.773863720703125 0.3775255791015625 0.7891277421875 0.38150778125 0.79248464453125 0.38537086328125 0.77448771484375
1 0.1625796494140625 0.3512574697265625 0.1509877919921875 0.37745312890625 0.160358140625 0.3902567490234375 0.184248744140625 0.3826030341796875 0.1786249677734375 0.3582437822265625 0.1625796494140625 0.3512574697265625
1 0.120650013671875 0.3224512841796875 0.123345392578125 0.341072208984375 0.1308411494140625 0.345756078125 0.144074580078125 0.340562765625 0.1378656474609375 0.320614875 0.120650013671875 0.3224512841796875
1 0.10448557421875 0.2941111357421875 0.086216134765625 0.2983289677734375 0.0868039033203125 0.3217127392578125 0.1081182490234375 0.316791935546875 0.1108110166015625 0.3076177265625 0.10448557421875 0.2941111357421875
1 0.1995845634765625 0.317056609375 0.1869362890625 0.31783855859375 0.18658676171875 0.3371624560546875 0.1987663876953125 0.3343505673828125 0.1995845634765625 0.317056609375
1 0.2223074638671875 0.3460207509765625 0.21129815234375 0.3400099169921875 0.2120024296875 0.356952388671875 0.2231282509765625 0.3565219248046875 0.2223074638671875 0.3460207509765625
1 0.1538101259765625 0.5008132890625 0.1608372353515625 0.50346721875 0.1741871748046875 0.4918326083984375 0.170906638671875 0.4776230458984375 0.1463117578125 0.4683342861328125 0.1440876376953125 0.4795384326171875 0.1538101259765625 0.5008132890625
1 0.1738376474609375 0.511156505859375 0.159081763671875 0.516701302734375 0.164822048828125 0.534619255859375 0.1800465810546875 0.5311043955078125 0.1738376474609375 0.511156505859375
1 0.029313265625 0.454720978515625 0.0392687724609375 0.4631132373046875 0.044069150390625 0.449176181640625 0.0423110673828125 0.434615130859375 0.0314182646484375 0.422162998046875 0.02310433203125 0.4347730888671875 0.029313265625 0.454720978515625
1 0.0495685830078125 0.39659133203125 0.04090251171875 0.400730185546875 0.0396156884765625 0.4159942060546875 0.05285173046875 0.4385960283203125 0.06292374609375 0.4405469873046875 0.066670318359375 0.4289913544921875 0.0599927373046875 0.40701352734375 0.0495685830078125 0.39659133203125
1 0.038554048828125 0.33499023046875 0.0218070634765625 0.3388565771484375 0.0286011533203125 0.35439310546875 0.041249427734375 0.3536111552734375 0.038554048828125 0.33499023046875
1 0.0884637578125 0.537281021484375 0.087293443359375 0.546103744140625 0.0952578486328125 0.55281755078125 0.1063836689453125 0.5523870859375 0.1061480390625 0.53747455078125 0.0884637578125 0.537281021484375
1 0.1159713671875 0.3855373076171875 0.1082425927734375 0.3937360361328125 0.116442626953125 0.41536237890625 0.1252252080078125 0.4047822265625 0.1159713671875 0.3855373076171875
1 0.2052031162109375 0.28582559375 0.1910323896484375 0.2869590302734375 0.19279047265625 0.301520080078125 0.2075463564453125 0.2959752822265625 0.2052031162109375 0.28582559375
1 0.0371637734375 0.4956712177734375 0.02756040625 0.4957501953125 0.0303722939453125 0.5079298212890625 0.0373994033203125 0.5105837529296875 0.0371637734375 0.4956712177734375
0 1 0.639808564453125 0.939424716796875 0.625192966796875 0.90405354296875 0.5970107763671875 0.9158888642578125 0.66911305078125 0.9413071435546875 0.7166981181640625 0.996004173828125 0.7660761865234375 1 0.7670193916015625 1 0.639808564453125
0 0.65714915234375 0.3054973759765625 0.6635937158203125 0.3403578017578125 0.6767132490234375 0.3694009228515625 0.692289919921875 0.374357298828125 0.76442515625 0.297835828125 0.693801927734375 0.262825279296875 0.6793955703125 0.2490461796875 0.6592515400390625 0.24514426171875 0.6525765693359376 0.250961568359375 0.6604270771484375 0.2919118056640625 0.65714915234375 0.3054973759765625
0 0.7534210673828124 0.347415259765625 0.699319640625 0.40480636328125 0.7211052451171875 0.4297106298828125 0.78915221484375 0.467454087890625 0.7998093876953125 0.464993685546875 0.7851621787109375 0.38071178515625 0.786094251953125 0.3291813935546875 0.7534210673828124 0.347415259765625
0 0.1317787099609375 1 0.12844146484375 0.981335755859375 0.137573572265625 0.951431705078125 0.1339408974609375 0.92875090625 0.14318690234375 0.864610423828125 0.14084105078125 0.8266656025390625 0.1688225322265625 0.7325420927734375 0.15699243359375 0.716030083984375 0.0916434541015625 0.72470268359375 0.0460889775390625 0.756601099609375 0.0976402607421875 0.9798942392578125 0.1046673701171875 0.982548169921875 0.100920796875 0.994103802734375 0.1036821201171875 1 0.1317787099609375 1