0 0.1212085048828125 0.488017642578125 0.072166302734375 0.64428040234375 0.085991595703125 0.6865173408203125 0.1219613154296875 0.7403687353515624 0.184042662109375 0.7779275341796875 0.218855384765625 0.789865384765625 0.240517498046875 0.7868209736328124 0.258889876953125 0.805276978515625 0.28548381640625 0.8036432509765625 0.32300638671875 0.789954568359375 0.36691328125 0.7543305517578125 0.375134841796875 0.7342408193359375 0.400666580078125 0.713822109375 0.42059180859375 0.6647380361328125 0.4203074208984375 0.595352359375 0.4087068837890625 0.5464913291015625 0.379988541015625 0.510555087890625 0.3476905185546875 0.494056205078125 0.33521737109375 0.4726673095703125 0.3108481875 0.4676769453125 0.2589204365234375 0.4350025732421875 0.2014781943359375 0.430452708984375 0.1739168486328125 0.43643001171875 0.1212085048828125 0.488017642578125
0 0.427879302734375 0.2450561650390625 0.41395087890625 0.2806745966796875 0.405534169921875 0.321829830078125 0.414617228515625 0.408913201171875 0.4517439462890625 0.504678138671875 0.483556876953125 0.5401794638671875 0.5174021943359375 0.5564608896484375 0.539354251953125 0.555479537109375 0.5543420986328125 0.5723073994140625 0.582098591796875 0.5452645966796875 0.595059609375 0.5139897392578126 0.62011458984375 0.41158954296875 0.62505475 0.3120162978515625 0.615193876953125 0.275533619140625 0.58860271484375 0.243506037109375 0.50437694140625 0.1943327822265625 0.4659845390625 0.2018322890625 0.427879302734375 0.2450561650390625
0 0.496021689453125 0.6625522880859375 0.477836125 0.7240147109375 0.4801501201171875 0.8078417978515625 0.491460712890625 0.8546397685546875 0.5184366142578125 0.9118589697265626 0.54009594921875 0.9424758671875 0.5667846845703125 0.96397069921875 0.635540298828125 0.981657224609375 0.6553651748046875 0.976767212890625 0.6996595869140625 0.9326735048828125 0.7261615087890625 0.8742499091796875 0.72916130078125 0.8506864345703125 0.7135991220703125 0.7624098349609375 0.6886528291015624 0.719632044921875 0.6839161513671875 0.697155859375 0.6164234443359375 0.6098661982421875 0.583158015625 0.5977108896484375 0.52639045703125 0.6204157021484376 0.496021689453125 0.6625522880859375
0 0.6389831728515625 0.2763978671875 0.6281493369140625 0.3115813818359375 0.6421642216796875 0.4000754384765625 0.6484481923828125 0.422334166015625 0.6773589052734375 0.4708662158203125 0.7009530537109375 0.4927959638671875 0.716715935546875 0.492684443359375 0.7536586181640625 0.4748696435546875 0.7817050556640625 0.4498898984375 0.8077218857421875 0.41046874609375 0.8188456650390625 0.3773482890625 0.82484802734375 0.296560029296875 0.8120849365234375 0.2731080751953125 0.7546454716796875 0.23489690234375 0.700877705078125 0.23403823828125 0.6892716123046875 0.252499828125 0.662387728515625 0.25207049609375 0.6389831728515625 0.2763978671875
0 0.7013350146484375 0.551648892578125 0.6898237177734375 0.5932390400390625 0.70490358203125 0.666856771484375 0.7291724130859375 0.7160411953125 0.774523470703125 0.758055091796875 0.841054328125 0.7823657080078125 0.86832573046875 0.7743253486328125 0.9075907421875 0.7393537060546875 0.919584353515625 0.7124224248046875 0.9150456025390625 0.6352194296875 0.9048947861328125 0.59667369140625 0.8666027353515625 0.559979140625 0.8084858095703125 0.528174599609375 0.7739630302734375 0.5182998076171875 0.7337333896484375 0.52395371484375 0.7013350146484375 0.551648892578125
0 1 0.4762636201171875 0.992716908203125 0.424441732421875 0.978019005859375 0.409676927734375 0.9241536650390625 0.419351015625 0.8778296455078125 0.4490033134765625 0.896006875 0.4885248193359375 0.940778044921875 0.5264125986328125 0.9954156435546875 0.5334604365234376 1 0.5303020263671875 1 0.4762636201171875
0 0.794111189453125 0.1115371396484375 0.7770881787109375 0.1475904873046875 0.7777628623046875 0.1748451640625 0.7862715888671875 0.190479798828125 0.78414162890625 0.2202324501953125 0.7911030625 0.2360845439453125 0.8418710380859376 0.260506681640625 0.8338418466796875 0.29319222265625 0.84457255078125 0.3358640771484375 0.854726146484375 0.3407485048828125 0.858013103515625 0.3529093974609375 0.848146673828125 0.3837493369140625 0.8541407021484375 0.4039450068359375 0.8714508779296875 0.40361602734375 0.9195145615234375 0.3863420791015625 0.9296709345703125 0.3575651982421875 0.94040441796875 0.3665757431640625 0.947850943359375 0.3634253935546875 0.965453841796875 0.3314981640625 0.980249318359375 0.3357302177734375 0.960243185546875 0.1933791826171875 0.9405186611328125 0.154075134765625 0.8820169951171875 0.0970789775390625 0.8663516865234375 0.086657748046875 0.820320388671875 0.084711794921875 0.794111189453125 0.1115371396484375
0 0.640032375 0 0.6396828603515625 0.0007007568359375 0.635715662109375 0.028607806640625 0.6409346533203125 0.065742859375 0.667525814453125 0.0977704423828125 0.659496623046875 0.1304559833984375 0.6846408427734375 0.1185069638671875 0.6985637099609375 0.1502111513671875 0.71925841796875 0.1515103154296875 0.732799322265625 0.124361576171875 0.72032617578125 0.1029726806640625 0.7352220048828125 0.063010673828125 0.7311627890625 0.03412785546875 0.7171423486328125 0.01295641796875 0.7187917890625 0 0.640032375 0
1 0.49265660546875 0.425294978515625 0.4974908564453125 0.4372384140625 0.486852169921875 0.4513564287109375 0.4885918330078125 0.463734779296875 0.5344279833984374 0.4867462333984375 0.537528126953125 0.4189886982421875 0.5225402802734375 0.4021608349609375 0.49623628515625 0.40585762109375 0.49265660546875 0.425294978515625
1 0.528737791015625 0.3003070751953125 0.53956884765625 0.298784869140625 0.5458555966796875 0.2873822861328125 0.5434384716796875 0.2814105693359375 0.5298027705078125 0.28543075 0.528737791015625 0.3003070751953125
1 0.4919874775390625 0.33071768359375 0.5025285908203125 0.327132419921875 0.4968245078125 0.3089998095703125 0.485026044921875 0.31486558984375 0.4919874775390625 0.33071768359375
1 0.51656014453125 0.213658619140625 0.5268113134765625 0.2080102958984375 0.5176251240234375 0.1987822939453125 0.513563130859375 0.2035607841796875 0.51656014453125 0.213658619140625
1 0.6006855654296875 0.3070259345703125 0.6143212666015625 0.3030057529296875 0.6070698896484376 0.2850906005859375 0.5927567265625 0.2955174150390625 0.6006855654296875 0.3070259345703125
1 0.6037718193359375 0.407574947265625 0.6154727080078125 0.4122419169921875 0.61934233203125 0.3948676162109375 0.605706630859375 0.398887796875 0.6037718193359375 0.407574947265625
1 0.57011609375 0.4375506396484375 0.5791099130859375 0.4341828330078125 0.5705036123046875 0.429080947265625 0.57011609375 0.4375506396484375
1 0.437821080078125 0.4729739501953125 0.438306171875 0.4539715078125 0.4306672763671875 0.444526048828125 0.4268952275390625 0.45136759765625 0.437821080078125 0.4729739501953125
1 0.4149155068359375 0.3099923310546875 0.415303025390625 0.3015226396484375 0.4065991494140625 0.30695350390625 0.4149155068359375 0.3099923310546875
1 0.5790793525390625 0.80445723828125 0.5844934921875 0.8205267900390625 0.604995830078125 0.80923014453125 0.6005490966796875 0.788817017578125 0.5822715146484375 0.7934895712890625 0.5790793525390625 0.80445723828125
1 0.618048865234375 0.8347451572265625 0.6219157109375 0.851032166015625 0.627329849609375 0.86710171875 0.6332290810546874 0.864168828125 0.6365160390625 0.8763297216796875 0.6466696337890625 0.8812141494140625 0.6642725322265625 0.8492869189453125 0.64735265234375 0.807484896484375 0.624143244140625 0.810746765625 0.618048865234375 0.8347451572265625
1 0.6647492900390625 0.9312684052734375 0.6739354794921875 0.940496408203125 0.6909557119140625 0.9381043701171875 0.6773227890625 0.9084632412109375 0.6621397939453125 0.91270087890625 0.6647492900390625 0.9312684052734375
1 0.6841922041015625 0.86752546484375 0.68612423828125 0.892499625 0.7014020283203125 0.911390546875 0.7075912041015625 0.91052071484375 0.720552220703125 0.8792458583984375 0.7038247109375 0.85003964453125 0.690189009765625 0.85405982421875 0.6841922041015625 0.86752546484375
1 0.588739521484375 0.9293280361328125 0.58641719140625 0.94648487890625 0.610786375 0.9514752431640625 0.62664683203125 0.9408309716796875 0.6277118115234375 0.9259546455078125 0.61707590234375 0.9064113505859375 0.5830354375 0.91119542578125 0.588739521484375 0.9293280361328125
1 0.530332650390625 0.8954604375 0.538261490234375 0.90696895703125 0.547835197265625 0.907727267578125 0.5450333310546875 0.8765639326171875 0.533912330078125 0.8760230791015625 0.530332650390625 0.8954604375
1 0.5788786484375 0.8928453583984375 0.587195005859375 0.895884185546875 0.5895173349609375 0.87872734375 0.576849041015625 0.87840394921875 0.5788786484375 0.8928453583984375
1 0.5148708251953125 0.762989779296875 0.5300538193359375 0.7587521416015625 0.5236722744140625 0.7470261650390625 0.5162257490234375 0.7501765126953125 0.5148708251953125 0.762989779296875
1 0.575312859375 0.74397616796875 0.5901083359375 0.7482082216796875 0.5847917705078125 0.721605919921875 0.575797951171875 0.7249737255859375 0.575312859375 0.74397616796875
1 0.6096432685546875 0.74125515234375 0.6129302255859375 0.753416044921875 0.6395241650390625 0.7517823173828125 0.6314029560546875 0.7276779892578125 0.615930017578125 0.7298525693359375 0.6096432685546875 0.74125515234375
1 0.6204798818359375 0.6724103271484375 0.6249293935546875 0.6591621435546875 0.6206750302734375 0.651344826171875 0.6116812109375 0.6547126318359375 0.6204798818359375 0.6724103271484375
1 0.5788032998046875 0.6340876318359375 0.5906017626953125 0.6282218505859375 0.5848976796875 0.610089240234375 0.5709720341796874 0.6120463623046875 0.5788032998046875 0.6340876318359375
1 0.5678691123046875 0.71346520703125 0.5815048134765625 0.70944502734375 0.576090673828125 0.693375474609375 0.5648720986328125 0.703367373046875 0.5678691123046875 0.71346520703125
1 0.6343860791015625 0.90608237109375 0.6439597861328125 0.9068406826171875 0.6493767041015625 0.8892489248046875 0.6361285205078125 0.8847994130859375 0.6343860791015625 0.90608237109375
1 0.6102203779296875 0.779042578125 0.6207614912109375 0.7754573134765625 0.6177644775390625 0.7653594794921875 0.6059660146484375 0.771225259765625 0.6102203779296875 0.779042578125
1 0.603144701171875 0.975691091796875 0.6139757587890625 0.97416888671875 0.607594212890625 0.9624429091796874 0.6001476875 0.9655932568359376 0.603144701171875 0.975691091796875
1 0.2970034482421875 0.661069173828125 0.3123788125 0.6694273447265625 0.3166359541015625 0.643583353515625 0.3008730712890625 0.6436948740234375 0.2970034482421875 0.661069173828125
1 0.362274177734375 0.7213216162109375 0.372717716796875 0.7282691025390625 0.3835487734375 0.726746896484375 0.3908029287109375 0.7110007392578125 0.3825841455078125 0.697429162109375 0.36614380078125 0.70394731640625 0.362274177734375 0.7213216162109375
1 0.322337259765625 0.6953772724609375 0.32804412109375 0.67984857421875 0.316245658203125 0.685714353515625 0.322337259765625 0.6953772724609375
1 0.349416291015625 0.674741103515625 0.3596674599609375 0.66909278125 0.356380501953125 0.6569318876953125 0.3455494453125 0.65845409375 0.349416291015625 0.674741103515625
1 0.6825917880859375 0.3396947216796875 0.7078308037109375 0.3508742607421875 0.7122803154296875 0.337626078125 0.7074460634765625 0.3256826435546875 0.6843342294921875 0.3184117626953125 0.6825917880859375 0.3396947216796875
1 0.6957396181640625 0.38833829296875 0.7193365439453125 0.3766067314453125 0.710537873046875 0.358909037109375 0.6950649345703125 0.3610836162109375 0.6957396181640625 0.38833829296875
1 0.737996087890625 0.4307871044921875 0.75076195703125 0.4205777490234375 0.74467035546875 0.410914830078125 0.72823001171875 0.4174329853515625 0.737996087890625 0.4307871044921875
1 0.6587941572265625 0.43981440234375 0.66962521484375 0.438292197265625 0.6812313076171875 0.4198306064453125 0.6730125244140625 0.406259029296875 0.6528977041015624 0.4090859833984375 0.6587941572265625 0.43981440234375
1 0.641684685546875 0.3517552626953125 0.655610330078125 0.349798140625 0.646231771484375 0.3279743291015625 0.637527896484375 0.3334051943359375 0.641684685546875 0.3517552626953125
1 0.677183205078125 0.2563025498046875 0.68888409375 0.26096951953125 0.6970080810546875 0.2514125380859375 0.6937211240234376 0.2392516455078125 0.6854047666015625 0.236212818359375 0.672348953125 0.244359115234375 0.677183205078125 0.2563025498046875
1 0.7071588984375 0.289958275390625 0.7177000107421875 0.2863730107421875 0.7113184658203126 0.2746470341796875 0.7026145908203125 0.2800778994140625 0.7071588984375 0.289958275390625
1 0.798831197265625 0.3359811826171875 0.80608257421875 0.3538963349609375 0.8158514296875 0.3335891455078125 0.8125644716796875 0.321428251953125 0.8048280029296875 0.3225155419921875 0.798831197265625 0.3359811826171875
1 0.80006354296875 0.636652451171875 0.8254949287109375 0.66042780078125 0.8415477548828125 0.6623793369140625 0.8453198046875 0.6555377880859375 0.82646511328125 0.622422916015625 0.8048029990234375 0.625467328125 0.80006354296875 0.636652451171875
1 0.86852365625 0.7195985380859375 0.881191951171875 0.7199219326171875 0.884674056640625 0.7110173251953125 0.8798398056640625 0.6990738896484375 0.86349703515625 0.6950592939453125 0.86852365625 0.7195985380859375
1 0.87975334375 0.5749614013671875 0.898610814453125 0.57441496484375 0.8937765634765625 0.5624715302734375 0.8780136806640625 0.56258305078125 0.87975334375 0.5749614013671875
1 0.8231670419921875 0.7449072607421875 0.8300336796875 0.7376307958984375 0.8242320224609375 0.7300309365234375 0.8136909091796874 0.7336162001953125 0.8231670419921875 0.7449072607421875
1 0.939431455078125 0.4382419365234375 0.9436858193359375 0.44605925390625 0.9684425205078125 0.4425799267578125 0.9665104873046875 0.4176057666015625 0.9469755546875 0.424558837890625 0.939431455078125 0.4382419365234375
1 0.9414666201171875 0.3853607265625 0.95335987890625 0.402623505859375 0.9883677490234375 0.3934958544921875 0.9843085341796876 0.3646130361328125 0.9536526005859375 0.3710252548828125 0.9414666201171875 0.3853607265625
1 0.8232951767578125 0.3641001064453125 0.83644578515625 0.3790823671875 0.8478595087890625 0.3480249697265625 0.8344189560546875 0.3309796494140625 0.824167787109375 0.3366279716796875 0.8232951767578125 0.3641001064453125
1 0.9195201181640625 0.3190194609375 0.9299636572265625 0.325966947265625 0.9417621201171875 0.320101166015625 0.9320936171875 0.2962142958984375 0.9157508466796875 0.2921997001953125 0.9195201181640625 0.3190194609375
1 0.894579380859375 0.20891905078125 0.9065702138671875 0.2156490791015625 0.910439837890625 0.198274779296875 0.8985465791015625 0.181012 0.89264734765625 0.1839448916015625 0.894579380859375 0.20891905078125
1 0.8587072353515625 0.1445349072265625 0.8660561865234375 0.15191730859375 0.880949236328125 0.145616611328125 0.873407916015625 0.1256384013671875 0.858514865234375 0.13193909765625 0.8587072353515625 0.1445349072265625
1 0.8928452734375 0.1292180810546875 0.906480974609375 0.1251979013671875 0.89487766015625 0.1099981806640625 0.8858838408203125 0.113365986328125 0.8928452734375 0.1292180810546875
1 0.94186525 0.242245796875 0.9479596298828125 0.2182474052734375 0.9371285732421875 0.219769611328125 0.94186525 0.242245796875
1 0.80452416796875 0.48875903125 0.8064589794921875 0.4800718818359375 0.7959178662109375 0.4836571455078125 0.80452416796875 0.48875903125
1 0.6745820439453125 0.1367510947265625 0.691794646484375 0.1469548662109375 0.69498680859375 0.135987201171875 0.6895726689453126 0.1199176484375 0.6759369677734375 0.123937828125 0.6745820439453125 0.1367510947265625
1 0.660561603515625 0.115579658203125 0.667138296875 0.1062401337890625 0.651958080078125 0.076816462890625 0.6520528759765625 0.0999450224609375 0.660561603515625 0.115579658203125
1 0.719645935546875 0.143040623046875 0.7273824052734374 0.1419533330078125 0.7324118046875 0.132831267578125 0.7245805390625 0.110789998046875 0.7141370009765625 0.10384251171875 0.7124921328125 0.114592720703125 0.719645935546875 0.143040623046875
1 0.7411045673828125 0.2620456416015625 0.7516456796875 0.2584603759765625 0.7446842470703126 0.242608283203125 0.7375276650390625 0.247821689453125 0.7411045673828125 0.2620456416015625
1 0.9105290771484374 0.2887259580078125 0.9231973720703125 0.2890493525390625 0.9165258828125 0.2752603173828125 0.90936930078125 0.2804737236328125 0.9105290771484374 0.2887259580078125
1 0.8921594775390626 0.236608642578125 0.9039579404296875 0.2307428623046875 0.8981562822265625 0.223143001953125 0.88790511328125 0.2287913251953125 0.8921594775390626 0.236608642578125
0 0.775320732421875 0.471825232421875 0.7905037275390625 0.4675875927734375 0.8538479794921875 0.4355432578125 0.85549284765625 0.424793048828125 0.83818544921875 0.39146071875 0.823777490234375 0.3787589736328125 0.803562318359375 0.425779986328125 0.77232371875 0.4617273974609375 0.775320732421875 0.471825232421875
0 0.809263623046875 0.47757390625 0.7896311171875 0.4950597275390625 0.810710564453125 0.5215505078125 0.867280197265625 0.5535725068359375 0.8910694931640625 0.55443675390625 0.9199857626953125 0.535646185546875 0.91950344921875 0.520987318359375 0.872220357421875 0.4539992626953125 0.8567474189453125 0.456173841796875 0.809263623046875 0.47757390625
1 0.357936130859375 0.555730501953125 0.3642228798828125 0.5443279189453125 0.3578413349609375 0.5326019423828126 0.348557572265625 0.533906689453125 0.357936130859375 0.555730501953125
0 0.915626513671875 0.6281257978515625 0.920551759765625 0.708078849609375 0.9421162998046875 0.7155671884765625 0.963296099609375 0.69786391015625 0.981866404296875 0.6615931044921874 0.9775200234375 0.59698591796875 0.952766099609375 0.5668039365234375 0.9193055224609376 0.5757141279296875 0.9045100458984375 0.57148207421875 0.8917441767578125 0.5816914306640625 0.915626513671875 0.6281257978515625
0 0.8896509130859375 0 0.8959481962890625 0.027799236328125 0.9192523994140624 0.0476659267578125 0.939947107421875 0.0489650888671875 0.933065513671875 0 0.8896509130859375 0