0 0.4895833330078125 0.384375 0.5291666669921875 0.371875 0.5666666669921875 0.35 0.5895833330078125 0.3328125 0.5979166669921875 0.3171875 0.5895833330078125 0.290625 0.5125 0.2359375 0.43125 0.209375 0.325 0.2015625 0.2604166669921875 0.2359375 0.21875 0.2734375 0.2208333330078125 0.29375 0.2833333330078125 0.3421875 0.3520833330078125 0.371875 0.45 0.3859375 0.4895833330078125 0.384375
0 0.91875 0.284375 0.9625 0.2390625 0.9645833330078125 0.1578125 0.8729166669921875 0.140625 0.8166666669921875 0.140625 0.8020833330078125 0.15 0.7666666669921876 0.1578125 0.75 0.16875 0.7458333330078125 0.1828125 0.725 0.196875 0.7083333330078125 0.1953125 0.6875 0.2125 0.6458333330078125 0.2828125 0.64375 0.29375 0.65625 0.3109375 0.6958333330078125 0.334375 0.775 0.3390625 0.8458333330078125 0.321875 0.91875 0.284375
0 0.9104166669921875 0.6453125 0.9708333330078125 0.6375 0.9979166669921875 0.6265625 0.9979166669921875 0.5 0.9645833330078125 0.46875 0.8708333330078125 0.428125 0.83125 0.421875 0.7583333330078125 0.421875 0.70625 0.4296875 0.65625 0.453125 0.63125 0.4921875 0.6270833330078125 0.5390625 0.6520833330078125 0.58125 0.7 0.6203125 0.7666666669921876 0.65 0.8083333330078125 0.653125 0.9104166669921875 0.6453125
0 0.4916666669921875 0.575 0.5541666669921875 0.540625 0.5791666669921876 0.5109375 0.5875 0.484375 0.5875 0.46875 0.525 0.4140625 0.44375 0.3890625 0.35 0.3890625 0.2895833330078125 0.4 0.2479166669921875 0.415625 0.1916666669921875 0.4546875 0.11875 0.5140625 0.1020833330078125 0.5203125 0.1895833330078125 0.5671875 0.2854166669921875 0.5890625 0.41875 0.590625 0.4916666669921875 0.575
0 0.4875 0.9640625 0.55 0.9359375 0.5833333330078125 0.903125 0.5979166669921875 0.9015625 0.6770833330078125 0.840625 0.7104166669921875 0.7734375 0.7166666669921875 0.69375 0.6854166669921875 0.6328125 0.6208333330078125 0.584375 0.60625 0.5765625 0.5791666669921876 0.5828125 0.56875 0.5734375 0.5125 0.5734375 0.4333333330078125 0.6015625 0.3916666669921875 0.628125 0.3229166669921875 0.71875 0.3125 0.803125 0.3270833330078125 0.884375 0.3770833330078125 0.9640625 0.3979166669921875 0.98125 0.4125 0.9828125 0.4875 0.9640625
0 0.4583333330078125 0.028125 0.5104166669921875 0 0.2666666669921875 0.0015625 0.2854166669921875 0.0140625 0.2833333330078125 0.0265625 0.2979166669921875 0.0359375 0.3395833330078125 0.0375 0.4583333330078125 0.028125
0 0 0.225 0.0208333330078125 0.246875 0.05625 0.2546875 0.0979166669921875 0.2484375 0.1229166669921875 0.228125 0.1583333330078125 0.215625 0.1916666669921875 0.184375 0.20625 0.1390625 0.1979166669921875 0.0765625 0.175 0.04375 0.1395833330078125 0.028125 0.0791666669921875 0.03125 0.05 0.04375 0.0083333330078125 0.0765625 0 0.0875 0 0.225
1 0.45 0.325 0.4395833330078125 0.31875 0.40625 0.325 0.4145833330078125 0.3375 0.45 0.325
1 0.4833333330078125 0.46875 0.4854166669921875 0.4546875 0.4666666669921875 0.4546875 0.4666666669921875 0.465625 0.4833333330078125 0.46875
1 0.23125 0.534375 0.2291666669921875 0.51875 0.2020833330078125 0.5203125 0.20625 0.5375 0.23125 0.534375
1 0.2979166669921875 0.5375 0.30625 0.5234375 0.2916666669921875 0.51875 0.2875 0.5296875 0.2979166669921875 0.5375
1 0.2666666669921875 0.5578125 0.2729166669921875 0.546875 0.2625 0.54375 0.25625 0.55625 0.2666666669921875 0.5578125
1 0.2979166669921875 0.578125 0.2958333330078125 0.56875 0.275 0.5671875 0.2708333330078125 0.575 0.2979166669921875 0.578125
1 0.3833333330078125 0.575 0.38125 0.5671875 0.3666666669921875 0.5671875 0.36875 0.5796875 0.3833333330078125 0.575
1 0.16875 0.4828125 0.1666666669921875 0.490625 0.1770833330078125 0.5015625 0.2 0.5015625 0.2041666669921875 0.4875 0.1958333330078125 0.4765625 0.16875 0.4828125
1 0.76875 0.45625 0.7666666669921876 0.4484375 0.7395833330078125 0.4515625 0.7416666669921875 0.4625 0.76875 0.45625
1 0.89375 0.4625 0.8895833330078124 0.471875 0.90625 0.471875 0.89375 0.4625
1 0.85625 0.5625 0.8770833330078125 0.5578125 0.8541666669921875 0.5484375 0.85 0.5578125 0.85625 0.5625
1 0.84375 0.615625 0.84375 0.6015625 0.8208333330078125 0.6015625 0.8208333330078125 0.615625 0.84375 0.615625
1 0.825 0.65 0.8166666669921875 0.6390625 0.7979166669921876 0.6390625 0.7916666669921875 0.65 0.825 0.65
1 0.7291666669921875 0.6109375 0.73125 0.634375 0.7625 0.6453125 0.7666666669921876 0.6296875 0.75625 0.6140625 0.7375 0.6078125 0.7291666669921875 0.6109375
1 0.6770833330078125 0.571875 0.6958333330078125 0.5796875 0.7083333330078125 0.5734375 0.69375 0.5640625 0.6833333330078125 0.5671875 0.6770833330078125 0.571875
1 0.6583333330078125 0.5234375 0.6583333330078125 0.5125 0.6395833330078124 0.5125 0.6416666669921876 0.5234375 0.6583333330078125 0.5234375
1 0.90625 0.6140625 0.90625 0.6 0.8833333330078125 0.6 0.88125 0.6140625 0.90625 0.6140625
1 0.50625 0.64375 0.5125 0.65 0.53125 0.64375 0.53125 0.6390625 0.5104166669921875 0.6359375 0.50625 0.64375
1 0.44375 0.665625 0.45 0.671875 0.4854166669921875 0.665625 0.4770833330078125 0.653125 0.4479166669921875 0.6546875 0.44375 0.665625
1 0.48125 0.7234375 0.5083333330078125 0.7296875 0.5208333330078125 0.7203125 0.5208333330078125 0.7125 0.4833333330078125 0.715625 0.48125 0.7234375
1 0.5604166669921875 0.7734375 0.5791666669921876 0.7828125 0.5895833330078125 0.775 0.5854166669921875 0.7625 0.5604166669921875 0.75625 0.5604166669921875 0.7734375
1 0.5854166669921875 0.8796875 0.5833333330078125 0.8875 0.59375 0.8921875 0.60625 0.884375 0.60625 0.871875 0.5916666669921875 0.86875 0.5854166669921875 0.8796875
1 0.2625 0.496875 0.2729166669921875 0.503125 0.28125 0.4984375 0.28125 0.4875 0.2666666669921875 0.475 0.2625 0.496875
1 0.7979166669921876 0.2234375 0.8 0.209375 0.7854166669921875 0.2109375 0.7854166669921875 0.221875 0.7979166669921876 0.2234375
1 0.88125 0.275 0.8854166669921875 0.2625 0.8645833330078125 0.2578125 0.8645833330078125 0.275 0.88125 0.275
1 0.7125 0.19375 0.7229166669921875 0.1984375 0.75 0.178125 0.75 0.16875 0.7166666669921875 0.1828125 0.7125 0.19375
1 0.3458333330078125 0.01875 0.34375 0.00625 0.3229166669921875 0.0078125 0.3291666669921875 0.01875 0.3458333330078125 0.01875
1 0.06875 0.190625 0.075 0.165625 0.0583333330078125 0.1671875 0.05625 0.184375 0.06875 0.190625
1 0.09375 0.23125 0.0833333330078125 0.2234375 0.0666666669921875 0.2265625 0.0708333330078125 0.2375 0.09375 0.23125
1 0.4604166669921875 0.7734375 0.4604166669921875 0.7625 0.44375 0.7640625 0.4416666669921875 0.775 0.4604166669921875 0.7734375
1 0.59375 0.66875 0.6020833330078125 0.665625 0.5979166669921875 0.6546875 0.5916666669921875 0.6546875 0.59375 0.66875
1 0.6229166669921875 0.6796875 0.61875 0.6734375 0.60625 0.675 0.60625 0.68125 0.6229166669921875 0.6796875
1 0.59375 0.721875 0.59375 0.709375 0.5791666669921876 0.703125 0.56875 0.71875 0.59375 0.721875
1 0.3125 0.4828125 0.3145833330078125 0.4765625 0.30625 0.475 0.3041666669921875 0.48125 0.3125 0.4828125
1 0.23125 0.4703125 0.2270833330078125 0.4609375 0.2083333330078125 0.459375 0.2104166669921875 0.478125 0.23125 0.4703125