0 0.27620351171875 0.190194275390625 0.2925283720703125 0.1783862158203125 0.308546576171875 0.160726810546875 0.3172538857421875 0.132889205078125 0.3098203291015625 0.1203704658203125 0.305575564453125 0.120201763671875 0.30116725 0.11691234375 0.2657918408203125 0.1046844921875 0.2368211318359375 0.101508849609375 0.2265192109375 0.0989194619140625 0.215658638671875 0.1018356064453125 0.2029856748046875 0.1024997685546875 0.2005328564453125 0.1041929599609375 0.194537033203125 0.10294254296875 0.18037877734375 0.10759615625 0.14507847265625 0.1129666171875 0.12440662890625 0.122655525390625 0.1137709375 0.1298626572265625 0.101752173828125 0.1430096884765625 0.1000557734375 0.1591361962890625 0.11060301953125 0.16640666015625 0.121007158203125 0.17094649609375 0.1278274033203125 0.1717625458984375 0.131452185546875 0.17626651171875 0.127677626953125 0.1850698720703125 0.1313432958984375 0.1903540166015625 0.12089159765625 0.201071955078125 0.1219408994140625 0.20492857421875 0.1363853662109375 0.2057362158203125 0.141393220703125 0.2043002822265625 0.1774908310546875 0.2141433193359375 0.1901842373046875 0.2138692470703125 0.2155097216796875 0.2121508330078125 0.237251310546875 0.2067086328125 0.27620351171875 0.190194275390625
1 0.1101328134765625 0.15743459765625 0.1123540791015625 0.1674883740234375 0.12481593359375 0.17896126953125 0.13641915234375 0.1740503984375 0.1598095830078125 0.1677394638671875 0.15876028125 0.1638828447265625 0.150911177734375 0.1596002666015625 0.1210342734375 0.1552986328125 0.1101328134765625 0.15743459765625
1 0.144615798828125 0.184964501953125 0.136848470703125 0.18224228125 0.134354765625 0.18315529296875 0.13027355078125 0.18610730859375 0.1314250703125 0.1919143759765625 0.1410456767578125 0.1976687578125 0.144615798828125 0.184964501953125
0 0.4127861669921875 0.27456797265625 0.425970224609375 0.2836560517578125 0.461720291015625 0.286867564453125 0.4954944169921875 0.284706376953125 0.5281987978515625 0.2782984794921875 0.552250099609375 0.2684324609375 0.5694198232421875 0.2565801240234375 0.576635169921875 0.2487699228515625 0.5795035341796875 0.2388405712890625 0.5681318681640625 0.232004474609375 0.5373283251953125 0.226186759765625 0.4992481025390625 0.2270089765625 0.4589603876953125 0.2342054599609375 0.4307460966796875 0.2454631357421875 0.4130381630859375 0.2632110947265625 0.4127861669921875 0.27456797265625
1 0.4597443505859375 0.2814948642578125 0.456528443359375 0.28479269140625 0.4659650556640625 0.2870362666015625 0.4752994501953125 0.28732939453125 0.485274271484375 0.28367734765625 0.4833596611328125 0.279474916015625 0.4781678134765625 0.27740004296875 0.467225466796875 0.2787558291015625 0.4597443505859375 0.2814948642578125
1 0.5129094658203125 0.277535115234375 0.5053261318359376 0.2783237021484375 0.4936820263671875 0.2824543935546875 0.495555748046875 0.2858766455078125 0.51072241796875 0.2842994716796875 0.5173586689453125 0.2816047138671875 0.5129094658203125 0.277535115234375
1 0.42962212109375 0.272512154296875 0.4262017763671875 0.2719090849609375 0.4161656240234375 0.2743908623046875 0.4172967001953125 0.2798078408203125 0.4275577333984375 0.281617048828125 0.430814529296875 0.2790994013671875 0.42962212109375 0.272512154296875
0 0.149815177734375 0.268009322265625 0.133783201171875 0.26924068359375 0.12735138671875 0.275836337890625 0.1173765654296875 0.279488384765625 0.1135202314453125 0.2867313857421875 0.09579185546875 0.304089255859375 0.0949403203125 0.3201714873046875 0.1024965400390625 0.335030763671875 0.1149175078125 0.3457234794921875 0.126125623046875 0.349438859375 0.135460017578125 0.349731986328125 0.1530999482421875 0.3468517119140625 0.1714007490234375 0.3404163525390625 0.200010142578125 0.3205324267578125 0.210938716796875 0.30274859765625 0.210632060546875 0.2968972529296875 0.194708974609375 0.2840411083984375 0.196977798828125 0.2788371103515625 0.1882225 0.2734285400390625 0.1710390029296875 0.268852833984375 0.153317296875 0.2701727509765625 0.149815177734375 0.268009322265625
1 0.135677796875 0.3215569755859375 0.12807401953125 0.32195547265625 0.1205929033203125 0.3246945078125 0.122548400390625 0.329677119140625 0.1284624501953125 0.3293671767578125 0.136706654296875 0.325023505859375 0.135677796875 0.3215569755859375
1 0.173423818359375 0.282027328125 0.168334189453125 0.2819029033203125 0.164191642578125 0.2836846484375 0.1661266962890625 0.288277169921875 0.1737304736328125 0.2878786728515625 0.1760810732421875 0.284235033203125 0.173423818359375 0.282027328125
0 0.2467839013671875 0.2754445615234375 0.247458544921875 0.2883175205078125 0.23587576953125 0.29361848046875 0.213207541015625 0.297544599609375 0.213159982421875 0.3128023740234375 0.2195033515625 0.320684314453125 0.241258712890625 0.3316701572265625 0.2540747822265625 0.333736623046875 0.2692823388671875 0.33293962890625 0.277812755859375 0.334057212890625 0.282200626953125 0.33695654296875 0.2974695146484375 0.3373298173828125 0.3111780068359375 0.3240942314453125 0.3128948505859375 0.3083578125 0.3071305791015625 0.2953604287109375 0.291268822265625 0.2836745546875 0.2723751533203125 0.2787973134765625 0.266113560546875 0.2724757314453125 0.2508651162109375 0.2724925458984375 0.2467839013671875 0.2754445615234375
1 0.2862000673828125 0.332444169921875 0.277465212890625 0.3274256884765625 0.2598457265625 0.3306960537109375 0.261821666015625 0.33606875390625 0.281396650390625 0.337781 0.28389035546875 0.33686798828125 0.2862000673828125 0.332444169921875
0 0.838508869140625 0.2182257783203125 0.8330036943359375 0.226337513671875 0.83405299609375 0.2301941328125 0.829188248046875 0.234360693359375 0.8313890703125 0.244024380859375 0.8374666689453125 0.2468351552734375 0.8631601396484375 0.2521383564453125 0.900191060546875 0.2474595205078125 0.90868058984375 0.2477969248046875 0.91473774609375 0.2502176103515625 0.9349736005859375 0.2483747724609375 0.978395447265625 0.2363201025390625 0.9858356767578125 0.232800888671875 0.982482904296875 0.16882618359375 0.9344278603515624 0.173300447265625 0.9085437255859375 0.1805243935546875 0.85633946484375 0.2028183564453125 0.838508869140625 0.2182257783203125
1 0.9631127880859375 0.2195187841796875 0.9604759765625 0.2177011689453125 0.95456192578125 0.218011111328125 0.9520886650390625 0.2193142119140625 0.95315841015625 0.2235609208984375 0.9599582119140625 0.223986880859375 0.9631127880859375 0.2195187841796875
1 0.829126916015625 0.2331904248046875 0.83435965234375 0.2360454775390625 0.839019962890625 0.22797801953125 0.8354973994140625 0.225424501953125 0.82970601171875 0.2280749814453125 0.829126916015625 0.2331904248046875
1 0.8715270078125 0.25013522265625 0.8707843623046875 0.2521299482421875 0.87511090234375 0.253859009765625 0.9005181611328125 0.253700955078125 0.9105543125 0.2512191767578125 0.911937384765625 0.24527927734375 0.9000070673828126 0.243948712890625 0.8781428154296875 0.247050375 0.8715270078125 0.25013522265625
1 0.85191113671875 0.2476427978515625 0.8391359541015625 0.2463565107421875 0.830748642578125 0.2479695546875 0.833569447265625 0.2532979775390625 0.8488383359375 0.253671251953125 0.8530013251953125 0.252279595703125 0.85191113671875 0.2476427978515625
0 0.5483812822265625 0.4047592705078125 0.5311160107421875 0.398623205078125 0.47669715625 0.3948254384765625 0.4352988076171875 0.3969950341796875 0.404243267578125 0.4025341962890625 0.3801715234375 0.4120101259765625 0.3638262197265625 0.423428095703125 0.3607534189453125 0.42945655078125 0.36266802734375 0.433658982421875 0.37498677734375 0.4424012490234375 0.3862153369140625 0.44650671875 0.405068119140625 0.4506037802734375 0.4500912490234375 0.452938150390625 0.48300006640625 0.450431150390625 0.495529923828125 0.447036361328125 0.52339 0.445185115234375 0.5468826484375 0.44082462890625 0.5610204609375 0.43578092578125 0.5639705986328125 0.4274119326171875 0.5722352470703125 0.4234583515625 0.5631119619140625 0.4110281669921875 0.5502141171875 0.4074013427734375 0.5483812822265625 0.4047592705078125
1 0.4579945810546875 0.425925001953125 0.4503499150390625 0.4255433193359375 0.44789709765625 0.4272365107421875 0.4455669423828125 0.4312702392578125 0.4558279755859375 0.4330794482421875 0.460733611328125 0.4296930654296875 0.4579945810546875 0.425925001953125
1 0.4118266025390625 0.401745609375 0.4066960859375 0.400841005859375 0.401729119140625 0.403057119140625 0.40119091015625 0.4089527412109375 0.40714584765625 0.409422978515625 0.4120105966796875 0.4052564169921875 0.4118266025390625 0.401745609375
0 0.31305926171875 0.408486431640625 0.3405242353515625 0.415261435546875 0.3615231787109375 0.4118139609375 0.3860309130859375 0.3944919609375 0.3913520947265625 0.3828694189453125 0.384824732421875 0.3714766708984375 0.3854513876953125 0.3511034541015625 0.3764712080078125 0.3414038974609375 0.363491587890625 0.3362167138671875 0.3523856904296875 0.334451783203125 0.339692283203125 0.33472585546875 0.3205466181640625 0.3412054921875 0.287154251953125 0.3668163369140625 0.28702491796875 0.3805137529296875 0.31305926171875 0.408486431640625
1 0.2887759775390625 0.381595466796875 0.2880742197265625 0.3843703720703125 0.2961482041015625 0.3929439375 0.3004747431640625 0.394672998046875 0.309747806640625 0.3937958564453125 0.31294326953125 0.390107939453125 0.3048692861328125 0.3815343740234375 0.2988734609375 0.3802839580078125 0.2887759775390625 0.381595466796875
0 0.1575700244140625 0.3998153505859375 0.1262691591796875 0.4006734375 0.1168938779296875 0.399600130859375 0.0951727333984375 0.4054324208984375 0.0797336240234375 0.4179763818359375 0.0786776513671875 0.430157716796875 0.09163015625 0.450992763671875 0.116104103515625 0.4653565810546875 0.148038724609375 0.4765912744140625 0.168560791015625 0.48020969140625 0.1880948876953125 0.4811417578125 0.226093333984375 0.4787591826171875 0.2595608037109375 0.4707466494140625 0.268404548828125 0.461677625 0.2784202568359375 0.4588057578125 0.280750412109375 0.4547720283203125 0.2770847431640625 0.4494878828125 0.261038994140625 0.434291201171875 0.23912008203125 0.420184640625 0.2027158154296875 0.4044902587890625 0.1575700244140625 0.3998153505859375
1 0.08037405078125 0.4140312080078125 0.074398669921875 0.413170880859375 0.0669788857421875 0.417080185546875 0.0654118193359375 0.4195092783203125 0.0715916376953125 0.424270501953125 0.07493020703125 0.423313212890625 0.08037405078125 0.4140312080078125
0 0.208201408203125 0.4929963349609375 0.1760352353515625 0.493508609375 0.14403261328125 0.4971416015625 0.1222501357421875 0.5018036220703125 0.1081123251953125 0.5068473251953125 0.0940767333984375 0.5138414765625 0.083543259765625 0.522999056640625 0.0708022939453125 0.53853090234375 0.0670481787109375 0.5477243525390625 0.066653076171875 0.5563506025390625 0.0782291796875 0.567087595703125 0.0963597587890625 0.57356947265625 0.1424117470703125 0.5793703720703125 0.1597996806640625 0.5878469755859375 0.1704082578125 0.5962877080078125 0.186726447265625 0.6005176015625 0.2094560068359375 0.597761751953125 0.2186064072265625 0.594544072265625 0.24630960546875 0.5735341552734375 0.2561479912109375 0.55111352734375 0.255555123046875 0.5398009267578125 0.2447283359375 0.5110312548828125 0.2401769150390625 0.50501120703125 0.2236134013671875 0.4961002373046875 0.208201408203125 0.4929963349609375
1 0.122025685546875 0.5460165859375 0.1388820830078125 0.544350857421875 0.14463258203125 0.5409201982421875 0.1419753271484375 0.5387124931640624 0.1283143935546875 0.5366903046875 0.119947525390625 0.5386934375 0.116731619140625 0.5419912646484375 0.122025685546875 0.5460165859375
1 0.0736435419921875 0.5442494150390625 0.073868423828125 0.5485404013671875 0.08483121484375 0.547574705078125 0.082051296875 0.5430264609375 0.0736435419921875 0.5442494150390625
1 0.113631703125 0.5636675830078125 0.12133769921875 0.56521953515625 0.12356563671875 0.559235357421875 0.1209492685546875 0.5578078310546875 0.1142312421875 0.55894223046875 0.113631703125 0.5636675830078125
1 0.1565904462890625 0.5751068486328125 0.1651208623046875 0.5762244326171875 0.1673487998046875 0.570240255859375 0.1587979384765625 0.56873258203125 0.155459369140625 0.56968987109375 0.1565904462890625 0.5751068486328125
1 0.112997947265625 0.5515748037109375 0.11629562890625 0.5498373359375 0.116874724609375 0.544721892578125 0.1099522607421875 0.54195539453125 0.1049035185546875 0.5426111494140625 0.100842748046875 0.54595325390625 0.10197382421875 0.5513702314453125 0.112997947265625 0.5515748037109375
1 0.1221074609375 0.5475769453125 0.1248056025390625 0.550564830078125 0.1280828408203125 0.548437271484375 0.1245807216796875 0.54627384375 0.1221074609375 0.5475769453125
0 0.6663160234375 0.5374407529296875 0.6468432587890625 0.537678955078125 0.638271953125 0.5357811923828125 0.6338431953125 0.5321016826171875 0.6335365390625 0.526250337890625 0.6231323994140625 0.521710501953125 0.6120673896484375 0.52072575 0.6077204052734375 0.518606599609375 0.5816318330078125 0.5219296484375 0.5590862666015625 0.5281963056640625 0.533467900390625 0.54049141796875 0.5141315693359375 0.559498201171875 0.5132595908203125 0.5751903427734375 0.519786953125 0.58658308984375 0.537358880859375 0.5985705 0.55371795703125 0.6035805732421875 0.5935083515625 0.603059890625 0.6323107763671875 0.599852859375 0.636473765625 0.5984612021484375 0.6387630341796875 0.5936472939453125 0.6506320205078125 0.5938075888671875 0.6640680732421875 0.591538791015625 0.6705612177734375 0.58611340625 0.678226328125 0.586885177734375 0.6919552646484375 0.574039681640625 0.6892842373046875 0.5554039326171875 0.679356974609375 0.543798205078125 0.6663160234375 0.5374407529296875
1 0.6471361416015625 0.5271022568359375 0.639511919921875 0.5271106640625 0.6362551259765625 0.5296283125 0.63479027734375 0.534007853515625 0.64084743359375 0.5364285390625 0.65275730859375 0.5373690126953125 0.6593935595703125 0.534674255859375 0.660960625 0.5322451630859375 0.658323814453125 0.530427546875 0.6471361416015625 0.5271022568359375
1 0.6705407744140625 0.58572331640625 0.673054923828125 0.58520039453125 0.678001447265625 0.58259419140625 0.6786418740234375 0.578649017578125 0.6725847177734375 0.57622833203125 0.6650218271484375 0.5774070087890625 0.6653080400390625 0.582868263671875 0.6705407744140625 0.58572331640625
1 0.634722705078125 0.59737948828125 0.65083645703125 0.597708486328125 0.65811313671875 0.5910685537109375 0.651108896484375 0.5867416982421875 0.6351791396484375 0.5899235078125 0.634722705078125 0.59737948828125
1 0.6346680458984375 0.580171265625 0.64659836328125 0.581501830078125 0.6462917080078125 0.5756504853515625 0.63763862890625 0.57219236328125 0.6334551943359376 0.5731939296875 0.6346680458984375 0.580171265625
1 0.613198896484375 0.574646677734375 0.6192151650390625 0.5762871845703125 0.622451515625 0.573379447265625 0.6214022138671875 0.569522828125 0.61381887890625 0.5703114140625 0.613198896484375 0.574646677734375
1 0.558888931640625 0.55676140625 0.57490046484375 0.555139955078125 0.58407130859375 0.552312365234375 0.5741440458984375 0.5407066376953125 0.56658115625 0.5418853134765625 0.55501882421875 0.5475763642578125 0.5536153076171875 0.553126173828125 0.558888931640625 0.55676140625
1 0.6883100390625 0.5691456259765625 0.6926570224609375 0.5712647763671875 0.693133900390625 0.564198884765625 0.6888686904296875 0.5636400927734375 0.6872402939453125 0.5648989169921875 0.6883100390625 0.5691456259765625
0 0.7974339609375 0.5822024150390624 0.8002685390625 0.603958880859375 0.812893943359375 0.6185524931640625 0.8130779375 0.6220632998046876 0.826084671875 0.611602619140625 0.8369248017578125 0.608296384765625 0.85675178125 0.5986517529296875 0.88099374609375 0.576258587890625 0.879930671875 0.55597392578125 0.8684976748046875 0.5479675595703125 0.8520772666015625 0.5417872177734375 0.84700808203125 0.5420528818359375 0.835384419921875 0.5465736630859375 0.82885038671875 0.551218869140625 0.813888154296875 0.556696939453125 0.8082398740234376 0.562078046875 0.7974339609375 0.5822024150390624
1 0.837551455078125 0.5879231669921875 0.8483711396484375 0.5842268427734375 0.849052455078125 0.5810618486328125 0.845570779296875 0.579288509765625 0.838811865234375 0.5796427294921875 0.833865341796875 0.5822489326171875 0.8324004951171875 0.5866284736328125 0.837551455078125 0.5879231669921875
1 0.873553517578125 0.5797778017578125 0.8642395673828125 0.5798747646484375 0.860097021484375 0.5816565107421875 0.860342345703125 0.5863375859375 0.8664199453125 0.589148361328125 0.872150001953125 0.5853276123046876 0.873553517578125 0.5797778017578125
1 0.7962553251953125 0.5920432109375 0.800043658203125 0.59966789453125 0.8074429990234375 0.5953685009765625 0.8072181171875 0.5910775146484375 0.7994712333984375 0.5887453837890625 0.7962553251953125 0.5920432109375
1 0.8175133671875 0.6097048564453125 0.8234887470703125 0.6105651826171875 0.827631294921875 0.6087834365234375 0.8262344482421875 0.59829529296875 0.8210834892578125 0.597000599609375 0.8151898828125 0.5977006318359375 0.8139703603515624 0.606761248046875 0.8175133671875 0.6097048564453125
1 0.831446310546875 0.5522563056640625 0.828870830078125 0.551608958984375 0.8205857373046875 0.555172451171875 0.8182760263671875 0.55959626953125 0.8295454736328125 0.56448191796875 0.833565357421875 0.5603596337890625 0.831446310546875 0.5522563056640625
1 0.8519546044921875 0.5394466796875 0.852220373046875 0.5445178447265625 0.8599059267578125 0.54567970703125 0.857044234375 0.5395711044921875 0.8519546044921875 0.5394466796875