0 0.8347704111328125 0.3156274775390625 0.844500955078125 0.3332696953125 0.8600766015625 0.351320642578125 0.8866455556640624 0.363355599609375 0.8999769052734375 0.3575031015625 0.90066165625 0.3533105361328125 0.9044637958984375 0.3493359599609375 0.9209116806640625 0.3157144345703125 0.9275942939453125 0.287346681640625 0.931419869140625 0.2774371171875 0.92984903125 0.266302109375 0.930734265625 0.2536426669921875 0.929352619140625 0.251001783203125 0.931324421875 0.2452030390625 0.928430953125 0.2305831845703125 0.927402548828125 0.1948915078125 0.920305123046875 0.17319296875 0.9144478779296875 0.1617582255859375 0.9028635615234375 0.1482268271484375 0.8870639970703125 0.1445777451171875 0.87856233984375 0.154160326171875 0.8727883974609375 0.1639336484375 0.871147251953125 0.1706036044921875 0.8662351083984375 0.17365247265625 0.8579573701171875 0.1688331884765625 0.85226587890625 0.1718275595703125 0.842901572265625 0.1601475791015625 0.838945822265625 0.1607190556640625 0.83638386328125 0.1749574287109375 0.8371987890625 0.180102951171875 0.8230299296875 0.214731931640625 0.821755021484375 0.2273641240234375 0.8203742255859375 0.2527102578125 0.8231262275390625 0.2749530263671875 0.8347704111328125 0.3156274775390625
1 0.8875248291015625 0.154787044921875 0.8772752880859375 0.1557665068359375 0.8643691923828125 0.1667372783203125 0.8678293818359375 0.1788524931640625 0.87124269921875 0.20283768359375 0.87519844921875 0.20226620703125 0.8804056708984375 0.1949975244140625 0.8883163203125 0.1658675556640625 0.8875248291015625 0.154787044921875
1 0.8559977109375 0.1856579482421875 0.8596462392578125 0.178280271484375 0.8590439384765625 0.1756938857421875 0.856611302734375 0.17128333203125 0.850707185546875 0.1717185654296875 0.84382323828125 0.180566177734375 0.8559977109375 0.1856579482421875
0 0.7343803837890625 0.4409094990234375 0.7237533125 0.4528877255859375 0.7162089013671875 0.4879799326171875 0.7142379501953126 0.521765693359375 0.716612421875 0.5550072265625 0.7234737841796876 0.580081619140625 0.7331453134765625 0.598567798828125 0.7400179677734375 0.6066811875 0.7495237421875 0.6107382548828125 0.7576947412109375 0.6002844619140625 0.767223099609375 0.5704195244140625 0.7710478232421875 0.532522943359375 0.768814818359375 0.49165849609375 0.761079513671875 0.462282544921875 0.7456218984375 0.442543671875 0.7343803837890625 0.4409094990234375
1 0.721782361328125 0.4866734873046875 0.7189010361328125 0.483079646484375 0.715524150390625 0.492172498046875 0.714095630859375 0.501401591796875 0.7165048310546875 0.5117471337890624 0.7209092705078125 0.510358943359375 0.7236014052734375 0.505458658203125 0.72358926171875 0.49443264453125 0.721782361328125 0.4866734873046875
1 0.7192333974609375 0.539924890625 0.7193748642578125 0.5323019765625 0.716694021484375 0.520241259765625 0.7130689296875 0.521683947265625 0.7127859951171875 0.5369297763671875 0.7146519111328125 0.5438449697265625 0.7192333974609375 0.539924890625
1 0.734369091796875 0.4578705009765625 0.7353845009765625 0.4545491474609375 0.7341443212890625 0.4442853505859375 0.728629876953125 0.44474783203125 0.7255836494140625 0.45471189453125 0.727685626953125 0.45825123828125 0.734369091796875 0.4578705009765625
0 0.7729382490234376 0.1806979541015625 0.7736698720703125 0.164635412109375 0.7679072216796875 0.1574477314453125 0.765498021484375 0.1471021884765625 0.7587789775390625 0.1423918994140625 0.7437110361328125 0.122680275390625 0.7278524560546875 0.11987515625 0.71218306640625 0.125564162109375 0.70005631640625 0.1365894326171875 0.6950027060546875 0.1472612138671875 0.6935741865234375 0.1564903076171875 0.6942832255859375 0.17434976953125 0.698440310546875 0.1932984326171875 0.714689416015625 0.22411781640625 0.7310088291015625 0.237132234375 0.7368539306640625 0.2375409638671875 0.751554783203125 0.2233033359375 0.7564434912109375 0.2261894560546875 0.76287875 0.2181585576171875 0.769514490234375 0.2016607822265625 0.7703641455078125 0.1839103134765625 0.7729382490234376 0.1806979541015625
1 0.72151264453125 0.1601401337890625 0.72204378515625 0.15254446875 0.720236884765625 0.1447853115234375 0.7150530986328125 0.1461190048828125 0.7146399892578125 0.1520267451171875 0.7179465673828125 0.1607388583984375 0.72151264453125 0.1601401337890625
1 0.7561475615234375 0.20242225390625 0.7568913291015625 0.1973857255859375 0.7556277138671875 0.1930569169921875 0.7508336005859375 0.194417859375 0.7503024599609375 0.2020135244140625 0.753632474609375 0.204790650390625 0.7561475615234375 0.20242225390625
0 0.753740916015625 0.276037759765625 0.7408816923828125 0.2751385556640625 0.7370318291015625 0.262996091796875 0.735897537109375 0.24001835546875 0.7207592880859375 0.2381116962890625 0.7121630361328125 0.2434472158203125 0.6986077685546875 0.263701578125 0.6949948193359375 0.2761702802734375 0.6939325380859375 0.291361611328125 0.6917836884765625 0.299692244140625 0.68837122265625 0.3036940693359375 0.6861399208984374 0.318803654296875 0.697606205078125 0.3340229775390625 0.7130160966796875 0.3376448115234375 0.726619087890625 0.33350748828125 0.740150919921875 0.31918811328125 0.7472943662109375 0.30102966015625 0.754331923828125 0.2955851474609375 0.756173552734375 0.280448314453125 0.753740916015625 0.276037759765625
1 0.6923625517578125 0.308213619140625 0.69840813671875 0.300155470703125 0.6973094248046875 0.2822687607421875 0.69173596484375 0.283575205078125 0.687650890625 0.302795609375 0.68825319140625 0.3053819951171875 0.6923625517578125 0.308213619140625
0 0.770470154296875 1 0.7713209462890624 0.971004361328125 0.767305328125 0.9444327841796875 0.751539640625 0.8899006962890625 0.73842006640625 0.870325314453125 0.7310397060546875 0.8638726025390625 0.7270839560546875 0.864444080078125 0.7235413154296875 0.85910781640625 0.713681447265625 0.8601145263671875 0.710150951171875 0.8658042763671875 0.701756033203125 0.8906599345703125 0.7018870595703125 0.9279850400390625 0.700517556640625 0.936370169921875 0.697376732421875 0.942087169921875 0.6967397041015625 0.9623967744140625 0.702370005859375 1 0.770470154296875 1
1 0.7219512998046875 0.993842876953125 0.7240767138671875 0.9914472314453125 0.7244898232421875 0.9855394912109375 0.723497849609375 0.982925857421875 0.71915242578125 0.9834700859375 0.7179009541015625 0.990167291015625 0.7219512998046875 0.993842876953125
1 0.7247103359375 0.8591895625 0.7212388544921875 0.8640353505859375 0.7286782294921875 0.869644099609375 0.7316420068359375 0.86645898828125 0.7297170751953125 0.8603877568359375 0.7247103359375 0.8591895625
1 0.7027245703125 0.8992085576171875 0.70083521875 0.8982283525390625 0.6985917734375 0.9023119228515625 0.6956522841796875 0.9275490615234375 0.6968924638671875 0.9378128583984375 0.7026195341796875 0.939909513671875 0.70539412109375 0.92823027734375 0.70498016015625 0.9061510009765625 0.7027245703125 0.8992085576171875
1 0.7075889912109375 0.880042650390625 0.7104225927734374 0.867519451171875 0.709843728515625 0.8589980771484375 0.70421125390625 0.8611484853515625 0.7019799521484374 0.8762580703125 0.70285389453125 0.8805596298828124 0.7075889912109375 0.880042650390625
0 0.588634625 0.5596275810546875 0.5968290595703125 0.5432387998046875 0.6072305087890625 0.48968840625 0.6101222744140625 0.448334228515625 0.6084091181640625 0.4168351171875 0.6019374287109375 0.391787974609375 0.5925965576171875 0.374173005859375 0.5869875185546874 0.3703884248046875 0.5825830791015625 0.371776615234375 0.572404697265625 0.3829381279296875 0.5669614130859375 0.3935826611328125 0.560597314453125 0.411795611328125 0.552793404296875 0.4561986572265625 0.5512711416015625 0.489167705078125 0.55311362109375 0.50201788671875 0.551555779296875 0.529895908203125 0.5530207294921875 0.5537448564453125 0.55630387109375 0.5683919599609375 0.564250951171875 0.5723400322265625 0.5671678564453125 0.5810248974609376 0.580617236328125 0.573484474609375 0.58578887890625 0.5611247666015625 0.588634625 0.5596275810546875
1 0.57864202734375 0.467335154296875 0.5799525146484374 0.459793986328125 0.5785708681640624 0.457153103515625 0.5748511806640625 0.4543487294921875 0.5718049521484375 0.464312791015625 0.57456824609375 0.469594556640625 0.57864202734375 0.467335154296875
1 0.608267650390625 0.4244580322265625 0.6097907646484375 0.419476 0.6081964912109376 0.41427598046875 0.6024104052734375 0.4130232880859375 0.60121794921875 0.4188765302734375 0.60476058984375 0.4242127939453125 0.608267650390625 0.4244580322265625
0 0.6136137861328125 0.3256053876953125 0.603542142578125 0.3520399765625 0.60440479296875 0.3733025380859375 0.618610935546875 0.3997386171875 0.6294983564453125 0.40643656640625 0.641601669921875 0.40134628515625 0.661746658203125 0.4044511396484375 0.67246832421875 0.3967199755859375 0.6791986611328125 0.3844692626953125 0.682303904296875 0.37366123828125 0.6835788125 0.3610290439453125 0.679480744140625 0.3412364189453125 0.6581303037109375 0.30497177734375 0.644550748046875 0.3031741123046875 0.6136137861328125 0.3256053876953125
1 0.6432636962890625 0.3047802919921875 0.640594998046875 0.30374558984375 0.6311013681640625 0.3107145361328125 0.6288579228515625 0.314798107421875 0.628598423828125 0.3241089462890625 0.6318694228515624 0.32773003515625 0.641363052734375 0.3207610888671875 0.64333485546875 0.31496234375 0.6432636962890625 0.3047802919921875
0 0.6411696044921875 0.1723318828125 0.644132529296875 0.141159755859375 0.6463403955078125 0.1319851591796875 0.643198720703125 0.109715142578125 0.6326298134765626 0.092862390625 0.6206679677734375 0.0903297568359375 0.598409708984375 0.1006465625 0.5811703330078125 0.123187576171875 0.5661275302734375 0.1535149970703125 0.56003507421875 0.17344312109375 0.5567293466796875 0.1927180224609375 0.5544633173828125 0.23072359765625 0.5583374677734375 0.264918087890625 0.566261111328125 0.2748011484375 0.56789096484375 0.2850921943359375 0.57161065234375 0.287896568359375 0.5773021435546875 0.2849021982421875 0.5943410361328125 0.2708280615234375 0.6110136923828124 0.2507916875 0.631027654296875 0.2165714365234375 0.6411696044921875 0.1723318828125
1 0.6364675322265625 0.0939788388671875 0.638049662109375 0.088152845703125 0.6350737421875 0.0803119423828125 0.632853732421875 0.0784605244140625 0.6273748681640625 0.0840140322265625 0.62791815234375 0.087444380859375 0.6364675322265625 0.0939788388671875
0 0.542512763671875 0.211229962890625 0.5459243779296875 0.17924112109375 0.5462186044921875 0.147034291015625 0.54424594921875 0.12484601953125 0.5409628076171875 0.1101989169921875 0.5357312978515625 0.095415572265625 0.5279256845703125 0.0838445849609375 0.51406234375 0.069305732421875 0.5053949326171875 0.0644592001953125 0.4968811318359375 0.063015767578125 0.4848133984375 0.07319707421875 0.4761702744140625 0.0904025693359375 0.4648002880859375 0.13540433984375 0.4542678125 0.1516296298828125 0.444597134765625 0.16113046484375 0.4384100830078125 0.1768115263671875 0.43837535546875 0.199707517578125 0.4404538974609375 0.2091818486328125 0.4579310390625 0.239239015625 0.478985548828125 0.251736455078125 0.4902860791015625 0.2525266650390625 0.5201607607421875 0.245286720703125 0.5266906142578125 0.241502884765625 0.537553748046875 0.226148806640625 0.542512763671875 0.211229962890625
1 0.5003898955078125 0.1192350380859375 0.4999889306640625 0.136168791015625 0.502693208984375 0.14229451953125 0.5052082958984375 0.139926123046875 0.5088802607421875 0.126613458984375 0.50791172265625 0.1180648349609375 0.5050303974609375 0.1144709951171875 0.5003898955078125 0.1192350380859375
1 0.5080401943359375 0.0714288916015625 0.503753787109375 0.0711291572265625 0.5033762568359375 0.082127921875 0.5082293857421875 0.0799230166015625 0.5080401943359375 0.0714288916015625
1 0.483893435546875 0.1087525068359375 0.481413927734375 0.1162119287109375 0.487081982421875 0.119152546875 0.4888177236328125 0.1167296533203125 0.488510501953125 0.109923453125 0.483893435546875 0.1087525068359375
1 0.4673040830078125 0.1499969462890625 0.4651552333984375 0.1583275791015625 0.4708232880859375 0.161268197265625 0.4733618115234375 0.1529648125 0.47281852734375 0.1495344638671875 0.4673040830078125 0.1499969462890625
1 0.4959733125 0.10959721484375 0.4972959443359375 0.113082060546875 0.50230268359375 0.1142802548828125 0.5058921962890625 0.107746541015625 0.5058566162109375 0.102655515625 0.503034306640625 0.098217712890625 0.49751986328125 0.0986801943359375 0.4959733125 0.10959721484375
1 0.4988312021484375 0.11912604296875 0.495536767578125 0.1214399423828125 0.497249072265625 0.1249520361328125 0.49982317578125 0.1217396767578125 0.4988312021484375 0.11912604296875
0 0.4425695 0.66051344921875 0.4447062060546875 0.6411568017578125 0.4476344033203125 0.6328806650390625 0.4518262158203125 0.6289333369140625 0.457671318359375 0.62934206640625 0.4634452607421875 0.6195687451171875 0.4657711572265625 0.60870622265625 0.4684042763671875 0.604649900390625 0.4682853935546875 0.5783508095703125 0.464813060546875 0.5552095810546875 0.4557316884765625 0.5282837734375 0.439223083984375 0.506775228515625 0.423754177734375 0.5039973583984375 0.4116508642578125 0.5090876396484375 0.3976113271484375 0.52506769140625 0.3906449287109375 0.540694255859375 0.3863125 0.580251513671875 0.3847668017578125 0.619155548828125 0.385640744140625 0.6234571083984375 0.3901397783203125 0.62631598046875 0.388534212890625 0.638076962890625 0.38914865625 0.6516893623046875 0.3937422861328125 0.658795296875 0.3920421259765625 0.666309216796875 0.4031187373046875 0.6815012919921875 0.42194109375 0.6811212998046875 0.4346701435546875 0.672682416015625 0.4425695 0.66051344921875
1 0.4551683740234375 0.6427364765625 0.4560891884765625 0.635168060546875 0.4539872099609375 0.6316287177734375 0.4498188330078125 0.629641056640625 0.446678009765625 0.635358056640625 0.4442930966796875 0.6470645419921875 0.4461590126953125 0.6539797353515625 0.4483790224609375 0.65583115234375 0.4505044365234375 0.6534355078125 0.4551683740234375 0.6427364765625
1 0.3941319599609375 0.658822544921875 0.3943445869140625 0.6613816826171875 0.396328533203125 0.666608951171875 0.4001662529296875 0.667725400390625 0.403307076171875 0.662008400390625 0.4030588701171875 0.65435823828125 0.39760344140625 0.6539767578125 0.3941319599609375 0.658822544921875
1 0.3869277958984375 0.6218509287109375 0.384637478515625 0.6378044765625 0.39034111328125 0.6458361201171875 0.3954893193359375 0.639411400390625 0.394272576171875 0.6232126162109375 0.3869277958984375 0.6218509287109375
1 0.404014412109375 0.6238938310546875 0.401239826171875 0.6355730673828125 0.407084927734375 0.635981796875 0.411571818359375 0.6278146552734375 0.4110875498046875 0.6235403427734375 0.404014412109375 0.6238938310546875
1 0.412114251953125 0.6032579873046875 0.409752775390625 0.6090294833984375 0.4122444267578125 0.6125960751953125 0.4162001767578125 0.6120245986328126 0.41634164453125 0.6044016845703125 0.412114251953125 0.6032579873046875
1 0.4364849296875 0.5515325068359375 0.4361429794921875 0.5676222978515625 0.4378318486328125 0.577069380859375 0.4505608974609375 0.5686304970703125 0.45031269140625 0.560980333984375 0.4460731552734375 0.5488106220703125 0.4407357578125 0.5467412158203125 0.4364849296875 0.5515325068359375
1 0.4084205546875 0.6784796728515625 0.405787435546875 0.682535994140625 0.4127425419921875 0.68387043359375 0.413816966796875 0.679705115234375 0.412765978515625 0.6779354443359376 0.4084205546875 0.6784796728515625
0 0.3821622275390625 0.7851989794921875 0.3602224833984375 0.785360982421875 0.344199 0.7961137646484375 0.3406919384765625 0.79586852734375 0.3494895244140625 0.8100531484375 0.3514500361328125 0.8212154052734375 0.3586064765625 0.842069982421875 0.377878375 0.8688602919921875 0.39814139453125 0.870277220703125 0.4074814130859375 0.859905173828125 0.4156168330078125 0.84436035546875 0.4159709267578125 0.8392965791015625 0.4129004111328125 0.82720861328125 0.4090861279296875 0.82015717578125 0.4054723271484375 0.804638861328125 0.400819681640625 0.798376890625 0.3821622275390625 0.7851989794921875
1 0.3715950244140625 0.8243202587890625 0.373945208984375 0.8355097646484375 0.3770035810546875 0.836571716796875 0.3791880107421875 0.8333321083984375 0.3796601357421875 0.82658040625 0.3776761884765625 0.82135313671875 0.3735078115234375 0.8193654775390625 0.3715950244140625 0.8243202587890625
1 0.3752921279296875 0.8610466376953125 0.37633097265625 0.8517902958984375 0.375067357421875 0.8474614873046875 0.370391275390625 0.84713450390625 0.3668607783203125 0.8528242548828125 0.36995473046875 0.858977232421875 0.3752921279296875 0.8610466376953125
1 0.3725384228515625 0.782829837890625 0.3645088916015625 0.7856607177734375 0.3678744853515625 0.7935288681640625 0.3721608935546875 0.793828603515625 0.375419748046875 0.7864236787109375 0.3725384228515625 0.782829837890625
1 0.3524177216796875 0.80177701171875 0.350835591796875 0.8076030048828124 0.3520992080078125 0.811931814453125 0.36267940625 0.8118235634765625 0.3645921943359375 0.8068687822265626 0.3646156298828125 0.80093379296875 0.355771171875 0.7986191494140625 0.3524177216796875 0.80177701171875
1 0.407740060546875 0.822607318359375 0.4086964541015625 0.8201299267578125 0.40616922265625 0.8114723095703125 0.402059861328125 0.8086406875 0.39583723046875 0.81923072265625 0.39943888671875 0.8237230224609375 0.407740060546875 0.822607318359375
1 0.417954873046875 0.84452384765625 0.4128891181640625 0.844169615234375 0.4107992841796875 0.851656287109375 0.4172111064453125 0.8495603759765625 0.417954873046875 0.84452384765625