0 0.4481064267578125 0.4226772822265625 0.4358711982421875 0.4232714189453125 0.428860212890625 0.42777146484375 0.4217526318359375 0.4286568125 0.41639671875 0.4335086552734375 0.402425203125 0.434133083984375 0.3923631005859375 0.4407800576171875 0.3699845556640625 0.4484032568359375 0.353820220703125 0.4593440859375 0.32690898828125 0.49236105078125 0.321417095703125 0.5263366708984375 0.336014333984375 0.5593907939453125 0.341822466796875 0.564618869140625 0.348245251953125 0.57916268359375 0.3608010322265625 0.597406216796875 0.38868930078125 0.6248990478515625 0.396233720703125 0.630096830078125 0.4198415703125 0.6411051103515625 0.4249692177734375 0.641396322265625 0.4311834287109375 0.6447139521484375 0.47687572265625 0.6576209638671875 0.4943351943359375 0.6609327373046875 0.4980514169921875 0.6597258857421875 0.525035244140625 0.6670588818359375 0.5486935458984376 0.6696914990234375 0.574981505859375 0.6680908447265625 0.5923136201171875 0.659794345703125 0.603269091796875 0.6489443935546875 0.6070203857421875 0.635365091796875 0.619615548828125 0.6208701484375 0.6271642802734375 0.60570190625 0.6315806796875 0.5930626796875 0.6298991572265625 0.564351283203125 0.5940339375 0.505211513671875 0.58624587109375 0.5011599990234376 0.5758632177734375 0.488969302734375 0.5536514130859375 0.475462298828125 0.5380598974609375 0.46336248046875 0.5135432978515625 0.452560390625 0.5102177724609375 0.4478600107421875 0.4972054609375 0.4399025849609375 0.49694643359375 0.437052064453125 0.488995935546875 0.4337647265625 0.476333712890625 0.4200911142578125 0.4761965087890625 0.4166674599609375 0.4699976787109375 0.4173466171875 0.46461100390625 0.414204884765625 0.4504924375 0.4195902783203125 0.4481064267578125 0.4226772822265625
1 0.5425710322265626 0.5397988408203125 0.54387048046875 0.53368541796875 0.538565021484375 0.5301615966796875 0.53277226953125 0.5289303095703125 0.5212987412109376 0.5340792197265625 0.52248190234375 0.5407203369140625 0.52538596875 0.543334375 0.5288585439453125 0.5432737900390625 0.5394387001953125 0.542327857421875 0.5425710322265626 0.5397988408203125
1 0.5830587744140625 0.5324307041015625 0.5842770078125 0.5266993701171875 0.57285393359375 0.5234726171875 0.5697216015625 0.5260016337890625 0.571732296875 0.5328186494140625 0.580997625 0.5339893515625 0.5830587744140625 0.5324307041015625
1 0.5641066611328125 0.5280029560546875 0.5610401640625 0.5261530966796875 0.5534299072265625 0.5253341904296875 0.547652537109375 0.5280996904296875 0.5485766689453125 0.531890287109375 0.5556996318359375 0.5350017265625 0.562807212890625 0.53411637890625 0.5657771142578125 0.5323515400390625 0.5641066611328125 0.5280029560546875
1 0.53160880078125 0.5059199541015625 0.5360867236328125 0.509267876953125 0.5410519404296875 0.5103232666015625 0.5471541728515625 0.5060294111328125 0.5468797646484375 0.499182103515625 0.5421581943359375 0.496980447265625 0.530928314453125 0.5009830908203124 0.53160880078125 0.5059199541015625
1 0.4673089462890625 0.4706876015625 0.4717868701171875 0.4740355244140625 0.482788484375 0.4751759345703125 0.4857583857421875 0.473411095703125 0.4845752255859375 0.466769978515625 0.4755535439453125 0.4644530087890625 0.4666284599609375 0.46575073828125 0.4673089462890625 0.4706876015625
1 0.46957191015625 0.4356262998046875 0.4706738544921875 0.442649505859375 0.4801982099609375 0.446670728515625 0.488798431640625 0.44690135546875 0.4977235166015625 0.4456036259765625 0.491331494140625 0.43905338671875 0.4765828955078125 0.43112625390625 0.46957191015625 0.4356262998046875
1 0.5126129931640625 0.5545967080078125 0.502601345703125 0.5528680185546875 0.497230052734375 0.5537230732421875 0.499062935546875 0.5573074794921875 0.4918083046875 0.5629537919921875 0.4906712880859375 0.568303037109375 0.4914329892578125 0.5728578115234375 0.4995612998046875 0.5793777587890625 0.4965101826171875 0.5815246865234375 0.5362977470703125 0.585588923828125 0.5408415048828125 0.584557970703125 0.5429684892578125 0.5786204462890625 0.53687056640625 0.5625482763671875 0.53224559375 0.5639613193359375 0.5126129931640625 0.5545967080078125
1 0.600382267578125 0.5648662548828125 0.6007729638671875 0.5589590234375 0.5902586416015625 0.555526080078125 0.5849685634765625 0.5559990458984375 0.5852429716796875 0.5628463544921875 0.5923659345703125 0.5659577939453125 0.600382267578125 0.5648662548828125
1 0.56015786328125 0.55471888671875 0.5612136650390624 0.5497517314453125 0.54531266796875 0.5431770556640625 0.534488865234375 0.5452692548828125 0.5352505673828125 0.549824029296875 0.5455212421875 0.554403240234375 0.56015786328125 0.55471888671875
1 0.5313743642578125 0.616889921875 0.5190425380859375 0.6138693603515625 0.515488748046875 0.6143120341796875 0.5127778740234376 0.6189273935546875 0.5154382939453125 0.622687697265625 0.5227236875 0.625034958984375 0.5338065185546875 0.6257932802734375 0.5356086396484375 0.621384111328125 0.5313743642578125 0.616889921875
1 0.58269266796875 0.652158423828125 0.583083365234375 0.6462511923828125 0.5719851533203125 0.641496083984375 0.5663702138671876 0.64349740625 0.567472158203125 0.6505206123046875 0.57475755078125 0.6528678740234375 0.58269266796875 0.652158423828125
1 0.5504581455078125 0.61255991796875 0.551463494140625 0.61596842578125 0.5645416396484375 0.619546974609375 0.5660035185546874 0.6126693740234375 0.555326765625 0.6100006083984375 0.5504581455078125 0.61255991796875
1 0.4482977587890625 0.5153675673828125 0.467331087890625 0.5194132265625 0.4751849892578125 0.5190858662109376 0.47697173046875 0.51067991015625 0.470077033203125 0.5024254169921875 0.4656144912109375 0.50307428125 0.4420220244140625 0.4960627880859375 0.433584232421875 0.495067984375 0.4270759208984375 0.5012722841796875 0.4296705068359375 0.5094114638671875 0.4482977587890625 0.5153675673828125
1 0.4519856669921875 0.5712620048828125 0.456788453125 0.573081572265625 0.4631497138671875 0.5716382373046875 0.4647740244140625 0.563996458984375 0.453269734375 0.561151794921875 0.4519856669921875 0.5712620048828125
1 0.425254107421875 0.5220506904296875 0.4233861513671875 0.5308387353515625 0.4263868134765625 0.537067470703125 0.43871094921875 0.5380896396484375 0.454685470703125 0.5422838330078125 0.4649407646484375 0.542866255859375 0.467829451171875 0.541483505859375 0.469372544921875 0.53422381640625 0.4643919482421875 0.5291716396484375 0.4538776259765625 0.5257386962890624 0.4346818662109375 0.5224572158203125 0.430285158203125 0.5187272041015625 0.425254107421875 0.5220506904296875
1 0.3628049677734375 0.55949439453125 0.3560222490234375 0.55885138671875 0.3507475517578125 0.5633211396484376 0.3414010087890625 0.5625325263671875 0.340248611328125 0.5638849833984375 0.3474681689453125 0.5706111220703125 0.36789754296875 0.572158056640625 0.3686943173828125 0.5643403798828125 0.3628049677734375 0.55949439453125
1 0.518429748046875 0.519092732421875 0.51964798046875 0.5133613984375 0.5128498798828125 0.508721603515625 0.507153724609375 0.5111050146484375 0.506519380859375 0.5181585126953125 0.5128960234375 0.52071196484375 0.518429748046875 0.519092732421875
1 0.6023578916015625 0.5840557216796874 0.5978799677734375 0.580707798828125 0.5896858232421875 0.5785667275390625 0.58489841796875 0.580743947265625 0.5830150810546875 0.585535205078125 0.586503037109375 0.5894714072265625 0.5951998564453125 0.593316732421875 0.6022108408203125 0.5888166865234375 0.6023578916015625 0.5840557216796874
1 0.5873238134765625 0.5449184677734376 0.5890447197265625 0.540891388671875 0.585475548828125 0.5373372744140625 0.581678111328125 0.5389262158203125 0.580703525390625 0.5435112822265625 0.5829424873046875 0.545185244140625 0.5873238134765625 0.5449184677734376
1 0.4892776923828125 0.6358966240234375 0.492440787109375 0.6413611826171876 0.4966596826171875 0.641858583984375 0.500198091796875 0.637419123046875 0.4947148212890625 0.6306626923828125 0.4892776923828125 0.6358966240234375
1 0.4569071904296875 0.6254218955078125 0.45948639453125 0.6295642880859375 0.4694168271484375 0.6316750673828125 0.4722242978515625 0.63067440625 0.473620341796875 0.628175681640625 0.4691424189453125 0.6248277587890625 0.4590495556640625 0.623481158203125 0.4569071904296875 0.6254218955078125
1 0.4819855390625 0.5888205244140625 0.489464125 0.5983971826171876 0.501618138671875 0.5981851357421875 0.49754629296875 0.5929267685546875 0.5048163046875 0.5912772431640625 0.5074459638671875 0.58704397265625 0.4984089013671875 0.5807302158203125 0.4825891201171875 0.573773451171875 0.47343576953125 0.580214234375 0.4742786875 0.584386919921875 0.4819855390625 0.5888205244140625
0 0.5217736923828125 0.7434405146484375 0.53772083203125 0.7620055517578125 0.5740315107421875 0.786496400390625 0.6093214609375 0.8035819541015625 0.63408170703125 0.8132377763671875 0.6587453564453125 0.819278900390625 0.681266642578125 0.82726076171875 0.7646853515625 0.8457906591796875 0.7958573125 0.845627484375 0.8031273251953125 0.8439779580078125 0.8175202998046875 0.8454398720703125 0.8522460517578125 0.8448340234375 0.88215363671875 0.8384118193359374 0.930758619140625 0.8132008173828125 0.9323983095703124 0.809555826171875 0.9241734033203125 0.7994211806640625 0.90841945703125 0.7880855400390625 0.875612115234375 0.771527681640625 0.8635085556640625 0.7633640654296875 0.84760755859375 0.7567893896484374 0.8417335908203125 0.7559401904296875 0.81820695703125 0.744549822265625 0.8011535625 0.739327603515625 0.7710878564453125 0.7261479599609375 0.709997240234375 0.70837052734375 0.6552986455078125 0.697143333984375 0.605418216796875 0.6917324951171875 0.5658896806640625 0.69051877734375 0.5280469775390625 0.6976504306640625 0.521538666015625 0.70385473046875 0.5185140009765625 0.7343612578125 0.5217736923828125 0.7434405146484375
1 0.9009519404296875 0.8028716943359375 0.9037901728515625 0.809864607421875 0.9143857099609375 0.8129154619140625 0.9189294677734375 0.8118845087890625 0.9208128056640625 0.8070932509765625 0.9170812021484375 0.8043033154296875 0.9055769140625 0.8014586513671875 0.9009519404296875 0.8028716943359375
1 0.8661295927734375 0.7998628447265625 0.8653174375 0.803683734375 0.87649686328125 0.80805675390625 0.8779587431640625 0.8011791533203125 0.8715008857421875 0.7990077900390625 0.8661295927734375 0.7998628447265625
1 0.7315439384765625 0.720937455078125 0.730163275390625 0.727432966796875 0.7331485576171874 0.7296649150390625 0.7391849560546875 0.729749935546875 0.7405656201171875 0.7232544248046875 0.7392354091796876 0.7213742724609375 0.734270193359375 0.7203188828125 0.7315439384765625 0.720937455078125
0 0.14124740234375 0.6130375322265625 0.1530414814453125 0.626726291015625 0.209015521484375 0.6685753251953125 0.2260842978515625 0.6777943310546874 0.272959751953125 0.697342458984375 0.3074221650390625 0.7142521142578125 0.3494794541015625 0.727983888671875 0.3660301748046875 0.731501853515625 0.40018741796875 0.7335706259765625 0.4307754892578125 0.73208528515625 0.449615625 0.7289015478515625 0.4672879814453125 0.7230734794921875 0.4828838076171875 0.7148072724609374 0.487122396484375 0.6989354375 0.4845278095703125 0.6907962568359375 0.477130439453125 0.680837509765625 0.4693423720703125 0.676785994140625 0.46468663671875 0.6702054619140625 0.4489326904296875 0.6588698212890625 0.4151353818359375 0.6429002421875 0.3936194443359375 0.6383268876953125 0.37431170703125 0.627433921875 0.328847677734375 0.6093838564453125 0.303194060546875 0.60393101171875 0.2858816376953125 0.5958582724609375 0.216221560546875 0.5858437880859375 0.184303279296875 0.5854489765625 0.1736419072265625 0.586776998046875 0.1553044453125 0.5916649892578125 0.1360736123046875 0.600755958984375 0.14124740234375 0.6130375322265625
1 0.3468473466796875 0.6671222958984375 0.3481621748046875 0.6650056611328125 0.3452581083984375 0.662391623046875 0.3331853115234375 0.66222158203125 0.338247123046875 0.6668916689453125 0.343131125 0.6683291474609375 0.3468473466796875 0.6671222958984375
1 0.398986427734375 0.6578378583984374 0.3967628466796875 0.66016068359375 0.40000715625 0.6652431533203125 0.42011166796875 0.668318443359375 0.4216701435546875 0.6650555419921875 0.41561836328125 0.6609737333984375 0.4042765048828125 0.6573648916015625 0.398986427734375 0.6578378583984374
1 0.2937663017578125 0.603524486328125 0.2924207109375 0.597647546875 0.2852977490234375 0.594536107421875 0.2791801337890625 0.59483317578125 0.28209958203125 0.6014440009765625 0.289303759765625 0.6041733515625 0.2937663017578125 0.603524486328125
1 0.396929587890625 0.6390304814453125 0.401473345703125 0.63799952734375 0.401701611328125 0.6328564736328125 0.394659865234375 0.6293629453125 0.3795205693359375 0.6273430439453125 0.382440017578125 0.633953869140625 0.396929587890625 0.6390304814453125
1 0.2556602607421875 0.62817164453125 0.25278695703125 0.633551181640625 0.259732107421875 0.63343001171875 0.2606254775390625 0.6292270341796875 0.2556602607421875 0.62817164453125
1 0.305791095703125 0.6771650546875 0.308776376953125 0.6793970029296875 0.3138228095703125 0.6800703037109375 0.3147161796875 0.675867326171875 0.30916707421875 0.673489771484375 0.305791095703125 0.6771650546875
1 0.2495229560546875 0.644837951171875 0.2541633095703125 0.6474216953125 0.2587070673828125 0.6463907421875 0.261920615234375 0.64347963671875 0.253142580078125 0.640016400390625 0.2495229560546875 0.644837951171875
1 0.234047728515625 0.6199835927734375 0.2401807236328125 0.6236833115234375 0.2448056962890625 0.62227026953125 0.2462675751953125 0.6153926689453125 0.2346008544921875 0.6133121826171875 0.234047728515625 0.6199835927734375
1 0.1513445771484375 0.594018107421875 0.1468162001953125 0.5990458486328125 0.1536955166015625 0.6033035546875 0.1561627431640625 0.5998344619140625 0.1513445771484375 0.594018107421875
1 0.1827558740234375 0.6130746904296875 0.18429896875 0.605815001953125 0.1814761181640625 0.602818875 0.1765109013671875 0.6017634853515625 0.1714952314453125 0.609083759765625 0.1749831875 0.6130199619140625 0.1827558740234375 0.6130746904296875
1 0.4134870693359375 0.687277283203125 0.417721345703125 0.69177147265625 0.42202145703125 0.6918867861328125 0.4249913583984375 0.690121947265625 0.4221685078125 0.6871258212890625 0.4134870693359375 0.687277283203125
1 0.6566706875 0.731379873046875 0.636937181640625 0.7387665888671875 0.6395163857421875 0.7429089814453125 0.6484568515625 0.7456080400390624 0.679903220703125 0.752292171875 0.683781873046875 0.750321142578125 0.6886658740234375 0.75175862109375 0.6895592451171875 0.747555642578125 0.685096703125 0.7482045078125 0.680847044921875 0.7397135302734374 0.6695051865234375 0.7361046884765625 0.664199728515625 0.7325808681640625 0.6566706875 0.731379873046875