0 0.452622673828125 0.53515625 0.4703891708984375 0.54375 0.4966159052734375 0.54921875 0.5008460234375 0.553125 0.5152284267578126 0.558203125 0.5160744501953125 0.5609375 0.5245346865234375 0.5625 0.53976311328125 0.5732421875 0.54060913671875 0.5765625 0.546531302734375 0.574609375 0.55245346875 0.5765625 0.56514382421875 0.568359375 0.56683587109375 0.56484375 0.578680203125 0.56171875 0.584602369140625 0.555859375 0.59137055859375 0.553515625 0.5956006767578125 0.54765625 0.6091370556640625 0.544140625 0.61759729296875 0.535546875 0.637901861328125 0.5234375 0.651438240234375 0.509375 0.67089678515625 0.471484375 0.6692047373046875 0.437109375 0.6480541455078125 0.4078125 0.6412859560546875 0.40390625 0.6319796953125 0.391015625 0.6159052451171875 0.37578125 0.5829103212890625 0.3546875 0.5744500849609375 0.351171875 0.5490693740234375 0.3453125 0.5439932314453125 0.34609375 0.5372250419921875 0.344140625 0.4898477158203125 0.341015625 0.47208121875 0.34140625 0.468697123046875 0.343359375 0.440778341796875 0.341796875 0.4170896787109375 0.344140625 0.3917089677734375 0.351171875 0.376480541015625 0.362890625 0.3680203046875 0.37578125 0.36717428125 0.38984375 0.3578680205078125 0.406640625 0.35363790234375 0.423046875 0.3519458544921875 0.436328125 0.3595600673828125 0.4640625 0.40693739453125 0.514453125 0.415397630859375 0.516796875 0.428087986328125 0.5265625 0.452622673828125 0.53515625
1 0.466159052734375 0.462890625 0.4627749580078125 0.463671875 0.452622673828125 0.466796875 0.4500846025390625 0.469921875 0.4500846025390625 0.476171875 0.4560067685546875 0.478515625 0.46192893359375 0.478515625 0.47208121875 0.47109375 0.4695431474609375 0.46484375 0.466159052734375 0.462890625
1 0.4120135361328125 0.485546875 0.4120135361328125 0.49140625 0.4238578681640625 0.4921875 0.426395939453125 0.4890625 0.4230118447265625 0.4828125 0.413705583984375 0.48359375 0.4120135361328125 0.485546875
1 0.445854484375 0.47890625 0.4382402705078125 0.47734375 0.4314720810546875 0.4796875 0.428934009765625 0.48203125 0.4314720810546875 0.4859375 0.43485617578125 0.487109375 0.4424703896484375 0.486328125 0.44754653125 0.482421875 0.445854484375 0.47890625
1 0.4576988154296875 0.4984375 0.452622673828125 0.50390625 0.454314720703125 0.510546875 0.45939086328125 0.51171875 0.4695431474609375 0.50546875 0.467851099609375 0.50078125 0.4627749580078125 0.4984375 0.4576988154296875 0.4984375
1 0.5219966162109375 0.520703125 0.519458544921875 0.523046875 0.5219966162109375 0.529296875 0.531302876953125 0.5296875 0.53976311328125 0.5265625 0.53807106640625 0.521875 0.532994923828125 0.51953125 0.5219966162109375 0.520703125
1 0.5304568525390625 0.548046875 0.5219966162109375 0.549609375 0.51353637890625 0.552734375 0.521150591796875 0.5578125 0.5372250419921875 0.5625 0.5431472080078125 0.556640625 0.54060913671875 0.55 0.5304568525390625 0.548046875
1 0.4915397626953125 0.446875 0.4890016923828125 0.44375 0.494923857421875 0.43671875 0.494923857421875 0.43125 0.493231810546875 0.426953125 0.4839255498046875 0.422265625 0.48646362109375 0.41953125 0.4467005078125 0.423828125 0.4424703896484375 0.42578125 0.441624365234375 0.43203125 0.4509306259765625 0.446484375 0.455160744140625 0.444140625 0.4763113369140625 0.44921875 0.48646362109375 0.448828125 0.4915397626953125 0.446875
1 0.388324873046875 0.457421875 0.389170896484375 0.46328125 0.400169205078125 0.464453125 0.4052453466796875 0.462890625 0.4035532998046875 0.45625 0.3959390859375 0.4546875 0.388324873046875 0.457421875
1 0.4297800341796875 0.458984375 0.4297800341796875 0.4640625 0.4467005078125 0.4671875 0.4568527919921875 0.462890625 0.455160744140625 0.45859375 0.4441624365234375 0.45625 0.4297800341796875 0.458984375
1 0.45939086328125 0.383203125 0.4517766494140625 0.382421875 0.440778341796875 0.383984375 0.439932318359375 0.388671875 0.4450084599609375 0.3921875 0.4576988154296875 0.392578125 0.46108291015625 0.39140625 0.4627749580078125 0.386328125 0.45939086328125 0.383203125
1 0.387478849609375 0.368359375 0.388324873046875 0.37421875 0.400169205078125 0.3765625 0.4052453466796875 0.3734375 0.402707275390625 0.366796875 0.3950930625 0.366015625 0.387478849609375 0.368359375
1 0.4120135361328125 0.403515625 0.4230118447265625 0.40390625 0.427241962890625 0.400390625 0.4255499150390625 0.397265625 0.4120135361328125 0.396484375 0.4120135361328125 0.403515625
1 0.571065990234375 0.48359375 0.56683587109375 0.476171875 0.547377326171875 0.47421875 0.52791878125 0.47421875 0.520304568359375 0.476171875 0.520304568359375 0.484765625 0.5287648056640625 0.49140625 0.532994923828125 0.48984375 0.5575296103515625 0.491796875 0.56598984765625 0.491015625 0.571065990234375 0.48359375
1 0.521150591796875 0.430078125 0.532994923828125 0.43046875 0.532148900390625 0.4203125 0.5270727578125 0.41953125 0.521150591796875 0.422265625 0.521150591796875 0.430078125
1 0.5685279189453125 0.462890625 0.5685279189453125 0.45390625 0.56429780078125 0.4484375 0.55203045703125 0.45 0.5355329951171875 0.44921875 0.5253807109375 0.45078125 0.5228426396484375 0.452734375 0.5228426396484375 0.46015625 0.5287648056640625 0.4640625 0.53976311328125 0.465234375 0.559221658203125 0.464453125 0.56429780078125 0.4671875 0.5685279189453125 0.462890625
1 0.6429780029296875 0.404296875 0.6345177666015624 0.39921875 0.6142131982421875 0.401953125 0.6150592216796875 0.409765625 0.6218274111328125 0.41328125 0.6285956005859376 0.4125 0.63282571875 0.40703125 0.6421319794921875 0.405859375 0.6429780029296875 0.404296875
1 0.4780033837890625 0.48515625 0.4780033837890625 0.491015625 0.48561759765625 0.494140625 0.4906937392578125 0.490625 0.4898477158203125 0.48359375 0.4830795263671875 0.482421875 0.4780033837890625 0.48515625
1 0.401015228515625 0.43359375 0.3967851103515625 0.43046875 0.387478849609375 0.428515625 0.38155668359375 0.434375 0.38240270703125 0.4390625 0.387478849609375 0.44140625 0.3959390859375 0.441796875 0.400169205078125 0.438671875 0.401015228515625 0.43359375
1 0.4052453466796875 0.47421875 0.4043993232421875 0.478515625 0.40862944140625 0.48125 0.4120135361328125 0.47890625 0.4120135361328125 0.47421875 0.40947546484375 0.473046875 0.4052453466796875 0.47421875
1 0.4712351943359375 0.365625 0.4780033837890625 0.37109375 0.4822335029296875 0.36484375 0.4780033837890625 0.36015625 0.473773265625 0.360546875 0.4712351943359375 0.365625
1 0.5025380712890625 0.36484375 0.5 0.36640625 0.4991539765625 0.369140625 0.5042301181640625 0.371484375 0.51438240234375 0.370703125 0.5160744501953125 0.368359375 0.51269035546875 0.36484375 0.5025380712890625 0.36484375
1 0.5093062607421875 0.416015625 0.507614212890625 0.412109375 0.4991539765625 0.409375 0.4898477158203125 0.4015625 0.4780033837890625 0.404296875 0.4830795263671875 0.40859375 0.4763113369140625 0.41171875 0.4746192890625 0.41640625 0.4847715732421875 0.420703125 0.5016920478515625 0.42421875 0.5093062607421875 0.416015625
0 0.106598984375 0.32109375 0.112521150390625 0.320703125 0.137901861328125 0.326953125 0.1556683583984375 0.328515625 0.1878172587890625 0.33515625 0.25126903515625 0.33984375 0.3071065986328125 0.339453125 0.3570219970703125 0.334375 0.3959390859375 0.32734375 0.4314720810546875 0.3125 0.4365482236328125 0.305078125 0.43316412890625 0.274609375 0.428087986328125 0.26640625 0.40862944140625 0.2515625 0.3680203046875 0.23515625 0.32994923828125 0.22578125 0.30372250390625 0.221484375 0.2783417939453125 0.220703125 0.2546531298828125 0.217578125 0.1692047373046875 0.216796875 0.138747884765625 0.2234375 0.1319796953125 0.2265625 0.11759729296875 0.228125 0.0837563447265625 0.2359375 0.0558375634765625 0.2484375 0.01353637890625 0.283203125 0.01269035546875 0.287109375 0.0228426396484375 0.2953125 0.04060913671875 0.303125 0.0761421318359375 0.3125 0.0896785107421875 0.31796875 0.106598984375 0.32109375
1 0.0296108291015625 0.280078125 0.0253807109375 0.28203125 0.0245346865234375 0.287109375 0.0287648056640625 0.2890625 0.04060913671875 0.289453125 0.044839255859375 0.287109375 0.04060913671875 0.280859375 0.0296108291015625 0.280078125
1 0.0676818955078125 0.283984375 0.0744500849609375 0.284765625 0.0795262265625 0.2828125 0.0795262265625 0.27890625 0.0676818955078125 0.276953125 0.0676818955078125 0.283984375
1 0.22419627734375 0.323828125 0.218274111328125 0.325 0.218274111328125 0.331640625 0.2199661591796875 0.333203125 0.22504230078125 0.333203125 0.2275803720703125 0.33203125 0.2275803720703125 0.325390625 0.22419627734375 0.323828125
0 0.5169204736328125 0.333984375 0.5532994921875 0.342578125 0.5752961083984375 0.342578125 0.5964467001953125 0.34921875 0.64467005078125 0.357421875 0.67089678515625 0.357421875 0.689509306640625 0.36171875 0.7597292724609375 0.35703125 0.7910321484375 0.35078125 0.80118443359375 0.347265625 0.8181049072265625 0.338671875 0.835025380859375 0.32578125 0.82741116796875 0.31484375 0.8130287646484375 0.30390625 0.74957698828125 0.274609375 0.730964466796875 0.269140625 0.6810490693359375 0.259765625 0.64382402734375 0.250390625 0.599830794921875 0.245703125 0.5829103212890625 0.245703125 0.5490693740234375 0.25078125 0.519458544921875 0.25859375 0.5016920478515625 0.265625 0.48561759765625 0.275 0.47208121875 0.286328125 0.4712351943359375 0.302734375 0.4754653134765625 0.31015625 0.4847715732421875 0.318359375 0.493231810546875 0.320703125 0.4991539765625 0.326171875 0.5169204736328125 0.333984375
1 0.6150592216796875 0.3046875 0.6142131982421875 0.30703125 0.61759729296875 0.308984375 0.6294416240234375 0.306640625 0.623519458984375 0.303125 0.61844331640625 0.302734375 0.6150592216796875 0.3046875
1 0.5634517763671875 0.317578125 0.5431472080078125 0.31875 0.5423011845703125 0.322265625 0.5490693740234375 0.325 0.5609137060546875 0.326171875 0.56598984765625 0.324609375 0.5676818955078125 0.321875 0.5634517763671875 0.317578125
1 0.6802030458984375 0.355859375 0.6827411171875 0.361328125 0.690355330078125 0.362890625 0.69627749609375 0.361328125 0.692047376953125 0.35546875 0.6844331640625 0.354296875 0.6802030458984375 0.355859375
1 0.571912013671875 0.342578125 0.5676818955078125 0.34453125 0.5685279189453125 0.349609375 0.5761421318359375 0.3515625 0.59137055859375 0.350390625 0.587140439453125 0.34453125 0.571912013671875 0.342578125
1 0.7123519462890625 0.323828125 0.7140439931640625 0.31796875 0.7072758037109375 0.31953125 0.7072758037109375 0.323828125 0.7123519462890625 0.323828125
1 0.64467005078125 0.289453125 0.650592216796875 0.290625 0.6531302880859375 0.286328125 0.649746193359375 0.284765625 0.64467005078125 0.28515625 0.64467005078125 0.289453125
1 0.703045685546875 0.31015625 0.7123519462890625 0.31171875 0.7148900166015625 0.30625 0.709813875 0.3046875 0.705583755859375 0.306640625 0.703045685546875 0.31015625
1 0.72419627734375 0.334375 0.736040609375 0.333984375 0.7351945849609375 0.32734375 0.7284263955078125 0.325 0.72419627734375 0.32734375 0.72419627734375 0.334375
1 0.821489001953125 0.335546875 0.8248730966796874 0.3296875 0.8172588828125 0.326953125 0.8155668359375 0.330859375 0.821489001953125 0.335546875
1 0.7868020302734375 0.3234375 0.7868020302734375 0.330859375 0.790186125 0.333203125 0.795262267578125 0.333203125 0.7986463623046876 0.325 0.794416244140625 0.321875 0.7868020302734375 0.3234375
1 0.533840947265625 0.2984375 0.5372250419921875 0.30078125 0.545685279296875 0.298828125 0.54060913671875 0.2953125 0.5363790185546875 0.29609375 0.533840947265625 0.2984375
1 0.2986463623046875 0.30625 0.316412859375 0.294921875 0.3130287646484375 0.29140625 0.30372250390625 0.290625 0.2715736044921875 0.290625 0.268189509765625 0.293359375 0.2631133671875 0.29296875 0.2631133671875 0.297265625 0.2673434853515625 0.295703125 0.2732656513671875 0.303125 0.2851099833984375 0.304296875 0.2910321484375 0.306640625 0.2986463623046875 0.30625