0 0.41126547265625 0.566318359375 0.4267676455078125 0.579678017578125 0.4433133056640625 0.58766940234375 0.45473761328125 0.59983846875 0.49705994140625 0.625972224609375 0.522506677734375 0.632510314453125 0.549624970703125 0.643750619140625 0.5678209931640625 0.64768550390625 0.607886435546875 0.6455250322265625 0.6266042001953125 0.646775779296875 0.6292447099609375 0.646493169921875 0.627189880859375 0.6393288369140625 0.6318534267578125 0.633072486328125 0.64784555078125 0.63060993359375 0.6478349521484374 0.6262305751953126 0.6394450224609375 0.6206203759765625 0.64434276953125 0.6175930390625 0.6396262373046875 0.6019525986328125 0.646099810546875 0.5952522099609375 0.6625391435546875 0.5904889677734375 0.6743894658203125 0.59159862890625 0.6807991025390625 0.5896610458984375 0.6941613154296875 0.5918604609375 0.6930966337890625 0.5884700185546875 0.7051705595703125 0.588429333984375 0.720119197265625 0.5913350546875 0.722387033203125 0.5929696865234375 0.7339286181640625 0.59123378125 0.736622466796875 0.5818090068359375 0.7288715576171875 0.5596097001953125 0.73150146875 0.554947732421875 0.7299044462890625 0.549862068359375 0.7329921640625 0.54727876953125 0.7289782373046875 0.54132537109375 0.707662705078125 0.5268357099609375 0.6677784775390625 0.510328404296875 0.633270998046875 0.5016311494140625 0.59628267578125 0.49682896484375 0.5825477890625 0.4965467900390625 0.5364453837890625 0.4987276044921875 0.5037051904296875 0.5031078330078125 0.4648001591796875 0.5170340166015625 0.445581845703125 0.5272261220703125 0.4375112490234375 0.5288408466796874 0.4266616708984375 0.535884435546875 0.401629998046875 0.5449465380859375 0.387373369140625 0.5473485009765625 0.381645142578125 0.5502144091796874 0.382933427734375 0.5524545068359376 0.41126547265625 0.566318359375
1 0.4882341044921875 0.5649641611328124 0.5040877568359375 0.5676478623046874 0.50535484765625 0.561129244140625 0.498551341796875 0.5562253515625 0.488511048828125 0.55467165234375 0.4845289140625 0.5618563271484375 0.4882341044921875 0.5649641611328124
1 0.498402625 0.5259532919921875 0.5076124384765625 0.5273455615234375 0.5090285986328125 0.5200600478515625 0.5011710087890625 0.5161450693359375 0.4926426064453125 0.5156811240234375 0.4906941044921875 0.5212714169921875 0.498402625 0.5259532919921875
1 0.5374026806640625 0.5824802880859375 0.5435887138671875 0.5816930498046875 0.5441743935546876 0.5742461064453125 0.5347409765625 0.5740041806640624 0.532792474609375 0.5795944736328125 0.5374026806640625 0.5824802880859375
1 0.5572914541015624 0.59987610546875 0.569354783203125 0.5954560634765625 0.570174666015625 0.5912381337890625 0.5671508857421875 0.5890586259765626 0.562242541015625 0.5877066044921875 0.554321013671875 0.5885544326171875 0.5508712197265625 0.5974343291015625 0.5572914541015624 0.59987610546875
1 0.650539751953125 0.590146203125 0.65884455078125 0.5917604931640625 0.6629118173828125 0.5885717275390625 0.66033524609375 0.5840915302734375 0.6486339931640625 0.5822149736328125 0.64509906640625 0.5870989599609375 0.650539751953125 0.590146203125
1 0.6157775810546875 0.5073833056640625 0.6212076689453125 0.50605119140625 0.6211970703125 0.5016718330078125 0.613190412109375 0.4985237509765625 0.60624843359375 0.4987661123046875 0.605204947265625 0.5041343857421875 0.6157775810546875 0.5073833056640625
0 0.688229974609375 0.6667133408203125 0.7084168876953125 0.682575365234375 0.71491165625 0.684633693359375 0.71907465234375 0.6898201962890625 0.742349283203125 0.7030989228515625 0.7476514970703125 0.711292419921875 0.77497219921875 0.7126236650390625 0.7839372138671875 0.7064075625 0.8047525498046875 0.70130112109375 0.81245047265625 0.7016036376953125 0.8237578564453125 0.69663871875 0.83330855078125 0.6829756728515625 0.8357681982421875 0.6703218857421875 0.82853903125 0.64543844140625 0.8152301591796876 0.6340968623046875 0.8108329609375 0.625681345703125 0.79640606640625 0.6200914873046875 0.7827245205078125 0.6106671494140625 0.77939200390625 0.6056420751953125 0.766700603515625 0.599991626953125 0.753168126953125 0.589800392578125 0.743649578125 0.585562556640625 0.6863673095703124 0.6142216318359375 0.684791482421875 0.6178946845703125 0.6750705234375 0.6235659091796875 0.6735158916015626 0.6359976787109375 0.688229974609375 0.6667133408203125
1 0.8100445185546875 0.6740763046875 0.8203829501953125 0.6740962119140625 0.8233961328125 0.671896361328125 0.815304341796875 0.6647523701171875 0.8041354287109375 0.6645710341796875 0.8023359970703124 0.6693944306640625 0.8100445185546875 0.6740763046875
1 0.783714314453125 0.6454799951171875 0.7896767431640624 0.6458431015625 0.792232119140625 0.64156458203125 0.78565221875 0.6355103447265625 0.7803712001953125 0.6360755634765625 0.7803072626953125 0.6408383701171875 0.783714314453125 0.6454799951171875
1 0.7265811171875 0.67337217578125 0.7274755341796875 0.6687707978515625 0.72000121484375 0.6673179375 0.7191067978515625 0.6719193154296875 0.7265811171875 0.67337217578125
1 0.806477447265625 0.6968611728515625 0.8097036357421875 0.6891316201171875 0.80758487109375 0.6867300927734376 0.803432470703125 0.6859229482421875 0.79883286328125 0.6874164921875 0.7939351171875 0.6904438291015625 0.794243853515625 0.69328939453125 0.806477447265625 0.6968611728515625
1 0.7659012119140625 0.6750461845703125 0.77457868359375 0.6747432333984374 0.7786459501953125 0.6715544677734375 0.773577939453125 0.666589984375 0.762781701171875 0.664491408203125 0.762419625 0.6707880068359375 0.7659012119140625 0.6750461845703125
1 0.751708166015625 0.703724296875 0.7614503203125 0.7068117880859375 0.7657305947265625 0.6980933203125 0.7595233662109375 0.690121841796875 0.7474494404296875 0.690162525390625 0.74436172265625 0.6927458232421875 0.74505373046875 0.6980535068359375 0.751708166015625 0.703724296875
0 0.5241337294921875 0.80592883203125 0.557767986328125 0.827986181640625 0.5752931962890625 0.835372099609375 0.6089701953125 0.84390792578125 0.6459585185546876 0.8487101103515625 0.6573510341796875 0.8477411015625 0.6742163798828125 0.8319184541015625 0.6756113466796875 0.8158742236328125 0.6595022978515624 0.8012027919921875 0.6337256298828124 0.783060419921875 0.6188409296875 0.7753918935546875 0.5701195634765625 0.7555750771484375 0.5341001923828125 0.7457880673828124 0.517416060546875 0.7429429375 0.5093560615234375 0.74893701953125 0.5033081484375 0.775616958984375 0.5241337294921875 0.80592883203125
1 0.590295525390625 0.79809669921875 0.5952784052734374 0.7990652734375 0.5992605400390625 0.79188059765625 0.5972057119140625 0.784716263671875 0.5930533115234375 0.783909119140625 0.58928418359375 0.785564091796875 0.5877189541015625 0.7936165029296876 0.590295525390625 0.79809669921875
1 0.62211975390625 0.820598087890625 0.6280076484375 0.8213446416015625 0.6251862763671875 0.8092560732421875 0.6171796181640625 0.8061079912109375 0.6143900390625 0.8071574970703125 0.619319578125 0.8172682353515625 0.62211975390625 0.820598087890625
1 0.6411674501953125 0.8334531171875 0.6478858251953125 0.8343611005859375 0.6480242958984375 0.8292148466796875 0.64507505078125 0.8266518896484375 0.637675267578125 0.8248155810546876 0.636099439453125 0.8284886337890625 0.6411674501953125 0.8334531171875
1 0.5627296708984375 0.8201960380859376 0.5703530595703125 0.8208820029296875 0.5763794248046875 0.816482302734375 0.5746333330078125 0.8121635341796875 0.564443970703125 0.8113767314453125 0.559705890625 0.8180165302734375 0.5627296708984375 0.8201960380859376
1 0.538997234375 0.804838642578125 0.544427322265625 0.80350652734375 0.5463758232421875 0.797916234375 0.5396468525390625 0.7926288935546875 0.53466397265625 0.7916603193359375 0.5280307314453125 0.79474824609375 0.527295982421875 0.8029620859375 0.538997234375 0.804838642578125
1 0.5471854609375 0.7582799912109375 0.554585244140625 0.7601162998046875 0.5603880068359375 0.7568669443359375 0.5594723935546875 0.7527096044921875 0.5482183505859375 0.748532359375 0.5445982919921875 0.7494204365234375 0.54431075 0.7553335869140625 0.5471854609375 0.7582799912109375
1 0.5766454189453125 0.8328493916015625 0.5985466318359375 0.839892109375 0.6139424775390625 0.8404971416015625 0.6158909794921875 0.8349068486328125 0.6087893349609375 0.8315367470703126 0.5849290224609375 0.8257049638671875 0.577305634765625 0.825019 0.5738452431640625 0.8295195390625 0.5766454189453125 0.8328493916015625
1 0.6290507822265625 0.84701532421875 0.6317658251953125 0.8463492666015625 0.6341721328125 0.8428376435546875 0.6320533671875 0.840436115234375 0.62276901953125 0.8394272939453125 0.6218000673828125 0.844412119140625 0.6290507822265625 0.84701532421875
1 0.6384951494140625 0.82059765234375 0.6458843359375 0.8180546025390625 0.64798190625 0.8116974130859375 0.640582123046875 0.8098611044921875 0.636962064453125 0.810749181640625 0.6336507421875 0.81448282421875 0.6343427509765625 0.8197905078125 0.6384951494140625 0.82059765234375
1 0.5559053232421876 0.77549447265625 0.56496606640625 0.7776536396484375 0.5666058310546875 0.7692177802734375 0.5613887509765625 0.765020193359375 0.5541486337890625 0.7667963466796875 0.554010162109375 0.7719426015625 0.5559053232421876 0.77549447265625
0 0.2700849560546875 0.4457585732421875 0.278783623046875 0.4542143388671875 0.27690965625 0.45942118359375 0.30207944921875 0.4762517822265625 0.3329668701171875 0.4858371142578125 0.35206790625 0.4895499794921875 0.36580279296875 0.4898321533203125 0.3713925478515625 0.4921125009765625 0.37659903125 0.4919307294921875 0.4130338173828125 0.4862789765625 0.431868859375 0.4736247529296875 0.4355850009765625 0.4500729892578125 0.429824982421875 0.439800822265625 0.416814248046875 0.4269254501953125 0.402451291015625 0.4165727861328125 0.3750987958984375 0.402103466796875 0.3334045400390625 0.3860402001953125 0.32206536328125 0.3778670439453125 0.300866755859375 0.3805113681640625 0.27004291796875 0.3972021845703125 0.2603325576171875 0.4072527685546875 0.2570424306640625 0.419745126953125 0.2597786689453125 0.4278377861328125 0.2700849560546875 0.4457585732421875
1 0.322607595703125 0.44601953515625 0.33370197265625 0.4465843193359375 0.3318068125 0.443032447265625 0.326291591796875 0.44036865234375 0.31798679296875 0.43875436328125 0.318295529296875 0.4415999287109375 0.322607595703125 0.44601953515625
1 0.289729283203125 0.4245070625 0.2934984111328125 0.42285208984375 0.2916777841796875 0.4189167705078125 0.280881546875 0.4168181943359375 0.2784007041015625 0.420713265625 0.289729283203125 0.4245070625
1 0.30780767578125 0.4733858740234375 0.307562876953125 0.465777501953125 0.29993948828125 0.4650915380859375 0.2989705361328125 0.47007636328125 0.30780767578125 0.4733858740234375
0 0.185387314453125 0.37159426953125 0.1956936015625 0.3895150576171875 0.2069582431640625 0.3980716611328125 0.2368661142578125 0.4082624609375 0.25867159765625 0.40692991015625 0.2702665224609375 0.3960518408203125 0.275696611328125 0.3947197255859375 0.284885228515625 0.387353279296875 0.3010903603515625 0.3793610234375 0.3191161171875 0.375304087890625 0.3255045595703125 0.3646077890625 0.307649419921875 0.3456175888671875 0.294500212890625 0.3378884716796875 0.27712407421875 0.329735658203125 0.2639854658203125 0.3263858984375 0.242456927734375 0.3174259404296875 0.218596615234375 0.3115941572265625 0.1933946787109375 0.312664439453125 0.1832904482421875 0.315873546875 0.1762523876953125 0.338779595703125 0.185387314453125 0.37159426953125
1 0.2317663115234375 0.39015990234375 0.2364404541015625 0.38828291015625 0.2343110908203125 0.3815020244140625 0.2256336181640625 0.3818049755859375 0.223312443359375 0.3893125087890625 0.2317663115234375 0.39015990234375
0 0.1756997724609375 0 0.1718908603515625 0.0020736396484375 0.1540247705078125 0.0097430380859375 0.13320943359375 0.0148494794921875 0.1040465576171875 0.031863154296875 0.0950709453125 0.0336998974609375 0.0853499873046875 0.039371123046875 0.0787273427734375 0.046838408203125 0.0678770595703125 0.115959908203125 0.0707517705078125 0.1189063125 0.0821548837890625 0.1223166611328125 0.0993819541015625 0.1312363720703125 0.10761221875 0.133234109375 0.1208359580078125 0.1405797783203125 0.14329070703125 0.1580764345703125 0.161997521484375 0.185986779296875 0.1794481962890625 0.1937561455078125 0.191447587890625 0.1940989091796875 0.1947055693359375 0.199507431640625 0.2049694677734375 0.1999107861328125 0.2385401396484375 0.195691986328125 0.2723556123046875 0.19908155859375 0.3044783330078125 0.1890101982421875 0.3307770966796875 0.1734294775390625 0.3531046748046875 0.138373833984375 0.3610583466796875 0.119625125 0.3623148408203125 0.1087271484375 0.35251969921875 0.0837428662109375 0.3221755693359375 0.0491931572265625 0.2579224169921875 0 0.1756997724609375 0
1 0.2108905634765625 0.0896395927734375 0.21541563671875 0.08852949609375 0.216160984375 0.084695015625 0.2124557939453125 0.081587181640625 0.205886490234375 0.079912302734375 0.2003818671875 0.081627865234375 0.2006160693359375 0.0848568798828125 0.2108905634765625 0.0896395927734375
0 0.164690666015625 0.2386399169921875 0.164669470703125 0.2298812001953125 0.156918560546875 0.2076818935546875 0.1463780712890625 0.186532091796875 0.138052078125 0.1761590859375 0.131323107421875 0.170871744140625 0.1260954287109375 0.162294798828125 0.0966135703125 0.14104459375 0.0721357861328125 0.1295216787109375 0.0624787646484375 0.13043009765625 0.0542054052734375 0.1729928388671875 0.0564732412109375 0.1746274697265625 0.055859724609375 0.19551924609375 0.0465283251953125 0.2124879951171875 0.0437705390625 0.2266755751953125 0.047550263671875 0.2293999609375 0.0683122607421875 0.23343568359375 0.0868915537109375 0.2398326865234375 0.1307897080078125 0.262293390625 0.153564142578125 0.2559760146484375 0.164690666015625 0.2386399169921875
1 0.1412563681640625 0.221748728515625 0.1455578369140625 0.2217889765625 0.1478150751953125 0.21904425 0.1444080224609375 0.2144026240234375 0.136103224609375 0.2127883349609375 0.13491066796875 0.2189235048828125 0.1412563681640625 0.221748728515625
1 0.124348984375 0.189014986328125 0.1338569365234375 0.1888734638671875 0.1318021083984375 0.181709130859375 0.122666830078125 0.179933412109375 0.1216978779296875 0.1849182373046875 0.124348984375 0.189014986328125
0 0.1029560966796875 0.423220419921875 0.1197465556640625 0.4388201767578125 0.1272208740234375 0.440273037109375 0.146758521484375 0.43730585546875 0.1638898623046875 0.437850296875 0.176261927734375 0.4362758212890625 0.194905158203125 0.4379100166015625 0.2363546162109375 0.4463649111328125 0.2451917548828125 0.449674421875 0.2476937919921875 0.4545380673828125 0.25478483984375 0.4535288095703125 0.2663370234375 0.4561722626953125 0.270191283203125 0.4585132001953125 0.274492751953125 0.4585534482421875 0.2753126337890625 0.45433551953125 0.2565952216796875 0.4220458154296875 0.251378140625 0.417848228515625 0.2422428623046875 0.416072509765625 0.23431073828125 0.41254098046875 0.1812451591796875 0.4062054384765625 0.1346104140625 0.40669103125 0.121184263671875 0.4092544228515625 0.1091848720703125 0.408911658203125 0.0965146669921875 0.4120199267578125 0.0932778798828125 0.4153701220703125 0.095098505859375 0.41930544140625 0.1029560966796875 0.423220419921875
1 0.2249197099609375 0.4298164873046875 0.2366209619140625 0.4316930439453125 0.240762763671875 0.4281208310546875 0.2400707568359375 0.4228131474609375 0.2378774560546875 0.420795068359375 0.22285428515625 0.4182727958984375 0.220075302734375 0.4237016591796875 0.2249197099609375 0.4298164873046875
1 0.1659446904296875 0.445014630859375 0.1692560126953125 0.44128098828125 0.1675099208984375 0.436962220703125 0.1598865322265625 0.436276255859375 0.156873349609375 0.4384761064453125 0.1578634970703125 0.4422499970703125 0.1659446904296875 0.445014630859375
0 0.0333543984375 0.50638971875 0.04832423046875 0.51805415625 0.060792025390625 0.5248549482421875 0.0774867548828125 0.5320794365234375 0.1132825205078125 0.543016791015625 0.1616739560546875 0.55122932421875 0.184916794921875 0.5513699765625 0.21826386328125 0.5483015205078124 0.245137357421875 0.5519334541015625 0.254634712890625 0.5474125732421875 0.2554333994140625 0.534435927734375 0.2424120693359375 0.517181197265625 0.2383130087890625 0.507231888671875 0.234075478515625 0.502428833984375 0.21873297265625 0.49268163671875 0.2138885654296875 0.48656680859375 0.18585466015625 0.4711691650390625 0.13631341015625 0.4555702783203125 0.1156259482421875 0.4511511064453125 0.10120965234375 0.449940607421875 0.0717807802734375 0.450587193359375 0.0537550234375 0.45464412890625 0.0413935556640625 0.4605979638671875 0.033195083984375 0.47173830078125 0.023697728515625 0.476259181640625 0.021227484375 0.484533611328125 0.024421529296875 0.494704939453125 0.0333543984375 0.50638971875
1 0.0980791923828125 0.4660454287109375 0.104265224609375 0.4652581904296875 0.114305517578125 0.4668118896484375 0.1253041650390625 0.459001404296875 0.1204597578125 0.452886576171875 0.113059974609375 0.451050267578125 0.0991760185546875 0.451534990234375 0.0894656572265625 0.4615855732421875 0.0915844228515625 0.4639871005859375 0.0980791923828125 0.4660454287109375
1 0.1415410888671875 0.4641472236328125 0.15414735546875 0.46580176171875 0.1587469638671875 0.4643082177734375 0.1587363662109375 0.459928859375 0.14054034375 0.455993974609375 0.1378358984375 0.461039390625 0.1415410888671875 0.4641472236328125
1 0.1746430048828125 0.4845093515625 0.179168078125 0.483399255859375 0.17915748046875 0.4790198974609375 0.175303220703125 0.4766789609375 0.164506982421875 0.474580384765625 0.1627820859375 0.4790203330078125 0.1746430048828125 0.4845093515625
1 0.2174655283203125 0.5302392109375 0.2207768505859375 0.526505568359375 0.218125744140625 0.5224088193359375 0.2096718759765625 0.5215614267578125 0.209533404296875 0.5267076806640625 0.2174655283203125 0.5302392109375
1 0.2112586533203125 0.4912287763671875 0.2148041767578125 0.4907241484375 0.2145699755859375 0.4874951337890625 0.203156263671875 0.4797054267578125 0.1977261767578125 0.4810375419921875 0.1973641005859375 0.487334140625 0.2112586533203125 0.4912287763671875
0 0.289382759765625 0.936185669921875 0.3106025625 0.9423000634765625 0.3371779169921875 0.9474657890625 0.3891466689453125 0.9683117685546875 0.4152960107421875 0.9845368994140625 0.429797439453125 0.98974330859375 0.4498034912109375 0.9932341552734375 0.480818787109375 0.993293875 0.487143291015625 0.9873603818359376 0.4941598037109375 0.9867345732421875 0.485918943359375 0.9803574775390625 0.485833810546875 0.9763615673828125 0.5061380009765625 0.97831862109375 0.5065000771484375 0.9720220224609375 0.511174220703125 0.9701450302734375 0.511067892578125 0.9573904033203126 0.5189682255859375 0.9477838583984375 0.517435140625 0.937935388671875 0.5223010947265625 0.9217699765625 0.522215962890625 0.91777406640625 0.5159447978515626 0.91456539453125 0.51396450390625 0.90701761328125 0.5407316708984375 0.897894919921875 0.5469071064453125 0.8927283232421875 0.5555100439453124 0.8928088203125 0.5630377021484375 0.885119515625 0.5620475556640625 0.881345625 0.5728331962890625 0.8790648427734375 0.569181345703125 0.8668148447265625 0.5631231875 0.858076470703125 0.548302423828125 0.84564513671875 0.5367502412109375 0.84300168359375 0.5357600947265625 0.83922779296875 0.5266887529296875 0.8326892685546875 0.5171702041015624 0.8284514326171875 0.44640915234375 0.8067381533203125 0.4190778515625 0.8010275498046875 0.38767928515625 0.798505712890625 0.356844849609375 0.810817171875 0.3381376826171875 0.8139457822265626 0.31702420703125 0.820586015625 0.303140251953125 0.82107073828125 0.2863815849609375 0.8186090556640625 0.27688423046875 0.8231299365234375 0.2674508125 0.8228880107421875 0.2600616259765625 0.825431060546875 0.2702615869140625 0.8305972216796875 0.275787404296875 0.8376403740234375 0.302877177734375 0.85789515625 0.306270005859375 0.867043828125 0.300786578125 0.8775181083984375 0.304555353515625 0.9069020908203125 0.2885204873046875 0.9228861669921875 0.2871894599609375 0.9341675908203125 0.289382759765625 0.936185669921875
0 0.5299559228515625 0.9666329716796875 0.5358544140625 0.9717588837890625 0.536248283203125 0.9786003603515625 0.5570954111328125 0.9866319931640625 0.577782873046875 0.9910511650390625 0.581402931640625 0.990163087890625 0.58518265625 0.9928874736328125 0.5998331552734375 0.997326986328125 0.608436091796875 0.9974074833984375 0.6049548583984375 0.962110349609375 0.616198658203125 0.93086928125 0.61377115625 0.9256221884765625 0.58927217578125 0.905340556640625 0.58933611328125 0.9005777509765625 0.5798920986328125 0.895956466796875 0.567520033203125 0.8975309423828125 0.5651882607421875 0.9006591181640625 0.5580972138671875 0.901668375 0.5553182314453124 0.9070972392578125 0.5464916904296875 0.9081670869140624 0.5352800361328125 0.9215072744140625 0.5300735517578125 0.921689044921875 0.5256865986328125 0.948691841796875 0.529168185546875 0.95295001953125 0.5288061083984374 0.9592466181640625 0.523301486328125 0.960962181640625 0.522556138671875 0.9647966630859375 0.5299559228515625 0.9666329716796875
1 0.54196696875 0.8782382265625 0.553891826171875 0.878964439453125 0.55222026953125 0.8742622236328125 0.5413388994140625 0.8681677373046875 0.534396921875 0.8684100986328125 0.5341093798828125 0.8743232490234375 0.54196696875 0.8782382265625
1 0.457587603515625 0.9044157138671876 0.4593125009765625 0.899975765625 0.4472279765625 0.8956370908203125 0.4365914052734375 0.8971509765625 0.4344832373046875 0.8991288076171875 0.437507017578125 0.90130831640625 0.457587603515625 0.9044157138671876
1 0.5360154912109375 0.8512155234375 0.544171220703125 0.853596708984375 0.547791279296875 0.8527086318359375 0.549143501953125 0.850185923828125 0.545587380859375 0.8463111943359375 0.5353874208984375 0.841145033203125 0.5301809375 0.8413268037109375 0.53170342578125 0.8467959169921875 0.5360154912109375 0.8512155234375
1 0.558459642578125 0.8643328203125 0.556937154296875 0.8588637080078125 0.553466166015625 0.858984888671875 0.554009103515625 0.86505946875 0.558459642578125 0.8643328203125
1 0.50968458203125 0.884697125 0.515870615234375 0.88390988671875 0.5123784306640625 0.8752723505859376 0.5049786474609375 0.87343604296875 0.5013585888671875 0.874324119140625 0.5012201171875 0.8794703740234375 0.50968458203125 0.884697125
1 0.581627240234375 0.92693483203125 0.590304712890625 0.926631880859375 0.5945210498046875 0.92267621875 0.5883138212890625 0.914704740234375 0.5808395029296874 0.9132518798828125 0.5742807958984375 0.915956359375 0.56839290234375 0.9152098046875 0.567200345703125 0.921344974609375 0.581627240234375 0.92693483203125
1 0.5755044404296875 0.98503717578125 0.5819246748046875 0.987478951171875 0.59384953125 0.9882051640625 0.607190548828125 0.9816458623046875 0.607925298828125 0.9734320224609375 0.6028360927734375 0.959708822265625 0.5953617744140625 0.9582559619140625 0.5829151728515625 0.9602138857421875 0.5742588955078125 0.9692755537109375 0.5723955263671875 0.9788617568359375 0.5755044404296875 0.98503717578125