0 0.5150860517578125 0.590876333984375 0.5296408203125 0.586940578125 0.536944875 0.5804016181640625 0.5433545107421875 0.5784640361328125 0.5579626201171874 0.5653861162109375 0.56645923046875 0.552711986328125 0.56998355859375 0.5434486416015625 0.569792099609375 0.5266981044921875 0.5620305927734375 0.500119439453125 0.5504572138671875 0.48871726953125 0.512894162109375 0.464702431640625 0.485498923828125 0.463754634765625 0.4336043544921875 0.4735641630859375 0.4155252568359375 0.4867632626953125 0.4071031806640625 0.4990539443359375 0.4053143466796875 0.50825669921875 0.4078481767578125 0.5262584189453124 0.4157269609375 0.53893211328125 0.4187079990234375 0.55463314453125 0.4264377138671875 0.5680737353515625 0.4482749892578125 0.579879259765625 0.4713899541015625 0.5895455244140625 0.49509059765625 0.591764845703125 0.5150860517578125 0.590876333984375
1 0.479386720703125 0.5262363359375 0.478492302734375 0.5308377138671875 0.4862753583984375 0.5351361396484375 0.496539255859375 0.535539494140625 0.5003083837890625 0.533884521484375 0.497274005859375 0.5273256552734376 0.48406086328125 0.52435934375 0.479386720703125 0.5262363359375
1 0.5495518466796875 0.5199782451171875 0.5508189375 0.513459626953125 0.54447323828125 0.5106344033203125 0.5400227001953125 0.51136105078125 0.5370946494140625 0.517556810546875 0.54148125 0.5215929697265625 0.5495518466796875 0.5199782451171875
1 0.53103578515625 0.57089634765625 0.5311742578125 0.5657500927734375 0.5255099677734375 0.5638531943359375 0.520835826171875 0.5657301865234375 0.52182597265625 0.569504078125 0.5281716728515625 0.5723293017578125 0.53103578515625 0.57089634765625
1 0.435743962890625 0.5157633623046874 0.436861984375 0.510011640625 0.4287807890625 0.5072470068359375 0.42524586328125 0.512130994140625 0.4273752265625 0.51891187890625 0.4315276259765625 0.5197190244140625 0.435743962890625 0.5157633623046874
1 0.4475946376953125 0.4858340673828125 0.449543138671875 0.4802437744140625 0.43979038671875 0.4727769248046875 0.433157146484375 0.4758648515625 0.43196458984375 0.482000021484375 0.4374052744140625 0.4850472646484375 0.4475946376953125 0.4858340673828125
0 0.46608703515625 0.6434299384765625 0.4765423916015625 0.6605838291015625 0.5203338671875 0.70132886328125 0.5407337861328125 0.7116611845703125 0.5633909443359375 0.7192487802734375 0.6128470615234375 0.7308517568359375 0.6239414384765625 0.7314165400390625 0.647194875 0.7359365498046875 0.6691494267578125 0.733837103515625 0.6756441962890625 0.7358954306640625 0.6868025107421875 0.731697408203125 0.7004628623046875 0.7323630302734375 0.697726623046875 0.7242703720703125 0.707149443359375 0.720132939453125 0.701623626953125 0.7130897861328125 0.7004738125 0.70570343359375 0.680947115234375 0.682011017578125 0.6495700947265625 0.6572089404296875 0.6315976767578125 0.6521237119140625 0.6290956396484375 0.64726006640625 0.607258365234375 0.6354545419921875 0.5960043203125 0.631277296875 0.5826421083984376 0.6290778818359375 0.5643609541015625 0.6211470869140625 0.535517763671875 0.61434673046875 0.515426580078125 0.6068599736328125 0.4814620390625 0.6042372978515625 0.47196468359375 0.6087581787109375 0.4650544990234375 0.6221386142578125 0.46608703515625 0.6434299384765625
1 0.6077048681640626 0.6952317646484375 0.60501101953125 0.7046565390625 0.6164141328125 0.708066888671875 0.6238778544921875 0.705140390625 0.6262735634765625 0.6972494091796875 0.623324318359375 0.694686453125 0.61592453515625 0.69285014453125 0.6077048681640626 0.6952317646484375
1 0.651209154296875 0.7108509931640625 0.6557448251953125 0.714120255859375 0.6679784189453125 0.7176920341796875 0.6699375166015625 0.716481099609375 0.668340494140625 0.711395435546875 0.6635812197265625 0.709276517578125 0.6525613779296875 0.70832828515625 0.651209154296875 0.7108509931640625
1 0.6523487236328125 0.6828190322265625 0.6523593203125 0.687198390625 0.65961003515625 0.689801595703125 0.6612603974609375 0.6857450947265625 0.6523487236328125 0.6828190322265625
1 0.62149309375 0.6863717744140625 0.622696248046875 0.684615962890625 0.618384181640625 0.6801963564453125 0.6038188154296875 0.6797527529296875 0.6026901962890625 0.6811251171875 0.6136461015625 0.6868361552734376 0.62149309375 0.6863717744140625
1 0.464330345703125 0.6347318115234375 0.4760315986328125 0.636608369140625 0.477990697265625 0.6353974345703125 0.4775222939453125 0.62893940625 0.4662682490234375 0.6247621611328125 0.464330345703125 0.6347318115234375
1 0.577137486328125 0.6307934453125 0.5803103359375 0.6322060576171875 0.5864963681640625 0.6314188193359375 0.5852826171875 0.6287952724609375 0.576445478515625 0.62548576171875 0.577137486328125 0.6307934453125
1 0.55159501953125 0.615880087890625 0.54381196484375 0.6115816611328125 0.533771671875 0.6100279619140625 0.5275856396484375 0.6108152001953125 0.5286503203125 0.6142056435546875 0.5356774306640625 0.6179591923828125 0.549870123046875 0.6203200361328125 0.5525851669921875 0.619653978515625 0.55159501953125 0.615880087890625
1 0.5560985458984375 0.63705023046875 0.54221458984375 0.637534953125 0.5473677333984375 0.6464953466796876 0.5707168984375 0.659390625 0.5781912177734375 0.6608434853515625 0.5744114912109375 0.6581191005859375 0.5742518251953125 0.654506638671875 0.578020953125 0.6528516650390624 0.5838343125 0.65398166796875 0.5853995419921875 0.6459292568359375 0.5711217177734375 0.63957250390625 0.5560985458984375 0.63705023046875
1 0.548516841796875 0.715959611328125 0.55810992578125 0.7198139990234375 0.561729984375 0.718925921875 0.561187046875 0.7128513427734375 0.55318038671875 0.7097032607421875 0.548516841796875 0.715959611328125
0 0.6642516806640625 0.7368644404296875 0.6644858818359375 0.7400934541015625 0.6500695859375 0.738882955078125 0.646832798828125 0.7422331494140625 0.6456614365234375 0.75712703515625 0.6513681162109375 0.7765413671875 0.658778498046875 0.7827570341796874 0.6625688203125 0.78986077734375 0.6715656259765626 0.79678275 0.69128413671875 0.8061867470703125 0.693030228515625 0.8105055146484375 0.7000467412109375 0.8098797060546875 0.7119076611328125 0.815368724609375 0.7436894990234375 0.8203526796875 0.770403326171875 0.820372150390625 0.7809653623046875 0.819241712890625 0.7965742158203125 0.81431704296875 0.8081691416015625 0.80343897265625 0.8105648505859375 0.7955479912109376 0.8082758212890625 0.7851546435546874 0.7827760966796875 0.7567197626953125 0.767273923828125 0.7433601044921875 0.7576063046875 0.7398891650390625 0.7484604296875 0.7337340888671875 0.7418165908203125 0.7324426572265625 0.74045376953125 0.7305860068359376 0.725121861328125 0.72521816796875 0.722247150390625 0.722271763671875 0.7210439970703125 0.7240275751953125 0.7141765537109375 0.72388648828125 0.70740483984375 0.732120669921875 0.69888703515625 0.7360360830078125 0.69451103125 0.7363792822265625 0.688090796875 0.7339375068359375 0.6804034716796875 0.738014349609375 0.6642516806640625 0.7368644404296875
1 0.757276021484375 0.7593238388671875 0.74821527734375 0.757164671875 0.742029244140625 0.75795191015625 0.740677021484375 0.7604746181640625 0.746043171875 0.7639053095703126 0.7601613291015625 0.7666496005859375 0.7620458935546875 0.7658221142578125 0.76256763671875 0.7631379775390625 0.757276021484375 0.7593238388671875
1 0.7639940419921875 0.79127077734375 0.76317416015625 0.79548870703125 0.7661234052734375 0.7980516630859374 0.7786551376953125 0.8000896494140625 0.7804545693359375 0.795266251953125 0.7782612685546875 0.7932481728515625 0.768444580078125 0.7905441298828125 0.7639940419921875 0.79127077734375
1 0.7624715546875 0.7858016650390625 0.7646542568359375 0.7834403857421876 0.7618540810546875 0.780110533203125 0.7546779013671875 0.777123880859375 0.746979978515625 0.776821365234375 0.7466924375 0.782734515625 0.7624715546875 0.7858016650390625
1 0.7017507958984375 0.7656420849609376 0.70727661328125 0.77268523828125 0.7122594921875 0.7736538115234375 0.7168591005859375 0.772160267578125 0.7179771220703125 0.7664085458984375 0.71086487890625 0.7586590869140625 0.706339806640625 0.7597691826171875 0.7017507958984375 0.7656420849609376
1 0.7420606845703125 0.8021289404296875 0.74227369140625 0.79659923828125 0.735470185546875 0.7916953447265626 0.7299655634765625 0.793410908203125 0.729071146484375 0.79801228515625 0.7327018017578125 0.80150356640625 0.7420606845703125 0.8021289404296875
1 0.756200037109375 0.81363194921875 0.7595325537109375 0.8186570224609375 0.7678373525390625 0.8202713125 0.7714574111328125 0.8193832353515625 0.772660564453125 0.817627423828125 0.7674434833984375 0.8134298359375 0.7598946298828125 0.812360423828125 0.756200037109375 0.81363194921875
1 0.71409036328125 0.8130074453125 0.715815259765625 0.8085674970703125 0.7122591396484375 0.804692767578125 0.7043376123046875 0.805540595703125 0.700195810546875 0.8091128095703125 0.7038264658203125 0.8126040908203125 0.71409036328125 0.8130074453125
1 0.721352732421875 0.7268731416015625 0.7076817841796875 0.7218281611328125 0.7015702861328125 0.7222319501953125 0.6994621181640625 0.72420978125 0.7018896201171875 0.729456875 0.717902939453125 0.7357530380859375 0.7262822724609375 0.73698387890625 0.7280817041015625 0.732160482421875 0.721352732421875 0.7268731416015625
1 0.74886489453125 0.7449549228515625 0.752197412109375 0.74997999609375 0.7602786064453125 0.7527446298828125 0.7667627783203125 0.750423599609375 0.76546389453125 0.743804142578125 0.761609634765625 0.7414632060546875 0.7539862470703125 0.7407772412109375 0.74886489453125 0.7449549228515625
1 0.6971080927734375 0.811696107421875 0.6988329892578125 0.8072561591796875 0.693009033203125 0.8017467978515626 0.683714087890625 0.7963586181640625 0.6719382998046876 0.7948655087890625 0.6695319931640625 0.7983771328125 0.6717252939453126 0.8003952119140625 0.681616517578125 0.8027158076171875 0.6897083095703125 0.809859798828125 0.6971080927734375 0.811696107421875
1 0.6651990849609375 0.754159853515625 0.6690533447265625 0.756500791015625 0.678561296875 0.7563592685546875 0.680286193359375 0.7519193203125 0.6738553623046875 0.745098185546875 0.6651990849609375 0.754159853515625
1 0.7787724150390625 0.786184677734375 0.7845857744140625 0.7873146806640625 0.7882803671875 0.7860431552734375 0.7863852060546875 0.7824912841796875 0.777782267578125 0.782410787109375 0.7787724150390625 0.786184677734375
0 0.629138734375 0.602699587890625 0.6340470791015625 0.604051609375 0.64086118359375 0.613334861328125 0.668969623046875 0.6283490576171875 0.7064263486328125 0.63960926953125 0.729903388671875 0.642978935546875 0.7445432890625 0.64303908984375 0.75254994921875 0.646187171875 0.8090759189453125 0.6480221748046875 0.8395588740234375 0.6463866728515625 0.8679230634765625 0.6423496435546875 0.898619025390625 0.635184439453125 0.9108208271484375 0.6256181435546875 0.9145475654296875 0.6064457373046875 0.910608171875 0.6001088896484374 0.8948078603515625 0.5882830244140625 0.870404611328125 0.5763766611328125 0.8615568740234375 0.5686877919921876 0.8363337421875 0.5609993583984375 0.801389650390625 0.5589821494140625 0.773398134765625 0.5611019384765625 0.76086640234375 0.5590639521484375 0.741254220703125 0.56241458203125 0.722610990234375 0.5607803857421875 0.700283763671875 0.5647970732421875 0.6918404921875 0.5683290380859375 0.681502060546875 0.5683091318359375 0.64394925390625 0.579712607421875 0.630459166015625 0.5870388056640625 0.62715844140625 0.5951518056640624 0.629138734375 0.602699587890625
1 0.7641452275390626 0.604270146484375 0.76574225 0.609355810546875 0.7716407412109375 0.6144817236328125 0.78356559765625 0.615207935546875 0.78574830078125 0.6128466572265625 0.7830971943359375 0.608749908203125 0.775995548828125 0.6053798076171875 0.7641452275390626 0.604270146484375
1 0.8405921162109375 0.6056000859375 0.840805123046875 0.6000703828125 0.82895480078125 0.59896072265625 0.8201282578125 0.6000305693359375 0.82458939453125 0.6036832802734375 0.8310841640625 0.605741607421875 0.8405921162109375 0.6056000859375
1 0.844531861328125 0.5808979765625 0.8526769921875 0.5788998046875 0.8525918603515625 0.57490389453125 0.847076640625 0.572240099609375 0.8401346630859375 0.5724824599609375 0.8399961904296875 0.57762871484375 0.844531861328125 0.5808979765625
1 0.8204906875 0.5626950146484375 0.822992724609375 0.56755866015625 0.8318192666015625 0.5664888125 0.83278821875 0.5615039873046875 0.8242598154296875 0.5610400419921875 0.8204906875 0.5626950146484375
1 0.80178351953125 0.5658236259765625 0.8092472412109375 0.5628971279296875 0.8068197392578125 0.5576500341796875 0.801836859375 0.5566814609375 0.795129083984375 0.5601528359375 0.7958210908203125 0.56546051953125 0.80178351953125 0.5658236259765625
1 0.7328639375 0.5878433388671875 0.7342055634765625 0.5809412724609375 0.7259007646484374 0.5793269833984375 0.7192675224609375 0.58241491015625 0.7203428017578125 0.5901847109375 0.72691210546875 0.5918595908203125 0.7328639375 0.5878433388671875
1 0.6902643134765625 0.603041046875 0.6994847236328126 0.6088126748046875 0.715029638671875 0.608650810546875 0.7135071513671875 0.6031816982421875 0.700070404296875 0.6013657314453125 0.6902643134765625 0.603041046875
1 0.6819383193359375 0.592668041015625 0.684940904296875 0.5860888330078124 0.67693424609375 0.5829407509765625 0.6722601025390625 0.5848177431640625 0.6701625322265625 0.591174931640625 0.6774877802734375 0.5933946884765625 0.6819383193359375 0.592668041015625
1 0.77845484375 0.6237649755859375 0.7701500458984375 0.622150685546875 0.760269419921875 0.62420944921875 0.7645814853515625 0.6286290556640625 0.769415294921875 0.630364525390625 0.7760591337890625 0.63165595703125 0.7823197021484375 0.6304852705078124 0.78352285546875 0.628729458984375 0.77845484375 0.6237649755859375
1 0.8982467041015625 0.606062724609375 0.90203702734375 0.6131664677734375 0.9071689755859375 0.6133681455078125 0.9119176533203125 0.611107705078125 0.9145475654296875 0.6064457373046875 0.912503333984375 0.60366076171875 0.901100220703125 0.6002504130859375 0.8982467041015625 0.606062724609375
1 0.844403986328125 0.59042358984375 0.84110326171875 0.5985365908203125 0.8452556611328125 0.5993437353515625 0.8586072763671875 0.5971637919921875 0.8613968544921875 0.5961142861328125 0.85837307421875 0.59393477734375 0.8512714296875 0.5905646767578125 0.844403986328125 0.59042358984375
1 0.8393356220703125 0.6164980615234374 0.8431898818359375 0.6188389990234375 0.8514946806640625 0.6204532880859375 0.8523890986328125 0.6158519111328125 0.842497875 0.6135313154296875 0.8393356220703125 0.6164980615234374
1 0.7476416044921875 0.644835150390625 0.74906836328125 0.641928994140625 0.7459700478515625 0.6401329345703125 0.7366857001953125 0.6391241123046875 0.73737770703125 0.6444317958984375 0.7448520263671875 0.64588465625 0.7476416044921875 0.644835150390625
1 0.80565826953125 0.6390011904296875 0.81298351953125 0.641220947265625 0.8174340576171875 0.6404942998046875 0.818999287109375 0.632441888671875 0.8058606796875 0.6290921298828125 0.80565826953125 0.6390011904296875
1 0.7434256201171875 0.6177518564453125 0.7385918115234374 0.61601638671875 0.73331079296875 0.61658160546875 0.7302124775390625 0.614785544921875 0.7302230751953125 0.6191649033203125 0.7402739658203125 0.6250979609375 0.7438194892578125 0.62459333203125 0.748642701171875 0.621949443359375 0.7434256201171875 0.6177518564453125
1 0.7512517705078126 0.5774898037109375 0.7535090087890625 0.5747450771484375 0.7509324365234376 0.5702648798828125 0.7435432509765625 0.5728079296875 0.7419780205078125 0.58086033984375 0.745299939453125 0.5815060556640625 0.7512517705078126 0.5774898037109375
1 0.82355615234375 0.6444698681640625 0.82718680859375 0.6479611494140625 0.8323187568359375 0.648162826171875 0.836843830078125 0.64705273046875 0.83230816015625 0.64378346875 0.82355615234375 0.6444698681640625
0 0.3214457744140625 0.5584096474609375 0.3162714365234375 0.540690537109375 0.304240251953125 0.5272096982421876 0.261364388671875 0.49062200390625 0.2288693466796875 0.4715716484375 0.2164866845703125 0.4687667666015625 0.20077150390625 0.460936810546875 0.165284474609375 0.4528450224609375 0.1554250439453125 0.463662501953125 0.1560637119140625 0.478112349609375 0.168509958984375 0.507193380859375 0.1959581845703125 0.53003796875 0.205785470703125 0.5371213701171875 0.227164939453125 0.546848224609375 0.2617575517578125 0.559541390625 0.3078172158203125 0.570882099609375 0.317697841796875 0.5688233369140625 0.3214457744140625 0.5584096474609375
1 0.2579142421875 0.5305408564453125 0.258734125 0.5263229267578124 0.249662783203125 0.51978440234375 0.239633087890625 0.5226100615234375 0.236098162109375 0.527494048828125 0.24063383203125 0.530763310546875 0.2490131650390625 0.53199415234375 0.2521008828125 0.529410853515625 0.2579142421875 0.5305408564453125
1 0.18773887109375 0.5013806337890625 0.1893892333984375 0.4973241337890625 0.186738126953125 0.493227384765625 0.1742703310546875 0.4864265927734375 0.165890998046875 0.4851957509765625 0.161525591796875 0.4899183095703125 0.167956423828125 0.496739443359375 0.1681160908203125 0.5003519052734375 0.182000046875 0.49986718359375 0.18773887109375 0.5013806337890625
1 0.223130169921875 0.5010971533203125 0.2258452138671875 0.500431095703125 0.22576008203125 0.4964351865234375 0.2202448623046875 0.493771390625 0.21579432421875 0.4944980390625 0.2158794560546875 0.49849394921875 0.223130169921875 0.5010971533203125
1 0.17917867578125 0.4877786142578125 0.1877282734375 0.497001275390625 0.193829173828125 0.492218126953125 0.1944254521484375 0.4891505419921875 0.1906457265625 0.4864261572265625 0.17917867578125 0.4877786142578125
1 0.1615365419921875 0.4632587119140625 0.1663703515625 0.464994181640625 0.1751223583984375 0.4643077822265625 0.174653955078125 0.45784975390625 0.1654335439453125 0.4520781259765625 0.1615365419921875 0.4632587119140625
1 0.179466216796875 0.4818654638671875 0.1786463349609375 0.486083392578125 0.1821918583984375 0.485578763671875 0.1833204775390625 0.484206400390625 0.179466216796875 0.4818654638671875
1 0.2448819609375 0.5399457236328125 0.2500245068359375 0.544526759765625 0.2583293056640625 0.546141048828125 0.26285437890625 0.545030953125 0.265633359375 0.5396020888671875 0.2562532822265625 0.530217998046875 0.2477354775390625 0.534133412109375 0.2448819609375 0.5399457236328125
0 0.37971677734375 0.65768028515625 0.380281263671875 0.641474625 0.3744361123046875 0.627206548828125 0.36497090234375 0.6138265478515625 0.326417703125 0.586037818359375 0.2853299697265625 0.6023252802734375 0.2642376884765625 0.61772423046875 0.2587436640625 0.62381915234375 0.2556132041015625 0.6399239736328125 0.2582749072265625 0.648400080078125 0.2712111064453125 0.661658900390625 0.28987553125 0.6720518125 0.34236602734375 0.6902136552734375 0.3647144482421875 0.6949556845703125 0.3822823994140625 0.688820080078125 0.385114720703125 0.67424905078125 0.37971677734375 0.65768028515625
1 0.336978681640625 0.678024248046875 0.3400024619140625 0.680203755859375 0.3507241650390625 0.6826857802734375 0.352076388671875 0.680163072265625 0.3380115703125 0.6682766162109375 0.336978681640625 0.678024248046875
1 0.3298240498046875 0.65275735546875 0.324926302734375 0.6557846923828125 0.335584068359375 0.6630295224609375 0.3369256943359375 0.65612745703125 0.3298240498046875 0.65275735546875
1 0.29360226953125 0.6528794072265625 0.296551515625 0.65544236328125 0.30522898828125 0.655139412109375 0.3059743359375 0.6513049306640625 0.29593404296875 0.6497512314453125 0.29360226953125 0.6528794072265625
1 0.2722973349609375 0.642769103515625 0.2744906357421875 0.64478718359375 0.282720900390625 0.6467849208984375 0.2884491259765625 0.6439190126953125 0.2900249541015625 0.6402459609375 0.28103874609375 0.6377033466796875 0.2749272470703125 0.63810713671875 0.2722973349609375 0.642769103515625
1 0.30256763671875 0.6156243486328125 0.3071139052734375 0.6232729697265625 0.315120564453125 0.6264210517578125 0.3230420908203125 0.62557322265625 0.3231805634765625 0.62042696875 0.3132787431640625 0.6137270146484375 0.3058044248046875 0.612274154296875 0.30256763671875 0.6156243486328125
1 0.3073798994140625 0.63964005859375 0.314492140625 0.647389517578125 0.320688771484375 0.6509816376953125 0.3283866943359375 0.6512841533203125 0.330037056640625 0.6472276533203125 0.3238298291015625 0.6392561748046875 0.3122776455078125 0.6366127216796875 0.3073798994140625 0.63964005859375
1 0.35470665234375 0.6444621494140625 0.357890099609375 0.650254119140625 0.366716642578125 0.649184271484375 0.3669296494140625 0.6436545693359375 0.359455330078125 0.642201708984375 0.35470665234375 0.6444621494140625
1 0.345997388671875 0.631627025390625 0.3560482783203125 0.6375600830078125 0.3586887880859375 0.6372774736328125 0.3575389736328125 0.6298911201171875 0.3468172705078125 0.6274090966796875 0.345997388671875 0.631627025390625
1 0.3546321181640625 0.6448455966796875 0.351608337890625 0.6426660888671875 0.34254759375 0.6405069228515625 0.33968348046875 0.6419398759765625 0.34037548828125 0.6472475595703125 0.3528432841796875 0.6540483515625 0.3602430673828125 0.65588466015625 0.361595291015625 0.6533619521484375 0.3546321181640625 0.6448455966796875
1 0.3030886748046875 0.6750181240234375 0.3055907109375 0.6798817685546875 0.3227326494140625 0.684805568359375 0.330430572265625 0.6851080849609374 0.3302709052734375 0.681495623046875 0.3216573701171875 0.677035767578125 0.30927470703125 0.6742308857421875 0.3030886748046875 0.6750181240234375
1 0.366971685546875 0.6922109580078125 0.3669504912109375 0.6834522412109375 0.3639267109375 0.6812727333984375 0.35969977734375 0.6808490361328124 0.3539076123046875 0.68847775 0.3601042421875 0.6920698701171875 0.366971685546875 0.6922109580078125
0 0.540848595703125 0.915028904296875 0.5462892802734375 0.9180761474609375 0.55693644921875 0.9209416201171875 0.5682544306640624 0.9203560595703125 0.592540755859375 0.9151284375 0.6114397353515625 0.8977114072265625 0.61540067578125 0.881768015625 0.6105350732421875 0.866894470703125 0.5994834384765625 0.8528081650390625 0.588751138671875 0.8459467822265625 0.582181833984375 0.84427190234375 0.5694370947265625 0.847763619140625 0.54659872265625 0.8588438017578125 0.540412689453125 0.8596310400390625 0.5312986064453125 0.8666140380859375 0.505138314453125 0.8770485048828125 0.4781687373046875 0.8960802587890625 0.4750276806640625 0.9078057216796875 0.482810736328125 0.9121041474609375 0.48175665234375 0.9130930634765625 0.4858239189453125 0.9099042978515625 0.506415650390625 0.9059482001953125 0.53547184765625 0.9072188544921875 0.540848595703125 0.915028904296875
1 0.5940851435546874 0.8672783544921875 0.5916043017578125 0.87117342578125 0.6111737412109375 0.8813443193359375 0.6126644365234375 0.8736753564453125 0.5940851435546874 0.8672783544921875
1 0.571906986328125 0.8705281455078125 0.5735573486328125 0.8664716455078125 0.5671371142578125 0.864029869140625 0.5625375068359375 0.8655234130859375 0.56088714453125 0.8695799140625 0.564890474609375 0.871153955078125 0.571906986328125 0.8705281455078125
1 0.52917948828125 0.895251466796875 0.526602916015625 0.89077126953125 0.51535946875 0.8909733818359376 0.515763935546875 0.9021942158203125 0.53123431640625 0.9024157998046874 0.5350140419921875 0.905140185546875 0.5386341005859375 0.9042521083984375 0.539453982421875 0.9000341796875 0.52917948828125 0.895251466796875
1 0.4768165146484375 0.898602966796875 0.4756239580078125 0.90473813671875 0.4785732041015625 0.9073010927734375 0.4879960244140625 0.90316366015625 0.489944525390625 0.8975733671875 0.4856324599609375 0.8931537607421876 0.484205701171875 0.8960599169921875 0.4768165146484375 0.898602966796875
0 0.2480205498046875 0.745492951171875 0.2587528515625 0.752354333984375 0.2688037412109375 0.758287390625 0.291162759765625 0.7674087783203125 0.2967737099609375 0.778447841796875 0.3136069111328125 0.780526076171875 0.32514849609375 0.7787901708984375 0.3318562724609375 0.7753187958984376 0.3452184853515625 0.7775182109375 0.357292412109375 0.77747752734375 0.3781077470703125 0.7723710859375 0.380290451171875 0.770009806640625 0.3795984423828125 0.764702123046875 0.383069431640625 0.7645809423828125 0.3850073349609375 0.7546112919921875 0.3722947412109375 0.7402021279296875 0.3565689638671875 0.7279928134765625 0.3221893583984375 0.7097699453125 0.2882036220703125 0.698388552734375 0.244880197265625 0.6951405029296875 0.2368096015625 0.6967552275390625 0.2251083486328125 0.694878669921875 0.2210410810546875 0.698067435546875 0.2194758515625 0.706119845703125 0.2222120908203125 0.7142125048828125 0.228036046875 0.7197218662109375 0.227972109375 0.724484671875 0.231900904296875 0.7264421611328125 0.23493528125 0.73300102734375 0.2480205498046875 0.745492951171875
1 0.35641989453125 0.728759708984375 0.349925125 0.7267013818359375 0.3420781328125 0.72716576171875 0.33929915234375 0.7325946259765626 0.345272177734375 0.7373370908203125 0.3536515107421875 0.738567931640625 0.3600611474609375 0.736630349609375 0.362318384765625 0.7338856220703125 0.35641989453125 0.728759708984375
1 0.2767471689453125 0.7041203671875 0.2791534765625 0.700608744140625 0.2771837802734375 0.6974403203125 0.2614046630859375 0.6943731708984375 0.2605847802734375 0.6985911005859375 0.264289970703125 0.70169893359375 0.2767471689453125 0.7041203671875
1 0.3415026962890625 0.77003101953125 0.3420883779296875 0.762584076171875 0.3374036376953125 0.7600817099609375 0.3290243046875 0.758850869140625 0.3276826787109375 0.7657529345703125 0.337733568359375 0.7716859921875 0.3415026962890625 0.77003101953125
1 0.2821980986328125 0.7425859248046875 0.2796639169921875 0.7556231611328125 0.2810267373046875 0.7574798115234375 0.292653455078125 0.75973981640625 0.2960926513671875 0.746480560546875 0.2940484208984375 0.7436955849609375 0.28755365234375 0.7416372578125 0.2821980986328125 0.7425859248046875
1 0.3836657099609375 0.761513357421875 0.3726458671875 0.7605651259765625 0.368802205078125 0.762603546875 0.366182890625 0.771644873046875 0.37758600390625 0.77505522265625 0.382111078125 0.773945126953125 0.3865510185546875 0.76883912109375 0.38782870703125 0.7666998603515625 0.3836657099609375 0.761513357421875
1 0.3376911787109375 0.7541685595703125 0.343589669921875 0.7592944716796876 0.3489452236328125 0.7583458046875 0.35052105078125 0.7546727529296875 0.3461344501953125 0.75063659375 0.3376911787109375 0.7541685595703125
1 0.2447950654296875 0.6911445927734375 0.2447311279296875 0.6959073984375 0.2574119306640625 0.69717848828125 0.2582318125 0.69296055859375 0.2500760830078125 0.690579373046875 0.2447950654296875 0.6911445927734375
0 0.668692326171875 0.6696805224609375 0.6742075458984375 0.6723443173828125 0.67534676171875 0.6753513115234375 0.6810110517578125 0.6772482109375 0.6969816279296875 0.6970658974609375 0.7095984931640625 0.70309979296875 0.7194897158203125 0.705420388671875 0.7382820166015625 0.7062876884765625 0.752155375 0.701423607421875 0.761812396484375 0.700515189453125 0.7758242265625 0.6905048544921875 0.78379909375 0.680514861328125 0.7893358623046876 0.6608984169921875 0.7885587216796875 0.6515948232421875 0.7179039970703125 0.6426361708984375 0.6938946162109375 0.6375712841796874 0.656437890625 0.626311072265625 0.6436080185546875 0.62580687890625 0.648218224609375 0.6286926923828124 0.6483778916015625 0.632305154296875 0.6464187919921875 0.6335160888671875 0.6371344453125 0.632507267578125 0.63472813671875 0.636018890625 0.638731466796875 0.637592931640625 0.6381351884765625 0.6406605166015625 0.646599654296875 0.645887267578125 0.6467699189453125 0.653879087890625 0.65689534375 0.659428697265625 0.6634646474609375 0.6611035771484375 0.668692326171875 0.6696805224609375
1 0.7352907333984375 0.6551683427734375 0.739975474609375 0.657670708984375 0.7507717119140624 0.65976928515625 0.7590659130859375 0.6570042158203125 0.7595025244140625 0.6503241689453125 0.747950341796875 0.6476807158203125 0.7401778828125 0.6477616484375 0.7352907333984375 0.6551683427734375
1 0.64203219140625 0.6294799306640625 0.6412123095703125 0.6336978603515625 0.6482394189453125 0.6374514091796875 0.6511674697265625 0.6312556494140625 0.64557771484375 0.6289753017578125 0.64203219140625 0.6294799306640625
1 0.6430647275390625 0.6507712548828125 0.6466847861328126 0.649883177734375 0.6460673134765625 0.6441920458984375 0.6403284892578125 0.642678595703125 0.631651017578125 0.642981546875 0.63468539453125 0.6495404130859375 0.6430647275390625 0.6507712548828125
0 1 0.2846235185546875 0.9836303408203125 0.2776489287109375 0.94437418359375 0.27121211328125 0.9304902275390625 0.2716968359375 0.925730953125 0.26957791796875 0.9030416513671875 0.2798912041015625 0.8815021611328125 0.2975908427734375 0.876944943359375 0.3166018203125 0.8843019853515625 0.3319596513671875 0.891339693359375 0.34009255859375 0.8977705244140625 0.3469136923828125 0.9242286025390625 0.3659843896484375 0.965550185546875 0.383964896484375 0.9954474599609375 0.389776337890625 1 0.388901701171875 1 0.2846235185546875
1 1 0.337464689453125 0.996374375 0.3362351240234375 0.987398763671875 0.3380718671875 0.9856738671875 0.34251181640625 0.99338238671875 0.3471936904296875 1 0.348165751953125 1 0.337464689453125
1 0.9863344345703124 0.30364246875 0.9763686767578125 0.301705322265625 0.968223544921875 0.303703494140625 0.965370029296875 0.309515806640625 0.971044916015625 0.3157920634765625 0.98274616796875 0.3176686201171875 0.990209890625 0.314742123046875 0.992616197265625 0.3112304990234375 0.9863344345703124 0.30364246875
1 0.9313525 0.2849963388671875 0.9401151044921875 0.2886892978515625 0.94435263671875 0.293492353515625 0.9516033505859375 0.2960955576171875 0.9650295 0.293532166015625 0.9665841328125 0.2811003974609375 0.952615044921875 0.277589208984375 0.9424150849609375 0.2724230478515625 0.92490047265625 0.2694164892578125 0.918884705078125 0.278195546875 0.9229731669921875 0.283765498046875 0.9313525 0.2849963388671875
1 1 0.2953280224609375 0.999068576171875 0.2957713935546875 0.990614708984375 0.2949240009765625 0.98572755859375 0.3023306953125 0.9913918486328125 0.3042275947265625 1 0.3045658818359375 1 0.2953280224609375
1 0.92126946484375 0.2969641630859375 0.9232391611328125 0.3001325869140625 0.9317781611328125 0.3049758896484375 0.941658787109375 0.302917126953125 0.9428513427734375 0.29678195703125 0.9389970830078125 0.29444101953125 0.9290313251953125 0.292503873046875 0.92126946484375 0.2969641630859375
1 0.9175639208984375 0.32489528515625 0.9109946171875 0.32322040625 0.9061714052734375 0.3258642939453125 0.90378629296875 0.3381346337890625 0.9067355380859375 0.3406975908203125 0.91171841796875 0.3416661640625 0.915636615234375 0.339244294921875 0.9218759873046874 0.329314892578125 0.9175639208984375 0.32489528515625
1 0.897142806640625 0.3058042470703125 0.8981117587890625 0.300819421875 0.8882950693359375 0.2981153779296875 0.88324825390625 0.301909611328125 0.886282630859375 0.3084684775390625 0.88945548046875 0.3098810888671875 0.897142806640625 0.3058042470703125
1 0.9399229404296875 0.3340166728515625 0.94262738671875 0.3289712568359375 0.93748483984375 0.3243902216796875 0.92767875 0.3260655361328125 0.925655712890625 0.33203927734375 0.9301168486328125 0.33569198828125 0.9399229404296875 0.3340166728515625
1 0.9134009248046875 0.3197087822265625 0.917180650390625 0.32243316796875 0.9248785732421875 0.32273568359375 0.9281792978515625 0.31462268359375 0.9210776533203126 0.31125258203125 0.9134009248046875 0.3197087822265625
0 0.7736475185546875 0.1652038857421875 0.8011808759765625 0.1920443828125 0.8496998330078125 0.221770259765625 0.8701742880859376 0.2317191337890625 0.8971329140625 0.2393469775390625 0.9381991005859375 0.24533975390625 0.949815220703125 0.2432204013671875 0.9529774736328125 0.240253654296875 0.9679900478515625 0.2383965693359375 0.97205731640625 0.2352078037109375 0.984354845703125 0.234016775390625 0.9882624462890625 0.2272155478515625 0.9922233857421875 0.21127215625 0.9834395869140625 0.19882048046875 0.9852390185546875 0.193997083984375 0.9788081865234375 0.1871759501953125 0.974783662109375 0.1768431923828125 0.961932595703125 0.167580283203125 0.9446309912109375 0.159044021484375 0.9316414521484375 0.154927365234375 0.916831287109375 0.146875390625 0.8938014560546875 0.1412050361328125 0.8793106240234375 0.140377984375 0.8527352685546875 0.1352122587890625 0.8244350166015625 0.1344864814453125 0.7981789951171875 0.1365456796875 0.7825701435546875 0.1414703505859375 0.7715714951171875 0.1492808349609375 0.7693993896484375 0.15602147265625 0.7736475185546875 0.1652038857421875
1 0.9103895048828125 0.166713853515625 0.9111242548828125 0.1585000146484375 0.8993484677734375 0.1570069052734375 0.894450720703125 0.1600342421875 0.895217263671875 0.1649584775390625 0.902393443359375 0.167945130859375 0.9103895048828125 0.166713853515625
1 0.85028621875 0.1522454052734375 0.8519577763671875 0.15694762109375 0.859283025390625 0.1591673779296875 0.8663740732421875 0.15815812109375 0.8676411640625 0.1516395029296875 0.862200478515625 0.148592259765625 0.854651625 0.14752284765625 0.85028621875 0.1522454052734375
1 0.8418747412109375 0.1689154453125 0.8292684736328125 0.1672609072265625 0.8192387783203126 0.17008656640625 0.8222731552734375 0.1766454326171875 0.827490236328125 0.1808430205078125 0.8386591494140625 0.1810243564453125 0.8460483359375 0.178481306640625 0.847091822265625 0.1731130322265625 0.8418747412109375 0.1689154453125
1 0.974570302734375 0.2134118515625 0.9728242099609375 0.2090930830078125 0.968895416015625 0.20713559375 0.965200822265625 0.208407119140625 0.964455474609375 0.2122416005859375 0.96838426953125 0.2141990888671875 0.974570302734375 0.2134118515625
1 0.930767876953125 0.1993264150390625 0.9337277197265625 0.2062687294921875 0.93840186328125 0.2043917373046875 0.941564115234375 0.2014249912109375 0.935367484375 0.19783287109375 0.930767876953125 0.1993264150390625
1 0.874593033203125 0.2178544111328125 0.875338380859375 0.2140199296875 0.8692908203125 0.2096609140625 0.864691212890625 0.2111544580078125 0.8647763447265625 0.2151503681640625 0.8676510556640625 0.2180967724609375 0.874593033203125 0.2178544111328125
1 0.8559180107421875 0.203082140625 0.8565782265625 0.19525175 0.8448024384765624 0.193758640625 0.84080970703125 0.1965639580078125 0.84157625 0.201488193359375 0.8504879228515625 0.204414255859375 0.8559180107421875 0.203082140625
1 0.836433703125 0.196907158203125 0.832579443359375 0.194566220703125 0.828128904296875 0.1952928681640625 0.82072912109375 0.1934565595703125 0.8113808349609375 0.1972105439453125 0.819547162109375 0.203971087890625 0.8369233017578125 0.21212390234375 0.839936484375 0.2099240517578125 0.836433703125 0.196907158203125
1 0.9684266591796875 0.2317165224609375 0.971524974609375 0.23351258203125 0.984429380859375 0.2336333271484375 0.984493318359375 0.228870521484375 0.9684160625 0.2273371640625 0.9684266591796875 0.2317165224609375
1 0.9529774736328125 0.240253654296875 0.9555328505859375 0.2359751357421875 0.9527326748046875 0.232645283203125 0.9408078173828125 0.2319190703125 0.9371238212890625 0.237569953125 0.9411377490234375 0.2435233525390625 0.9529774736328125 0.240253654296875
1 0.8838346396484374 0.232384755859375 0.8820034150390625 0.224070078125 0.87505083984375 0.2199330810546875 0.8675765205078125 0.218480220703125 0.8601233984375 0.2257860771484375 0.8692692734375 0.2319411533203125 0.8849738564453125 0.2353917509765625 0.8876888994140625 0.234725693359375 0.8838346396484374 0.232384755859375
1 0.97936172265625 0.1976298876953125 0.9820873642578125 0.2013431884765625 0.9885821337890625 0.2034015166015625 0.990456099609375 0.198194671875 0.986069498046875 0.1941585126953125 0.97936172265625 0.1976298876953125
1 0.96368928515625 0.1762784091796875 0.969066033203125 0.184088458984375 0.97578440625 0.1849964423828125 0.981214494140625 0.1836643271484375 0.9824921826171875 0.1815250673828125 0.9789360615234375 0.177650337890625 0.9679056220703125 0.172322748046875 0.96368928515625 0.1762784091796875
1 0.8554386572265625 0.2232837109375 0.856641810546875 0.2215278984375 0.8507433193359375 0.216401986328125 0.841682576171875 0.2142428193359375 0.841767708984375 0.21823873046875 0.84691025390625 0.222819765625 0.8554386572265625 0.2232837109375
0 0.6444430830078125 0.2224618828125 0.656591544921875 0.2220377509765625 0.659689859375 0.223833810546875 0.6756819833984375 0.2213712578125 0.686233421875 0.2158614619140625 0.6931753994140625 0.2156191005859375 0.7099768095703125 0.2045592607421875 0.7196020390625 0.190512767578125 0.7223386298828125 0.167566470703125 0.711340333984375 0.1443379990234375 0.7042280927734375 0.1365885400390625 0.682912560546875 0.12209887890625 0.657540359375 0.115177341796875 0.6539842373046875 0.1113026123046875 0.6331583037109375 0.1120296953125 0.62222359375 0.115077373046875 0.6152176787109375 0.120082541015625 0.5895469853515625 0.145733751953125 0.580752236328125 0.159941673828125 0.5769403662109375 0.175118169921875 0.579080326171875 0.1862784130859375 0.59792561328125 0.20904250390625 0.6017798740234375 0.21138344140625 0.6287385 0.21901128515625 0.6365109580078125 0.2189303525390625 0.6444430830078125 0.2224618828125
1 0.721252400390625 0.1864562666015625 0.7226685615234375 0.1791707529296875 0.719868384765625 0.175840900390625 0.7117232529296875 0.177839072265625 0.709093341796875 0.1825010400390625 0.7140122841796875 0.188232419921875 0.721252400390625 0.1864562666015625
1 0.6734254501953125 0.1620380732421875 0.67803565625 0.1649238876953125 0.684828564453125 0.1654484228515625 0.6850415703125 0.159918720703125 0.6768113076171876 0.1579209833984375 0.6734254501953125 0.1620380732421875
1 0.66734609765625 0.144540982421875 0.6685386533203125 0.1384058125 0.657135541015625 0.134995462890625 0.654122357421875 0.1371953134765625 0.65503796875 0.14135265234375 0.66304462890625 0.144500734375 0.66734609765625 0.144540982421875
1 0.6945385732421875 0.1864367958984375 0.6967106787109375 0.179696158203125 0.6936017666015625 0.173520740234375 0.681825978515625 0.172027630859375 0.6779929130859375 0.17844541015625 0.6894066240234376 0.1862351181640625 0.6945385732421875 0.1864367958984375
1 0.647935619140625 0.200060462890625 0.647871681640625 0.20482326953125 0.6587424541015625 0.2065383974609375 0.6595623369140625 0.2023204677734375 0.647935619140625 0.200060462890625
1 0.65898725390625 0.21414676953125 0.65749655859375 0.2218157314453125 0.65976439453125 0.22345036328125 0.667909525390625 0.2214521904296875 0.6738613564453125 0.2174359384765625 0.6696238251953125 0.2126328837890625 0.66547142578125 0.21182573828125 0.65898725390625 0.21414676953125
1 0.58745966015625 0.1875092548828125 0.5857453603515625 0.1963285615234375 0.5941246943359375 0.19755940234375 0.597052744140625 0.191363642578125 0.58745966015625 0.1875092548828125
1 0.597330041015625 0.150032177734375 0.6017911767578125 0.1536848876953125 0.607977208984375 0.152897650390625 0.6101599130859375 0.15053637109375 0.6153028115234375 0.124078451171875 0.6108522724609375 0.1248050986328125 0.6018233212890625 0.1357840068359375 0.597330041015625 0.150032177734375
1 0.65290860546875 0.1345717666015625 0.65529371875 0.1223014267578125 0.6495654921875 0.1251673349609375 0.65290860546875 0.1345717666015625
1 0.587907220703125 0.1541696103515625 0.5893445771484375 0.1556428125 0.593795115234375 0.1549161650390625 0.5955945458984375 0.150092767578125 0.5914315498046875 0.144906265625 0.587907220703125 0.1541696103515625
1 0.688129640625 0.126296466796875 0.6863302099609375 0.13111986328125 0.6924523046875 0.135095431640625 0.695997828125 0.134590802734375 0.6968177109375 0.130372873046875 0.688129640625 0.126296466796875
0 0.1554847529296875 0 0.152512880859375 0.0086532841796875 0.15568573046875 0.0100658955078125 0.1614884912109375 0.0068165400390625 0.1663968359375 0.0081685615234375 0.1690479423828125 0.012265310546875 0.164608001953125 0.01737131640625 0.165821751953125 0.01999486328125 0.177448470703125 0.0222548681640625 0.1830276279296875 0.0201558564453125 0.1998714267578125 0.02661344921875 0.1983061962890625 0.034665859375 0.20700486328125 0.043121625 0.205897439453125 0.053252705078125 0.210284041015625 0.05728886328125 0.20562049609375 0.0635452138671875 0.2179286240234375 0.0667335439453125 0.2264782216796875 0.075956205078125 0.2427896796875 0.080718576171875 0.247250814453125 0.084371287109375 0.263264134765625 0.0906674501953125 0.28146015625 0.0946023349609375 0.2908190390625 0.095227708984375 0.298964169921875 0.0932295361328125 0.3172029345703125 0.0836428974609375 0.3204079296875 0.06715462890625 0.3156168623046875 0.0518976357421875 0.2757541826171875 0.013110091796875 0.265862958984375 0.0107894970703125 0.2533951640625 0.0039887041015625 0.241763251953125 0 0.1554847529296875 0
1 0.2320683291015625 0.0471975966796875 0.21636374609375 0.0437469990234375 0.2119877431640625 0.0440901982421875 0.2112423955078125 0.0479246796875 0.2157780654296875 0.05119394140625 0.223933794921875 0.0535751279296875 0.2334417470703125 0.05343360546875 0.23516664453125 0.04899365625 0.2320683291015625 0.0471975966796875
1 0.300689419921875 0.0577506318359375 0.3040219365234375 0.0627757060546875 0.3088557470703125 0.06451117578125 0.31323175 0.0641679755859375 0.313742896484375 0.0571044814453125 0.3107191162109375 0.05492497265625 0.3048312216796875 0.05417841796875 0.300689419921875 0.0577506318359375
1 0.287263623046875 0.0292750673828125 0.289446326171875 0.0269137890625 0.2850491279296875 0.0184982724609375 0.274476494140625 0.0152493515625 0.2740504794921875 0.0263087568359375 0.2795657001953125 0.0289725517578125 0.287263623046875 0.0292750673828125
1 0.2987624658203125 0.041060685546875 0.2973996455078125 0.03920403515625 0.29400319140625 0.038941767578125 0.284207697265625 0.0449964404296875 0.2833878154296875 0.0492143701171875 0.2909472666015625 0.054663140625 0.303468400390625 0.052321767578125 0.30474608984375 0.0501825087890625 0.2987624658203125 0.041060685546875
1 0.25254313671875 0.0261075146484375 0.253586623046875 0.0207392412109375 0.250019904296875 0.0124851533203125 0.23959633984375 0.0084693369140625 0.2310679365234375 0.0080053916015625 0.2232421396484375 0.01722848828125 0.22446648828125 0.024231392578125 0.2299817080078125 0.0268951884765625 0.243418455078125 0.028711154296875 0.25254313671875 0.0261075146484375
1 0.2333891123046875 0.0004978583984375 0.236412892578125 0.0026773662109375 0.251436064453125 0.005199638671875 0.2509037236328125 0.00350441796875 0.2333891123046875 0.0004978583984375
1 0.18281404296875 0 0.1816224169921875 0.0007817734375 0.1795993818359375 0.0067555146484375 0.1848803994140625 0.0061902958984375 0.1901720146484375 0.0100044345703125 0.2062598681640625 0.015917150390625 0.21296764453125 0.012445775390625 0.21527822265625 0.0005588837890625 0.2150581015625 0 0.18281404296875 0
1 0.2694289716796875 0.08112149609375 0.2726124189453125 0.0869134658203125 0.27993766796875 0.08913322265625 0.2844627421875 0.088023126953125 0.2837707333984375 0.082715443359375 0.2784045830078125 0.079284751953125 0.2716862099609375 0.0783767685546875 0.2694289716796875 0.08112149609375
1 0.2313547744140625 0.06417015234375 0.2348363603515625 0.068428330078125 0.2454835283203125 0.071293802734375 0.2532559853515625 0.0712128701171875 0.2531602568359375 0.0628376015625 0.2450790615234375 0.0600729677734375 0.2337610810546875 0.060658529296875 0.2313547744140625 0.06417015234375
1 0.1546668828125 0 0.15484465234375 0.0055251083984375 0.160285337890625 0.0085723515625 0.16775965625 0.0100252119140625 0.178002359375 0.0016698505859375 0.1783269453125 0 0.1546668828125 0
1 0.2229326982421875 0.076460833984375 0.225115400390625 0.0740995546875 0.221633814453125 0.069841376953125 0.2121897998046875 0.06522009375 0.2066851767578125 0.06693565625 0.21055003515625 0.0736559521484375 0.2229326982421875 0.076460833984375