0 0.714578552734375 0.5485475849609375 0.7203120234375 0.5323242880859375 0.7358456884765625 0.511657203125 0.75078497265625 0.47976057421875 0.7586584521484375 0.4450316923828125 0.761448970703125 0.424916 0.764264306640625 0.369684888671875 0.7619742294921875 0.334202828125 0.757687716796875 0.3138228125 0.7465126513671875 0.2795032158203125 0.7342339033203125 0.2621402021484375 0.7014732421875 0.2492422978515625 0.6979784482421875 0.2538281943359375 0.692211298828125 0.2777552822265625 0.68704089453125 0.282932357421875 0.687007216796875 0.2906361484375 0.6755089609375 0.3008069765625 0.66301691796875 0.332234640625 0.6548450654296875 0.376338529296875 0.6510832119140625 0.4125751982421875 0.6523505546875 0.4170587724609375 0.6530749169921874 0.457432265625 0.65967632421875 0.478178923828125 0.6615155947265625 0.4990279033203125 0.6681506796875 0.5120707705078125 0.6708064853515625 0.5227702421875 0.6832063544921875 0.541865578125 0.698737654296875 0.55117805078125 0.7085153955078125 0.551870123046875 0.714578552734375 0.5485475849609375
1 0.704121953125 0.34988044140625 0.701840736328125 0.3418100078125 0.6973432939453125 0.34024111328125 0.6925587060546875 0.345479294921875 0.6923814541015625 0.356586625 0.6999654228515625 0.3586443759765625 0.704121953125 0.34988044140625
1 0.7372058037109375 0.3182879208984375 0.737360603515625 0.3123164521484375 0.732466119140625 0.3132543818359375 0.7317931572265625 0.3200003505859375 0.7352654990234375 0.32055031640625 0.7372058037109375 0.3182879208984375
0 0.650779509765625 0.6292391748046875 0.65327165625 0.61849848828125 0.655862470703125 0.6146259853515625 0.6651805439453125 0.573273349609375 0.669725255859375 0.53459096484375 0.6649318056640625 0.5124175205078125 0.652069904296875 0.4812570322265625 0.6509910390625 0.4630981982421875 0.649337880859375 0.458553515625 0.633950154296875 0.445837505859375 0.61672079296875 0.4422520732421875 0.6049915205078125 0.446390326171875 0.602786521484375 0.450323935546875 0.5946619384765625 0.454176544921875 0.5890944921875 0.4618604423828125 0.5659721298828125 0.540428890625 0.570027625 0.554776330078125 0.576564041015625 0.560951013671875 0.5736524013671875 0.5793343828125 0.575029638671875 0.5881182109375 0.5800227919921875 0.59404846484375 0.5877928720703125 0.612410515625 0.602530087890625 0.6267366337890625 0.623992197265625 0.63356217578125 0.639568400390625 0.63260292578125 0.650779509765625 0.6292391748046875
1 0.6132951201171875 0.548780685546875 0.613703388671875 0.5437059326171875 0.610892783203125 0.538977927734375 0.608699009765625 0.540343607421875 0.605049416015625 0.5509009716796875 0.6105719580078125 0.5534887958984375 0.6132951201171875 0.548780685546875
1 0.5831678134765625 0.5517181142578125 0.58111761328125 0.549680255859375 0.575826087890625 0.5531250068359375 0.5753953681640624 0.56333562109375 0.5788564833984375 0.566453517578125 0.581447298828125 0.5625810146484375 0.5831678134765625 0.5517181142578125
1 0.5861491748046875 0.4879476044921875 0.585301326171875 0.475821345703125 0.57854275390625 0.4910257138671875 0.57747275 0.5002785048828124 0.5812097861328125 0.4991572548828125 0.5861491748046875 0.4879476044921875
0 0.8569020283203125 0.551388310546875 0.8852999599609375 0.53190215625 0.9123318798828125 0.5010642431640625 0.9190792255859375 0.488427806640625 0.9321431962890625 0.4733655458984375 0.9387694208984375 0.4589967861328125 0.9415262607421875 0.446584884765625 0.9430157587890625 0.429689408203125 0.942001884765625 0.426102548828125 0.9446263779296875 0.4145262548828125 0.9440544501953125 0.398160849609375 0.9466677177734375 0.389152486328125 0.9479285634765625 0.3362448779296875 0.9414057392578125 0.2975227060546875 0.9356970849609375 0.2786305849609375 0.918766095703125 0.265670146484375 0.9012608134765625 0.2663238603515625 0.8736794169921875 0.2756605078125 0.8428005654296875 0.30331941796875 0.8317980205078125 0.3178516064453125 0.8066278232421875 0.3644026376953125 0.7958226171875 0.392671193359375 0.7845979169921875 0.4285824326171875 0.77827892578125 0.4609878125 0.775961666015625 0.4906007265625 0.7763138037109375 0.4983656240234375 0.7798848154296875 0.5057837724609375 0.7781867529296875 0.5115108125 0.7894179482421875 0.5329907578125 0.81404280078125 0.5523092021484375 0.838481541015625 0.5553233486328125 0.8569020283203125 0.551388310546875
1 0.947549244140625 0.3935749541015625 0.946921185546875 0.3900492021484375 0.9349384453125 0.39329073828125 0.939390982421875 0.40513135546875 0.94531056640625 0.4052123544921875 0.947549244140625 0.3935749541015625
0 0.6616845517578125 0.87251895703125 0.6833038251953125 0.84339347265625 0.70081147265625 0.8127602021484375 0.7089833251953125 0.768656314453125 0.7088196650390625 0.7472161552734375 0.7105514052734375 0.73378532421875 0.7081939716796875 0.713710845703125 0.710398970703125 0.709777236328125 0.7066956123046875 0.7031946953125 0.7084273525390625 0.6897638642578126 0.683737509765625 0.6558734453125 0.6711491630859375 0.650453369140625 0.662562546875 0.6422408271484376 0.6530270478515625 0.6450133994140625 0.647316029296875 0.6561008359375 0.627136619140625 0.7385616796875 0.6242249794921875 0.7569450498046875 0.6223922041015625 0.79348725390625 0.62556380859375 0.833391783203125 0.6353728623046875 0.8563596220703125 0.6416221318359375 0.8693413818359375 0.649327220703125 0.8731314560546874 0.6592373095703125 0.8729879208984375 0.6616845517578125 0.87251895703125
1 0.663100197265625 0.81363987890625 0.66338734375 0.806832802734375 0.6601909228515624 0.80204369140625 0.6567073544921875 0.8040616572265625 0.655626125 0.8158823798828125 0.66012356640625 0.8174512744140625 0.663100197265625 0.81363987890625
1 0.6536166982421875 0.71620205859375 0.6518311923828125 0.712492984375 0.6461650771484375 0.7133086982421875 0.6434082373046875 0.7257206005859375 0.649051900390625 0.73004074609375 0.6536166982421875 0.71620205859375
1 0.6756442392578125 0.6820018203125 0.6759313857421875 0.675194744140625 0.6689979287109376 0.6715268837890624 0.663177013671875 0.6783140673828125 0.6658328203125 0.6890135400390625 0.6704738349609375 0.6871788955078125 0.6756442392578125 0.6820018203125
0 0.270344486328125 0.69147362109375 0.28802701953125 0.6797125791015625 0.3051488515625 0.649018201171875 0.318455064453125 0.6374205859375 0.3340673115234375 0.59877798828125 0.33487262109375 0.5911964111328125 0.3382350673828125 0.587446123046875 0.3437824267578125 0.554918529296875 0.3451957080078125 0.5260190078125 0.3428382744140625 0.505944529296875 0.3342203447265625 0.4754562216796875 0.3238594501953125 0.4609666748046875 0.3096291708984375 0.448433986328125 0.28778124609375 0.4415473369140625 0.2532439404296875 0.452351984375 0.217414474609375 0.4937884765625 0.2099492626953125 0.5234426044921875 0.19347794140625 0.5525268740234375 0.19277130078125 0.566976634765625 0.1947765966796875 0.57928621484375 0.1942023037109375 0.5929003671875 0.1966158671875 0.600135193359375 0.1978920703125 0.6320303955078125 0.2120213154296875 0.6676744580078126 0.2298338310546875 0.6850573642578125 0.26223112890625 0.69275830078125 0.270344486328125 0.69147362109375
1 0.303155380859375 0.486810833984375 0.300598244140625 0.482979544921875 0.29530671875 0.4864242978515625 0.2969486513671875 0.49353691015625 0.3011926240234375 0.49420908984375 0.30249364453125 0.490988873046875 0.303155380859375 0.486810833984375
1 0.2940393759765625 0.48194072265625 0.2945912177734375 0.473462431640625 0.293323875 0.468978857421875 0.289465716796875 0.46836778515625 0.2854415341796875 0.476296111328125 0.285022041015625 0.483938794921875 0.28616826171875 0.486690046875 0.2913162138671875 0.4866488330078125 0.2940393759765625 0.48194072265625
1 0.258135458984375 0.62872346875 0.2571215849609375 0.6251366083984375 0.251202001953125 0.6250556083984375 0.2497349560546875 0.6368152236328125 0.2561727021484375 0.6361217236328125 0.258135458984375 0.62872346875
1 0.258557318359375 0.5911012275390625 0.26079599609375 0.579463826171875 0.257478453125 0.572942392578125 0.24858223828125 0.5766727880859375 0.2472363134765625 0.5901647255859375 0.2492640615234375 0.5973384453125 0.2528687509765625 0.597052802734375 0.258557318359375 0.5911012275390625
1 0.313253947265625 0.4729920400390625 0.31197537890625 0.47107639453125 0.3055376318359375 0.4717698955078125 0.3051181376953125 0.4794125791015625 0.3107842529296875 0.478596865234375 0.313253947265625 0.4729920400390625
1 0.2746091455078125 0.569659642578125 0.2708945615234375 0.5656450322265625 0.258019068359375 0.5670320322265625 0.2624940576171875 0.5737367861328125 0.2739474091796875 0.5738376806640625 0.2746091455078125 0.569659642578125
0 0.1731579228515625 0.4610818427734375 0.19003751171875 0.4269228193359375 0.187029568359375 0.4084584482421875 0.1896002958984375 0.37974225 0.1854774443359375 0.380802392578125 0.1799773544921875 0.373078708984375 0.1794816435546875 0.3687173486328125 0.181576748046875 0.3604834853515625 0.1787885947265625 0.35061962109375 0.180652681640625 0.3363531826171875 0.1795625908203125 0.3207622783203125 0.15601896875 0.289623111328125 0.1498683681640625 0.28350953515625 0.142284400390625 0.281451783203125 0.11809912890625 0.2793343515625 0.100030779296875 0.291034287109375 0.08747374609375 0.3078899775390625 0.083052521484375 0.318325126953125 0.081551796875 0.337788533203125 0.07370076953125 0.3673815537109375 0.073534744140625 0.375920953125 0.076565140625 0.389249462890625 0.0893082861328125 0.3886980703125 0.0828569482421875 0.42193905859375 0.088632958984375 0.4254235966796875 0.0881035693359375 0.4287660283203125 0.092809576171875 0.441503359375 0.0984420126953125 0.4483914365234375 0.120498501953125 0.466446521484375 0.1511102939453125 0.4704383837890625 0.1731579228515625 0.4610818427734375
1 0.1882969111328125 0.4129420234375 0.191329671875 0.3962909765625 0.1908026474609375 0.3696538505859375 0.1878821474609375 0.3606255927734375 0.1808051162109375 0.3603612705078125 0.1751815400390625 0.3808848212890625 0.17412276171875 0.38756968359375 0.17524653125 0.3954567958984375 0.1732837744140625 0.40285505078125 0.17784620703125 0.418995919921875 0.1841516064453125 0.4191380283203125 0.1882969111328125 0.4129420234375
1 0.1650942001953125 0.392135685546875 0.165778388671875 0.3828217861328125 0.1593518681640625 0.38094735546875 0.1563303330078125 0.39503047265625 0.1581158388671875 0.398739546875 0.1614670595703125 0.3975571884765625 0.1650942001953125 0.392135685546875
1 0.1500048466796875 0.3700446689453125 0.1499174033203125 0.3606085546875 0.1442625146484375 0.3588563388671875 0.140767720703125 0.363442234375 0.1388049638671875 0.3708404892578125 0.139686490234375 0.3752629580078125 0.146884642578125 0.3772596025390625 0.1500048466796875 0.3700446689453125
1 0.124224912109375 0.320563345703125 0.12451205859375 0.31375626953125 0.1205327802734375 0.3114128740234375 0.1162663544921875 0.315876556640625 0.1149428818359375 0.3242326337890625 0.120211955078125 0.3259237421875 0.124224912109375 0.320563345703125
1 0.1117529560546875 0.3768347060546875 0.1127018388671875 0.365849591796875 0.1073004189453125 0.3649940908203125 0.103132662109375 0.3763259560546875 0.10517163671875 0.3809317451171875 0.10929448828125 0.3798716015625 0.1117529560546875 0.3768347060546875
1 0.1376097080078125 0.2909902177734375 0.138282669921875 0.2842442490234375 0.13198849609375 0.2815342109375 0.128890744140625 0.2836132841796875 0.1262774775390625 0.2926216474609375 0.13398256640625 0.2964117216796875 0.1376097080078125 0.2909902177734375
1 0.163921396484375 0.307149552734375 0.1626540537109375 0.302665978515625 0.15763844921875 0.3018715849609375 0.1551799814453125 0.3049084794921875 0.1534706923828125 0.31320344921875 0.1615728232421875 0.314486701171875 0.163921396484375 0.307149552734375
1 0.145018189453125 0.42150559765625 0.144159115234375 0.41194726953125 0.139396978515625 0.4120495908203125 0.135505142578125 0.4191423095703125 0.1377975849609375 0.424644814453125 0.1438495166015625 0.42389020703125 0.145018189453125 0.42150559765625
1 0.18908862890625 0.4379079345703125 0.1909302646484375 0.4287773564453125 0.188758943359375 0.4250071748046875 0.180127423828125 0.4270663544921875 0.17838445703125 0.443065115234375 0.184171693359375 0.4439817236328125 0.18908862890625 0.4379079345703125
1 0.174425265625 0.4655654169921875 0.1721215966796875 0.46263084375 0.1674918076171875 0.461897556640625 0.166323134765625 0.464282166015625 0.1663006826171875 0.46941802734375 0.1731242451171875 0.4687856337890625 0.174425265625 0.4655654169921875
1 0.1719153974609375 0.421482849609375 0.1664153076171875 0.4137591650390625 0.1629429658203125 0.4132092001953125 0.16176306640625 0.418161740234375 0.1582794990234375 0.420179705078125 0.1587752099609375 0.42454106640625 0.1645512197265625 0.428025603515625 0.1703496826171875 0.4263742822265625 0.1719153974609375 0.421482849609375
0 0.2549786455078125 0.2616117412109375 0.2646913955078125 0.247731837890625 0.27125262890625 0.218791103515625 0.2719279560546875 0.1820655771484375 0.2628255419921875 0.1446479794921875 0.249665267578125 0.1228624990234375 0.234531009765625 0.111043203125 0.2165412421875 0.1047676259765625 0.1993993232421875 0.110618306640625 0.1881096328125 0.1319575712890625 0.186070658203125 0.127351783203125 0.1820801533203125 0.127576318359375 0.171849240234375 0.142230720703125 0.1689712783203125 0.15291030078125 0.1720778916015625 0.1782428544921875 0.171393703125 0.18755675390625 0.176232056640625 0.1994584765625 0.1729346015625 0.217780740234375 0.173914796875 0.229071390625 0.2137188115234375 0.2499374091796875 0.2298332646484375 0.2730473544921875 0.233944890625 0.2745551416015625 0.2456741630859375 0.2704168896484375 0.2549786455078125 0.2616117412109375
1 0.1979972685546875 0.1369498974609375 0.197656357421875 0.126617068359375 0.194338814453125 0.120095634765625 0.1876251474609375 0.12502828125 0.186324126953125 0.1282484970703125 0.1896079912109375 0.1424737216796875 0.195913390625 0.142615830078125 0.1979972685546875 0.1369498974609375
1 0.182227857421875 0.2115435224609375 0.1850945927734375 0.203431873046875 0.177566755859375 0.18853446875 0.172430029296875 0.186007751953125 0.1649222783203125 0.195954044921875 0.1642605419921875 0.200132083984375 0.16793022265625 0.2144184150390625 0.1741032744140625 0.215396130859375 0.182227857421875 0.2115435224609375
1 0.19248122265625 0.1917532578125 0.1930442900390625 0.1807070361328125 0.1845563427734375 0.179362677734375 0.1827034814453125 0.191061185546875 0.189251123046875 0.1946679384765625 0.19248122265625 0.1917532578125
1 0.18062196875 0.166747560546875 0.179917693359375 0.151217763671875 0.17362351953125 0.1485077255859375 0.1689712783203125 0.15291030078125 0.1693009638671875 0.16581105859375 0.177138400390625 0.1687655263671875 0.18062196875 0.166747560546875
1 0.24218646484375 0.1850641142578125 0.23825208984375 0.1724489970703125 0.230887912109375 0.1789917509765625 0.234315349609375 0.1898134375 0.2384382021484375 0.188753294921875 0.24218646484375 0.1850641142578125
1 0.2599517109375 0.242698298828125 0.2516185634765625 0.2353824716796875 0.2454342861328125 0.2369726865234375 0.2451246865234375 0.2489156240234375 0.2474171298828125 0.2544181279296875 0.2550123232421875 0.2539079501953125 0.2599517109375 0.242698298828125
1 0.2631776796875 0.1524128779296875 0.2624397265625 0.1445868720703125 0.258471673828125 0.1396755458984375 0.24986260546875 0.136598865234375 0.2443063857421875 0.1417148330078125 0.2448020966796875 0.146076193359375 0.25209891796875 0.154941021484375 0.26149084375 0.1555719873046875 0.2631776796875 0.1524128779296875
1 0.2087528408203125 0.178912177734375 0.2064716240234375 0.170841744140625 0.202481119140625 0.171066279296875 0.199107447265625 0.177384498046875 0.2057762099609375 0.18272357421875 0.2087528408203125 0.178912177734375
1 0.189457322265625 0.235815931640625 0.1914200791015625 0.2284176767578125 0.1901415107421875 0.226502033203125 0.1855117216796875 0.2257687470703125 0.180076623046875 0.2326170361328125 0.1814763125 0.23626500390625 0.187649365234375 0.23724271875 0.189457322265625 0.235815931640625
1 0.19219644140625 0.16858077734375 0.191976650390625 0.159980271484375 0.1796080947265625 0.163160701171875 0.1779212578125 0.166319810546875 0.1820104326171875 0.1729634580078125 0.189219810546875 0.172392171875 0.19219644140625 0.16858077734375
1 0.243379955078125 0.1475640869140625 0.241980265625 0.143916119140625 0.2297552822265625 0.14369301171875 0.2306255830078125 0.15068341015625 0.2420677080078125 0.1533522333984375 0.243379955078125 0.1475640869140625
0 0.226266384765625 0.352999947265625 0.2350863818359375 0.3372655087890625 0.23461548828125 0.2977887294921875 0.2276507177734375 0.271845103515625 0.2125613642578125 0.2497540869140625 0.194957412109375 0.2435396171875 0.1917609912109375 0.238750505859375 0.1727124453125 0.2391597900390625 0.163044599609375 0.2427679716796875 0.157091337890625 0.25039076171875 0.1518423515625 0.273543349609375 0.154233462890625 0.285914037109375 0.164859052734375 0.298732369140625 0.171108322265625 0.3117141279296875 0.1794414697265625 0.3190299560546875 0.1789008544921875 0.3249403173828125 0.1811820712890625 0.3330107509765625 0.1795602255859375 0.3507418349609375 0.1884115361328125 0.357283162109375 0.1910224384765625 0.37825435546875 0.1930726376953125 0.38029221484375 0.2017153837890625 0.37566510546875 0.226266384765625 0.352999947265625
1 0.181020775390625 0.2815910361328125 0.172256908203125 0.2844858232421875 0.1737777197265625 0.2898661123046875 0.17904679296875 0.2915572216796875 0.1806012822265625 0.2892337197265625 0.181020775390625 0.2815910361328125
1 0.183811294921875 0.2614753427734375 0.1821581357421875 0.2569306611328125 0.1768890625 0.255239552734375 0.173008453125 0.2597643408203125 0.1750249755859375 0.2695059912109375 0.18094455859375 0.2695869912109375 0.183811294921875 0.2614753427734375
1 0.2036356015625 0.3485590146484375 0.20328346484375 0.340794115234375 0.1992929599609375 0.3410186513671875 0.1907601083984375 0.3499460146484375 0.1935482626953125 0.3598098779296875 0.199842435546875 0.3625199169921875 0.2013969248046875 0.3601964150390625 0.2036356015625 0.3485590146484375
1 0.18863369140625 0.335904111328125 0.1853161494140625 0.329382677734375 0.18325472265625 0.3299127490234375 0.180906150390625 0.3372498974609375 0.181522982421875 0.343343580078125 0.17892094140625 0.3497840126953125 0.1801770576171875 0.3568355185546875 0.1886650048828125 0.358179876953125 0.18863369140625 0.335904111328125
1 0.220887416015625 0.3470085849609375 0.2201270107421875 0.34431844140625 0.215519673828125 0.33844929296875 0.2121572265625 0.3421995810546875 0.210304365234375 0.35389808984375 0.21840649609375 0.355181341796875 0.220887416015625 0.3470085849609375
0 0.2406324453125 0 0.2405025927734375 0.0109138095703125 0.2366532958984375 0.037714365234375 0.23713778125 0.04464365625 0.2349103291015625 0.053713126953125 0.235262466796875 0.0614780244140625 0.2421959248046875 0.065145884765625 0.248256716796875 0.091802904296875 0.2553875126953125 0.1092071318359375 0.263058923828125 0.1207009970703125 0.278314302734375 0.1342526162109375 0.2878498017578125 0.1314800419921875 0.309314275390625 0.10832602734375 0.31362560546875 0.093590625 0.3190719296875 0.084174404296875 0.331223060546875 0.0424139111328125 0.33284490625 0.024682826171875 0.3391189921875 0.00254916796875 0.3392489326171875 0 0.2406324453125 0
1 0.25719133984375 0.0204096044921875 0.2560675703125 0.012522490234375 0.2422880986328125 0.014622884765625 0.242133298828125 0.0205943525390625 0.245318494140625 0.0279513935546875 0.25573551953125 0.0296012880859375 0.25719133984375 0.0204096044921875
1 0.277986982421875 0.091372298828125 0.27814178125 0.085400830078125 0.2745595439453125 0.0805506123046875 0.26657853515625 0.08099968359375 0.2625543515625 0.0889280107421875 0.2643061796875 0.1003408759765625 0.27098616796875 0.103112021484375 0.277986982421875 0.091372298828125
1 0.3288520361328125 0.0548869189453125 0.3294263291015625 0.0412727666015625 0.3237265361328125 0.0497922724609375 0.3199895 0.0509135234375 0.3180267431640625 0.0583117783203125 0.3222482646484375 0.064119818359375 0.32623876953125 0.0638952822265625 0.3288520361328125 0.0548869189453125
0 0.3560198349609375 0.2579139951171875 0.368819111328125 0.244522951171875 0.3813985966796875 0.2225313994140625 0.3860845166015625 0.2104250341796875 0.3897565615234375 0.1947318095703125 0.39031962890625 0.1836855869140625 0.3882694287109375 0.181647728515625 0.389736474609375 0.1698881123046875 0.388626296875 0.1294535126953125 0.3873701796875 0.1224020068359375 0.3785413212890625 0.1107248193359375 0.3496163662109375 0.1035738486328125 0.336740873046875 0.1049608486328125 0.321891396484375 0.1163140341796875 0.3101172197265625 0.1307240078125 0.3048032431640625 0.13930462109375 0.29621426171875 0.1610716357421875 0.2959383408203125 0.16531078125 0.2993770048828125 0.1735645380859375 0.298163427734375 0.1862208681640625 0.2942379140625 0.20101737890625 0.293818419921875 0.2086600625 0.2839957744140625 0.2182397119140625 0.2850096484375 0.221826572265625 0.2819768876953125 0.238477619140625 0.2952807353515625 0.2568595615234375 0.3093786669921875 0.270227857421875 0.32763312890625 0.2748322197265625 0.3560198349609375 0.2579139951171875
1 0.3112025810546875 0.2062740263671875 0.315105642578125 0.196613376953125 0.3080847421875 0.18350940234375 0.302948015625 0.1809826865234375 0.3015258740234375 0.182470580078125 0.2984594345703125 0.2068254189453125 0.2988340244140625 0.2094544560546875 0.3035961611328125 0.2093521357421875 0.3112025810546875 0.2062740263671875
1 0.367700072265625 0.1766767236328125 0.3711724140625 0.1772266884765625 0.373025275390625 0.1655281806640625 0.3703582431640625 0.1573966376953125 0.362895396484375 0.157071208984375 0.3570520302734375 0.1689942529296875 0.35571733203125 0.1799182607421875 0.3632900732421875 0.184543943359375 0.367700072265625 0.1766767236328125
1 0.331148609375 0.1477601640625 0.326927087890625 0.141952125 0.3211398515625 0.1410355166015625 0.31568230078125 0.15301966796875 0.317335458984375 0.157564349609375 0.326727384765625 0.158195314453125 0.331148609375 0.1477601640625
1 0.3297305986328125 0.2366187998046875 0.321893162109375 0.2336643330078125 0.3186630625 0.236579013671875 0.3168214267578125 0.2457095908203125 0.319367337890625 0.2521088095703125 0.32746946875 0.2533920615234375 0.3297305986328125 0.2366187998046875
1 0.334948271484375 0.1911904453125 0.3403833701171875 0.18434215625 0.3391160283203125 0.1798585810546875 0.3330753232421875 0.1780452578125 0.324697271484375 0.18100115234375 0.3195156416015625 0.1887461572265625 0.3179387001953125 0.19620551953125 0.3248833837890625 0.19730544921875 0.334948271484375 0.1911904453125
1 0.3893305712890625 0.1449833095703125 0.38779853515625 0.1421709501953125 0.384723234375 0.139114162109375 0.3813607880859375 0.14286444921875 0.380434357421875 0.1487137041015625 0.3823297578125 0.1567230322265625 0.38659618359375 0.152259349609375 0.3893305712890625 0.1449833095703125
1 0.380483392578125 0.2258127236328125 0.38063819140625 0.219841255859375 0.36799371484375 0.2272608310546875 0.3669237099609375 0.236513623046875 0.368444521484375 0.2418939130859375 0.37386839453125 0.237613552734375 0.380483392578125 0.2258127236328125
1 0.3870670771484375 0.19173612890625 0.3852927978515625 0.1854591240234375 0.3804207666015625 0.18126119140625 0.3766837294921875 0.1823824423828125 0.375503830078125 0.1873349814453125 0.3766388251953125 0.1926541640625 0.38472973046875 0.196505345703125 0.3870670771484375 0.19173612890625
0 0.4520146728515625 0.643156099609375 0.4557741611328125 0.63689898828125 0.464946296875 0.628929447265625 0.4738986416015625 0.612359400390625 0.486810177734375 0.5732890517578125 0.4845401875 0.5626506875 0.48755049609375 0.5511355 0.486184484375 0.5397837421875 0.4746661416015625 0.5251108740234375 0.467082173828125 0.52305312109375 0.4600388212890625 0.5150850078125 0.4444177138671875 0.5263159794921874 0.432897005859375 0.54162266796875 0.43028373828125 0.5506310322265625 0.420416189453125 0.57048240234375 0.4180339384765625 0.585523341796875 0.41334801953125 0.59762970703125 0.4114951572265625 0.60932821484375 0.4097297392578125 0.6304628369140625 0.41342187109375 0.63961330859375 0.4276746025390625 0.64701013671875 0.4400207060546875 0.6489655673828125 0.4520146728515625 0.643156099609375
1 0.419841896484375 0.5840965546875 0.418850474609375 0.575373833984375 0.4136463916015625 0.5882547001953125 0.413888634765625 0.591719345703125 0.41697516015625 0.5922082041015625 0.419841896484375 0.5840965546875
1 0.431948123046875 0.552607783203125 0.4333052734375 0.5365479140625 0.42422058203125 0.5539535693359375 0.4252232294921875 0.560108359375 0.4278028193359375 0.558803787109375 0.431948123046875 0.552607783203125
1 0.4439982197265625 0.5339586630859375 0.44415301953125 0.5279871943359375 0.442356287109375 0.52684605078125 0.4368000673828125 0.5319620185546875 0.4365129208984375 0.538769095703125 0.4412750576171875 0.5386667734375 0.4439982197265625 0.5339586630859375
1 0.460924478515625 0.606878216796875 0.462247951171875 0.598522138671875 0.4562409248046875 0.589005025390625 0.4497695 0.59740231640625 0.4477730654296875 0.6125043623046875 0.455103564453125 0.6136653994140625 0.460924478515625 0.606878216796875
1 0.459401302734375 0.631477484375 0.458773244140625 0.6279517314453125 0.4511892763671875 0.6258939794921875 0.448201419921875 0.6322733056640625 0.4490829462890625 0.6366957724609374 0.455641814453125 0.637734595703125 0.459401302734375 0.631477484375
1 0.4758348154296875 0.5227262646484375 0.473035435546875 0.5154303310546875 0.4650768779296875 0.510743541015625 0.4630042265625 0.51384154296875 0.4661669697265625 0.5263344453125 0.47349746875 0.527495482421875 0.4758348154296875 0.5227262646484375
0 0.3052894599609375 0.8229240751953125 0.3222003623046875 0.811040818359375 0.3350108642578125 0.7950818427734375 0.3381647470703125 0.780163119140625 0.3492884130859375 0.7673632529296875 0.3573480048828125 0.7489386689453125 0.3653201533203125 0.721077970703125 0.370185689453125 0.66788471875 0.3676846826171875 0.6512137783203125 0.3667606171875 0.627083474609375 0.364721642578125 0.622477685546875 0.355957775390625 0.62537247265625 0.35418349609375 0.61909546875 0.341198107421875 0.61618221484375 0.3245631259765625 0.6238263271484376 0.3194801650390625 0.638439515625 0.2990520166015625 0.6600445302734375 0.281918958984375 0.693306837890625 0.2720939482421875 0.732866044921875 0.2652006640625 0.7788855771484375 0.2628834052734375 0.8084984912109375 0.2669725791015625 0.815142138671875 0.2683385908203125 0.826493896484375 0.27835857421875 0.830650615234375 0.288533357421875 0.8288358642578125 0.3052894599609375 0.8229240751953125
1 0.35840265234375 0.6548830654296875 0.35947265625 0.6456302734375 0.357940619140625 0.6428179150390625 0.3584924599609375 0.6343396220703125 0.3542484873046875 0.633667443359375 0.34644236328125 0.6529887421875 0.347070421875 0.656514494140625 0.35607653125 0.6570843525390625 0.35840265234375 0.6548830654296875
1 0.3346025966796875 0.8001565966796875 0.34137239453125 0.782384298828125 0.3314847578125 0.77739197265625 0.3290262900390625 0.7804288681640625 0.3259060859375 0.7876438017578125 0.326224544921875 0.8031124912109375 0.3295645400390625 0.804498064453125 0.3346025966796875 0.8001565966796875
0 0.3887993837890625 0.590315306640625 0.4000441708984375 0.5792477646484375 0.41132263671875 0.5604764296875 0.4209367177734375 0.5397283447265625 0.431533359375 0.5002913525390625 0.436860927734375 0.459163251953125 0.4378009501953125 0.420766509765625 0.432368216796875 0.3976352431640625 0.4312668994140625 0.3846122705078125 0.4162986669921875 0.3642535751953125 0.4036116513671875 0.3519653154296875 0.3974385986328125 0.3509876005859375 0.382135951171875 0.37768726171875 0.36376686328125 0.4287417607421875 0.3539643046875 0.4631651064453125 0.34930969921875 0.4975472373046875 0.3470934736328125 0.50404877734375 0.3461197734375 0.550149310546875 0.349006595703125 0.5668813583984375 0.355002396484375 0.578966404296875 0.371006955078125 0.5977760966796875 0.37461164453125 0.5974904541015625 0.3887993837890625 0.590315306640625
1 0.3681762626953125 0.5682043974609375 0.3665231044921875 0.56365971484375 0.361904541015625 0.560358498046875 0.3587955634765625 0.5650055009765625 0.35797902734375 0.5751550078125 0.3649237109375 0.5762549384765625 0.3681762626953125 0.5682043974609375
1 0.3633473701171875 0.4363844443359375 0.36233349609375 0.4327975849609375 0.3574277861328125 0.4363034453125 0.3567548232421875 0.4430494140625 0.36113114453125 0.4428859853515625 0.3633473701171875 0.4363844443359375
1 0.3931384951171875 0.3631550732421875 0.39138666796875 0.3517422080078125 0.3855320751953125 0.366233181640625 0.391837474609375 0.3663752900390625 0.3931384951171875 0.3631550732421875
0 0.3617789609375 0 0.3631719169921875 0.00550220703125 0.376794224609375 0.03935283984375 0.39152021484375 0.056246888671875 0.4164546650390625 0.0636223955078125 0.4305100576171875 0.0572828564453125 0.44873320703125 0.0396114521484375 0.4509382060546875 0.0356778427734375 0.4497045419921875 0.0234904755859375 0.443444046875 0.013076646484375 0.439763140625 0.0013582451171875 0.4386018955078125 0 0.3617789609375 0
1 0.3960761513671875 0.0149965732421875 0.3970250341796875 0.004011458984375 0.3880076982421875 0.00600953125 0.3883373837890625 0.0189102900390625 0.3937388046875 0.019765791015625 0.3960761513671875 0.0149965732421875
1 0.4283275107421875 0.05608060546875 0.423852521484375 0.049375849609375 0.4179217109375 0.0518627802734375 0.4164658916015625 0.06105446484375 0.42148149609375 0.0618488583984375 0.4283275107421875 0.05608060546875
0 0.479281173828125 0.2937114931640625 0.4965129013671875 0.2673173681640625 0.5073405595703125 0.233912953125 0.511277298828125 0.21654851171875 0.5134173076171875 0.198042927734375 0.513442125 0.1629275087890625 0.5192405869140625 0.1612761865234375 0.51268171875 0.1602373642578125 0.511943765625 0.1524113583984375 0.505407349609375 0.14623667578125 0.4903493095703125 0.146421423828125 0.4818276845703125 0.152780857421875 0.46705442578125 0.1761380869140625 0.457285544921875 0.2028576416015625 0.45084543359375 0.2335306982421875 0.4514510390625 0.2421923115234375 0.456663982421875 0.256723072265625 0.45287081640625 0.270683974609375 0.4542592802734375 0.2768998720703125 0.4513925439453125 0.285011521484375 0.45097305078125 0.292654205078125 0.4531331455078125 0.2989923173828125 0.4674083291015625 0.3012532841796875 0.479281173828125 0.2937114931640625
1 0.4587254091796875 0.2561930009765625 0.455396640625 0.252239498046875 0.451659603515625 0.253360748046875 0.4494546044921875 0.2572943583984375 0.4498067421875 0.2650592568359375 0.4568949990234375 0.2627556484375 0.4587254091796875 0.2561930009765625
1 0.47911987890625 0.2422917783203125 0.4808291669921875 0.2339968076171875 0.479694171875 0.228677625 0.4704458203125 0.2246431220703125 0.462949294921875 0.2320214833984375 0.459685517578125 0.2426399560546875 0.4604459228515625 0.245330099609375 0.46402816015625 0.250180318359375 0.47059825390625 0.2486512109375 0.47911987890625 0.2422917783203125
1 0.4783996474609375 0.2892890263671875 0.4793148525390625 0.2860077021484375 0.4730319052734375 0.2807297333984375 0.4682585419921875 0.2833999853515625 0.4664393583984375 0.2873947021484375 0.467706701171875 0.29187827734375 0.4740121005859375 0.292020384765625 0.4783996474609375 0.2892890263671875
0 0.59442442578125 0.39075278515625 0.60051003515625 0.38229438671875 0.603067171875 0.38612567578125 0.6127686962890625 0.374813703125 0.62551420703125 0.34428275390625 0.6270911484375 0.3368233916015625 0.626541671875 0.315322126953125 0.632340134765625 0.3136708037109375 0.633872171875 0.3164831640625 0.6372570703125 0.3075970146484375 0.6372795224609376 0.3024611533203125 0.6317457548828125 0.302441259765625 0.629166998046875 0.2937523681640625 0.6318580146484375 0.2767619560546875 0.6347135244140625 0.27121823828125 0.6344825078125 0.265185662109375 0.6405905693359375 0.2515914033203125 0.620958869140625 0.2382032138671875 0.6020538974609375 0.2352089599609375 0.5913497255859375 0.2403661416015625 0.5703809619140625 0.2678815166015625 0.565154427734375 0.285898244140625 0.5578641025390625 0.334424599609375 0.5535527724609375 0.3491600029296875 0.54928634765625 0.3536236845703125 0.5476981806640625 0.3636509775390625 0.552128265625 0.3806274541015625 0.56326079296875 0.39523921484375 0.578307607421875 0.397622396484375 0.59442442578125 0.39075278515625
1 0.56995673828125 0.3354833154296875 0.5689428642578125 0.331896455078125 0.563783685546875 0.334505599609375 0.5631107236328124 0.341251568359375 0.568909185546875 0.3396002470703125 0.56995673828125 0.3354833154296875
1 0.563507765625 0.33874474609375 0.56287970703125 0.335218994140625 0.5597931806640625 0.3347301357421875 0.5542257353515625 0.342414033203125 0.5514576689453125 0.3573938662109375 0.5519533798828125 0.3617552255859375 0.55710133203125 0.36171401171875 0.563507765625 0.33874474609375
1 0.582235486328125 0.3528463291015625 0.5831619169921874 0.34699707421875 0.5789516220703125 0.3386211044921875 0.573229376953125 0.352276470703125 0.57900538671875 0.3557610087890625 0.582235486328125 0.3528463291015625