0 0 0.6291500029296875 0.00553366796875 0.6229780537109375 0.020504265625 0.61335719140625 0.026854568359375 0.6032275771484376 0.031109767578125 0.6013318271484375 0.0344160849609375 0.6104211904296875 0.0403132158203125 0.6156380517578125 0.0528141201171875 0.611622013671875 0.0819836826171875 0.59225807421875 0.106193771484375 0.559260087890625 0.1145292841796875 0.5365963564453125 0.128035201171875 0.5087555517578125 0.1367789814453125 0.4810170693359375 0.1429656240234375 0.449447296875 0.1486790087890625 0.408380302734375 0.1499262646484375 0.388020181640625 0.1483404619140625 0.3680679169921875 0.1491794501953125 0.352782548828125 0.1473939443359375 0.349073474609375 0.1456982470703125 0.32482095703125 0.14328468359375 0.317586130859375 0.133231021484375 0.3211332041015625 0.129550115234375 0.3094148017578125 0.112861369140625 0.2999190087890625 0.090075787109375 0.3014495439453125 0.08284395703125 0.3071566904296875 0.07163284765625 0.31052044140625 0.0540489833984375 0.3291496689453125 0.0493742900390625 0.338688103515625 0.030985115234375 0.3648989072265625 0.0244800126953125 0.3809999892578125 0.0195630771484375 0.387073779296875 0.00668521875 0.4184403369140625 0 0.4606491474609375 0 0.6291500029296875
1 0.1242130869140625 0.4704611318359375 0.124522685546875 0.4585181943359375 0.1223513642578125 0.4547480126953125 0.1152743330078125 0.45448369140625 0.11239637109375 0.4651632705078125 0.114677587890625 0.4732337041015625 0.12265859765625 0.4727846337890625 0.1242130869140625 0.4704611318359375
1 0.0070751650390625 0.5058721845703125 0.0052559814453125 0.5098669013671875 0.004957609375 0.519241908203125 0.012552802734375 0.51873173046875 0.0143944384765625 0.50960115234375 0.0119696484375 0.5049342568359375 0.0070751650390625 0.5058721845703125
1 0.048604423828125 0.4559161875 0.04562779296875 0.459727583984375 0.0459911572265625 0.46492455078125 0.052031861328125 0.4667378740234375 0.0552844130859375 0.4586873330078125 0.05413819140625 0.4559360810546875 0.048604423828125 0.4559161875
1 0 0.461047046875 0.005601623046875 0.4602406171875 0.0071673388671875 0.4553491845703125 0.0074769375 0.4434062470703125 0.0057026572265625 0.4371292431640625 0.0037735791015625 0.43682370703125 0 0.4606491494140625 0 0.461047046875
1 0.0227524033203125 0.4818015615234375 0.028716890625 0.4716108408203125 0.0192150703125 0.4666796220703125 0.0177817021484375 0.4707354462890625 0.0189054716796875 0.47862255859375 0.0227524033203125 0.4818015615234375
1 0.081510423828125 0.5827608525390625 0.0785562451171875 0.58143638671875 0.075768091796875 0.5715725224609375 0.0674124921875 0.5693925556640625 0.063619326171875 0.583353458984375 0.066672173828125 0.591546107421875 0.071687779296875 0.5923405009765625 0.081510423828125 0.5827608525390625
0 0.1333501015625 0 0.1312718291015625 0.00389219140625 0.1164737529296875 0.0623648388671875 0.111323435546875 0.092385609375 0.11165312109375 0.105286369140625 0.1071757666015625 0.1285611708984375 0.1047261591796875 0.1590096923828125 0.1057601201171875 0.1874402490234375 0.114178345703125 0.234171748046875 0.13269513671875 0.267084451171875 0.1530872421875 0.28316278515625 0.156427236328125 0.2845483583984375 0.1792689482421875 0.270178169921875 0.1968640390625 0.248981013671875 0.2155403603515625 0.2159631337890625 0.220215052734375 0.20642469921875 0.2340530205078125 0.1615050966796875 0.241717935546875 0.1156077783203125 0.2405853056640625 0.0803090380859375 0.22733522265625 0.0790670009765625 0.21893471875 0.087158755859375 0.214634615234375 0.099326228515625 0.21278175390625 0.1110247373046875 0.208239408203125 0.119727564453125 0.207831140625 0.124802318359375 0.193057880859375 0.1481595478515625 0.1824098388671875 0.1404770771484375 0.2036592529296875 0.0487634423828125 0.2126882734375 0 0.1333501015625 0
1 0.1488485986328125 0.0752016357421875 0.148992171875 0.07179809765625 0.1464462607421875 0.0653988779296875 0.14349208203125 0.0640744130859375 0.1399860625 0.0712282392578125 0.1400847314453125 0.0780964228515625 0.1458719677734375 0.0790130302734375 0.1488485986328125 0.0752016357421875
1 0.1135372958984375 0.115863626953125 0.11509178515625 0.113540125 0.115246583984375 0.10756865625 0.1099887373046875 0.1033096171875 0.109039853515625 0.114294732421875 0.1135372958984375 0.115863626953125
0 0 0.885208966796875 0.0120399365234375 0.8715571259765625 0.0138142158203125 0.877834130859375 0.0161291103515625 0.8782007744140625 0.020009720703125 0.8736759853515625 0.0178271728515625 0.872473734375 0.0158106513671875 0.862732083984375 0.017894529296875 0.8570661513671874 0.0330536044921875 0.8337700283203126 0.0396910537109375 0.8168333388671875 0.0538386201171875 0.759970798828125 0.0540383232421875 0.7437276083984375 0.0578427158203125 0.727198775390625 0.0592223193359375 0.706003046875 0.0556985771484375 0.658333619140625 0.0484691123046875 0.634061208984375 0.0395191328125 0.6206516982421875 0.0319351650390625 0.6185939462890625 0.0282967978515625 0.6265833798828125 0.0241021591796875 0.6293452919921875 0.0146496728515625 0.6278481650390625 0 0.641148419921875 0 0.885208966796875
1 0 0.803694337890625 0.001396625 0.803915541015625 0.00516733984375 0.7950904990234375 0.007273669921875 0.7842887060546875 0.006513263671875 0.7815985615234375 0 0.78245072265625 0 0.803694337890625
1 0.059940185546875 0.68898535546875 0.0580560107421875 0.6784080986328125 0.0542090791015625 0.675229095703125 0.049810306640625 0.680528384765625 0.0518156025390625 0.69283796484375 0.0552767177734375 0.6959558603515625 0.0590025283203125 0.6974025400390625 0.059940185546875 0.68898535546875
1 0.0205893427734375 0.65277286328125 0.0213946533203125 0.64519128515625 0.020116083984375 0.6432756416015625 0.014052927734375 0.6465981787109375 0.0114621123046875 0.650470681640625 0.0114284345703125 0.6581744736328125 0.017469138671875 0.6599877958984375 0.0205893427734375 0.65277286328125
1 0 0.88265919140625 0.0086999423828125 0.8701715537109375 0.0118313720703125 0.860388689453125 0 0.85373044921875 0 0.88265919140625
0 0.22038694140625 0.961946205078125 0.236761958984375 0.8960141943359375 0.236519716796875 0.892549548828125 0.2209009736328125 0.8738009638671875 0.217208841796875 0.8646504921875 0.20479774609375 0.8481230869140625 0.19041266796875 0.8415618662109375 0.1715076962890625 0.83856761328125 0.1533069990234375 0.8511031572265625 0.1468243486328125 0.86206837890625 0.141918638671875 0.86557423828125 0.128820990234375 0.8883402890625 0.120673955078125 0.8973287587890625 0.1130114052734375 0.91324651953125 0.096033146484375 0.940537359375 0.22038694140625 0.961946205078125
1 0.162629203125 0.89712126171875 0.1651863408203125 0.9009525498046875 0.170500318359375 0.8923719375 0.1727389951171875 0.880734537109375 0.170204310546875 0.87176738671875 0.1660814580078125 0.8728275302734375 0.162564212890625 0.882549287109375 0.161361861328125 0.8926376875 0.162629203125 0.89712126171875
1 0.1975499599609375 0.91635727734375 0.19860873828125 0.909672416015625 0.196834458984375 0.903395412109375 0.191939974609375 0.9043333408203125 0.1897349755859375 0.9082669501953125 0.1920049658203125 0.918905314453125 0.1945733291015625 0.920168673828125 0.1975499599609375 0.91635727734375
1 0.167135505859375 0.926101783203125 0.1672903056640625 0.920130314453125 0.162131126953125 0.922739458984375 0.160818880859375 0.92852760546875 0.1556372509765625 0.9362726103515625 0.156110509765625 0.94576983203125 0.16139080859375 0.9448930107421875 0.167135505859375 0.926101783203125
1 0.12488425 0.90570473046875 0.1199448623046875 0.9169143798828125 0.1233835263671875 0.92516813671875 0.128399130859375 0.9259625302734374 0.13077015625 0.913489521484375 0.1292493447265625 0.9081092314453125 0.12488425 0.90570473046875
1 0.142468115234375 0.8870755029296875 0.1445519931640625 0.8814095703125 0.1398010830078125 0.8789439619140625 0.13786077734375 0.8812063564453125 0.1379706728515625 0.885506609375 0.142468115234375 0.8870755029296875
1 0.2054860654296875 0.9261799287109375 0.2020899404296875 0.9376340087890624 0.20502166796875 0.944094333984375 0.215317572265625 0.94401190625 0.2180519599609375 0.9367358662109375 0.2092231015625 0.925058677734375 0.2054860654296875 0.9261799287109375
0 0.37439718359375 0.3816009775390625 0.3591193525390625 0.3731852216796875 0.33223337109375 0.3706400380859375 0.3250127666015625 0.37377925390625 0.28914076171875 0.3955079111328125 0.284477294921875 0.4024784150390625 0.2685914921875 0.4153806025390625 0.259782720703125 0.428547111328125 0.2412050693359375 0.468433173828125 0.2231006767578125 0.517816458984375 0.2259112822265625 0.5225444619140625 0.2246640263671875 0.542904583984375 0.2320931953125 0.5509338037109375 0.25618629296875 0.603574236328125 0.2677607666015625 0.605407453125 0.276986666015625 0.6145778173828125 0.29498766015625 0.6182854638671875 0.317916814453125 0.613351390625 0.3412654638671875 0.6007746328125 0.3566443291015625 0.5860790166015625 0.365089736328125 0.5677155400390625 0.369223814453125 0.56408746484375 0.3833577900390625 0.5397724130859375 0.3995195126953125 0.5226310810546875 0.40975042578125 0.5079766787109375 0.4131577763671875 0.49395466796875 0.4172942197265625 0.460347037109375 0.4138242431640625 0.429817515625 0.405986806640625 0.426863048828125 0.4060317109375 0.416591326171875 0.391184599609375 0.3979649560546875 0.37439718359375 0.3816009775390625
1 0.3336549130859375 0.5164820009765625 0.336730212890625 0.5195387890625 0.342804595703125 0.5136483212890625 0.345826130859375 0.499565203125 0.344955830078125 0.4925748056640625 0.3398191044921875 0.49004808984375 0.3364566572265625 0.493798376953125 0.3333252275390625 0.5035812412109375 0.3336549130859375 0.5164820009765625
1 0.3489800126953125 0.4846464794921875 0.34830705078125 0.4913924482421875 0.349839087890625 0.494204806640625 0.3530579609375 0.493858056640625 0.355417759765625 0.483952978515625 0.355054396484375 0.4787560107421875 0.3489800126953125 0.4846464794921875
1 0.3428341435546875 0.4185737880859375 0.3428678212890625 0.4108699970703125 0.337731095703125 0.4083432802734375 0.333211201171875 0.41191024609375 0.33073028125 0.4200830029296875 0.3330227236328125 0.4255855068359375 0.34036444921875 0.42417861328125 0.3428341435546875 0.4185737880859375
1 0.276827736328125 0.533178544921875 0.279396099609375 0.53444190234375 0.283144361328125 0.5307527216796875 0.2851071181640625 0.5233544658203125 0.2846226337890625 0.51642517578125 0.2806433544921875 0.51408178125 0.277280908203125 0.5178320693359375 0.27530692578125 0.5277982548828125 0.276827736328125 0.533178544921875
1 0.267519123046875 0.454612951171875 0.2614559658203125 0.4579354892578125 0.25739810546875 0.473567607421875 0.2691161513671875 0.4719972861328125 0.2710676826171875 0.4671669609375 0.2717518701171875 0.4578530615234375 0.267519123046875 0.454612951171875
1 0.285046857421875 0.448823376953125 0.283613490234375 0.452879201171875 0.2839656279296875 0.460644099609375 0.2909103115234375 0.461744029296875 0.2932813359375 0.449271021484375 0.2877587939453125 0.446683197265625 0.285046857421875 0.448823376953125
1 0.3114436240234375 0.5043983828125 0.308534349609375 0.4928021962890625 0.30300058203125 0.492782302734375 0.29572384765625 0.5087611708984375 0.292361400390625 0.5125114599609375 0.2940145595703125 0.5170561416015625 0.2923052705078125 0.5253511103515625 0.2949947548828125 0.5283467919921875 0.30233648046875 0.5269398984375 0.30842208984375 0.5184815009765625 0.308576888671875 0.5125100322265626 0.3114436240234375 0.5043983828125
1 0.31462232421875 0.454364240234375 0.315968248046875 0.4408723017578125 0.314954375 0.4372854423828125 0.3077337705078125 0.440424658203125 0.3065314189453125 0.45051305859375 0.3079198828125 0.4567289560546875 0.311259876953125 0.4581145283203125 0.31462232421875 0.454364240234375
1 0.24432054296875 0.52117735546875 0.245114626953125 0.516163708984375 0.2433515732421875 0.5073187734375 0.239239947265625 0.505810986328125 0.235226990234375 0.5111713828125 0.2340134130859375 0.5238277138671875 0.241343912109375 0.5249887509765625 0.24432054296875 0.52117735546875
1 0.26650051953125 0.5109852060546874 0.259257462890625 0.519260283203125 0.2623327626953125 0.5223170712890625 0.2672160205078125 0.523947072265625 0.270831935546875 0.5210934990234375 0.2698292880859375 0.514938708984375 0.26650051953125 0.5109852060546874
1 0.3441127119140625 0.4204894326171875 0.3497676005859375 0.4222416484375 0.351741583984375 0.412275462890625 0.344929248046875 0.4103399248046875 0.3441127119140625 0.4204894326171875
1 0.3626247724609375 0.5133612509765625 0.364024462890625 0.5170092177734374 0.369690578125 0.5161935029296875 0.3721827236328125 0.5054528173828124 0.37221640234375 0.497749025390625 0.3685018173828125 0.4937344150390625 0.3656575341796875 0.4967102021484375 0.3627907978515625 0.5048218515625 0.3626247724609375 0.5133612509765625
0 0.73710830078125 0.576099892578125 0.7351928134765625 0.5432468681640625 0.7253500810546875 0.5279828212890625 0.724491005859375 0.5184244931640625 0.7147693955078125 0.504892767578125 0.7009137060546875 0.4949891171875 0.6951713740234375 0.483800787109375 0.6802905849609375 0.47287820703125 0.660746328125 0.4689261318359375 0.6544297021484375 0.4713519541015625 0.6473189931640625 0.478791423828125 0.6399323642578125 0.4904700380859375 0.6330414453125 0.506510013671875 0.62319634765625 0.5212255244140624 0.597003416015625 0.536778068359375 0.58380709765625 0.5526759365234375 0.580455876953125 0.5538582939453125 0.5751418994140625 0.5624389072265625 0.571117716796875 0.570367234375 0.564578935546875 0.594172107421875 0.5664855625 0.5996135048828125 0.565271984375 0.6122698349609375 0.557797912109375 0.6145123359375 0.5515350517578125 0.634078064453125 0.546131265625 0.6632021201171875 0.54804675390625 0.69605514453125 0.5568732470703125 0.737711888671875 0.564412310546875 0.7500413623046875 0.574663310546875 0.76023065625 0.607376703125 0.8133798388671875 0.6078724140625 0.81774119921875 0.622587177734375 0.8372031787109375 0.6381409296875 0.8413797900390625 0.6474454111328125 0.8325746416015625 0.66330876171875 0.8248083154296875 0.674311306640625 0.810276126953125 0.6918189541015625 0.7796428564453125 0.702038640625 0.767556384765625 0.7244744501953125 0.7282813935546875 0.7443956611328125 0.70488294921875 0.749841986328125 0.695466728515625 0.748101384765625 0.6814859326171875 0.7428772158203125 0.6695231015625 0.7496582392578125 0.6491828740234376 0.7519305947265625 0.629841681640625 0.747810107421875 0.6009222685546876 0.74272951171875 0.5855558994140625 0.73710830078125 0.576099892578125
1 0.6709766416015625 0.601601583984375 0.6691125537109375 0.6158680234375 0.6759024384765625 0.622939421875 0.679881716796875 0.62528281640625 0.6813487626953125 0.6135232001953125 0.690047638671875 0.596056439453125 0.6892984599609375 0.59079836328125 0.68302673828125 0.58295246484375 0.6741305234375 0.5866828603515625 0.6709766416015625 0.601601583984375
1 0.72028897265625 0.6847900048828125 0.7461522197265625 0.6563367001953125 0.7521728369140624 0.6333063271484375 0.74890019921875 0.616513171875 0.74558265625 0.60999173828125 0.723182890625 0.611583380859375 0.7168999423828125 0.6063054130859376 0.7094258701171875 0.6085479140625 0.7064829169921875 0.604655517578125 0.696924966796875 0.612563951171875 0.693528841796875 0.6240180302734375 0.6951932265625 0.6259947822265625 0.6895897373046875 0.6713620283203126 0.69149636328125 0.67680342578125 0.7060025634765625 0.68509696875 0.72028897265625 0.6847900048828125
1 0.653092638671875 0.5122555185546875 0.6354886875 0.506041048828125 0.59669381640625 0.548721005859375 0.5937934033203125 0.5645364453125 0.5954465615234374 0.569081126953125 0.59285574609375 0.5729536298828125 0.594630025390625 0.579230634765625 0.5937798115234375 0.59708393359375 0.595179501953125 0.600731900390625 0.601991837890625 0.6026674375 0.6128171318359374 0.599242578125 0.61361121484375 0.5942289326171875 0.6192885556640625 0.5908452880859375 0.6233127392578125 0.5829169609375 0.632881916015625 0.5724405966796875 0.6477963828125 0.5756593857421874 0.65864412890625 0.567098666015625 0.664543625 0.542335970703125 0.6680496455078125 0.53518214453125 0.67243719140625 0.53245078515625 0.673098927734375 0.52827274609375 0.6699361845703125 0.5157798447265625 0.6635321162109376 0.5087695537109375 0.6565874326171875 0.507669623046875 0.653092638671875 0.5122555185546875
1 0.5815140556640624 0.6945032880859375 0.585867923828125 0.699475720703125 0.5932208759765625 0.695500896484375 0.5911393623046876 0.671187271484375 0.5919783505859375 0.6559019033203125 0.5853320390625 0.6454269677734376 0.5822230615234375 0.650073970703125 0.579454994140625 0.665053802734375 0.5815140556640624 0.6945032880859375
1 0.688768470703125 0.741470650390625 0.6911170439453125 0.734133501953125 0.6797085966796875 0.7237608876953125 0.6749015556640625 0.7341349296875 0.6756507353515625 0.739393005859375 0.688768470703125 0.741470650390625
1 0.6399358955078125 0.7251706357421875 0.6375648701171875 0.73764364453125 0.639085681640625 0.74302393359375 0.6410035341796875 0.745897400390625 0.6445095537109375 0.73874357421875 0.644047521484375 0.726678421875 0.6399358955078125 0.7251706357421875
1 0.742861859375 0.5847202919921874 0.7388849453125 0.5523973388671874 0.73544628125 0.5441435830078125 0.7306392412109375 0.5545176259765625 0.7281246435546875 0.5703941728515625 0.7307579970703125 0.586229505859375 0.73834196484375 0.5882872578125 0.742861859375 0.5847202919921874
1 0.696016857421875 0.5259066025390625 0.696425125 0.520831849609375 0.70501410546875 0.4990648349609375 0.69282280078125 0.491137935546875 0.6869682080078126 0.50562891015625 0.6826456533203125 0.5229322431640625 0.68340605859375 0.5256223876953126 0.696016857421875 0.5259066025390625
1 0.6420292333984375 0.5995864736328125 0.638799134765625 0.602501154296875 0.6286781162109375 0.6214558095703125 0.62489617578125 0.6328487822265625 0.6296358603515625 0.6378823212890625 0.64198196484375 0.6398377529296875 0.6507570576171875 0.63437503515625 0.6574281865234375 0.6097345537109375 0.6558961494140625 0.6069221943359375 0.6565578857421875 0.6027441552734375 0.6420292333984375 0.5995864736328125
1 0.6242562919921875 0.7792208154296875 0.62253577734375 0.7900837158203124 0.6239354677734374 0.7937316826171875 0.628951072265625 0.7945260771484375 0.6309138291015625 0.787127822265625 0.629657712890625 0.7800763173828125 0.6242562919921875 0.7792208154296875
0 0.51396265234375 0.132173451171875 0.5122982685546875 0.13019669921875 0.5127065361328125 0.1251219462890625 0.5105239892578125 0.1239196953125 0.5126303193359375 0.1131179013671875 0.5104814501953125 0.1042118603515625 0.5026664658203125 0.0961215322265625 0.497101384765625 0.0738258720703125 0.490730994140625 0.0591117900390625 0.477415919921875 0.0432977783203125 0.4702963505859375 0.0233256201171875 0.4611915712890625 0.015887578125 0.448766884765625 0.0319076611328125 0.44265882421875 0.045501919921875 0.437234951171875 0.0497822802734375 0.4193078095703125 0.088058234375 0.42108208984375 0.0943352392578125 0.4192404541015625 0.1034658173828125 0.4172889228515625 0.1082961416015625 0.41355188671875 0.109417392578125 0.407917083984375 0.132508873046875 0.398255734375 0.1935082373046875 0.3962906123046875 0.2308860498046875 0.3930156083984375 0.2440724521484375 0.3938835439453125 0.2810424072265625 0.396725462890625 0.3080461767578125 0.402335447265625 0.3200701142578125 0.407514712890625 0.342304666015625 0.4201119208984375 0.375136369140625 0.43045036328125 0.39476177734375 0.43970994140625 0.3962283505859375 0.4514504404296875 0.3895221669921875 0.4729485927734375 0.358664361328125 0.4830808359375 0.337141775390625 0.4932467587890625 0.3079153974609375 0.4973270712890625 0.28714741796875 0.5079999306640625 0.259714470703125 0.50984156640625 0.2505838935546875 0.5084418759765625 0.2469359267578125 0.5163153564453125 0.212207044921875 0.51727546484375 0.198654 0.5190834228515625 0.197227212890625 0.5204068955078125 0.1888711357421875 0.5179596533203125 0.189340099609375 0.5146757890625 0.175114875 0.51396265234375 0.132173451171875
1 0.42743355859375 0.348885779296875 0.43282375390625 0.3523092109375 0.4355581416015625 0.3450331708984375 0.435746619140625 0.33135791015625 0.43422580859375 0.32597762109375 0.430632345703125 0.3236953330078125 0.4260899990234375 0.33239816015625 0.425538158203125 0.3408764521484375 0.42743355859375 0.348885779296875
1 0.4760806220703125 0.2015516416015625 0.4735884765625 0.212292328125 0.4761231611328125 0.2212594765625 0.4798489716796875 0.2227061572265625 0.4838507021484375 0.21991369140625 0.48684978515625 0.2109664345703125 0.487269279296875 0.2033237509765625 0.4834335732421875 0.1975768173828125 0.4790572529296875 0.19774024609375 0.4760806220703125 0.2015516416015625
1 0.4399061142578125 0.1452845625 0.44749008203125 0.1473423154296875 0.4509848759765625 0.1427564189453125 0.4519449853515625 0.1292033740234375 0.4481317314453125 0.118320580078125 0.4436230634765625 0.119319615234375 0.4399846962890625 0.1273090498046875 0.437360203125 0.1388853447265625 0.4399061142578125 0.1452845625
1 0.4595850830078125 0.1184214736328125 0.468205376953125 0.118930224609375 0.473288337890625 0.10431703515625 0.477433642578125 0.09812103125 0.468196515625 0.09151859765625 0.463290806640625 0.09502445703125 0.458737234375 0.10629521484375 0.4572814140625 0.115486900390625 0.4595850830078125 0.1184214736328125
1 0.4176948251953125 0.1332009462890625 0.4163713525390625 0.1415570224609375 0.4177485908203125 0.1503408505859375 0.4230288896484375 0.1494640283203125 0.424495935546875 0.1377044140625 0.4220823720703125 0.1304695869140625 0.4176948251953125 0.1332009462890625
1 0.495744234375 0.0898857412109375 0.4970452548828125 0.0866655244140625 0.4964171962890625 0.0831397724609375 0.491522712890625 0.084077701171875 0.48999067578125 0.081265341796875 0.47659701953125 0.0834268427734375 0.476067630859375 0.0867692734375 0.495744234375 0.0898857412109375
1 0.4354795595703125 0.36300868359375 0.4337927236328125 0.3661677919921875 0.4345306767578125 0.3739937978515625 0.440836076171875 0.3741359052734375 0.442522912109375 0.370976796875 0.4428100595703125 0.3641697197265625 0.4354795595703125 0.36300868359375
0 0.6758859150390625 0.27345645703125 0.67823448828125 0.26611930859375 0.67724306640625 0.257396587890625 0.6883377841796875 0.1923413994140625 0.690807478515625 0.18673657421875 0.6917675869140625 0.173183529296875 0.6905002451171875 0.168699953125 0.6642759990234375 0.1619767333984375 0.656858056640625 0.15137958203125 0.6510708203125 0.1504629736328125 0.641149505859375 0.153174439453125 0.6213943193359375 0.1680334853515625 0.614393505859375 0.1797732060546875 0.608119419921875 0.2019068642578125 0.6043823828125 0.203028115234375 0.594624728515625 0.2271797392578125 0.5855512626953125 0.242017462890625 0.5771989111328125 0.26853308984375 0.571118916015625 0.2757075224609375 0.5587279072265625 0.2840238134765625 0.55353505078125 0.2943367490234375 0.5479788310546875 0.299452716796875 0.5353768935546875 0.3265801279296875 0.5313190322265625 0.34221224609375 0.52563046484375 0.3481638212890625 0.5190042412109375 0.3625325810546875 0.51301730078125 0.3778591630859375 0.5071290302734375 0.4000539287109375 0.5003905458984375 0.4401019931640625 0.5032549169921875 0.4619699013671875 0.50476213671875 0.4998976787109375 0.500825396484375 0.517262119140625 0.498763970703125 0.5177921904296875 0.503261412109375 0.5193610859375 0.5059396708984375 0.5249246962890625 0.5092796650390625 0.52631026953125 0.5158834375 0.5170773701171875 0.5274242314453125 0.5266143779296875 0.544400125 0.529303095703125 0.5596466435546875 0.5154430869140625 0.5745835625 0.513526015625 0.593975384765625 0.493470001953125 0.6099173173828125 0.4677281630859375 0.621891197265625 0.4370749990234375 0.6320683447265625 0.4052806904296875 0.64751456640625 0.3751774921875 0.668893962890625 0.3126078056640625 0.66930223046875 0.3075330517578125 0.6718930458984375 0.3036605498046875 0.676866111328125 0.284747107421875 0.6758859150390625 0.27345645703125
1 0.5783725986328125 0.41219437109375 0.5800706611328125 0.4064673310546875 0.5734355751953125 0.39342446484375 0.5658067041015625 0.40163843359375 0.5652548623046875 0.4101167255859375 0.5673050625 0.412154583984375 0.5748890302734375 0.4142123369140625 0.5783725986328125 0.41219437109375
1 0.6496841220703125 0.261597375 0.6417905556640625 0.271482560546875 0.640323509765625 0.2832421748046875 0.6419878935546875 0.285218927734375 0.63662901171875 0.30407126171875 0.622331376953125 0.3069461552734375 0.618704236328125 0.3123676591796875 0.6155728056640625 0.3221505234375 0.616828921875 0.3292020283203125 0.623123095703125 0.33191206640625 0.637961345703125 0.323126810546875 0.6433964443359375 0.3162785205078125 0.6445875693359375 0.3087580517578125 0.6509266474609375 0.3011963671875 0.65685745703125 0.2987094375 0.6592710205078125 0.3059442646484375 0.662104078125 0.3055364072265625 0.6659734619140625 0.303579548828125 0.66768275 0.2952845791015625 0.6633737861328125 0.2800404248046875 0.65975787109375 0.282893998046875 0.6559221650390625 0.2771470654296875 0.6599687998046875 0.2640828779296875 0.6597265576171875 0.260618232421875 0.6496841220703125 0.261597375
1 0.634292265625 0.161510623046875 0.62151544140625 0.169765806640625 0.6106227919921875 0.188598248046875 0.593444830078125 0.2321322783203125 0.5923860517578124 0.238817140625 0.593355021484375 0.2526757216796875 0.5870448916015625 0.312492728515625 0.5926773291015625 0.3193808046875 0.6015510908203126 0.3207862705078125 0.6067327216796875 0.3130412666015625 0.62075680078125 0.2844259609375 0.6202498642578125 0.28263253125 0.624780984375 0.2764976337890625 0.6270196611328125 0.264860232421875 0.635355173828125 0.2421965029296875 0.6343525263671875 0.2360417119140625 0.64160680859375 0.2251987060546875 0.6433497744140625 0.2091999443359375 0.63912825390625 0.2033919033203125 0.648136728515625 0.173982205078125 0.643000001953125 0.1714554892578125 0.640079501953125 0.1624272314453125 0.634292265625 0.161510623046875
1 0.6528291435546875 0.2192670224609375 0.6508776123046875 0.22409734765625 0.651638017578125 0.2267874931640625 0.661041169921875 0.2248505283203125 0.675161552734375 0.2330829638671875 0.6791632841796875 0.2302904970703125 0.6818976728515626 0.2230144560546875 0.680883798828125 0.2194275966796875 0.6572166904296874 0.2165356640625 0.6528291435546875 0.2192670224609375
1 0.6567345703125 0.17962681640625 0.65903823828125 0.182561390625 0.6674275166015625 0.1770375654296875 0.6695226201171876 0.1688037021484375 0.669423951171875 0.1619355185546875 0.65876468359375 0.156820978515625 0.6569342734375 0.1633836259765625 0.658598658203125 0.1653603779296875 0.6567345703125 0.17962681640625
1 0.5535143642578125 0.416822908203125 0.5593914091796875 0.3971960732421875 0.54254786328125 0.393671748046875 0.5363411328125 0.4003978232421875 0.5341698115234375 0.396627642578125 0.530432775390625 0.3977488935546875 0.5247105302734375 0.411404259765625 0.522328279296875 0.42644519921875 0.5235956220703125 0.4309287734375 0.5192842919921875 0.4456641767578125 0.520672755859375 0.45188007421875 0.5313657021484375 0.449290822265625 0.5414530419921875 0.4380399580078125 0.5535143642578125 0.416822908203125
1 0.5713676533203125 0.3365633525390625 0.562460212890625 0.342861677734375 0.548570845703125 0.3406618173828125 0.5428598271484375 0.3517492529296875 0.5460001181640625 0.3693780166015625 0.5697995732421876 0.3714343408203125 0.5686533525390625 0.3686830888671875 0.573956103515625 0.36267040625 0.5762060068359375 0.3484650751953125 0.5749611171875 0.3388456396484375 0.5713676533203125 0.3365633525390625
1 0.6221446650390625 0.4379717138671875 0.6246368115234375 0.42723102734375 0.62105457421875 0.4223808095703125 0.6159066220703125 0.4224220234375 0.6112319287109375 0.4319604580078125 0.6113193720703125 0.441396572265625 0.6170953818359375 0.444881111328125 0.6221446650390625 0.4379717138671875
1 0.546511185546875 0.4585421875 0.54461578515625 0.4505328603515625 0.5370205908203125 0.4510430390625 0.5263926357421875 0.4682042646484375 0.5196653779296875 0.5056843984375 0.520558130859375 0.507538935546875 0.535264033203125 0.4995892880859375 0.536455158203125 0.492068818359375 0.538527810546875 0.48897081640625 0.53881495703125 0.482163740234375 0.546511185546875 0.4585421875
1 0.587809427734375 0.402553615234375 0.5850974912109375 0.4046937939453125 0.586243712890625 0.407445046875 0.5917662548828125 0.41003287109375 0.59810533203125 0.4024711865234375 0.600453904296875 0.3951340390625 0.5985472783203125 0.3896926416015625 0.5940498359375 0.388123748046875 0.588482390625 0.395807646484375 0.587809427734375 0.402553615234375
1 0.5064312509765625 0.4419153154296875 0.501646662109375 0.447153498046875 0.5022522685546875 0.455815111328125 0.5036519580078125 0.4594630791015625 0.5084253203125 0.4567928271484375 0.510796345703125 0.444319818359375 0.5064312509765625 0.4419153154296875
1 0.63283348046875 0.3480117216796875 0.638499595703125 0.3471960078125 0.65185957421875 0.3527382978515625 0.658221103515625 0.3400407529296875 0.6579900869140625 0.334008177734375 0.655168255859375 0.3318481044921875 0.6384346044921875 0.3326240322265625 0.6324813427734375 0.3402468232421875 0.63283348046875 0.3480117216796875
1 0.59578570703125 0.462063658203125 0.5933272392578125 0.465100552734375 0.5940764189453125 0.4703586279296875 0.598441513671875 0.4727631298828125 0.6014293701171874 0.4663838037109375 0.5990045810546875 0.461716908203125 0.59578570703125 0.462063658203125
0 0.50673551953125 0.6372613486328125 0.5026599365234375 0.598070212890625 0.4848834638671875 0.543003958984375 0.4541280986328125 0.542415634765625 0.447160962890625 0.5464515654296875 0.4385406689453125 0.545942814453125 0.427692923828125 0.5545035341796875 0.42181587890625 0.574130369140625 0.4158626171875 0.58175316015625 0.405820181640625 0.582732302734375 0.399745798828125 0.5886227705078125 0.39531334765625 0.6016258505859375 0.3896247802734375 0.6075774267578125 0.3842995771484375 0.6187259697265625 0.37399008203125 0.6513558857421875 0.3611435361328125 0.704998208984375 0.3609101552734375 0.7289451904296875 0.35521922265625 0.764876322265625 0.35621064453125 0.7735990439453125 0.3536848203125 0.792043521484375 0.350708189453125 0.795854916015625 0.3520942880859375 0.83205037109375 0.3469776484375 0.8543673515625 0.3422042861328125 0.8570376025390625 0.3407147880859375 0.8739330791015625 0.333139681640625 0.8992869541015625 0.3297660087890625 0.905605171875 0.3285299794921875 0.92339736328125 0.3306451708984375 0.9400071962890625 0.3287810830078125 0.9542736357421875 0.3319550517578125 0.9641986064453125 0.3403218779296875 0.9638106435546875 0.355050232421875 0.950725134765625 0.3676409443359375 0.9261656533203125 0.3752160517578125 0.9008117783203125 0.3786883935546875 0.9013617431640625 0.3820620654296875 0.895043525390625 0.3976943994140625 0.881244623046875 0.402876029296875 0.8734996181640625 0.425740193359375 0.8539935703125 0.45497711328125 0.819222046875 0.4672806787109375 0.801469642578125 0.471194966796875 0.7892410625 0.4852190458984375 0.7606257578125 0.49645497265625 0.722146587890625 0.5042634609375 0.6728457314453125 0.50673551953125 0.6372613486328125
1 0.4571980693359375 0.752761392578125 0.45337358984375 0.744446529296875 0.4388673896484375 0.7361529873046875 0.4344686171875 0.7414522763671875 0.434302591796875 0.7499916748046875 0.4362204443359375 0.7528651416015625 0.4504956279296875 0.7551261083984375 0.4571980693359375 0.752761392578125
1 0.4054243056640625 0.8499192802734375 0.411862052734375 0.8492257802734375 0.4260184794921875 0.8197748671875 0.426162052734375 0.8163713291015625 0.422855736328125 0.80728196484375 0.4164179892578125 0.80797546484375 0.412714630859375 0.8013929248046875 0.408338310546875 0.8015563525390625 0.40185566015625 0.8125215751953125 0.396485552734375 0.83394183984375 0.396981263671875 0.83830319921875 0.394908611328125 0.8414012021484375 0.3959224853515625 0.8449880625 0.399659521484375 0.8438668115234375 0.4054243056640625 0.8499192802734375
1 0.35257404296875 0.8989387763671876 0.3749513564453125 0.9024829951171875 0.3780603349609375 0.8978359912109375 0.37861217578125 0.8893577001953125 0.38394860546875 0.8756412255859375 0.3829796357421875 0.86178264453125 0.3774907724609375 0.851491029296875 0.3784284287109375 0.8430738447265625 0.3704586455078125 0.840954986328125 0.367988951171875 0.846559810546875 0.363238041015625 0.8440942021484374 0.35588508984375 0.848069025390625 0.35444049609375 0.8546927802734375 0.356457017578125 0.8644344296875 0.3510644580078125 0.8909905556640625 0.351163126953125 0.897858740234375 0.35257404296875 0.8989387763671876
1 0.4206915107421875 0.7135731123046875 0.42186018359375 0.7111885029296875 0.4212433515625 0.7050948203125 0.426027939453125 0.699856638671875 0.4287422412109375 0.6677369013671876 0.423011134765625 0.653980640625 0.414545640625 0.6475004208984375 0.40396258984375 0.65438992578125 0.385156287109375 0.65826385546875 0.377792109375 0.664806609375 0.379312919921875 0.6701868994140625 0.3792207470703125 0.720709900390625 0.38216369921875 0.7246022958984375 0.399778876953125 0.7282488349609375 0.4206915107421875 0.7135731123046875
1 0.476651611328125 0.600803455078125 0.4815387392578125 0.6015775 0.4843830234375 0.5986017119140625 0.4836226171875 0.595911568359375 0.48545302734375 0.5893489208984375 0.4913950625 0.584294060546875 0.49297200390625 0.576834697265625 0.49028251953125 0.5738390166015624 0.4802513095703125 0.5722502294921875 0.4726448896484375 0.575328337890625 0.4624925595703125 0.5720072275390625 0.456868982421875 0.5925307783203125 0.46015284765625 0.6067560029296875 0.4688942626953125 0.608997076171875 0.476651611328125 0.600803455078125
1 0.4871575849609375 0.641013064453125 0.4827588125 0.646312353515625 0.4828574814453125 0.653180537109375 0.48437829296875 0.658560826171875 0.4891516552734375 0.6558905751953125 0.48945002734375 0.646515568359375 0.4871575849609375 0.641013064453125