0 0.126057529296875 0.490234375 0.1472081220703125 0.493359375 0.1751269033203125 0.489453125 0.203891708984375 0.489453125 0.2123519462890625 0.491015625 0.2140439931640625 0.488671875 0.217428087890625 0.488671875 0.2267343486328125 0.492578125 0.2402707275390625 0.491796875 0.2461928935546875 0.49296875 0.2715736044921875 0.48203125 0.2783417939453125 0.47109375 0.2715736044921875 0.446875 0.26226734375 0.44453125 0.2529610830078125 0.43125 0.2284263955078125 0.4203125 0.1472081220703125 0.415234375 0.106598984375 0.415234375 0.09137055859375 0.412890625 0.0778341796875 0.423046875 0.0702199658203125 0.437109375 0.071065990234375 0.455859375 0.0769881552734375 0.465625 0.0879864638671875 0.473046875 0.0956006767578125 0.475390625 0.1082910322265625 0.485546875 0.126057529296875 0.490234375
1 0.1793570224609375 0.480859375 0.1802030458984375 0.485546875 0.190355330078125 0.48671875 0.1945854482421875 0.482421875 0.192047376953125 0.4796875 0.1852791875 0.478125 0.1793570224609375 0.480859375
1 0.203891708984375 0.483984375 0.1954314716796875 0.481640625 0.1928934013671875 0.48203125 0.1928934013671875 0.48671875 0.1945854482421875 0.48828125 0.2005076142578125 0.488671875 0.203891708984375 0.487109375 0.203891708984375 0.483984375
1 0.0956006767578125 0.4703125 0.1040609140625 0.471875 0.106598984375 0.470703125 0.1049069375 0.468359375 0.098138748046875 0.46796875 0.0956006767578125 0.4703125
1 0.236040609375 0.414453125 0.2402707275390625 0.420703125 0.2470389169921875 0.422265625 0.24957698828125 0.419921875 0.2478849404296875 0.4140625 0.2402707275390625 0.4125 0.236040609375 0.414453125
1 0.2631133671875 0.43046875 0.255499154296875 0.432421875 0.255499154296875 0.437890625 0.2597292724609375 0.440234375 0.2741116748046875 0.4390625 0.2800338408203125 0.435546875 0.2732656513671875 0.430859375 0.2631133671875 0.43046875
0 0 0.50859375 0.0363790185546875 0.51953125 0.0558375634765625 0.522265625 0.0702199658203125 0.52109375 0.0795262265625 0.51875 0.106598984375 0.505859375 0.1150592216796875 0.496484375 0.1150592216796875 0.490625 0.071065990234375 0.466796875 0.0676818955078125 0.453515625 0.060067681640625 0.45 0.0372250419921875 0.446484375 0.0042301181640625 0.44453125 0 0.444921875 0 0.50859375
1 0.0558375634765625 0.488671875 0.0566835869140625 0.494921875 0.0685279189453125 0.497265625 0.0761421318359375 0.494140625 0.0744500849609375 0.4859375 0.0609137060546875 0.485546875 0.0558375634765625 0.488671875
1 0.0896785107421875 0.490625 0.09221658203125 0.49140625 0.097292724609375 0.48984375 0.0956006767578125 0.4859375 0.09137055859375 0.4875 0.0896785107421875 0.490625
1 0.020304568359375 0.512890625 0.0287648056640625 0.513671875 0.0355329951171875 0.505859375 0.0296108291015625 0.502734375 0.021150591796875 0.503515625 0.020304568359375 0.512890625
0 0.19712351953125 0.51953125 0.2140439931640625 0.515234375 0.2597292724609375 0.509375 0.268189509765625 0.506640625 0.268189509765625 0.5046875 0.2631133671875 0.499609375 0.2394247041015625 0.494140625 0.19881556640625 0.48984375 0.176818951171875 0.48984375 0.14382402734375 0.494140625 0.1269035537109375 0.499609375 0.1091370556640625 0.507421875 0.1049069375 0.513671875 0.097292724609375 0.515234375 0.0947546533203125 0.51875 0.09306260546875 0.525390625 0.1023688662109375 0.527734375 0.1319796953125 0.52578125 0.1489001689453125 0.523046875 0.1742808798828125 0.52265625 0.19712351953125 0.51953125
1 0.1582064296875 0.52890625 0.159052453125 0.525390625 0.14636209765625 0.52421875 0.139593908203125 0.526953125 0.09137055859375 0.52734375 0.09137055859375 0.54453125 0.098984771484375 0.555859375 0.1032148896484375 0.5578125 0.1167512685546875 0.54609375 0.14636209765625 0.531640625 0.1582064296875 0.52890625
1 0.1810490693359375 0.49765625 0.1886632822265625 0.490234375 0.176818951171875 0.48984375 0.176818951171875 0.497265625 0.1810490693359375 0.49765625
1 0.2402707275390625 0.49609375 0.22419627734375 0.496484375 0.22419627734375 0.503125 0.230964466796875 0.505078125 0.2385786806640625 0.5046875 0.242808798828125 0.501953125 0.243654822265625 0.49765625 0.2402707275390625 0.49609375
1 0.137901861328125 0.50703125 0.138747884765625 0.510546875 0.149746193359375 0.51171875 0.1582064296875 0.509375 0.1582064296875 0.50546875 0.149746193359375 0.50390625 0.137901861328125 0.50703125
1 0.17089678515625 0.513671875 0.1598984775390625 0.515625 0.15736040625 0.518359375 0.163282572265625 0.522265625 0.1734348564453125 0.522265625 0.183587140625 0.517578125 0.1802030458984375 0.5140625 0.17089678515625 0.513671875
0 0.4255499150390625 0.4640625 0.4314720810546875 0.4703125 0.4627749580078125 0.474609375 0.4729272421875 0.474609375 0.4763113369140625 0.46875 0.494077833984375 0.4734375 0.5101522841796875 0.475390625 0.5372250419921875 0.475 0.578680203125 0.466796875 0.610829103515625 0.451171875 0.624365482421875 0.439453125 0.6302876484375 0.42890625 0.6302876484375 0.421875 0.6142131982421875 0.40703125 0.6167512685546875 0.40390625 0.610829103515625 0.396875 0.6057529609375 0.396875 0.598138748046875 0.3921875 0.585448392578125 0.388671875 0.560067681640625 0.38359375 0.494923857421875 0.3921875 0.4746192890625 0.39765625 0.4382402705078125 0.41171875 0.428934009765625 0.419921875 0.41962775 0.42109375 0.4060913701171875 0.43203125 0.4060913701171875 0.44296875 0.4179357021484375 0.45390625 0.4170896787109375 0.461328125 0.40778341796875 0.46171875 0.40778341796875 0.46328125 0.4255499150390625 0.4640625
1 0.4467005078125 0.45546875 0.4560067685546875 0.45546875 0.4585448388671875 0.454296875 0.4585448388671875 0.446484375 0.44754653125 0.4515625 0.4467005078125 0.45546875
1 0.473773265625 0.44921875 0.473773265625 0.455078125 0.4780033837890625 0.458203125 0.4822335029296875 0.455078125 0.481387478515625 0.45078125 0.4780033837890625 0.448046875 0.473773265625 0.44921875
1 0.4746192890625 0.426953125 0.4746192890625 0.43203125 0.48646362109375 0.43203125 0.48561759765625 0.423046875 0.4780033837890625 0.425390625 0.4746192890625 0.426953125
1 0.5160744501953125 0.446484375 0.505076142578125 0.442578125 0.4974619287109375 0.447265625 0.494923857421875 0.451171875 0.4974619287109375 0.455078125 0.5008460234375 0.45625 0.51353637890625 0.455078125 0.5169204736328125 0.4515625 0.5160744501953125 0.446484375
1 0.5287648056640625 0.44296875 0.5363790185546875 0.443359375 0.53891708984375 0.435546875 0.5372250419921875 0.434375 0.531302876953125 0.43515625 0.5287648056640625 0.44296875
1 0.5296108291015625 0.45859375 0.5228426396484375 0.461328125 0.521150591796875 0.46640625 0.5270727578125 0.4703125 0.532994923828125 0.470703125 0.5363790185546875 0.46796875 0.5363790185546875 0.462109375 0.5296108291015625 0.45859375
1 0.54060913671875 0.40390625 0.53807106640625 0.408984375 0.5423011845703125 0.412109375 0.558375634765625 0.405078125 0.558375634765625 0.40078125 0.5482233505859375 0.398828125 0.54060913671875 0.40390625
1 0.598984771484375 0.4296875 0.6074450087890625 0.4296875 0.6142131982421875 0.423046875 0.6074450087890625 0.4203125 0.599830794921875 0.421484375 0.598984771484375 0.4296875
1 0.4898477158203125 0.46484375 0.4974619287109375 0.4625 0.4983079521484375 0.45859375 0.4898477158203125 0.4546875 0.48815566796875 0.456640625 0.4898477158203125 0.46484375
1 0.481387478515625 0.46953125 0.4890016923828125 0.470703125 0.48730964453125 0.463671875 0.4822335029296875 0.46328125 0.480541455078125 0.46484375 0.481387478515625 0.46953125
1 0.51353637890625 0.431640625 0.5177664970703125 0.432421875 0.5245346865234375 0.42734375 0.519458544921875 0.426953125 0.5152284267578126 0.428515625 0.51353637890625 0.431640625
1 0.4627749580078125 0.44453125 0.467005076171875 0.44765625 0.4712351943359375 0.4453125 0.4703891708984375 0.4390625 0.4636209814453125 0.44140625 0.4627749580078125 0.44453125
1 0.587140439453125 0.39609375 0.5888324873046875 0.38984375 0.5829103212890625 0.3890625 0.5829103212890625 0.3953125 0.587140439453125 0.39609375
1 0.532994923828125 0.3953125 0.5372250419921875 0.394140625 0.5423011845703125 0.387890625 0.5363790185546875 0.385546875 0.5270727578125 0.38828125 0.532994923828125 0.3953125
0 0.7089678515625 0.496484375 0.7191201357421875 0.48984375 0.73773265625 0.473046875 0.755499154296875 0.4515625 0.763959390625 0.4359375 0.7664974619140625 0.420703125 0.7656514384765625 0.41171875 0.7614213193359375 0.406640625 0.7470389169921875 0.39921875 0.72419627734375 0.39140625 0.7123519462890625 0.390625 0.6928934013671875 0.393359375 0.677664974609375 0.39765625 0.663282572265625 0.40625 0.6539763115234375 0.41640625 0.64382402734375 0.434765625 0.64467005078125 0.452734375 0.652284263671875 0.466796875 0.6683587138671875 0.48203125 0.6954314716796876 0.4984375 0.7013536376953124 0.498828125 0.7089678515625 0.496484375
1 0.6878172587890625 0.47421875 0.6937394248046875 0.474609375 0.6954314716796876 0.469921875 0.6928934013671875 0.46640625 0.6861252119140625 0.468359375 0.6878172587890625 0.47421875
1 0.716582064453125 0.425390625 0.716582064453125 0.430078125 0.72504230078125 0.430859375 0.7284263955078125 0.427734375 0.7267343486328125 0.42421875 0.7208121826171875 0.423046875 0.716582064453125 0.425390625
1 0.7258883251953125 0.408984375 0.7258883251953125 0.415234375 0.729272419921875 0.416015625 0.7335025380859375 0.41484375 0.7343485615234375 0.411328125 0.731810490234375 0.4078125 0.7258883251953125 0.408984375
1 0.6827411171875 0.45859375 0.6802030458984375 0.462890625 0.689509306640625 0.465625 0.6928934013671875 0.462890625 0.691201353515625 0.4578125 0.6869712353515625 0.456640625 0.6827411171875 0.45859375
1 0.689509306640625 0.4828125 0.6928934013671875 0.477734375 0.6878172587890625 0.47734375 0.6869712353515625 0.48203125 0.689509306640625 0.4828125
0 0.652284263671875 0.4 0.665820642578125 0.400390625 0.6852791875 0.393359375 0.6878172587890625 0.390234375 0.704737732421875 0.38828125 0.718274111328125 0.38046875 0.72250423046875 0.376953125 0.7258883251953125 0.36171875 0.716582064453125 0.34765625 0.6945854482421875 0.332421875 0.6615905244140625 0.321875 0.6429780029296875 0.316796875 0.6150592216796875 0.314453125 0.5947546533203125 0.31484375 0.55245346875 0.318359375 0.531302876953125 0.3234375 0.52791878125 0.32578125 0.5253807109375 0.330078125 0.5287648056640625 0.343359375 0.53976311328125 0.3640625 0.558375634765625 0.377734375 0.5795262265625 0.384765625 0.652284263671875 0.4
1 0.637055837890625 0.358203125 0.637055837890625 0.3640625 0.6421319794921875 0.3671875 0.64636209765625 0.36328125 0.64636209765625 0.357421875 0.6421319794921875 0.35390625 0.637055837890625 0.358203125