0 0.8851148525390625 0.888465451171875 0.9017473154296874 0.882273955078125 0.917444822265625 0.869277494140625 0.9324862109375 0.863876974609375 0.932994701171875 0.86050857421875 0.9297764755859375 0.851930796875 0.9308229814453125 0.84434848828125 0.929379537109375 0.840911923828125 0.93018328515625 0.8290884404296875 0.9283133759765625 0.81547851171875 0.930501517578125 0.8087826083984375 0.9292352275390625 0.8002729951171875 0.929979923828125 0.7901405283203125 0.9226806728515625 0.786499474609375 0.921627615234375 0.7830765439453125 0.921827744140625 0.766152744140625 0.9281920400390625 0.7629888330078125 0.928730056640625 0.758774923828125 0.92707337890625 0.750251677734375 0.9242816181640625 0.7518472666015625 0.9228086474609375 0.7492562109375 0.9233270087890625 0.712026580078125 0.9264730791015625 0.7002848916015625 0.938516025390625 0.70239851953125 0.9456676474609375 0.7102671142578125 0.946573076171875 0.7179175859375 0.9714397431640625 0.7221721064453125 0.9757569755859375 0.7104713173828126 0.9796411904296874 0.6775919208984374 0.97791891015625 0.6597544501953125 0.9765903359375 0.5970641416015625 0.9730342236328124 0.5757764755859375 0.9684972080078125 0.5713853427734376 0.9667519541015624 0.56539862109375 0.953721552734375 0.5691762861328125 0.913436212890625 0.5923191337890625 0.8885301484375 0.6227713515625 0.872212599609375 0.6535234873046875 0.8547960439453125 0.704554189453125 0.85168605078125 0.7264556103515625 0.845423435546875 0.7490934775390625 0.8417754267578125 0.7752088076171875 0.839269052734375 0.80221054296875 0.839459310546875 0.8191479736328126 0.8423297783203125 0.8488770908203125 0.8457612353515624 0.8625415498046874 0.848375841796875 0.8660190126953125 0.8619803369140625 0.8681871708984376 0.8785373251953125 0.8865426796875 0.8851148525390625 0.888465451171875
1 0.9233926982421875 0.62060262109375 0.9247705400390624 0.6147249599609375 0.9218245986328125 0.609542849609375 0.9178616767578125 0.6110975400390625 0.9164543095703125 0.617820708984375 0.9194297763671875 0.6221573115234375 0.9233926982421875 0.62060262109375
1 0.9344908193359375 0.6497725146484375 0.9385423193359375 0.6456812998046875 0.9359506875 0.6303530888671875 0.930905181640625 0.6293303564453125 0.9295863916015625 0.633517 0.9307641044921875 0.644563138671875 0.9344908193359375 0.6497725146484375
1 0.85182380859375 0.756089298828125 0.8562427216796875 0.76386246484375 0.85939534375 0.763126017578125 0.8611045205078125 0.7589530068359375 0.8613702529296875 0.7513434326171875 0.8592050849609375 0.7461885859375 0.8516696279296875 0.749311599609375 0.85182380859375 0.756089298828125
1 0.89811590234375 0.6840569287109375 0.9019672724609376 0.6968895126953125 0.905333126953125 0.7012397470703124 0.9092665234375 0.7005305654296875 0.9146368125 0.6922527060546875 0.917310470703125 0.6940391513671875 0.918570208984375 0.6915435244140625 0.920787876953125 0.684002111328125 0.9194330087890625 0.6780290234375 0.911927078125 0.6803065283203125 0.9089811357421875 0.67512441796875 0.9028235205078124 0.6723697705078125 0.89811590234375 0.6840569287109375
1 0.8768118115234375 0.812833498046875 0.882838220703125 0.7969596962890625 0.8759884091796875 0.791641259765625 0.8693223037109375 0.792255013671875 0.8690335966796875 0.811715337890625 0.870447515625 0.8159974091796875 0.8768118115234375 0.812833498046875
1 0.83943965625 0.786132251953125 0.8389672431640625 0.799660384765625 0.845213435546875 0.7998785068359375 0.8458990810546875 0.791437056640625 0.841060255859375 0.7844957666015625 0.83943965625 0.786132251953125
0 0.4539379091796875 0.15131033203125 0.4543807958984375 0.13862770703125 0.456782169921875 0.1370184853515625 0.456929798828125 0.1327909443359375 0.4539773056640625 0.1166035927734375 0.45541419921875 0.109034916015625 0.44901059375 0.0461673837890625 0.4452182744140625 0.0316437822265625 0.4371316982421875 0.016970224609375 0.432866966796875 0.0159747568359375 0.4267454287109375 0.0233798427734375 0.428520208984375 0.0285210556640625 0.4273621513671875 0.050490638671875 0.4241504775390625 0.052918103515625 0.42322207421875 0.05711837890625 0.426528876953125 0.063159630859375 0.4211946650390625 0.08159722265625 0.415689849609375 0.1161131044921875 0.4250033193359375 0.1740030166015625 0.435166486328125 0.1963679453125 0.43915893359375 0.1939677470703125 0.4460546943359375 0.175584685546875 0.44500163671875 0.1721617548828125 0.4466156845703125 0.15952002734375 0.4539379091796875 0.15131033203125
1 0.4215292333984375 0.139173583984375 0.4221689296875 0.1544336318359375 0.4267059453125 0.158824763671875 0.4303375322265625 0.1555654248046875 0.431561193359375 0.142910064453125 0.430655763671875 0.1352595927734375 0.4252493974609375 0.13337771875 0.4215292333984375 0.139173583984375
1 0.4405499658203125 0.109362384765625 0.441478369140625 0.1051621083984375 0.441773626953125 0.096707025390625 0.4394903564453125 0.094934212890625 0.439697037109375 0.0890156552734375 0.435012392578125 0.0888520634765625 0.435225625 0.0939387451171875 0.4314759345703125 0.1005801181640625 0.4331326123046875 0.109103365234375 0.43691837890625 0.112621724609375 0.4405499658203125 0.109362384765625
1 0.4320663642578125 0.1844081357421875 0.4386373408203125 0.175325666015625 0.4337394638671875 0.1700753916015625 0.4274932705078125 0.16985726953125 0.4245834072265625 0.1748348916015625 0.425606939453125 0.1791033310546875 0.4320663642578125 0.1844081357421875
1 0.4455659453125 0.111230625 0.439260701171875 0.1127035205078125 0.4410354814453125 0.1178447333984375 0.444850775390625 0.120517583984375 0.4455659453125 0.111230625
1 0.4475212001953125 0.0664323173828125 0.448492232421875 0.083397013671875 0.4511363642578125 0.0860289677734375 0.4559095859375 0.0836560341796875 0.4561392412109375 0.0658867265625 0.4475212001953125 0.0664323173828125
1 0.4473964580078125 0.15954729296875 0.4470421484375 0.169693392578125 0.4502603740234375 0.178271169921875 0.455512560546875 0.1733753427734375 0.4558373447265625 0.164074751953125 0.4533113154296875 0.158060765625 0.451028044921875 0.156287953125 0.4473964580078125 0.15954729296875
1 0.4609517724609375 0.1295452373046875 0.46241819140625 0.1211310517578125 0.460312076171875 0.114285189453125 0.454426744140625 0.1149262080078125 0.4537115732421875 0.1242131669921875 0.455456828125 0.130199888671875 0.4609517724609375 0.1295452373046875
0 0.90163934375 0.549580208984375 0.8971778017578125 0.5206420693359375 0.8945927216796875 0.516319099609375 0.893621689453125 0.4993544033203125 0.8816607685546874 0.483699009765625 0.86264335546875 0.4686437373046875 0.8474182607421875 0.4681120654296875 0.83217019140625 0.479431142578125 0.828899466796875 0.483549623046875 0.8226959033203125 0.504496474609375 0.821839654296875 0.52901621484375 0.8300114892578125 0.586019720703125 0.8353948818359375 0.5997523427734375 0.84134581640625 0.608425546875 0.86114400390625 0.6235080849609375 0.878740947265625 0.6232760439453126 0.8925750966796875 0.6076748955078125 0.9012521884765625 0.6054382880859375 0.9068586845703125 0.5903963623046875 0.9085908359375 0.5743726015625 0.90705226171875 0.5624673232421875 0.90163934375 0.549580208984375
1 0.871326912109375 0.5781505537109375 0.8746271630859375 0.573186564453125 0.87498147265625 0.56304046484375 0.8694865283203125 0.5636951162109375 0.868138212890625 0.5687272685546875 0.868623728515625 0.5772096171875 0.871326912109375 0.5781505537109375
1 0.8913121259765625 0.554298810546875 0.891466306640625 0.561076509765625 0.8957310380859375 0.5620719775390625 0.897410689453125 0.558744474609375 0.8963871572265625 0.5544760341796875 0.8913121259765625 0.554298810546875
1 0.8597465078125 0.5963700224609375 0.8546714755859375 0.596192798828125 0.852063421875 0.603720578125 0.8577715986328125 0.608152609375 0.8597465078125 0.5963700224609375
1 0.833859626953125 0.5429805927734375 0.829358689453125 0.54874919140625 0.8325769140625 0.55732696875 0.837858626953125 0.5515856337890624 0.8377044462890625 0.5448079345703125 0.833859626953125 0.5429805927734375
1 0.8952783671875 0.5078776484375 0.8925456572265625 0.507782220703125 0.8922503994140625 0.5162373037109375 0.89624284765625 0.51383710546875 0.8952783671875 0.5078776484375
0 0.962569421875 0.3493850224609375 0.967762556640625 0.346180212890625 0.973132845703125 0.3379023544921875 0.9592429638671875 0.3103280498046875 0.95134009375 0.3015866806640625 0.949624365234375 0.294754451171875 0.9328311708984375 0.2831630087890625 0.9276675615234375 0.28552230859375 0.92230382421875 0.304805408203125 0.8899181220703125 0.280817912109375 0.8741254853515625 0.2853456572265625 0.8600190517578125 0.297551140625 0.8483500703125 0.318307134765625 0.8423236611328125 0.3341809365234375 0.8375209130859375 0.3373993779296875 0.8424187900390625 0.34264965234375 0.850334763671875 0.373401501953125 0.861154048828125 0.38817048828125 0.8791774560546874 0.3981118134765625 0.9044640361328125 0.4015344580078125 0.916352802734375 0.39687038671875 0.944808427734375 0.3767005947265625 0.962569421875 0.3493850224609375
1 0.9156114248046875 0.3621363828125 0.9200533115234375 0.3580587998046875 0.9192069345703126 0.3487173115234375 0.913380654296875 0.3476673125 0.908010365234375 0.3559451728515625 0.9097851455078125 0.361086384765625 0.9156114248046875 0.3621363828125
1 0.9363150419921875 0.384869392578125 0.9372434443359375 0.3806691162109375 0.9361313349609375 0.3789372021484375 0.9298556162109375 0.3795645888671875 0.9264667880859375 0.3870651025390625 0.928720533203125 0.3896834228515625 0.9363150419921875 0.384869392578125
0 0.8064999501953125 0.285523740234375 0.8100068818359375 0.2746411923828125 0.8098166240234375 0.2577037607421875 0.81293316796875 0.2468075810546875 0.8151967841796876 0.2155646708984375 0.812162265625 0.2129190849609375 0.810800845703125 0.195940755859375 0.8073398623046875 0.1831218046875 0.7990761318359375 0.173521296875 0.79628437109375 0.175116884765625 0.7932793779296875 0.1716257900390625 0.7939354970703125 0.1640298486328125 0.792551103515625 0.158902267578125 0.780088244140625 0.157620515625 0.76745478125 0.1724170546875 0.761339794921875 0.190827380859375 0.7583249306640625 0.221197517578125 0.7599947109375 0.2517312451171875 0.7648335361328125 0.25867253515625 0.767726978515625 0.2765509033203125 0.7733465771484375 0.283519458984375 0.7778606181640625 0.2997613408203125 0.782817546875 0.30332059765625 0.789792013671875 0.3162622421875 0.794086271484375 0.316412201171875 0.8009885830078125 0.309034380859375 0.801195263671875 0.3031158232421875 0.8053648662109375 0.29564257421875 0.8064999501953125 0.285523740234375
1 0.7865442626953125 0.308529974609375 0.7879516298828125 0.3018068056640625 0.7853665498046875 0.2974838349609375 0.7802915185546875 0.297306611328125 0.7785823408203125 0.301479623046875 0.7811083701171875 0.307493609375 0.7865442626953125 0.308529974609375
1 0.75598575390625 0.3777256162109375 0.7468362490234375 0.3934903564453125 0.7458192685546875 0.4002271572265625 0.759784625 0.40325445703125 0.7626354375 0.3999678515625 0.7628716435546875 0.39320378515625 0.7595057890625 0.3888535498046875 0.75598575390625 0.3777256162109375
1 0.741797294921875 0.4034728642578125 0.7469609033203125 0.4011135634765625 0.748184564453125 0.3884582041015625 0.740406349609375 0.3873400439453125 0.738667646484375 0.3923585634765625 0.7391531630859375 0.4008409111328125 0.741797294921875 0.4034728642578125
1 0.7266017255859375 0.4020956845703125 0.7276252578125 0.4063641240234375 0.732280376953125 0.4073732236328125 0.7392712666015625 0.3974588779296875 0.7402291953125 0.39241309375 0.7345210185546875 0.3879810625 0.72980684765625 0.38866298046875 0.7266017255859375 0.4020956845703125
1 0.775701916015625 0.4063499189453125 0.773868083984375 0.40289972265625 0.7754821318359375 0.39025799609375 0.77187351953125 0.3816665859375 0.767940123046875 0.3823757685546875 0.7644922431640625 0.391567298828125 0.763386685546875 0.400840625 0.766965771484375 0.41027754296875 0.7740222646484375 0.409677421875 0.775701916015625 0.4063499189453125
0 0.777772041015625 0.3022978662109375 0.7735598095703125 0.2886061416015625 0.7673070654296875 0.277382779296875 0.765348578125 0.266309375 0.7699676201171874 0.2571587421875 0.7663950849609374 0.2587270654296875 0.764170865234375 0.255263236328125 0.7430899658203125 0.2545270751953125 0.7407181171875 0.2552907880859375 0.7385299755859375 0.26198669140625 0.7404064365234375 0.286601861328125 0.735551189453125 0.302516560546875 0.7294296513671875 0.3099216455078125 0.72812396484375 0.3361187705078125 0.726267158203125 0.3445193232421875 0.7268478037109375 0.3614703876953125 0.7326215830078125 0.375216642578125 0.7467050419921875 0.374861908203125 0.7615036728515625 0.36522021484375 0.77086641015625 0.3545421572265625 0.786189953125 0.31867607421875 0.784864611328125 0.3118574775390625 0.777772041015625 0.3022978662109375
1 0.7733957578125 0.3156896728515625 0.7735204130859376 0.3233128798828125 0.777276654296875 0.327676748046875 0.78199082421875 0.3269948310546875 0.7837590537109375 0.3211308037109375 0.78213190234375 0.311762048828125 0.775104935546875 0.311516662109375 0.7733957578125 0.3156896728515625
1 0.7602013046875 0.3465508701171875 0.7615856982421875 0.35167844921875 0.76579137890625 0.35436493359375 0.7655486201171875 0.350123759765625 0.7681271494140625 0.34344148828125 0.7667132294921875 0.339159416015625 0.76121828515625 0.339814068359375 0.7602013046875 0.3465508701171875
1 0.7580886376953125 0.3286997666015625 0.7589579892578125 0.326190505859375 0.7564319599609375 0.3201765205078125 0.754148689453125 0.3184037080078125 0.7503399482421875 0.32673609765625 0.7541257158203125 0.33025445703125 0.7580886376953125 0.3286997666015625
1 0.7744488154296875 0.319112603515625 0.7745964453125 0.3148850625 0.7696395166015625 0.3113258056640625 0.7606606142578125 0.3110122548828125 0.7618088017578125 0.3229039013671875 0.76802546875 0.3239675322265625 0.7744488154296875 0.319112603515625
0 0.5452391220703126 0.323806515625 0.530089501953125 0.298727837890625 0.520867841796875 0.2941731123046875 0.508795369140625 0.2929049931640625 0.4988585380859375 0.297637228515625 0.49321596484375 0.3025194208984375 0.4882360625 0.3108109130859375 0.485988869140625 0.3191978330078125 0.4778268193359375 0.3290712802734375 0.4747102744140625 0.3399674609375 0.4709736875 0.368619314453125 0.475914193359375 0.3950345615234375 0.485053828125 0.4131310517578125 0.496316 0.4152174140625 0.50703360546875 0.4105124453125 0.5203297392578125 0.399125205078125 0.5409940458984375 0.3558267705078125 0.5441696416015624 0.34323957421875 0.5452391220703126 0.323806515625
1 0.5228853798828125 0.3035555 0.5258542958984375 0.2968868623046875 0.5232692158203125 0.292563892578125 0.5185550458984375 0.29324580859375 0.5175971162109375 0.29829159375 0.5197622841796875 0.303446439453125 0.5228853798828125 0.3035555
1 0.5096777373046875 0.4131443984375 0.5117773017578126 0.40898501953125 0.5099729951171875 0.4046893154296875 0.5045371025390625 0.4036529501953125 0.501656763671875 0.4077850634765625 0.50108922265625 0.4128444814453125 0.5096777373046875 0.4131443984375
1 0.5286328671875 0.374018974609375 0.5255753740234375 0.3832241376953125 0.5297810537109375 0.3859106220703125 0.5319101435546875 0.380905734375 0.5321758759765625 0.37329616015625 0.5286328671875 0.374018974609375
1 0.4878817529296875 0.3209570126953125 0.488839681640625 0.3159112275390625 0.487727572265625 0.314179314453125 0.4838237021484375 0.31404298828125 0.4808252607421875 0.3215571337890625 0.485060466796875 0.3233981103515625 0.4878817529296875 0.3209570126953125
0 0.62982378125 0.03385765234375 0.6324416630859375 0.042837734375 0.6332142255859375 0.054292994140625 0.62833600390625 0.082058443359375 0.629034751953125 0.0956274736328125 0.6332469833984375 0.1093191982421875 0.639890115234375 0.1205561923828125 0.6549446064453125 0.1371661552734375 0.6595997255859375 0.1381752548828125 0.6632313115234375 0.1349159150390625 0.6711932333984375 0.1419662666015625 0.6782497255859375 0.1413661455078125 0.6991403681640626 0.1251648759765625 0.713358353515625 0.098572119140625 0.7143031787109375 0.0715158525390625 0.711350685546875 0.0553285009765625 0.7035888935546875 0.0313543505859375 0.6954137392578125 0.01921731640625 0.6903682333984374 0.0181945849609375 0.6866185439453125 0.0248359580078125 0.6822947607421875 0.0255315068359375 0.67742641015625 0.019435724609375 0.6759468876953125 0.0058394287109375 0.6501813427734375 0.00493967578125 0.6479341494140625 0.0133265966796875 0.642829591796875 0.013994880859375 0.6395588662109375 0.0181133603515625 0.6361339609375 0.0154541416015625 0.627315791015625 0.0329235322265625 0.62982378125 0.03385765234375
1 0.6792832158203125 0.0110351728515625 0.6788403291015624 0.0237177958984375 0.6869794052734375 0.0256950986328125 0.6885344013671875 0.014744388671875 0.6867005693359375 0.0112941923828125 0.6792832158203125 0.0110351728515625
1 0.7032509189453126 0.1193826435546875 0.70420884765625 0.114336859375 0.7027063515625 0.1125913115234375 0.69961278125 0.1116367431640625 0.698234939453125 0.1175144033203125 0.6993175224609375 0.1200918251953125 0.7032509189453126 0.1193826435546875
1 0.6439351494140625 0.0047215537109375 0.642829591796875 0.013994880859375 0.64535562109375 0.0200088671875 0.64844919140625 0.0209634365234375 0.6499156103515625 0.01254925 0.6501813427734375 0.00493967578125 0.6439351494140625 0.0047215537109375
1 0.64671048828125 0.025981955078125 0.6497810849609374 0.0387872734375 0.6547380126953125 0.0423465302734375 0.6600787763671875 0.0349141796875 0.6592028740234375 0.0264181982421875 0.64671048828125 0.025981955078125
1 0.6682768173828125 0.1359386484375 0.66329036328125 0.1332248994140625 0.659150287109375 0.1398526396484375 0.6668694501953125 0.1426618173828125 0.6682768173828125 0.1359386484375
1 0.680054119140625 0.04492366796875 0.68206510546875 0.0433008134765625 0.6815205380859375 0.036509482421875 0.676865419921875 0.0355003828125 0.67443451953125 0.0379551123046875 0.6743164169921875 0.0413371455078125 0.680054119140625 0.04492366796875
1 0.6453555341796875 0.1207470498046875 0.64943655859375 0.115810326171875 0.649069146484375 0.1039459443359375 0.6409005439453125 0.1028141513671875 0.6386238251953125 0.112046580078125 0.64039860546875 0.1171877919921875 0.6453555341796875 0.1207470498046875
1 0.7003148486328125 0.0803393017578125 0.7044253994140625 0.0745570703125 0.7018698447265626 0.069388591796875 0.6928614169921875 0.0699205498046875 0.6919330146484375 0.0741208271484375 0.6937373203125 0.07841653125 0.7003148486328125 0.0803393017578125
0 0.7549131279296875 0.240548779296875 0.75439153515625 0.22190669921875 0.75237399609375 0.2125243125 0.7531515380859375 0.156679865234375 0.7501399931640625 0.14218353125 0.745662029296875 0.136101380859375 0.7300465478515625 0.135556076171875 0.71636002734375 0.14692968359375 0.7097299990234375 0.157703169921875 0.7001671328125 0.1853050263671875 0.691699953125 0.2374947880859375 0.6910799111328125 0.255250462890625 0.6948262822265625 0.293475560546875 0.7026176005859375 0.3166042021484375 0.7076040546875 0.319317951171875 0.7278615517578125 0.2988618740234375 0.7345571826171875 0.2974026123046875 0.738454501953125 0.2865336982421875 0.7367912724609375 0.2670052109375 0.738375794921875 0.2552089921875 0.7495428388671875 0.248826638671875 0.7549131279296875 0.240548779296875
1 0.70161712890625 0.19974683203125 0.7021321708984375 0.2073836708984375 0.707958451171875 0.2084336689453125 0.7096676279296875 0.204260658203125 0.7094543955078125 0.199173974609375 0.70161712890625 0.19974683203125
0 0.765814265625 0.4432523671875 0.763229185546875 0.4389293974609375 0.7630094013671875 0.422837474609375 0.76829111328125 0.4170961396484375 0.768556845703125 0.4094865654296875 0.772998732421875 0.405408982421875 0.7697509814453125 0.3976767138671875 0.7725066650390625 0.385921392578125 0.7734580419921875 0.3698703681640625 0.7723754580078125 0.3672929453125 0.7651352587890625 0.361960875 0.761805482421875 0.367770373046875 0.7526198994140625 0.373375380859375 0.734904853515625 0.376989455078125 0.71636963671875 0.415283001953125 0.715713517578125 0.4228789443359375 0.7210083330078125 0.439148091796875 0.73074503515625 0.45133965625 0.742161388671875 0.460203716796875 0.7621006533203125 0.46005347265625 0.7655255595703125 0.46271269140625 0.774048470703125 0.453698384765625 0.777473376953125 0.456357603515625 0.7785198828125 0.44877529296875 0.7739172646484375 0.4350699365234375 0.765814265625 0.4432523671875