0 0.4451014560546875 0.4292007431640625 0.428103658203125 0.4354523779296875 0.4047066416015625 0.4391581005859375 0.3983884228515625 0.4425317734375 0.39388352734375 0.4519461513671875 0.3852418076171875 0.4568743125 0.376375552734375 0.4657929794921875 0.3741714091796875 0.5005500751953125 0.37669669921875 0.5219022890625 0.3895960302734375 0.538447462890625 0.4176784091796875 0.55891578515625 0.4570926533203125 0.5752163505859375 0.49019010546875 0.5786751015625 0.5626833359375 0.576685162109375 0.5774386328125 0.5779076005859375 0.601018970703125 0.57535932421875 0.6116374423828125 0.572095546875 0.65229943359375 0.5367842451171875 0.6423588505859374 0.4794300439453125 0.636836453125 0.471603833984375 0.6202479404296874 0.4588069228515625 0.5931020634765625 0.4496596044921875 0.5735377626953125 0.4397069775390625 0.52643962109375 0.428973857421875 0.47601894140625 0.42430389453125 0.4451014560546875 0.4292007431640625
1 0.516116693359375 0.54767512890625 0.51403762109375 0.550772880859375 0.5252671640625 0.5513672607421874 0.5272240224609375 0.547497876953125 0.5248806279296875 0.5435185986328125 0.5198669814453125 0.544312681640625 0.516116693359375 0.54767512890625
1 0.561137189453125 0.5452905126953125 0.5547791845703125 0.5375966494140625 0.5438750703125 0.5444651162109375 0.544913892578125 0.551023984375 0.5566735087890625 0.5495569384765625 0.561137189453125 0.5452905126953125
1 0.6153095849609375 0.530382541015625 0.608910365234375 0.5278366298828125 0.6047323271484375 0.5284983662109375 0.6034277548828125 0.5310779560546875 0.6063822216796875 0.538915392578125 0.6131892978515625 0.5386282451171875 0.617000693359375 0.5356516142578125 0.6153095849609375 0.530382541015625
1 0.4653592568359375 0.4327156240234375 0.4620168251953125 0.4332450126953125 0.4560041435546875 0.4385477646484375 0.45559628515625 0.441380822265625 0.4563295712890625 0.446010611328125 0.4692303310546875 0.446340296875 0.4719005830078125 0.4415669345703125 0.4653592568359375 0.4327156240234375
1 0.5113361474609375 0.4471857802734375 0.5130471494140625 0.45798862109375 0.5167562236328125 0.459774126953125 0.52690573046875 0.4589575908203125 0.5281094091796875 0.444924650390625 0.5217101904296875 0.4423787392578125 0.5113361474609375 0.4471857802734375
1 0.5810568046875 0.45473133984375 0.5819123056640625 0.4601327607421875 0.5943441005859375 0.4629096875 0.5988077822265625 0.4586432626953125 0.598360138671875 0.4504087841796875 0.5890462392578125 0.45109297265625 0.5810568046875 0.45473133984375
1 0.4208375185546875 0.5572289482421875 0.428153345703125 0.565562095703125 0.434960421875 0.56527494921875 0.4400152822265625 0.5593329140625 0.4377329951171875 0.555739451171875 0.4281746669921875 0.5548803759765625 0.4208375185546875 0.5572289482421875
1 0.55354428515625 0.443269126953125 0.5556631435546875 0.4512389111328125 0.5675449736328125 0.45054349609375 0.5683606884765625 0.4448773818359375 0.5653038994140624 0.4418020810546875 0.5592102177734375 0.4411852490234375 0.55354428515625 0.443269126953125
0 0.969641431640625 0.3176461904296875 0.976081865234375 0.3150441494140625 0.97149882421875 0.2861079677734375 0.9659963193359375 0.283815525390625 0.956560205078125 0.28372808203125 0.944597375 0.2785039130859375 0.8704954638671875 0.264928875 0.847261875 0.26425827734375 0.839252548828125 0.262362876953125 0.7847959384765625 0.2646600498046875 0.73447615234375 0.2714434384765625 0.677735828125 0.2863626357421875 0.6594945654296875 0.2955796748046875 0.6518717744140625 0.3015329365234375 0.630410294921875 0.31205099609375 0.62064732421875 0.3207161943359375 0.6053207421875 0.3267031337890625 0.5900140537109375 0.338223841796875 0.55728181640625 0.3532954736328125 0.543585236328125 0.3641656708984375 0.531274228515625 0.37837586328125 0.5296840126953125 0.384560140625 0.53170055078125 0.3972920615234375 0.5459257763671875 0.40057592578125 0.5420120595703125 0.4083146923828125 0.5435198466796874 0.412426318359375 0.55159028125 0.41470753515625 0.554769283203125 0.418554466796875 0.5685866513671874 0.424671388671875 0.59163691796875 0.4241845390625 0.601684103515625 0.4281301396484375 0.6872614150390625 0.4276273330078125 0.7427781689453125 0.42120730859375 0.8013318173828125 0.4123288154296875 0.8777814052734375 0.3812366689453125 0.918891041015625 0.3541598447265625 0.936032373046875 0.3379981220703125 0.9521334560546875 0.33149301953125 0.968397966796875 0.320611595703125 0.969641431640625 0.3176461904296875
1 0.7519940302734375 0.37663879296875 0.76579150390625 0.3772219462890625 0.773719830078125 0.373197763671875 0.7736999365234375 0.36766399609375 0.76842196875 0.361381048828125 0.754868923828125 0.3623411572265625 0.7478984189453125 0.367004625 0.7472049189453125 0.37344237109375 0.7519940302734375 0.37663879296875
1 0.6873452705078125 0.40111594140625 0.6828815888671875 0.4053823662109375 0.68587726953125 0.4080718505859375 0.6968623857421875 0.4071229677734375 0.7006126728515625 0.403760521484375 0.6994104228515625 0.4015779736328125 0.6873452705078125 0.40111594140625
1 0.6213578623046875 0.35224319140625 0.6199111826171875 0.348517380859375 0.6085594248046875 0.347151369140625 0.596860916015625 0.34900423046875 0.5962285234375 0.35582779296875 0.601669919921875 0.357734419921875 0.61605857421875 0.3566419638671875 0.6213578623046875 0.35224319140625
1 0.6233161484375 0.3321583193359375 0.620667216796875 0.3262499619140625 0.6127801044921874 0.325126193359375 0.6034860986328126 0.3313441494140625 0.6029759208984375 0.3389393427734375 0.6066238876953125 0.340339033203125 0.6174256806640624 0.3382327021484375 0.6233161484375 0.3321583193359375
1 0.58186119140625 0.346238529296875 0.5775197236328125 0.3512765869140625 0.5971664521484376 0.3509333095703125 0.5993066318359375 0.348221373046875 0.5955165576171875 0.3405162841796875 0.587221587890625 0.342225572265625 0.58186119140625 0.346238529296875
1 0.68137951171875 0.3364087890625 0.6829697265625 0.3302245107421875 0.677283900390625 0.32677462109375 0.668092216796875 0.3282304404296875 0.6603472109375 0.3334120712890625 0.6610804970703125 0.3380418603515625 0.67326786328125 0.3392755244140625 0.68137951171875 0.3364087890625
1 0.70398070703125 0.3439029482421875 0.7040219208984375 0.33875499609375 0.7012706689453125 0.337608775390625 0.6911822685546875 0.338811126953125 0.6873708740234376 0.3417877578125 0.6933622353515625 0.3471667255859375 0.698559203125 0.34753008984375 0.70398070703125 0.3439029482421875
1 0.92044432421875 0.3044770546875 0.9217886826171875 0.312965001953125 0.9303280810546875 0.3127989765625 0.933303869140625 0.309954693359375 0.931429439453125 0.303528171875 0.9250913271484374 0.3013680771484375 0.92044432421875 0.3044770546875
1 0.7078503544921875 0.373743109375 0.7023478505859375 0.3714506669921875 0.696865240234375 0.3746919921875 0.6968240263671875 0.3798399443359375 0.704833353515625 0.3817353447265625 0.7078503544921875 0.373743109375
0 0.608751310546875 0.2510158896484375 0.6008443046875 0.2443583525390625 0.563467919921875 0.230107986328125 0.552890662109375 0.2282238115234375 0.501652841796875 0.245435451171875 0.434396365234375 0.2588562900390625 0.4184786044921875 0.2665188408203125 0.40186734375 0.28061913671875 0.39542691015625 0.2832211787109375 0.3792831865234375 0.311089720703125 0.3481809501953125 0.3310446103515625 0.339640125 0.3474261240234375 0.3403933046875 0.3575896806640625 0.3468934169921875 0.371588943359375 0.3632161806640625 0.3935243115234375 0.3847160185546875 0.410289275390625 0.4014068515625 0.4183240498046875 0.406664927734375 0.4190732294921875 0.4180578994140625 0.4152912890625 0.44027255859375 0.4149367861328125 0.4826441240234375 0.4066438125 0.525505974609375 0.385221876953125 0.5356569091796874 0.368189853515625 0.551962634765625 0.352160478515625 0.58538837109375 0.330651099609375 0.5982081298828125 0.3250612021484375 0.6093367802734375 0.31420223046875 0.6221991806640625 0.287248892578125 0.6178804619140625 0.2653897412109375 0.608751310546875 0.2510158896484375
1 0.4440669150390625 0.3739954111328125 0.447531560546875 0.374237654296875 0.4590879619140625 0.366079392578125 0.4607392841796875 0.3602809306640625 0.4561946025390625 0.3586277724609375 0.4470029169921875 0.360083591796875 0.4424781279296875 0.3639642021484375 0.4390333759765625 0.3692557275390625 0.4440669150390625 0.3739954111328125
1 0.5120851357421875 0.273445203125 0.51243188671875 0.2702263291015625 0.5051970595703125 0.267812765625 0.4952919814453125 0.270172564453125 0.4906449775390625 0.2732815419921875 0.49382398046875 0.2771284736328125 0.5066636328125 0.27707234375 0.5120851357421875 0.273445203125
1 0.59256780078125 0.267816896484375 0.5913854423828125 0.2711681171875 0.6003525927734376 0.2737028017578125 0.60630416796875 0.268014234375 0.6039607724609375 0.2640349560546875 0.6021062353515625 0.263142203125 0.59256780078125 0.267816896484375
1 0.5437103056640625 0.3325063271484375 0.541835875 0.3260798056640625 0.53239976171875 0.32599236328125 0.5262648642578125 0.330523482421875 0.5237779345703125 0.3364542919921875 0.5275481162109374 0.33862561328125 0.536026408203125 0.3380737724609375 0.5437103056640625 0.3325063271484375
1 0.476922794921875 0.343479923828125 0.4760672939453125 0.3380785029296875 0.468505609375 0.344417580078125 0.467751001953125 0.35046951171875 0.476922794921875 0.343479923828125
0 0.194487380859375 0.388213298828125 0.1862336240234375 0.384774634765625 0.1671780751953125 0.38344230078125 0.1521982431640625 0.3862103671875 0.139114162109375 0.384723234375 0.1301057978515625 0.387336501953125 0.11708282421875 0.3862351845703125 0.113984822265625 0.3883078369140625 0.093155736328125 0.392002333984375 0.07980590625 0.399653658203125 0.071958580078125 0.4095974248046875 0.0705516865234375 0.416939150390625 0.0620932880859375 0.423024759765625 0.05324692578125 0.437477193359375 0.0514321748046875 0.4476519765625 0.0567911435546875 0.4598545078125 0.0789844814453125 0.470181724609375 0.103134677734375 0.47663955859375 0.154879822265625 0.4842637001953125 0.222970478515625 0.486926001953125 0.23049094921875 0.485734876953125 0.2339357001953125 0.4804433515625 0.2543370361328125 0.4740481435546875 0.264691185546875 0.4637073359375 0.2696039384765625 0.451459900390625 0.2683832216796875 0.42752809765625 0.2486569208984375 0.405736302734375 0.240464271484375 0.402683455078125 0.231599443359375 0.3953866337890625 0.2217966865234375 0.3929842958984375 0.2105472490234375 0.3868561474609375 0.194487380859375 0.388213298828125
1 0.2260926572265625 0.441740654296875 0.2288026943359375 0.448034828125 0.23644537890625 0.447615333984375 0.239584595703125 0.4403947294921875 0.235631091796875 0.4370659609375 0.22894623046875 0.4381247392578125 0.2260926572265625 0.441740654296875
1 0.2416394912109375 0.480409673828125 0.2516056767578125 0.4784356904296875 0.2576183603515625 0.473132939453125 0.258617396484375 0.468624271484375 0.2506691767578125 0.4671146865234375 0.23897066796875 0.4689675478515625 0.2335491640625 0.472594689453125 0.2344046650390625 0.477996109375 0.2416394912109375 0.480409673828125
0 0.265850794921875 0.4872533232421875 0.2535611083984375 0.490781794921875 0.240272384765625 0.4988189345703125 0.2201552646484375 0.51782494140625 0.214631439453125 0.52621421875 0.20611193359375 0.53191401171875 0.19832571484375 0.54224359375 0.1931273193359375 0.55809571875 0.198362646484375 0.58574210546875 0.216561267578125 0.5978885068359375 0.2248761318359375 0.6017129853515625 0.2519410078125 0.6049407197265625 0.2664717685546875 0.6101536630859375 0.30111822265625 0.612576087890625 0.3133666953125 0.614195568359375 0.318930306640625 0.616873826171875 0.3246573466796875 0.615175763671875 0.3732064501953125 0.58098823046875 0.3817472763671875 0.5646067177734375 0.3820741337890625 0.555854076171875 0.3799154873046875 0.5368167568359375 0.371988587890625 0.5246254521484375 0.351568787109375 0.5092714033203125 0.3226095869140625 0.494083380859375 0.28639423828125 0.4871635146484375 0.265850794921875 0.4872533232421875
1 0.22088426953125 0.571101193359375 0.2195598037109375 0.5681470146484375 0.2071280087890625 0.565370087890625 0.1999741826171875 0.568876107421875 0.202215255859375 0.5776175224609374 0.205027615234375 0.5791495595703126 0.2142804072265625 0.5780795556640625 0.22088426953125 0.571101193359375
1 0.330184025390625 0.5743555107421875 0.3327107421875 0.5794922373046875 0.3386211044921875 0.5789516220703125 0.3439203935546875 0.5745528486328125 0.342595927734375 0.571598669921875 0.3332820283203125 0.5722828583984375 0.330184025390625 0.5743555107421875
1 0.249400107421875 0.5294082744140625 0.244794318359375 0.52736930078125 0.239067279296875 0.52906736328125 0.2381293505859375 0.5339618466796875 0.24595535546875 0.5346997998046875 0.249400107421875 0.5294082744140625
1 0.2858399912109375 0.53233763671875 0.284984490234375 0.5269362158203125 0.275895126953125 0.5236298994140625 0.272736017578125 0.5253167353515625 0.273244767578125 0.533937029296875 0.27815609375 0.53790508203125 0.2823952392578125 0.537629162109375 0.2858399912109375 0.53233763671875