0 0.5169890322265625 0.362276212890625 0.5123301845703125 0.3701648349609375 0.50738460546875 0.425001751953125 0.5033646923828125 0.4423778896484375 0.501901208984375 0.4584046328125 0.4960985146484375 0.477238892578125 0.496888787109375 0.488456353515625 0.4935753369140625 0.5008057490234376 0.4922295966796875 0.5159947021484375 0.4941294384765625 0.5529982431640625 0.50470769921875 0.584386751953125 0.5173547880859375 0.6066682978515625 0.5304392587890625 0.6230309482421875 0.5492588984375 0.6350735947265626 0.5558348974609375 0.635997791015625 0.56644743359375 0.6306545810546875 0.5703326357421875 0.6226572294921875 0.5703831943359375 0.61668396875 0.5721323837890625 0.612658111328125 0.577245240234375 0.60995932421875 0.585049236328125 0.5965323564453126 0.5958809765625 0.558755109375 0.6002378369140625 0.508107142578125 0.5969756298828125 0.4751838232421875 0.5922499384765625 0.4582872490234375 0.5882982353515624 0.4218496748046875 0.57119453515625 0.3835637080078125 0.549885994140625 0.3583561982421875 0.5292666064453125 0.356312671875 0.5169890322265625 0.362276212890625
1 0.565237087890625 0.59716529296875 0.5676421796875 0.594085955078125 0.564211328125 0.5876234140625 0.560679357421875 0.5931073935546874 0.565237087890625 0.59716529296875
1 0.5692088330078126 0.4482143271484375 0.5717482939453125 0.4554059306640625 0.57519611328125 0.4533274755859375 0.5770630458984375 0.4484638271484375 0.5774668369140625 0.4399771962890625 0.57309403515625 0.4402169765625 0.5692088330078126 0.4482143271484375
1 0.5814860654296875 0.4619005126953125 0.580544115234375 0.4686028349609375 0.581384947265625 0.4738470341796875 0.5850176943359375 0.476066259765625 0.58730504296875 0.4738247109375 0.589256126953125 0.4655555380859375 0.588381703125 0.457743603515625 0.5850180361328124 0.4564165322265625 0.5814860654296875 0.4619005126953125
1 0.5368160966796875 0.4710006435546875 0.5403646923828125 0.4766253935546875 0.5452084697265625 0.4730344521484375 0.5423999287109375 0.4649506953125 0.536984400390625 0.4641895927734375 0.5368160966796875 0.4710006435546875
1 0.4908845400390625 0.491884201171875 0.4904471572265625 0.49780309765625 0.49337344140625 0.505049064453125 0.4974099794921875 0.498781658203125 0.49870516015625 0.4895659658203125 0.493020552734375 0.4879127080078125 0.4908845400390625 0.491884201171875
1 0.536128310546875 0.3692377529296875 0.53730540625 0.3805095771484375 0.539508603515625 0.3816735556640625 0.5466902880859374 0.3698678046875 0.5445712421875 0.3652983017578125 0.545429041015625 0.362001505859375 0.540282591796875 0.3621325576171875 0.536128310546875 0.3692377529296875
0 0.67227662109375 0.2004177802734375 0.668744650390625 0.205901759765625 0.6678027001953125 0.21260408203125 0.650092630859375 0.2263475166015625 0.6453160380859375 0.2350739296875 0.63942953515625 0.2376639873046875 0.6322308837890624 0.258010734375 0.625200193359375 0.2911961572265625 0.6126864482421875 0.338134734375 0.6120135771484375 0.3457292099609375 0.608784279296875 0.3546730810546875 0.60646299609375 0.37399662109375 0.603149546875 0.386346015625 0.6004410986328125 0.4252649189453125 0.601231029296875 0.4561321064453125 0.6055363046875 0.47040658203125 0.6099084228515625 0.5094662548828125 0.6196797861328125 0.5185285732421875 0.6200832353515625 0.5296916689453125 0.622975927734375 0.534369900390625 0.6378771142578125 0.532192435546875 0.6534175791015625 0.5198527578125 0.670673640625 0.50091948828125 0.7008299296875 0.454751734375 0.719381513671875 0.406953044921875 0.739615787109375 0.310693572265625 0.7400029521484375 0.2910982099609375 0.737547642578125 0.28050108203125 0.738573744140625 0.270393234375 0.7371781279296875 0.252255994140625 0.734134099609375 0.245847818359375 0.7312417490234375 0.2215198583984375 0.7330750888671875 0.2140884755859375 0.7314103935546875 0.195059080078125 0.726180134765625 0.178945931640625 0.725154375 0.1694040517578125 0.7220261953125 0.166401400390625 0.720663830078125 0.1704816220703125 0.71481091796875 0.175639416015625 0.693737181640625 0.1880557802734375 0.6853784013671875 0.1885897060546875 0.67227662109375 0.2004177802734375
1 0.6870064287109375 0.38189891015625 0.6884695712890625 0.3855218935546875 0.6915977509765625 0.3885245439453125 0.6934982763671875 0.3862286318359375 0.694171146484375 0.378634154296875 0.69270800390625 0.3750111708984375 0.68899110546875 0.3761974716796875 0.6870064287109375 0.38189891015625
1 0.674325748046875 0.35704962890625 0.674241595703125 0.360455154296875 0.6791525576171875 0.3619996826171875 0.6815576494140625 0.3589203447265625 0.679825427734375 0.35440520703125 0.6773867431640626 0.3549168095703125 0.674325748046875 0.35704962890625
1 0.69388680859375 0.2880343603515625 0.6903884306640625 0.296086076171875 0.691498341796875 0.3022224296875 0.6904050556640625 0.3071948076171875 0.6943068828125 0.3103061875 0.7000756416015625 0.308553919921875 0.70039528125 0.3034728134765625 0.7029181171875 0.2995556845703125 0.7023969248046875 0.28923037890625 0.701589685546875 0.2865539150390625 0.69760370703125 0.2868480595703125 0.69388680859375 0.2880343603515625
0 0.6014373671875 0.196442337890625 0.5847194658203125 0.21715991796875 0.5767977255859374 0.2314246748046875 0.572239654296875 0.2470165029296875 0.5676985498046875 0.254067333984375 0.56663885546875 0.2616074462890625 0.54088827734375 0.3494026103515625 0.55155103125 0.3577358662109375 0.5803099951171875 0.3916795068359375 0.5924192666015625 0.3925270166015625 0.601686404296875 0.3827230322265625 0.6057735009765625 0.3704823662109375 0.6073547294921875 0.35361783203125 0.61309023828125 0.3296481025390625 0.61931334765625 0.3134359423828125 0.6240902822265625 0.285059802734375 0.6342997119140625 0.2489037705078125 0.6408254931640625 0.2361515009765625 0.6522286435546875 0.2223760234375 0.666524486328125 0.213278779296875 0.6708470703125 0.19936253125 0.6797609775390625 0.192071919921875 0.6811233427734374 0.1879916962890625 0.6705952998046875 0.170279654296875 0.6514896142578125 0.1658858486328125 0.6014373671875 0.196442337890625
1 0.5968948955078125 0.282092078125 0.598744861328125 0.28576942578125 0.602697248046875 0.2829075458984375 0.60123410546875 0.2792845625 0.5980217734375 0.2796874375 0.5968948955078125 0.282092078125
1 0.59018316015625 0.349495849609375 0.5888543876953125 0.356143806640625 0.589426138671875 0.3604958515625 0.5922852392578125 0.3626063486328125 0.596103255859375 0.34947352734375 0.592975076171875 0.3464708759765625 0.59018316015625 0.349495849609375
1 0.61817189453125 0.186833490234375 0.6199041171875 0.19134862890625 0.6241591748046875 0.1919466376953125 0.6282293046875 0.1882469677734375 0.6273548818359375 0.1804350322265625 0.6224775126953125 0.1814582392578125 0.61817189453125 0.186833490234375
1 0.6349064228515625 0.1772246416015625 0.638539169921875 0.1794438681640625 0.6435006904296875 0.1750151357421875 0.642542115234375 0.1706087265625 0.638825216796875 0.1717950263671875 0.6349064228515625 0.1772246416015625
1 0.6139147861328125 0.3041338427734375 0.613712890625 0.3083771591796875 0.619279755859375 0.31086820703125 0.62138217578125 0.304328978515625 0.6205413447265625 0.2990847783203125 0.61631987890625 0.3010545048828125 0.6139147861328125 0.3041338427734375
1 0.592032443359375 0.39247265234375 0.5961697568359375 0.393908451171875 0.6007444541015625 0.3894253544921875 0.60067726953125 0.384289884765625 0.595648564453125 0.3835831455078125 0.592032443359375 0.39247265234375
1 0.568674091796875 0.249932748046875 0.572542326171875 0.250476392578125 0.57583880859375 0.2466679931640625 0.575771625 0.2415325224609375 0.5727947802734376 0.24025981640625 0.568674091796875 0.249932748046875
1 0.5628378056640625 0.2661992724609375 0.5675974306640625 0.2660138564453125 0.5679170703125 0.26093275 0.5659829521484375 0.2606609267578125 0.5628378056640625 0.2661992724609375
0 0.441098296875 0.7001803896484375 0.4278787734375 0.7128462529296875 0.42239571875 0.72659940625 0.4091592275390625 0.7478062666015625 0.3996732275390625 0.7703945615234375 0.397133423828125 0.7828526865234375 0.399000015625 0.797638765625 0.4079637978515625 0.823674345703125 0.4203923662109375 0.8390904755859375 0.43265297265625 0.8416679306640625 0.44740282421875 0.8377605205078125 0.459259982421875 0.82917487890625 0.4689305693359375 0.8305339912109375 0.4864051513671875 0.8184661357421875 0.4936709873046875 0.8032548603515625 0.5032913564453125 0.790937505859375 0.5090098984375 0.7755087724609375 0.5129290341796875 0.7504294296875 0.5116341953125 0.7399953955078125 0.5033263154296875 0.714906333984375 0.4964982041015625 0.704548986328125 0.480150841796875 0.6945624716796875 0.467116587890625 0.6918762890625 0.45620137890625 0.6937596083984375 0.441098296875 0.7001803896484375
1 0.497624740234375 0.7217940712890625 0.4987010595703125 0.7253626904296875 0.5020647265625 0.7266897607421875 0.5045875625 0.7227726328125 0.503208572265625 0.7157441240234375 0.49922259375 0.7160382685546876 0.497624740234375 0.7217940712890625
1 0.485481193359375 0.75767828125 0.4933689990234375 0.7604955166015624 0.4936550458984375 0.7528466748046875 0.490762353515625 0.748168443359375 0.486776375 0.748462587890625 0.485481193359375 0.75767828125
1 0.4603542939453125 0.7652533212890625 0.4663921328125 0.76439320703125 0.468023578125 0.7612051396484375 0.466409099609375 0.7558522109375 0.4613803955078125 0.75514547265625 0.4603542939453125 0.7652533212890625
1 0.47170654296875 0.77710083203125 0.473472357421875 0.784183705078125 0.481881697265625 0.777676517578125 0.4805362978515625 0.773215744140625 0.4738425556640625 0.773129337890625 0.47170654296875 0.77710083203125
1 0.4368744384765625 0.8396982041015625 0.4364034638671875 0.843049365234375 0.4445603486328125 0.8467587548828125 0.4483613994140625 0.8421669296875 0.4482606220703125 0.8344637236328125 0.443114173828125 0.834594775390625 0.4368744384765625 0.8396982041015625
0 0.6063241845703125 0.619172130859375 0.5935756357421875 0.6284868349609375 0.57914508203125 0.646962865234375 0.5737461787109375 0.6573104931640625 0.5678253994140625 0.6966322705078125 0.5683126572265625 0.724039568359375 0.5700784716796875 0.73112244140625 0.569691306640625 0.7507178046875 0.57201190625 0.7706937177734375 0.578570595703125 0.7998086376953125 0.5842382373046875 0.810002890625 0.6006697509765625 0.8165838798828124 0.6221632197265625 0.8460890693359375 0.6286214755859375 0.8478510556640625 0.638611701171875 0.8441290625 0.6587272041015625 0.8076565615234375 0.6714085693359375 0.793206388671875 0.67211503125 0.788179646484375 0.6800031787109375 0.771347154296875 0.6850322255859375 0.752404166015625 0.686882533203125 0.736431787109375 0.6834180888671875 0.7274015107421875 0.6778013486328125 0.69158426953125 0.6699810693359375 0.67425277734375 0.666466408203125 0.65154603515625 0.661151998046875 0.6388384111328125 0.6422651748046875 0.621660294921875 0.616196666015625 0.616287927734375 0.6063241845703125 0.619172130859375
1 0.6459627138671875 0.7665630791015625 0.647106216796875 0.7752671689453124 0.652555337890625 0.7785960068359375 0.656120900390625 0.77567976171875 0.657130376953125 0.75446318359375 0.6520680791015625 0.7511887099609375 0.6487715966796875 0.754997109375 0.6459627138671875 0.7665630791015625
1 0.66279767578125 0.7843071640625 0.6636049150390625 0.7869836279296875 0.667086326171875 0.787472908203125 0.670618296875 0.7819889287109375 0.668263763671875 0.779095005859375 0.6649336884765625 0.780335669921875 0.66279767578125 0.7843071640625
1 0.6565087490234375 0.7167849453125 0.6615374541015625 0.71749168359375 0.66131893359375 0.7106262685546875 0.657568443359375 0.7092448330078125 0.656828388671875 0.7117038388671875 0.6565087490234375 0.7167849453125
1 0.6296995029296875 0.7531710400390625 0.6312803896484375 0.755956232421875 0.6397569130859375 0.7545845166015624 0.6360569814453125 0.7472298212890625 0.6319196669921875 0.7457940205078125 0.6296995029296875 0.7531710400390625
1 0.648266345703125 0.795079990234375 0.65403510546875 0.7933277216796875 0.6519160595703125 0.7887582197265625 0.647812337890625 0.789890154296875 0.648266345703125 0.795079990234375
1 0.58659550390625 0.65569899609375 0.5883277265625 0.6602141337890625 0.5932722802734375 0.6643263994140625 0.595290548828125 0.6611926953125 0.5962324990234374 0.654490373046875 0.595038435546875 0.651759544921875 0.58718422265625 0.651510044921875 0.58659550390625 0.65569899609375
1 0.57381199609375 0.7410448720703126 0.5767046884765625 0.7457231044921875 0.5857193720703125 0.7461356962890625 0.587552712890625 0.7387043134765625 0.5786221806640625 0.7348861953125 0.57381199609375 0.7410448720703126
1 0.5728527373046876 0.7759379169921875 0.5762835888671874 0.782400458984375 0.58252332421875 0.777297029296875 0.5831961943359375 0.7697025537109375 0.57236513671875 0.76818034765625 0.5728527373046876 0.7759379169921875
1 0.595005185546875 0.6295420830078124 0.5923981982421875 0.636864736328125 0.599461796875 0.64554650390625 0.6077869853515625 0.642444841796875 0.6119412666015625 0.6353396455078125 0.6116385947265625 0.631879755859375 0.60681178515625 0.6269297021484375 0.5980661806640625 0.6274092626953125 0.595005185546875 0.6295420830078124