1 0.56348376171875 0.627595087890625 0.5581063994140625 0.633804958984375 0.5540936279296875 0.6420796025390625 0.55504564453125 0.64608538671875 0.55982650390625 0.65115900390625 0.5696108466796875 0.6560278037109375 0.580616576171875 0.6593814970703125 0.6011783291015625 0.66020099609375 0.6127805634765625 0.652271201171875 0.61571958984375 0.63844416796875 0.6078779208984375 0.622324029296875 0.6042021845703125 0.6205283740234375 0.5840714287109375 0.619800486328125 0.5733275751953125 0.6215726259765625 0.56348376171875 0.627595087890625
1 0.4606594052734375 0.6214591796875 0.4632617216796875 0.6177009169921875 0.46252501171875 0.602078228515625 0.459418013671875 0.5976143896484375 0.449981634765625 0.5953546376953125 0.43535543359375 0.59630315625 0.4177992265625 0.600432310546875 0.414263640625 0.6022158828125 0.410871259765625 0.607579333984375 0.41323766796875 0.6134080859375 0.415843595703125 0.6159907001953125 0.4338084970703125 0.626908134765625 0.4423167451171875 0.6335343984375 0.446147115234375 0.634602556640625 0.45378823046875 0.6347043974609375 0.457977994140625 0.6340742275390625 0.4596850859375 0.6324083740234375 0.4620424189453125 0.6255565751953125 0.4606594052734375 0.6214591796875
1 0.511626185546875 0.663732671875 0.5181286220703125 0.6628337099609375 0.5245742646484375 0.6558365546875 0.5253625712890625 0.6478892861328125 0.52080095703125 0.6375381123046875 0.513965041015625 0.6315213017578125 0.503666669921875 0.6290783271484375 0.4907366875 0.639008595703125 0.4852575458984375 0.64570480859375 0.485552330078125 0.6485565400390625 0.4999115703125 0.65946793359375 0.511626185546875 0.663732671875
1 0.294523583984375 0.6693117314453125 0.3062711064453125 0.6713023662109375 0.312186708984375 0.6710374365234375 0.313672703125 0.6746503427734375 0.3207979375 0.6771792119140625 0.3286782470703125 0.674036443359375 0.336545275390625 0.67520225390625 0.34073536328125 0.6745705556640625 0.348569484375 0.67801046875 0.3519872802734375 0.681019638671875 0.3595767431640625 0.6813644873046875 0.3653518701171875 0.6775218583984375 0.367451587890625 0.6718820458984375 0.3727772978515625 0.6659151826171875 0.36869833203125 0.655412611328125 0.3677940322265625 0.644824470703125 0.3601861474609375 0.6424469990234375 0.3517334892578125 0.6419170751953125 0.331880623046875 0.6420086201171875 0.3219471103515625 0.6442069912109375 0.3134424736328125 0.6439216044921875 0.292563904296875 0.6318768740234375 0.28669481640625 0.6255575927734375 0.2801552119140625 0.622392837890625 0.2649935048828125 0.62373391015625 0.252993181640625 0.6292979912109375 0.2486895634765625 0.641060251953125 0.2581129853515625 0.6476270546875 0.279919685546875 0.6553052724609375 0.2878939560546875 0.6623244140625 0.2909508291015625 0.6670315869140625 0.294523583984375 0.6693117314453125
1 0.276221703125 0.6917915439453125 0.279587845703125 0.6950437216796875 0.292924994140625 0.7001597177734376 0.2997037919921875 0.7000798642578125 0.30687521484375 0.6960260517578125 0.308112939453125 0.6902030166015625 0.30440003515625 0.6843436435546875 0.3055861064453125 0.6787636171875 0.3046027109375 0.67703226171875 0.3012030126953125 0.6760572431640625 0.2799064599609375 0.6829407998046875 0.2769767783203125 0.68611990625 0.276221703125 0.6917915439453125
1 0.36059862109375 0.7338153115234375 0.37779390625 0.7313841611328125 0.383602265625 0.725265900390625 0.3847683876953125 0.7176529267578124 0.379987203125 0.712580837890625 0.37362098046875 0.7107196796875 0.3611328681640625 0.71009395703125 0.353079501953125 0.711931599609375 0.3510815634765625 0.7170850703125 0.3518789462890625 0.7218183515625 0.356421814453125 0.7301384306640625 0.36059862109375 0.7338153115234375
1 0.2045071015625 0.628373529296875 0.187118810546875 0.6274666064453125 0.1806218388671875 0.6347052421875 0.1812458408203125 0.63813492578125 0.1875462509765625 0.6445442900390626 0.1965184013671875 0.6489880615234375 0.21425312890625 0.65250370703125 0.2185993798828125 0.6511448359375 0.2271021630859375 0.6514314267578125 0.2338625400390625 0.6493189501953125 0.234687689453125 0.6454369267578125 0.2278901455078125 0.6434856865234375 0.2183120888671875 0.637646380859375 0.2120636572265625 0.63099248046875 0.2045071015625 0.628373529296875
1 0.044041787109375 0.626213716796875 0.0571542265625 0.630267595703125 0.0719202509765625 0.6328998330078125 0.083115375 0.6332507236328125 0.0909956845703125 0.630107955078125 0.0917691806640625 0.6264689404296875 0.0678228642578125 0.6203646396484375 0.061579572265625 0.6200519404296875 0.0570786865234375 0.62213830859375 0.0481762861328125 0.6194856787109375 0.0436757255859375 0.6215705185546875 0.042091564453125 0.6247848310546875 0.044041787109375 0.626213716796875
1 0.073721248046875 0.61806894140625 0.08800494921875 0.6208510478515625 0.0917637158203125 0.6201292666015625 0.0928335244140625 0.6193423076171874 0.0871707236328125 0.6120525205078124 0.0689995341796875 0.602105591796875 0.0646348623046875 0.60143183984375 0.059343912109375 0.605123396484375 0.0589497587890625 0.6090970302734375 0.06364212109375 0.6103484111328125 0.0700455126953125 0.6162732861328125 0.073721248046875 0.61806894140625
1 0.485810326171875 0.670669974609375 0.4864104423828125 0.6657273623046875 0.4809206962890625 0.659742701171875 0.47872734375 0.6552190751953125 0.4772081171875 0.6538817998046875 0.4736553125 0.653634603515625 0.4694123671875 0.65450745703125 0.4650332099609375 0.6581404306640625 0.46507190625 0.66220447265625 0.474062478515625 0.6686808681640625 0.485810326171875 0.670669974609375
0 0 0.6454117099609376 0.0085594306640625 0.6468164267578125 0.0178411748046875 0.64980367578125 0.0227401494140625 0.650083021484375 0.0411302578125 0.6547539228515625 0.048983125 0.6602249306640625 0.0645096904296875 0.6635252041015625 0.1714115400390625 0.703490306640625 0.17493111328125 0.706013134765625 0.18631771484375 0.7097017724609375 0.192825615234375 0.7151424833984374 0.2301259736328125 0.728395078125 0.24532484765625 0.73111772265625 0.2491736396484375 0.73421850390625 0.25333049609375 0.7358624365234375 0.257643515625 0.736779197265625 0.26894162109375 0.7366455986328125 0.2758937998046875 0.737869341796875 0.2833983779296875 0.740732830078125 0.30233759765625 0.7407010712890625 0.31098205859375 0.7445672158203125 0.323728111328125 0.7439794248046875 0.338219302734375 0.7457928779296875 0.3468770458984375 0.745350443359375 0.3611568095703125 0.741793201171875 0.36734844921875 0.7423489091796875 0.3704385537109375 0.744780451171875 0.37442355859375 0.745121111328125 0.3935491162109375 0.7420858994140626 0.40260615234375 0.7440110322265625 0.4357734833984375 0.7406650400390625 0.4453644970703125 0.742197294921875 0.517504462890625 0.729386400390625 0.5287140712890624 0.725430564453125 0.5562037919921875 0.7191030400390624 0.5706698935546874 0.7125423447265625 0.5766054453125 0.71431036328125 0.5859333779296875 0.7107149306640625 0.5974045390625 0.71188645703125 0.6131322509765625 0.7078750234375 0.617890751953125 0.7045766689453125 0.631152361328125 0.7015633779296875 0.69405436328125 0.672843529296875 0.701728384765625 0.6706712666015625 0.7201610703125 0.662418609375 0.7338536748046876 0.6594969287109375 0.747940109375 0.6526031416015625 0.7579769287109375 0.64991875390625 0.780840423828125 0.6377901142578125 0.796820287109375 0.626227021484375 0.816157216796875 0.6052355556640625 0.8294758876953126 0.58499198046875 0.8326027802734375 0.568161818359375 0.8270190732421875 0.55201524609375 0.8300523857421875 0.5483485947265625 0.83125687890625 0.54480119140625 0.8301185244140625 0.5437988603515626 0.82180175390625 0.5405103447265625 0.796477888671875 0.5366483232421875 0.7888700048828124 0.5342708515625 0.7461723330078125 0.525195181640625 0.733544396484375 0.520988701171875 0.7230010419921875 0.51545219140625 0.7069217529296875 0.510513701171875 0.7034006513671875 0.507990548828125 0.6802810126953125 0.4980045498046875 0.66117808203125 0.486083255859375 0.638971763671875 0.4760389990234375 0.6300180341796875 0.473627849609375 0.5886333017578125 0.4668599599609375 0.5859757216796875 0.4645203544921875 0.58497205078125 0.4607575791015625 0.5877474228515625 0.4583044423828125 0.5875027646484375 0.4552093779296875 0.585056611328125 0.4582404677734375 0.580813666015625 0.4591133212890625 0.5801948037109375 0.4620248388671875 0.5753145751953125 0.4637765869140625 0.565568927734375 0.462971830078125 0.56224083203125 0.46378675 0.558513767578125 0.4622325751953125 0.553183796875 0.4618616181640625 0.55085423046875 0.4600981123046875 0.5397992568359375 0.4633264501953125 0.4873943095703125 0.45751159375 0.479874921875 0.4589563583984375 0.474957849609375 0.456642861328125 0.461245294921875 0.4575315947265625 0.455742267578125 0.45585551171875 0.4527421865234375 0.4572465322265625 0.359411326171875 0.459467041015625 0.285455822265625 0.4680886044921875 0.2814904423828125 0.4697824189453125 0.2591717978515625 0.4708705791015625 0.1947559794921875 0.4812658759765625 0.1940157138671875 0.482629259765625 0.1874612998046875 0.4837727587890625 0.1823234560546875 0.4867364931640625 0.155851890625 0.4925200673828125 0.151421080078125 0.4963960498046875 0.1397620537109375 0.49822765234375 0.1060341806640625 0.5105836796875 0.0847747958984375 0.5215309541015625 0.080086044921875 0.5266204501953125 0.0694635947265625 0.529940724609375 0.0627603359375 0.5381498662109375 0.0587750068359375 0.5378107333984375 0.05615426953125 0.539536373046875 0.0353497666015625 0.5589475546875 0.0375446484375 0.563471505859375 0.02713788671875 0.5785002958984375 0.0244893818359375 0.588841240234375 0.0200256650390625 0.5949913251953125 0.01777525 0.6076979833984375 0.0159150517578125 0.6100916591796876 0.015732650390625 0.6194344609375 0.0095301376953125 0.62952635546875 0 0.6313231484375 0 0.6454117099609376
1 0.7620415654296875 0.59474567578125 0.7584688115234375 0.59246553125 0.75222551953125 0.59215283203125 0.749553453125 0.5941199521484375 0.7502475302734375 0.5993392509765625 0.755975265625 0.6020774501953124 0.75909675 0.6022345634765625 0.761665833984375 0.6007519326171875 0.7633028515625 0.59729646484375 0.7620415654296875 0.59474567578125
1 0.1836417578125 0.588693271484375 0.1849163251953125 0.5869354814453125 0.181807798828125 0.5824713173828125 0.16472483984375 0.5737700517578125 0.1590675029296875 0.5728199384765625 0.1478261904296875 0.57905173046875 0.1510893515625 0.5827883974609375 0.1595791787109375 0.5873820390625 0.1758647548828125 0.5913500224609375 0.1809696923828125 0.5906603916015625 0.1836417578125 0.588693271484375
1 0.3374867431640625 0.6898541123046875 0.34472976953125 0.68759023828125 0.3457796279296875 0.68477033203125 0.3434497373046875 0.6830083544921876 0.33837803125 0.6814223544921875 0.3323594482421875 0.6821717724609375 0.333258283203125 0.686420240234375 0.3374867431640625 0.6898541123046875
1 0.279919619140625 0.4920151015625 0.2903928994140625 0.495761998046875 0.2972550537109375 0.4931631796875 0.2986857841796875 0.4906782177734375 0.2976304609375 0.487158451171875 0.2941610126953125 0.4843922900390625 0.290280517578125 0.48356746484375 0.2798444052734375 0.4838842861328125 0.2748608701171875 0.4861220517578125 0.274035720703125 0.49000407421875 0.275934615234375 0.49167444140625 0.279919619140625 0.4920151015625
1 0.1855811064453125 0.600769759765625 0.1794927734375 0.59972803515625 0.17481883203125 0.60050927734375 0.1726475126953125 0.6043591513671875 0.1753766962890625 0.6084886962890625 0.1830875615234375 0.6103816787109375 0.1859330078125 0.6097181552734375 0.1893468671875 0.6063879765625 0.1892055146484375 0.6028068955078125 0.1855811064453125 0.600769759765625
1 0.266503498046875 0.6823730107421875 0.269832796875 0.681559943359375 0.268759376953125 0.676006025390625 0.2641183427734375 0.6745131650390624 0.2604610283203125 0.6747501318359375 0.25963587890625 0.6786321552734375 0.261862462890625 0.6808801494140625 0.266503498046875 0.6823730107421875
1 0.7119185029296875 0.3406771865234375 0.7165407919921875 0.3401389521484375 0.71860727734375 0.3367747705078125 0.7167083828125 0.335104404296875 0.7129828466796875 0.3335505537109375 0.705340203125 0.333448388671875 0.7030674306640625 0.337783076171875 0.7119185029296875 0.3406771865234375
1 0.8784314375 0.4967642998046875 0.8799823662109375 0.4958256181640625 0.8789086220703125 0.490273228515625 0.8751311083984376 0.488963916015625 0.8719047900390625 0.489292494140625 0.8710799658203126 0.4931729892578125 0.87297853515625 0.4948448837890625 0.8784314375 0.4967642998046875
0 1 0.3762902861328125 0.994313513671875 0.3672332236328125 0.992311638671875 0.366047345703125 0.9798289345703125 0.3484343466796875 0.9709597646484375 0.3435060859375 0.9242214443359374 0.304666466796875 0.9161626142578125 0.3001644365234375 0.904017001953125 0.2958080869140625 0.8837741875 0.2828841376953125 0.8734558662109375 0.2784082158203125 0.868177548828125 0.27779425 0.8602220244140625 0.272806203125 0.849872 0.2706062373046875 0.8399330224609375 0.266464935546875 0.83639502734375 0.2619094853515625 0.83251300390625 0.2610843349609375 0.8293195927734375 0.259138810546875 0.8214024404296875 0.258216333984375 0.810325107421875 0.253072701171875 0.7840492255859375 0.2452048955078125 0.7773749375 0.2448005849609375 0.76921280078125 0.240784572265625 0.742247982421875 0.2340386689453125 0.7311706494140625 0.228895037109375 0.6929406328125 0.2200086298828125 0.6833311982421875 0.2164437529296875 0.674274162109375 0.2145186201171875 0.6604398798828125 0.2138607470703125 0.6364434384765625 0.2079997802734375 0.5543315322265625 0.1956165263671875 0.5366022685546875 0.1984405546875 0.540633517578125 0.215525482421875 0.5357388037109375 0.22158395703125 0.5351900166015625 0.226285087890625 0.5312947119140625 0.229768517578125 0.5271457275390625 0.24080328125 0.5234570341796875 0.2433146767578125 0.5201845283203125 0.2502259365234375 0.51220643359375 0.2835213447265625 0.5110297626953125 0.301780392578125 0.512810541015625 0.3082450302734375 0.511245126953125 0.3134904365234375 0.512998462890625 0.3285688505859375 0.5227589755859375 0.348392302734375 0.52378620703125 0.36052890234375 0.52737585546875 0.3648413447265625 0.5310570556640625 0.3729766728515625 0.53061125 0.37719331640625 0.5442338359375 0.3958089697265625 0.5538158291015625 0.4079876240234375 0.5683665458984375 0.422236765625 0.5731673544921875 0.4293433310546875 0.5956551748046875 0.4465478974609375 0.60994433984375 0.4556696767578125 0.6147768515625 0.4605002861328125 0.6326184970703125 0.4698707900390625 0.6381227275390625 0.4715487265625 0.6652132109375 0.4861805830078125 0.6792589208984375 0.4922091513671875 0.6833143251953125 0.4943378984375 0.6861962900390625 0.4977411494140625 0.6950986904296875 0.5003937783203125 0.7121816494140625 0.5090950439453125 0.738424625 0.519236953125 0.780483484375 0.529191193359375 0.8452270498046875 0.54270047265625 0.8663744326171875 0.5428840849609375 0.873307865234375 0.542076734375 0.881136521484375 0.539176974609375 0.8836340029296875 0.535904404296875 0.8912379501953125 0.53194252734375 0.89178673828125 0.5272413955078125 0.8875770244140625 0.5258386181640625 0.888763095703125 0.520258591796875 0.89405557421875 0.516567359375 0.9051144853515625 0.5196783701171875 0.9126855263671875 0.517990595703125 0.917705904296875 0.519818076171875 0.924381720703125 0.5202227109375 0.928777771484375 0.51862203515625 0.9331937724609375 0.519054306640625 0.9399028212890626 0.517183310546875 0.9444073173828125 0.5214378193359375 0.94503164453125 0.5248659755859375 0.9548473662109375 0.5274603466796876 0.95843854296875 0.5317731142578125 0.96592469921875 0.5326039794921875 0.970598640625 0.5318227373046875 0.9741659306640625 0.5277632080078125 0.98035909765625 0.528319240234375 0.9880464013671875 0.5218383984375 0.9984957958984375 0.5172129990234375 1 0.514945765625 1 0.3762902861328125
1 0.55532459765625 0.2512991708984375 0.5645451669921875 0.2532590634765625 0.5652897509765625 0.249756072265625 0.556069181640625 0.2477961796875 0.55532459765625 0.2512991708984375
1 0.45561368359375 0.09806008984375 0.4466466728515625 0.0999575185546875 0.4397461474609375 0.0984907666015625 0.427965392578125 0.098775763671875 0.41953115625 0.1002784619140625 0.3958627294921875 0.0949935947265625 0.379179388671875 0.0886583681640625 0.366722654296875 0.0857582177734375 0.3631001005859375 0.08371987890625 0.3368242177734375 0.075852072265625 0.333630806640625 0.0739065478515625 0.32079658203125 0.07067057421875 0.310857279296875 0.0665307998046875 0.304909095703125 0.0690683037109375 0.3061743173828125 0.07795844140625 0.3045388291015625 0.081414234375 0.3061794580078125 0.0842996435546875 0.3186213818359375 0.0915080478515625 0.3265056279296875 0.0947046279296875 0.33016687890625 0.1008070087890625 0.3302569033203125 0.1046295703125 0.333951060546875 0.1084578486328125 0.34454421484375 0.1137525537109375 0.360089201171875 0.1190854501953125 0.369391220703125 0.1241041181640625 0.377365166015625 0.1311247880859375 0.381405759765625 0.1375617890625 0.3806044970703125 0.1498161083984375 0.3863838857421875 0.152311298828125 0.3986657109375 0.1539075283203125 0.4074648056640625 0.1570461748046875 0.410156822265625 0.1571120029296875 0.4142768359375 0.1546906904296875 0.4494445146484375 0.1525302509765625 0.4546856650390625 0.1490804990234375 0.457766369140625 0.13883301953125 0.462092669921875 0.135441201171875 0.4683703974609375 0.1334801220703125 0.4801879951171875 0.13726037109375 0.4863337705078125 0.144397232421875 0.49411623828125 0.148080154296875 0.5352559873046875 0.1517545078125 0.56830552734375 0.1532012578125 0.5785670556640625 0.151578986328125 0.58279005078125 0.148673185546875 0.582458423828125 0.141756208984375 0.579607837890625 0.1360785302734375 0.5804843154296875 0.13195502734375 0.57526699609375 0.120450125 0.57715648828125 0.1094414697265625 0.5835081708984375 0.0922824052734375 0.5974164091796875 0.077742291015625 0.6047956474609375 0.0727182978515625 0.6082541669921875 0.0628051123046875 0.6125725947265624 0.0467345966796875 0.6118785185546874 0.041515298828125 0.61039219921875 0.0379039208984375 0.602244873046875 0.0295796533203125 0.59224128515625 0.0299884111328125 0.5779575849609375 0.0272063037109375 0.575594787109375 0.0277184296875 0.570141884765625 0.025799013671875 0.5663831171875 0.026520794921875 0.5392912177734375 0.0585425107421875 0.535456966796875 0.074461953125 0.5358750068359375 0.078860615234375 0.53139254296875 0.08297960546875 0.523409251953125 0.0866068623046875 0.51531871875 0.0843807890625 0.5002892880859375 0.076622392578125 0.479011482421875 0.0855370439453125 0.47425265625 0.0888369267578125 0.4604570693359375 0.092243095703125 0.45561368359375 0.09806008984375
1 0.4365384638671875 0.0541965419921875 0.440766923828125 0.0576304140625 0.4558108388671875 0.0610820849609375 0.4685565673828125 0.060495822265625 0.477145763671875 0.05826409765625 0.4857518525390625 0.0580646708984375 0.4949544462890625 0.0465817568359375 0.4975842041015625 0.0342097177734375 0.4937828046875 0.0245281083984375 0.4862011591796875 0.0135350078125 0.48273323828125 0.0107691708984375 0.47446812109375 0.007237646484375 0.46844986328125 0.0079855361328125 0.464501376953125 0.0117116494140625 0.45420694140625 0.0156080234375 0.4458255615234375 0.01686956640625 0.433702306640625 0.0208851884765625 0.4317391279296875 0.023763353515625 0.433122140625 0.027860748046875 0.4306083212890625 0.035441248046875 0.4204368173828125 0.0408860810546875 0.4150539892578125 0.040756279296875 0.4142291650390625 0.0446367744140625 0.418715240234375 0.04685866015625 0.4219784013671875 0.0505953271484375 0.42989587890625 0.051516275390625 0.4365384638671875 0.0541965419921875
1 0.6490715888671875 0.165550833984375 0.6492316875 0.1711630107421875 0.6515099248046875 0.17316799609375 0.6555982353515625 0.1730226396484375 0.6626663525390625 0.16945484375 0.6639756796875 0.165421748046875 0.659868947265625 0.1635344814453125 0.6537787607421875 0.1624939609375 0.6490715888671875 0.165550833984375
1 0.7945685830078125 0.1957152119140625 0.803400583984375 0.196579755859375 0.80543569140625 0.195490001953125 0.80341539453125 0.192271501953125 0.79801414453125 0.1901090771484375 0.7948923359375 0.1899534912109375 0.792393326171875 0.1932257373046875 0.7945685830078125 0.1957152119140625
1 0.5982042890625 0.163105875 0.6012560224609375 0.161471845703125 0.600633224609375 0.1580440146484375 0.599113998046875 0.156706740234375 0.595231974609375 0.1558815908203125 0.592456603515625 0.1583347275390625 0.5938211953125 0.1603995 0.5982042890625 0.163105875
1 0.2515756376953125 0.0442945380859375 0.2448853349609375 0.04819662890625 0.2465776171875 0.050839029296875 0.253496564453125 0.0543384033203125 0.290413642578125 0.060917029296875 0.2998186435546875 0.0654512099609375 0.3069055068359375 0.0639145078125 0.30775028125 0.0620669609375 0.3050914970703125 0.059725501953125 0.2995884697265625 0.0580494189453125 0.2756898701171875 0.04536276171875 0.2641670556640625 0.044434244140625 0.257993513671875 0.0459126875 0.2515756376953125 0.0442945380859375
0 0.2510872998046875 0 0.2501635419921875 0.0021566962890625 0.2471834111328125 0.0055806640625 0.242200201171875 0.0078169013671875 0.2397247529296875 0.0194629716796875 0.2350695576171875 0.0222753076171875 0.2346421728515625 0.0285245732421875 0.238721462890625 0.0390256162109375 0.239157599609375 0.0454584287109375 0.234774560546875 0.0660790029296875 0.2364855888671875 0.070752498046875 0.245931369140625 0.085691271484375 0.2500894296875 0.0873370576171875 0.253075025390625 0.090252763671875 0.272262515625 0.0996569462890625 0.2808423662109375 0.1080731484375 0.2907709306640625 0.1111962861328125 0.3049273037109375 0.1177563525390625 0.30851848046875 0.122069119140625 0.320960404296875 0.1292775244140625 0.3358164541015625 0.1357323232421875 0.341131615234375 0.14041153515625 0.3451408310546875 0.149122962890625 0.3491626787109375 0.153528869140625 0.34937290234375 0.1588977119140625 0.3402603896484375 0.1975301376953125 0.33973034765625 0.2042623642578125 0.3417705947265625 0.2095138115234375 0.339219931640625 0.2130290654296875 0.3409822880859375 0.217461080078125 0.3494576298828125 0.226361447265625 0.3516525107421875 0.2308853984375 0.351586373046875 0.2354351318359375 0.3591625537109375 0.2400885595703125 0.363962158203125 0.247193271484375 0.3691054677734375 0.2505692099609375 0.372973005859375 0.2557010849609375 0.381256544921875 0.261265232421875 0.3956287412109375 0.267869576171875 0.4090223583984375 0.27908529296875 0.42610531640625 0.28778655859375 0.431092462890625 0.291889669921875 0.46549725 0.3060491201171875 0.47654167578125 0.31346685546875 0.5076316484375 0.3241326474609375 0.509749787109375 0.3205254580078125 0.51150301171875 0.2889499736328125 0.5084458125 0.2842443291015625 0.5118493916015625 0.2682317470703125 0.5169319716796875 0.25917014453125 0.51918238671875 0.246463486328125 0.52509219921875 0.239860412109375 0.529795435546875 0.2304641904296875 0.5406851708984375 0.2152824736328125 0.5394697490234375 0.20615053125 0.53529294140625 0.202473650390625 0.5420681279296875 0.196052919921875 0.5528123056640625 0.1942792509765625 0.58653597265625 0.1989123525390625 0.625178564453125 0.205857748046875 0.6407380361328125 0.2068839189453125 0.660042115234375 0.2114935048828125 0.6760325830078125 0.2126112861328125 0.6861763193359375 0.2157817578125 0.6905926455078125 0.2162125009765625 0.694216728515625 0.2182511650390625 0.7128134482421875 0.2219500322265625 0.746542580078125 0.2329228076171875 0.7663289833984375 0.2373825244140625 0.777129953125 0.241707048828125 0.7965385419921875 0.2458324716796875 0.80652764453125 0.2497304404296875 0.8178961484375 0.251384927734375 0.822864873046875 0.253455416015625 0.8249364990234375 0.2564324365234375 0.838995490234375 0.25815242578125 0.842811375 0.2635273095703125 0.851610470703125 0.2666659560546875 0.85963245703125 0.2671027412109375 0.8579715537109375 0.2621859130859375 0.861507140625 0.26040233984375 0.867925341796875 0.2620189609375 0.869148255859375 0.2605041796875 0.87528971484375 0.237976271484375 0.873925123046875 0.2359115 0.8778294482421874 0.221781671875 0.8766711435546874 0.2187463935546875 0.879652802734375 0.21532275 0.8782384111328125 0.213499783203125 0.870905361328125 0.2119410947265625 0.8687301044921875 0.2094516201171875 0.8684168994140625 0.2045672666015625 0.8723490478515625 0.2051490830078125 0.8729307421875 0.19817384765625 0.865941720703125 0.192884859375 0.861947314453125 0.1798651767578125 0.858960515625 0.1769476181640625 0.8470066494140625 0.1526005400390625 0.7972406943359375 0.0771118193359375 0.7914745869140625 0.070308048828125 0.780964462890625 0.0624959072265625 0.7707451865234375 0.0511961484375 0.770105591796875 0.0478398251953125 0.5450369091796875 0 0.2510872998046875 0
0 1 0.378364099609375 0.994313513671875 0.3672332236328125 0.992311638671875 0.366047345703125 0.9798289345703125 0.3484343466796875 0.9717701044921875 0.34393231640625 0.9238421005859375 0.3043318466796875 0.9161626142578125 0.3001644365234375 0.9052070087890625 0.2965674091796875 0.8829638486328125 0.2824579072265625 0.8743193876953125 0.2785917626953125 0.8694720654296875 0.278069408203125 0.8657446767578125 0.27651676171875 0.860654548828125 0.272898138671875 0.8415552294921875 0.2673177216796875 0.839122357421875 0.2660402333984375 0.83639502734375 0.2619094853515625 0.8288885966796875 0.2590472001953125 0.820210904296875 0.2574566875 0.810325107421875 0.253072701171875 0.7922626904296876 0.2489794287109375 0.78491274609375 0.2453884423828125 0.7759771142578125 0.2450114443359375 0.76921280078125 0.240784572265625 0.7398151103515626 0.2327611806640625 0.72820380078125 0.22801042578125 0.674274162109375 0.2145186201171875 0.6635115634765625 0.214259666015625 0.6359611142578125 0.2081496494140625 0.6296129873046875 0.208322642578125 0.6206592578125 0.2059114931640625 0.6087567763671875 0.2046498837890625 0.5862267041015625 0.20036734765625 0.5543315322265625 0.1956165263671875 0.536169744140625 0.198348619140625 0.54004788671875 0.216161369140625 0.5357901318359375 0.2213424765625 0.5347073671875 0.2264364853515625 0.531398017578125 0.2292825009765625 0.5271457275390625 0.24080328125 0.5234053818359375 0.243557685546875 0.5201845283203125 0.2502259365234375 0.5123610673828125 0.28279384765625 0.5110810908203125 0.301538912109375 0.5129135224609375 0.307760541015625 0.511245126953125 0.3134904365234375 0.5132745 0.3293894873046875 0.5228103037109375 0.348150822265625 0.5238378603515625 0.3602858935546875 0.5274275078125 0.3645983359375 0.531108708984375 0.3727336640625 0.53066290234375 0.3769503076171875 0.54466483203125 0.3959005810546875 0.5509667705078125 0.40231026953125 0.5538674814453125 0.407744615234375 0.5691267607421875 0.422906330078125 0.5728396650390625 0.4287657021484375 0.5960348427734375 0.44688098828125 0.6091324716796875 0.4552431220703125 0.6143975087890625 0.460165666015625 0.66478221484375 0.4860889716796875 0.68288180078125 0.4942459619140625 0.6870069541015625 0.4981658515625 0.6946676943359374 0.50030216796875 0.7117506533203125 0.5090034326171875 0.73885562109375 0.519328564453125 0.8136399423828125 0.5364928037109375 0.8452270498046875 0.54270047265625 0.8663744326171875 0.5428840849609375 0.873307865234375 0.542076734375 0.881136521484375 0.539176974609375 0.8825660478515625 0.5366901591796875 0.890497685546875 0.53330591015625 0.891875234375 0.5310636328125 0.8918383916015625 0.52699838671875 0.88788629296875 0.524383623046875 0.8886597900390625 0.5207446083984375 0.8944352421875 0.516900451171875 0.9054941533203125 0.5200114609375 0.91166737109375 0.5185345458984375 0.9176542509765625 0.520061083984375 0.925243712890625 0.5204059326171875 0.928777771484375 0.51862203515625 0.9331937724609375 0.519054306640625 0.9412489912109375 0.5172154599609375 0.9449799912109375 0.525108984375 0.9547960380859375 0.5277018271484375 0.95843854296875 0.5317731142578125 0.9663556953125 0.5326955908203125 0.970598640625 0.5318227373046875 0.97642574609375 0.5277355712890625 0.9808417470703125 0.5281678427734375 0.9881493828125 0.52135391015625 0.9979614931640625 0.5176074052734375 1 0.5144346435546875 1 0.378364099609375
0 0 0.64017153125 0.005071560546875 0.642017642578125 0.0084896806640625 0.6450252841796875 0.0189626357421875 0.6487737080078125 0.040474552734375 0.6536001953125 0.053071111328125 0.6600811025390625 0.06428465625 0.662464615234375 0.079721197265625 0.6619423271484375 0.0902313203125 0.66975446875 0.1015665927734375 0.6736845869140625 0.111260912109375 0.67473082421875 0.1570894677734375 0.6966426298828124 0.1680967255859375 0.6999966484375 0.1715661748046875 0.7027628095703125 0.185179359375 0.7086994423828125 0.1937909140625 0.7148396884765625 0.2020360810546875 0.716338265625 0.2301776259765625 0.7281520693359375 0.2423561455078125 0.7302343154296875 0.2542969990234375 0.7355614951171875 0.2671644541015625 0.736521837890625 0.2869527109375 0.7409803515625 0.3037867490234375 0.740248732421875 0.311136693359375 0.74383971875 0.32119193359375 0.743187953125 0.3343372802734375 0.744967728515625 0.3433758935546875 0.74486023828125 0.3471162392578125 0.7421058349609375 0.3544809931640625 0.74138856640625 0.3589302255859375 0.73954520703125 0.363622587890625 0.7407965869140625 0.3672783740234375 0.740559294921875 0.370265173828125 0.743476853515625 0.377751654296875 0.74430619140625 0.4468637724609375 0.7415016220703124 0.488117701171875 0.73404235546875 0.4931009111328125 0.731806119140625 0.50524105859375 0.7298227939453125 0.50796477734375 0.727612666015625 0.5215226982421876 0.7274514296875 0.5246257607421875 0.7255759208984375 0.540198513671875 0.7222935126953125 0.5430255390625 0.7195973671875 0.547544845703125 0.7195436220703125 0.556132513671875 0.717311572265625 0.559495044921875 0.7142228740234375 0.5647546162109375 0.7128057451171875 0.5703035068359374 0.7079006748046875 0.5768579208984375 0.70675717578125 0.5935741689453125 0.710818298828125 0.5998189892578125 0.7111313232421875 0.6071653212890625 0.7083814326171874 0.613666228515625 0.7074821455078125 0.6181486923828124 0.7033631552734375 0.630342021484375 0.701137146484375 0.6337543525390625 0.6978066435546875 0.6403087666015626 0.69666314453125 0.64377275 0.6930896318359375 0.6531707578125 0.6912838134765625 0.660395361328125 0.6869873173828125 0.6760526748046874 0.681187796875 0.679844673828125 0.678190384765625 0.6918646220703125 0.6746607802734375 0.6957082734375 0.671420359375 0.702314015625 0.6700353798828125 0.7056750185546875 0.6669463564453125 0.7249881171875 0.660909544921875 0.7334226787109375 0.6594053173828125 0.7571665888671875 0.6494925234375 0.7712346005859375 0.6405661142578125 0.77911491015625 0.637423345703125 0.7941811279296875 0.6259200380859375 0.8154501826171875 0.6043233076171876 0.8251166796875 0.5906579013671875 0.8300246748046874 0.5802908486328126 0.831829283203125 0.5718008330078125 0.83111678515625 0.564548912109375 0.829232701171875 0.558570291015625 0.8241739521484375 0.5526772412109375 0.813115041015625 0.5495662314453125 0.8071481103515625 0.550072640625 0.7975054443359375 0.54878339453125 0.7950009697265625 0.545715966796875 0.79359953515625 0.53958594921875 0.7897190400390625 0.5387611240234375 0.788612064453125 0.5354843662109375 0.7745349755859375 0.531730224609375 0.7713086572265625 0.5320588037109375 0.74325713671875 0.5240675615234375 0.73651124609375 0.5218733125 0.7230526943359376 0.5152091826171875 0.7043342470703124 0.5099637099609375 0.661505771484375 0.4866608837890625 0.653896359375 0.484283087890625 0.6459423642578125 0.479295365234375 0.6316387138671875 0.4744803115234375 0.624531900390625 0.473984064453125 0.6115943701171875 0.471234107421875 0.598673732421875 0.47051644921875 0.565156353515625 0.464912841796875 0.5578949052734375 0.4651440927734375 0.54980284375 0.462917693359375 0.5466997822265625 0.464793203125 0.542180474609375 0.4648469482421875 0.5335559638671875 0.463013751953125 0.518151126953125 0.461260083984375 0.512184197265625 0.4617664931640625 0.5022119873046875 0.459900822265625 0.4749430400390625 0.4609511162109375 0.455381345703125 0.4575535146484375 0.3489435107421875 0.462059818359375 0.3396653779296875 0.4654134462890625 0.3098605771484375 0.4656707392578125 0.2785420146484375 0.4709304306640625 0.2607928017578125 0.47172151171875 0.252205134765625 0.473953560546875 0.2440816943359375 0.47400158984375 0.240925451171875 0.4761197822265625 0.2304392138671875 0.4766799365234375 0.2147634794921875 0.480446833984375 0.2004652939453125 0.481971453125 0.19725892578125 0.4843329794921875 0.192584984375 0.4851142216796875 0.189172328125 0.48844625390625 0.1854648896484375 0.4889265546875 0.1811518701171875 0.4880097939453125 0.1566105771484375 0.493189306640625 0.1031041748046875 0.5137643134765625 0.0459682802734375 0.549287931640625 0.046005123046875 0.553353177734375 0.0402499453125 0.55922875390625 0.035792896484375 0.5738321376953125 0.0296036650390625 0.577503681640625 0.02920951171875 0.5814773154296875 0.023335013671875 0.592145310546875 0.018760173828125 0.6094296650390625 0.018132291015625 0.6229875810546875 0.014893015625 0.6276232099609375 0.0067215341796875 0.6342551240234375 0 0.63454359765625 0 0.64017153125
0 0.096705390625 0 0.0514379970703125 0.212966341796875 0.0785645810546875 0.25068041796875 0.0892630703125 0.2529544521484375 0.11465434765625 0.23119561328125 0.1349807861328125 0.248295388671875 0.1463289990234375 0.2475127109375 0.1710335537109375 0.2064390185546875 0.180299642578125 0.2004215498046875 0.2222588828125 0.10071657421875 0.232654466796875 0.051809193359375 0.2327134228515625 0.0214709892578125 0.244873775390625 0 0.096705390625 0
0 0.159316564453125 0.3141695908203125 0.1761284755859375 0.317743072265625 0.2205097451171875 0.2968258662109375 0.2678147724609375 0.262153458984375 0.3373364541015625 0.2657488984375 0.3623069150390625 0.2534850546875 0.3376832734375 0.2115107734375 0.3437226982421875 0.168067091796875 0.335394197265625 0.147127927734375 0.3078837958984375 0.1412804111328125 0.29166265234375 0.1649884228515625 0.24491139453125 0.2045707587890625 0.2311191953125 0.1792754365234375 0.218663443359375 0.170238255859375 0.2209374775390625 0.159539765625 0.20968521875 0.152355802734375 0.1979531875 0.185005041015625 0.208038951171875 0.2127073505859375 0.195332333984375 0.2499416552734375 0.199075767578125 0.2699062333984375 0.1738763994140625 0.2757317919921875 0.159316564453125 0.3141695908203125
0 0.421014615234375 0.97680995703125 0.4748908798828125 0.95631356640625 0.5143252216796875 0.9135785654296875 0.517573841796875 0.8982950087890625 0.478944134765625 0.8996684541015625 0.4358253154296875 0.8921006728515625 0.365845818359375 0.8756286650390624 0.35547219140625 0.871826275390625 0.353714927734375 0.86506312890625 0.3178170703125 0.8686146533203125 0.286925095703125 0.8636457685546876 0.127651248046875 0.831388474609375 0.1026437890625 0.82128075390625 0.06804537890625 0.8187188564453125 0.1765366708984375 0.8944938291015625 0.252437681640625 0.9281985654296875 0.285544734375 0.952807166015625 0.41077394140625 0.9874124912109375 0.421014615234375 0.97680995703125
0 1 0.2293091015625 0.9963155087890625 0.231701837890625 0.97193581640625 0.27124717578125 0.9732722626953125 0.2875053173828125 0.9875812333984375 0.2953390048828125 0.9684363310546875 0.332802216796875 1 0.37218519140625 1 0.2293091015625
0 0.7601973583984375 0.6511510869140625 0.6305310791015625 0.7050574345703124 0.5241739521484375 0.7319701513671875 0.546124701171875 0.7414281484375 0.609857822265625 0.7421957841796875 0.630605076171875 0.749800564453125 0.6451059560546875 0.741700970703125 0.739694052734375 0.7250659267578125 0.79821433984375 0.6752059169921875 0.813231990234375 0.6496446884765625 0.8134238994140625 0.633711408203125 0.8043497197265626 0.623795595703125 0.7601973583984375 0.6511510869140625
1 0.9757162490234375 0.313583318359375 0.98322507421875 0.300802703125 0.96803747265625 0.289587443359375 0.9670258876953125 0.2718009453125 0.9339558330078125 0.2695639091796875 0.931681798828125 0.2802623994140625 0.941996470703125 0.314402994140625 0.9617691396484375 0.32659283984375 0.9757162490234375 0.313583318359375
1 0.1976063681640625 0.239243166015625 0.2041036083984375 0.2086760537109375 0.197857232421875 0.1929716806640625 0.1890119609375 0.1894941533203125 0.173440541015625 0.210145453125 0.1654739013671875 0.2100494990234375 0.1628750048828125 0.22227634375 0.1675930244140625 0.2376558544921875 0.1976063681640625 0.239243166015625
1 0.2670540517578125 0.1980954755859375 0.2337550908203125 0.18942015625 0.2021174375 0.195474623046875 0.20683545703125 0.2108541337890625 0.243611947265625 0.210684181640625 0.2670540517578125 0.1980954755859375
1 0.282086744140625 0.2476155810546875 0.2865758564453125 0.2565568076171875 0.3147359814453125 0.2593476123046875 0.3219199443359375 0.248095353515625 0.30335076953125 0.237758724609375 0.2920025556640625 0.23854140234375 0.282086744140625 0.2476155810546875
1 0.15702748828125 0.2497867451171875 0.176704203125 0.2699432314453125 0.1904594033203125 0.272866990234375 0.1973185048828125 0.2631430869140625 0.1913010361328125 0.253876998046875 0.1678219326171875 0.2440941396484375 0.15702748828125 0.2497867451171875
1 0.3399792646484375 0.148102513671875 0.3388717255859375 0.13828265625 0.3266448798828125 0.135683759765625 0.322288720703125 0.1411474580078125 0.3399792646484375 0.148102513671875
1 0.0494888251953125 0.2221364755859375 0.0394181025390625 0.2695155 0.0608150810546875 0.274063568359375 0.072163294921875 0.273280890625 0.0734627431640625 0.2671674677734375 0.0649053349609375 0.2397900205078125 0.0494888251953125 0.2221364755859375
1 0.1007812353515625 0.2889482646484375 0.10597902734375 0.2644945751953125 0.089167115234375 0.2609210927734375 0.0838363701171875 0.2709698583984375 0.1007812353515625 0.2889482646484375
1 0.10431771875 0.2497647880859375 0.11589483984375 0.2554203955078125 0.1233077099609375 0.2506064208984375 0.1264603759765625 0.2432895048828125 0.118914552734375 0.2336985546875 0.1051593515625 0.230774796875 0.10431771875 0.2497647880859375
1 0.1066356669921875 0.1336467587890625 0.107381345703125 0.122623408203125 0.097332580078125 0.117292662109375 0.0947336845703125 0.1295195078125 0.1066356669921875 0.1336467587890625
1 0.69319366015625 0.71837677734375 0.698295498046875 0.7018897275390625 0.67198858984375 0.6978954287109375 0.679992228515625 0.7203629482421875 0.69319366015625 0.71837677734375
1 0.7872499443359375 0.6441220341796875 0.7799330283203125 0.6409693681640625 0.7669605048828125 0.6493938232421875 0.7739525595703125 0.6540748447265625 0.784422140625 0.6499105947265625 0.7872499443359375 0.6441220341796875
1 0.6200025419921875 0.7395598896484376 0.6096289140625 0.7357575 0.590314060546875 0.73644422265625 0.59054296875 0.7428825068359375 0.61870309375 0.7456733125 0.6200025419921875 0.7395598896484376
1 0.7164438564453125 0.7217213515625 0.6916653046875 0.7180519150390625 0.6836986640625 0.7179559609375 0.679571412109375 0.729857943359375 0.7129663291015625 0.730566623046875 0.7164438564453125 0.7217213515625
1 0.406380783203125 0.970504625 0.3988349599609375 0.9609136748046875 0.3508062109375 0.9538996640625 0.35835203515625 0.9634906142578125 0.39656092578125 0.9716121640625 0.406380783203125 0.970504625
1 0.36406659765625 0.9215752880859375 0.35990234765625 0.9111057060546875 0.343644205078125 0.9124421533203125 0.34387311328125 0.9188804375 0.3576283134765625 0.9218041953125 0.36406659765625 0.9215752880859375
1 0.3508062109375 0.9538996640625 0.3430314794921875 0.9378704287109375 0.3258947060546875 0.935825302734375 0.3238495791015625 0.952962076171875 0.3479784072265625 0.959688224609375 0.3508062109375 0.9538996640625
1 0.3252079833984375 0.91651044921875 0.3250750302734375 0.9021055244140626 0.301175109375 0.9018176611328125 0.300429431640625 0.9128410126953125 0.3252079833984375 0.91651044921875
1 0.2656610693359375 0.873502625 0.26705647265625 0.8594225625 0.239221208984375 0.85510340234375 0.24514272265625 0.8723361298828125 0.2656610693359375 0.873502625
1 0.239332205078125 0.9222180966796875 0.243038640625 0.919811109375 0.23549281640625 0.9102201591796875 0.2180311806640625 0.9097033876953124 0.239332205078125 0.9222180966796875
1 0.288852310546875 0.9071854052734375 0.2791284072265625 0.9003263037109375 0.2540249931640625 0.89818522265625 0.25545739453125 0.906476724609375 0.2875528623046875 0.9132988271484375 0.288852310546875 0.9071854052734375
1 0.4740122490234375 0.9529319931640625 0.4802216259765625 0.9462648017578125 0.4674410107421875 0.9387559765625 0.465816701171875 0.9463977548828125 0.4740122490234375 0.9529319931640625
1 0.3926845380859375 0.937242662109375 0.39616206640625 0.928397390625 0.3857884384765625 0.9245950009765626 0.3807825556640625 0.93311541015625 0.3926845380859375 0.937242662109375
1 0.408351912109375 0.9086247216796876 0.4039957529296875 0.914088419921875 0.4118664384765625 0.9221510146484375 0.4296529365234375 0.9211394296875 0.430952384765625 0.9150260078125 0.4227568369140625 0.9084917685546875 0.408351912109375 0.9086247216796876
1 0.8503540888671876 0.2645730673828125 0.863784427734375 0.269025181640625 0.8681405869140625 0.2635614833984375 0.8827963759765625 0.217157044921875 0.874696783203125 0.2026561650390625 0.8623739833984375 0.2080239091796875 0.8503540888671876 0.2645730673828125
1 0.76410832421875 0.0465650673828125 0.710615876953125 0.035194896484375 0.709641291015625 0.039779962890625 0.742844298828125 0.056421923828125 0.7640123701171875 0.05453170703125 0.76410832421875 0.0465650673828125