1 0.3421515625 0.35391875 0.32980625 0.356646875 0.32186875 0.3596234375 0.3192234375 0.3611109375 0.320546875 0.36334375 0.326278125 0.3678078125 0.3328921875 0.36954375 0.3571421875 0.3688 0.3606703125 0.3665671875 0.36375625 0.3616078125 0.3611109375 0.357390625 0.34920625 0.3544140625 0.3421515625 0.35391875
1 0.4903 0.4697421875 0.489859375 0.4744546875 0.49426875 0.4796625 0.513228125 0.4796625 0.5202828125 0.4779265625 0.522928125 0.47495 0.523809375 0.4704859375 0.5220453125 0.4670140625 0.51058125 0.46329375 0.4973546875 0.4637890625 0.4903 0.4697421875
1 0.6340390625 0.5778765625 0.622134375 0.575396875 0.607584375 0.573909375 0.6014109375 0.5751484375 0.5917109375 0.58358125 0.5912703125 0.58829375 0.5930328125 0.591021875 0.59920625 0.59449375 0.6146390625 0.5967265625 0.622134375 0.5962296875 0.6300703125 0.5932546875 0.636684375 0.5880453125 0.6380078125 0.584821875 0.636684375 0.5798609375 0.6340390625 0.5778765625
1 0.3884484375 0.42733125 0.3844796875 0.4295640625 0.382715625 0.431546875 0.3844796875 0.4350203125 0.3888890625 0.4375 0.3928578125 0.43824375 0.4034390625 0.4377484375 0.41049375 0.4352671875 0.410934375 0.4310515625 0.4078484375 0.4275796875 0.40079375 0.4243546875 0.3884484375 0.42733125
1 0.68474375 0.31646875 0.689153125 0.3162203125 0.6935625 0.3142359375 0.693121875 0.3120046875 0.6900359375 0.3102671875 0.68474375 0.3107640625 0.6820984375 0.31324375 0.6820984375 0.315228125 0.68474375 0.31646875
1 0.71693125 0.251984375 0.7182546875 0.2475203125 0.713403125 0.2435515625 0.7081125 0.2438 0.7032625 0.2467765625 0.7054671875 0.2522328125 0.7112 0.2532234375 0.71693125 0.251984375
1 0.5017640625 0.22495 0.49603125 0.22420625 0.4832453125 0.22891875 0.4828046875 0.2326390625 0.486771875 0.23834375 0.4933859375 0.2438 0.4973546875 0.24603125 0.499559375 0.245784375 0.509259375 0.240575 0.5110234375 0.2373515625 0.510140625 0.232390625 0.505290625 0.226934375 0.5017640625 0.22495
1 0.5454140625 0.301090625 0.541446875 0.3015875 0.53306875 0.3060515625 0.5370375 0.3080359375 0.5485015625 0.3067953125 0.5493828125 0.3025796875 0.5454140625 0.301090625
1 0.555996875 0.279265625 0.5626109375 0.2797625 0.5661375 0.2790171875 0.56701875 0.275296875 0.5634921875 0.271578125 0.555996875 0.27108125 0.552028125 0.2735609375 0.55246875 0.277034375 0.555996875 0.279265625
1 0.4510578125 0.322171875 0.456790625 0.318453125 0.4466484375 0.3129953125 0.443121875 0.3127484375 0.439153125 0.3142359375 0.439153125 0.3187 0.447971875 0.321925 0.4510578125 0.322171875
1 0.3456796875 0.459078125 0.3456796875 0.462796875 0.34920625 0.4640375 0.3571421875 0.4637890625 0.359346875 0.462796875 0.359346875 0.45858125 0.357584375 0.4568453125 0.353615625 0.456596875 0.347884375 0.4578375 0.3456796875 0.459078125
1 0.3888890625 0.6408734375 0.392415625 0.6388890625 0.392415625 0.634425 0.3884484375 0.6329359375 0.381834375 0.6341765625 0.381834375 0.6383921875 0.3844796875 0.6401296875 0.3888890625 0.6408734375
1 0.5515875 0.6396328125 0.552909375 0.6383921875 0.5485015625 0.631696875 0.5445328125 0.630953125 0.5396828125 0.6341765625 0.5392421875 0.6383921875 0.5445328125 0.641865625 0.5515875 0.6396328125
1 0.7667546875 0.5166171875 0.7711640625 0.51636875 0.774690625 0.513640625 0.7724875 0.5106640625 0.768959375 0.5099203125 0.7671953125 0.5099203125 0.763228125 0.5126484375 0.76366875 0.5158734375 0.7667546875 0.5166171875
1 0.6723984375 0.4704859375 0.669753125 0.4692453125 0.6622578125 0.469990625 0.66049375 0.4704859375 0.6618171875 0.4744546875 0.669753125 0.4744546875 0.6723984375 0.4704859375
1 0.754409375 0.439484375 0.759259375 0.4384921875 0.7623453125 0.4357640625 0.7619046875 0.43353125 0.7597 0.4322921875 0.75485 0.4325390625 0.7513234375 0.434028125 0.7513234375 0.43824375 0.754409375 0.439484375
1 0.6261015625 0.3888890625 0.6305109375 0.3921125 0.632715625 0.3923609375 0.64109375 0.390625 0.64594375 0.3849203125 0.6446203125 0.3821921875 0.6397703125 0.3807046875 0.632715625 0.380953125 0.62654375 0.384425 0.6261015625 0.3888890625
1 0.6150796875 0.34995 0.623015625 0.3516859375 0.6256609375 0.3494546875 0.6261015625 0.345734375 0.62345625 0.341765625 0.614196875 0.3415171875 0.6115515625 0.3435015625 0.6111109375 0.3459828125 0.6150796875 0.34995
1 0.6644625 0.396825 0.666225 0.400296875 0.67019375 0.402034375 0.678571875 0.402778125 0.6860671875 0.4010421875 0.6869484375 0.3963296875 0.684303125 0.394840625 0.678571875 0.3936015625 0.6675484375 0.39459375 0.6644625 0.396825
1 0.708553125 0.4060015625 0.716490625 0.4057546875 0.7204578125 0.404265625 0.721340625 0.3998015625 0.7178125 0.39756875 0.7107578125 0.39756875 0.7063484375 0.39930625 0.7054671875 0.4037703125 0.708553125 0.4060015625
1 0.5630515625 0.1267359375 0.5679015625 0.12896875 0.57186875 0.1294640625 0.5771609375 0.1252484375 0.5776015625 0.1188 0.5758375 0.1178078125 0.5731921875 0.118303125 0.5683421875 0.1212796875 0.5630515625 0.1225203125 0.5630515625 0.1267359375
1 0.3611109375 0.1994046875 0.3606703125 0.201140625 0.36375625 0.2046125 0.367725 0.205853125 0.3708109375 0.2053578125 0.373015625 0.2016375 0.37169375 0.197171875 0.369046875 0.195684375 0.36684375 0.1959328125 0.362875 0.197171875 0.3611109375 0.1994046875
1 0.4691359375 0.3826890625 0.4682546875 0.3797125 0.4638453125 0.3782234375 0.4598765625 0.3782234375 0.457671875 0.3794640625 0.4603171875 0.384425 0.46693125 0.3861609375 0.4691359375 0.3826890625
1 0.2610234375 0.6294640625 0.25573125 0.626984375 0.254409375 0.628471875 0.255290625 0.6356640625 0.259259375 0.6376484375 0.2614640625 0.6349203125 0.2610234375 0.6294640625
1 0.26455 0.3983140625 0.2627859375 0.39756875 0.2579359375 0.398809375 0.2579359375 0.4017859375 0.26366875 0.4030265625 0.2658734375 0.400296875 0.26455 0.3983140625
1 0.4069671875 0.2395828125 0.4074078125 0.241071875 0.410934375 0.241815625 0.4175484375 0.2400796875 0.4131390625 0.23834375 0.4069671875 0.2395828125
1 0.631834375 0.5213296875 0.626984375 0.5188484375 0.619046875 0.521578125 0.618165625 0.52579375 0.623015625 0.5282734375 0.6296296875 0.52505 0.631834375 0.5213296875
1 0.7517640625 0.5349703125 0.7513234375 0.5404265625 0.75573125 0.5416671875 0.7574953125 0.5364578125 0.75573125 0.5349703125 0.7517640625 0.5349703125
1 0.7821875 0.3338296875 0.782628125 0.3298609375 0.778659375 0.3286203125 0.7751328125 0.330109375 0.77425 0.33209375 0.774690625 0.3345734375 0.7804234375 0.334325 0.7821875 0.3338296875
1 0.4373890625 0.3700390625 0.438271875 0.367559375 0.4369484375 0.365328125 0.4320984375 0.3650796875 0.430334375 0.366815625 0.42989375 0.369046875 0.4316578125 0.3705359375 0.4373890625 0.3700390625
0 0.164021875 0.4900796875 0.1719578125 0.49454375 0.1728390625 0.4977671875 0.2226625 0.556546875 0.231921875 0.5724203125 0.2380953125 0.5744046875 0.2389765625 0.5838296875 0.2420640625 0.58680625 0.2429453125 0.5922625 0.2469140625 0.596809375 0.2477953125 0.601190625 0.250440625 0.603175 0.2517640625 0.6150796875 0.258378125 0.619046875 0.2597 0.6232640625 0.2663140625 0.6264875 0.2667546875 0.6314484375 0.2716046875 0.634671875 0.2716046875 0.63731875 0.2658734375 0.6450890625 0.2676359375 0.66170625 0.27336875 0.66493125 0.287478125 0.677828125 0.2954140625 0.6817953125 0.297178125 0.685515625 0.3209875 0.701884375 0.3324515625 0.7048609375 0.3368609375 0.7108140625 0.3412703125 0.71255 0.3461203125 0.7170140625 0.3571421875 0.720734375 0.35890625 0.7244546875 0.3611109375 0.72569375 0.376984375 0.7291671875 0.386684375 0.7294140625 0.3897703125 0.728175 0.4078484375 0.73040625 0.4078484375 0.733134375 0.4144625 0.7341265625 0.415784375 0.7368546875 0.4232796875 0.728421875 0.419753125 0.7237109375 0.420634375 0.7192453125 0.4325390625 0.7172625 0.4351859375 0.720734375 0.439153125 0.71949375 0.4497359375 0.7088296875 0.4598765625 0.7036203125 0.462521875 0.7001484375 0.475309375 0.691715625 0.4775125 0.688740625 0.481921875 0.6879953125 0.4964734375 0.678571875 0.50088125 0.6736109375 0.5207234375 0.6674109375 0.5299828125 0.6614578125 0.536596875 0.6594734375 0.5392421875 0.657490625 0.55246875 0.6557546875 0.55731875 0.6525296875 0.561728125 0.6512890625 0.5828921875 0.647321875 0.588625 0.64459375 0.684303125 0.6227671875 0.693121875 0.6227671875 0.7089953125 0.610615625 0.71208125 0.6071421875 0.711640625 0.6041671875 0.736771875 0.5813484375 0.739859375 0.58209375 0.7420640625 0.57738125 0.7477953125 0.576140625 0.749559375 0.5672125 0.75396875 0.5639875 0.75573125 0.5642359375 0.763228125 0.5577875 0.7654328125 0.5483625 0.7720453125 0.545634375 0.773809375 0.5391859375 0.7791 0.533234375 0.7813046875 0.52430625 0.78306875 0.522321875 0.7870375 0.5213296875 0.7892421875 0.5151296875 0.7949734375 0.5133921875 0.7954140625 0.5095484375 0.8112875 0.4828875 0.810846875 0.477678125 0.8086421875 0.47495 0.8112875 0.466765625 0.810846875 0.459325 0.8139328125 0.45386875 0.8179015625 0.4533734375 0.8192234375 0.451140625 0.819665625 0.446925 0.8179015625 0.4432046875 0.8192234375 0.4317953125 0.821428125 0.4233625 0.8258375 0.42261875 0.8267203125 0.415178125 0.820546875 0.4092265625 0.82010625 0.3923609375 0.802909375 0.314484375 0.7958546875 0.3134921875 0.7945328125 0.3115078125 0.7936515625 0.30233125 0.796296875 0.294890625 0.7949734375 0.288690625 0.7901234375 0.2857140625 0.7888 0.2829859375 0.7808640625 0.28199375 0.7720453125 0.259425 0.76455 0.259425 0.758378125 0.2549609375 0.75573125 0.244046875 0.75 0.2415671875 0.74118125 0.22420625 0.740740625 0.2202375 0.7341265625 0.212796875 0.72663125 0.210565625 0.7182546875 0.2008921875 0.717371875 0.197171875 0.7138453125 0.194940625 0.7089953125 0.1877484375 0.7014984375 0.1837796875 0.7014984375 0.1813 0.6953265625 0.1817953125 0.6909171875 0.1803078125 0.6851859375 0.16641875 0.680334375 0.162946875 0.67813125 0.1579859375 0.673721875 0.15699375 0.630953125 0.11011875 0.6305109375 0.1076390625 0.6238984375 0.106646875 0.6203703125 0.1041671875 0.623015625 0.1009421875 0.62169375 0.07266875 0.6243390625 0.0592765625 0.622134375 0.0525796875 0.61860625 0.0486109375 0.6155203125 0.0473703125 0.607584375 0.048115625 0.5956796875 0.0560515625 0.58465625 0.0689484375 0.57980625 0.071428125 0.5776015625 0.0749015625 0.57186875 0.0783734375 0.5612875 0.0892859375 0.5564375 0.0920140625 0.552909375 0.0974703125 0.5440921875 0.09920625 0.541446875 0.0984625 0.53306875 0.0989578125 0.52821875 0.1029265625 0.524690625 0.103421875 0.5268953125 0.107390625 0.5171953125 0.1076390625 0.509259375 0.1111109375 0.5070546875 0.1138390625 0.5017640625 0.1165671875 0.49911875 0.1173109375 0.48633125 0.116815625 0.4779546875 0.119046875 0.462521875 0.1267359375 0.4510578125 0.1361609375 0.447090625 0.13665625 0.442240625 0.13516875 0.428571875 0.1383921875 0.4069671875 0.1490578125 0.4043203125 0.1525296875 0.3932984375 0.1594734375 0.3880078125 0.16021875 0.3844796875 0.1594734375 0.377425 0.1619546875 0.372575 0.1666671875 0.3037921875 0.201140625 0.2940921875 0.2115578125 0.26366875 0.228175 0.2627859375 0.237103125 0.2561734375 0.24603125 0.2530859375 0.2470234375 0.250440625 0.2462796875 0.2477953125 0.243303125 0.23941875 0.244046875 0.235890625 0.2509921875 0.231921875 0.251984375 0.231921875 0.25545625 0.2279546875 0.2609125 0.2248671875 0.272321875 0.222221875 0.274553125 0.2200171875 0.274553125 0.216490625 0.2681046875 0.206790625 0.275296875 0.2045859375 0.278521875 0.2045859375 0.28125 0.2063484375 0.2827375 0.203703125 0.284721875 0.2010578125 0.2844734375 0.197090625 0.290178125 0.1948859375 0.2943953125 0.1957671875 0.296875 0.179453125 0.3189484375 0.178571875 0.326884375 0.17504375 0.33358125 0.151675 0.3536703125 0.1353609375 0.4040171875 0.1340390625 0.444196875 0.1384484375 0.46180625 0.141534375 0.46329375 0.142415625 0.466765625 0.14653125 0.46908125 0.1494703125 0.474703125 0.1538796875 0.4766859375 0.156525 0.4796625 0.1569671875 0.4828875 0.164021875 0.4900796875
0 0.4069671875 0.8142359375 0.3985890625 0.826140625 0.3902109375 0.8298609375 0.3888890625 0.8333328125 0.3835984375 0.83755 0.3849203125 0.8435015625 0.37830625 0.8454859375 0.380953125 0.8484625 0.38139375 0.8521 0.3796296875 0.8571421875 0.462521875 0.8849203125 0.466490625 0.887896875 0.4704578125 0.8883921875 0.4744265625 0.8911203125 0.4823640625 0.894096875 0.489859375 0.9010421875 0.4964734375 0.904265625 0.5013234375 0.9045140625 0.50573125 0.9060015625 0.5097 0.9047625 0.5211640625 0.913690625 0.52425 0.9141859375 0.5291 0.91790625 0.5321875 0.915178125 0.5348328125 0.9154265625 0.5370375 0.919890625 0.5498234375 0.923115625 0.552909375 0.926090625 0.5564375 0.92584375 0.560846875 0.9295640625 0.5643734375 0.9298109375 0.5683421875 0.9330359375 0.5736328125 0.9337796875 0.5758375 0.935515625 0.5806875 0.9342765625 0.5828921875 0.9357640625 0.5921515625 0.936259375 0.59435625 0.9345234375 0.59920625 0.9360125 0.6022921875 0.9352671875 0.6071421875 0.9365078125 0.6119921875 0.935515625 0.6150796875 0.9375 0.618165625 0.9370046875 0.62345625 0.9379953125 0.62654375 0.93675625 0.640653125 0.93824375 0.641534375 0.940228125 0.637565625 0.94295625 0.6384484375 0.946925 0.6384484375 0.945684375 0.6428578125 0.944940625 0.646384375 0.9486609375 0.651675 0.9481640625 0.6538796875 0.951140625 0.655203125 0.949653125 0.6618171875 0.951884375 0.6776890625 0.9546125 0.6807765625 0.9528765625 0.6856265625 0.953125 0.6869484375 0.9499015625 0.698853125 0.9508921875 0.702821875 0.9533734375 0.70238125 0.9588296875 0.708553125 0.961309375 0.71693125 0.962796875 0.716490625 0.9635421875 0.7182546875 0.9615578125 0.7244265625 0.96180625 0.72663125 0.959078125 0.7389765625 0.9608140625 0.7570546875 0.96006875 0.7751328125 0.962796875 0.786596875 0.96180625 0.7949734375 0.9637890625 0.7940921875 0.9670140625 0.7888 0.9702375 0.7910046875 0.9744546875 0.7945328125 0.9759421875 0.8002640625 0.9744546875 0.802909375 0.9766859375 0.806878125 0.9771828125 0.81040625 0.98040625 0.8126109375 0.9751984375 0.8236328125 0.9751984375 0.8258375 0.9779265625 0.8289234375 0.975446875 0.8315703125 0.9759421875 0.8412703125 0.983134375 0.8571421875 0.9841265625 0.8602296875 0.983134375 0.8650796875 0.9838796875 0.8835984375 0.9833828125 0.8880078125 0.9846234375 0.8937390625 0.9841265625 0.8999125 0.9866078125 0.9074078125 0.9848703125 0.9118171875 0.9848703125 0.91534375 0.9866078125 0.919753125 0.9866078125 0.925484375 0.98511875 0.9325390625 0.986359375 0.9365078125 0.9848703125 0.93783125 0.9828875 0.942240625 0.9826390625 0.947090625 0.9853671875 0.95723125 0.982390625 0.962521875 0.984375 0.96693125 0.9833828125 0.9704578125 0.9853671875 0.98545 0.985615625 0.985890625 0.991071875 0.9938265625 0.9950390625 0.9973546875 0.9670140625 0.9973546875 0.915921875 0.99515 0.899553125 0.9984375 0.8727671875 0.9984375 0.704365625 0.9973546875 0.70386875 0.9969140625 0.7016375 0.9973546875 0.6959328125 0.9984375 0.6954359375 0.9984375 0.6173109375 0.9938265625 0.615575 0.9642859375 0.616815625 0.9514984375 0.6138390625 0.905203125 0.61483125 0.8950625 0.6158234375 0.88139375 0.6140875 0.8708109375 0.6140875 0.84435625 0.61631875 0.82980625 0.6140875 0.8112875 0.6143359375 0.7843921875 0.6173109375 0.773809375 0.6165671875 0.7671953125 0.61483125 0.76366875 0.616815625 0.7526453125 0.616815625 0.7341265625 0.6185515625 0.72575 0.620784375 0.6869484375 0.626240625 0.6772484375 0.6267359375 0.6058203125 0.6416171875 0.598765625 0.6423609375 0.5436515625 0.657490625 0.5268953125 0.665921875 0.52336875 0.669146875 0.505290625 0.6741078125 0.4704578125 0.69618125 0.4642859375 0.7021328125 0.4545859375 0.7078375 0.4351859375 0.7251984375 0.4312171875 0.7271828125 0.4219578125 0.7361109375 0.4193125 0.7408234375 0.414903125 0.7435515625 0.4126984375 0.7482640625 0.4078484375 0.7517359375 0.4069671875 0.7557046875 0.4038796875 0.7591765625 0.4029984375 0.7638890625 0.4047625 0.7693453125 0.401675 0.7869546875 0.4122578125 0.790675 0.4166671875 0.794890625 0.4175484375 0.799603125 0.414903125 0.806546875 0.42019375 0.8092765625 0.419753125 0.8107640625 0.4069671875 0.8142359375
0 0 0.77256875 0.0022046875 0.7728171875 0.0022046875 0.787203125 0.004409375 0.7971234375 0.00573125 0.7978671875 0.01851875 0.798115625 0.0251328125 0.8015875 0.0321875 0.8033234375 0.0445328125 0.8040671875 0.085096875 0.80381875 0.130953125 0.7993546875 0.136684375 0.79761875 0.146384375 0.7983625 0.1525578125 0.7963796875 0.1728390625 0.795634375 0.1851859375 0.7916671875 0.1887125 0.78670625 0.2010578125 0.7787703125 0.203703125 0.7678578125 0.2014984375 0.7653765625 0.19753125 0.764384375 0.1953265625 0.759671875 0.1887125 0.7562 0.1865078125 0.751984375 0.1622578125 0.734375 0.1574078125 0.733134375 0.155203125 0.728175 0.1538796875 0.7271828125 0.1494703125 0.726934375 0.145503125 0.7204859375 0.1384484375 0.71800625 0.1344796875 0.7177578125 0.1305109375 0.71329375 0.1256609375 0.71180625 0.119046875 0.711309375 0.1111109375 0.709078125 0.104496875 0.7088296875 0.1014109375 0.7061015625 0.0965609375 0.697171875 0.0815703125 0.6919640625 0.0776015625 0.68824375 0.06040625 0.6845234375 0.05246875 0.6795640625 0.0498234375 0.6790671875 0.046296875 0.67261875 0.0392421875 0.6703875 0.036596875 0.6661703125 0.0158734375 0.65625 0.01366875 0.6483140625 0.00573125 0.6478171875 0.00396875 0.6498015625 0.0026453125 0.6545140625 0 0.65625 0 0.7110609375 0.0022046875 0.7115578125 0.0022046875 0.7185015625 0 0.7189984375 0 0.7562 0.0026453125 0.759325 0.0022046875 0.76636875 0 0.766865625 0 0.77256875
0 0 0.634671875 0.00573125 0.64136875 0.0097 0.6423609375 0.013228125 0.644840625 0.018078125 0.64459375 0.024690625 0.6560015625 0.027778125 0.655009375 0.076278125 0.6703875 0.0780421875 0.6723703125 0.083775 0.674603125 0.0930328125 0.68055625 0.0956796875 0.685515625 0.1155203125 0.69146875 0.118165625 0.694196875 0.126984375 0.6986609375 0.130953125 0.698909375 0.1344796875 0.6966765625 0.1384484375 0.69618125 0.14594375 0.6932046875 0.1488828125 0.688575 0.1543203125 0.684771875 0.1618171875 0.684771875 0.17019375 0.6892359375 0.173721875 0.6984125 0.1873890625 0.7036203125 0.2001765625 0.7061015625 0.2054671875 0.709821875 0.2156078125 0.71180625 0.2279546875 0.7182546875 0.2380953125 0.719990625 0.2438265625 0.7228421875 0.2438265625 0.7244546875 0.2517640625 0.7259421875 0.25485 0.7244546875 0.260140625 0.7177578125 0.264990625 0.6986609375 0.26455 0.6736109375 0.2610234375 0.649553125 0.25396875 0.63368125 0.25088125 0.619046875 0.2403 0.5915171875 0.23633125 0.585565625 0.2275125 0.5778765625 0.2244265625 0.5647328125 0.2178125 0.555059375 0.2001765625 0.5322421875 0.193121875 0.525296875 0.1887125 0.5233140625 0.184303125 0.513640625 0.1772484375 0.5044640625 0.1450625 0.47495 0.1305109375 0.45858125 0.1071421875 0.43824375 0.1022921875 0.436259375 0.097884375 0.4317953125 0.0868609375 0.42584375 0.083775 0.421875 0.079365625 0.419890625 0.076278125 0.4154265625 0.0612875 0.4064984375 0.0467375 0.404265625 0.033509375 0.3983140625 0.01851875 0.387896875 0.014109375 0.378471875 0.0097 0.376240625 0.00573125 0.3754953125 0.004409375 0.376240625 0.0026453125 0.3797125 0 0.3812 0 0.414434375 0.0022046875 0.41493125 0.0022046875 0.417659375 0 0.418403125 0 0.4203875 0.0022046875 0.4208828125 0.0022046875 0.4265875 0 0.4270828125 0.0022046875 0.4310515625 0.0022046875 0.4473375 0 0.4501484375 0.0022046875 0.451884375 0 0.45709375 0 0.46006875 0.0022046875 0.460565625 0.0022046875 0.46488125 0 0.4682546875 0 0.527034375 0.0022046875 0.527778125 0.0022046875 0.5295140625 0 0.530009375 0 0.634671875
0 0.8456796875 0.1537703125 0.84435625 0.1567453125 0.83950625 0.158234375 0.8408296875 0.165921875 0.8518515625 0.177828125 0.857584375 0.1813 0.8646390625 0.19146875 0.8646390625 0.1937 0.8571421875 0.1951890625 0.8553796875 0.1966765625 0.853615625 0.201140625 0.8606703125 0.2115578125 0.8747796875 0.221478125 0.87654375 0.2239578125 0.872134375 0.2291671875 0.87169375 0.232390625 0.885803125 0.2475203125 0.887125 0.25074375 0.882275 0.26016875 0.8999125 0.2827375 0.901234375 0.2864578125 0.896384375 0.290921875 0.896825 0.2946421875 0.9179890625 0.315228125 0.9263671875 0.3256453125 0.923721875 0.3298609375 0.9241625 0.3338296875 0.9312171875 0.3405265625 0.9373890625 0.3435015625 0.9448859375 0.3501984375 0.9510578125 0.353175 0.9603171875 0.3618546875 0.9695765625 0.3740078125 0.976190625 0.3759921875 0.9933859375 0.387896875 0.9984375 0.3901296875 0.9984375 0.3107640625 0.9977953125 0.310515625 0.9969140625 0.303075 0.9973546875 0.3000984375 0.9984375 0.299603125 0.9984375 0.115575 0.9973546875 0.115328125 0.99515 0.1123515625 0.9925046875 0.10391875 0.989859375 0.102678125 0.985890625 0.103421875 0.98545 0.1111109375 0.9797171875 0.1125984375 0.977071875 0.111359375 0.975309375 0.10540625 0.9695765625 0.1041671875 0.9647265625 0.1014390625 0.963403125 0.09920625 0.9603171875 0.0994546875 0.952821875 0.0954859375 0.9400359375 0.0954859375 0.93474375 0.0935015625 0.9223984375 0.095734375 0.92019375 0.09771875 0.9171078125 0.0969734375 0.9118171875 0.09771875 0.9082890625 0.0954859375 0.891534375 0.094990625 0.8928578125 0.091765625 0.88315625 0.0912703125 0.8796296875 0.087796875 0.87169375 0.0860609375 0.862434375 0.0860609375 0.8571421875 0.084821875 0.85405625 0.0865578125 0.8522921875 0.0900296875 0.84920625 0.0912703125 0.8456796875 0.0905265625 0.816578125 0.090278125 0.8002640625 0.0915171875 0.7861546875 0.0907734375 0.7808640625 0.091765625 0.7773375 0.0954859375 0.778659375 0.0962296875 0.7821875 0.0939984375 0.786596875 0.094990625 0.7888 0.0969734375 0.8033515625 0.101934375 0.8161375 0.111359375 0.824515625 0.11954375 0.8403875 0.142609375 0.8456796875 0.1537703125
0 0 0.913690625 0.0022046875 0.9141859375 0.0026453125 0.918403125 0.0026453125 0.9330359375 0 0.9424609375 0.0022046875 0.9446921875 0.0030859375 0.9499015625 0.0030859375 0.9984375 0.1340390625 0.9984375 0.156084375 0.9841265625 0.161375 0.9821421875 0.166225 0.9759421875 0.168871875 0.97495 0.1772484375 0.9670140625 0.2063484375 0.9516375 0.221340625 0.9397328125 0.227071875 0.9370046875 0.2469140625 0.919890625 0.2486765625 0.9161703125 0.2473546875 0.9087296875 0.2420640625 0.9047625 0.235890625 0.902778125 0.2323640625 0.90005 0.221340625 0.8970734375 0.2089953125 0.89136875 0.1772484375 0.88368125 0.141975 0.87896875 0.0820109375 0.8787203125 0.032628125 0.8814484375 0.00573125 0.8834328125 0.0026453125 0.887896875 0.0030859375 0.9010421875 0 0.9060015625 0 0.913690625
0 0.282628125 0.9236109375 0.26366875 0.93675625 0.2579359375 0.938740625 0.2561734375 0.940971875 0.2107578125 0.9692453125 0.183421875 0.9908234375 0.17504375 0.9938 0.174603125 0.9950390625 0.169753125 0.9970234375 0.1693125 0.9984375 0.333775 0.9984375 0.3267203125 0.9853671875 0.31216875 0.9640375 0.2998234375 0.9392359375 0.2954140625 0.9352671875 0.2945328125 0.931546875 0.2892421875 0.9283234375 0.2857140625 0.923859375 0.282628125 0.9236109375
0 0 0.258184375 0.0022046875 0.2584328125 0 0.2638890625 0.00573125 0.2658734375 0.010140625 0.269096875 0.0211640625 0.2703375 0.03306875 0.2740578125 0.085978125 0.2837296875 0.0956796875 0.2869546875 0.104496875 0.28819375 0.1150796875 0.2919140625 0.1344796875 0.2953875 0.151675 0.2958828125 0.169753125 0.2998515625 0.1776890625 0.2978671875 0.1856265625 0.2931546875 0.18959375 0.287203125 0.193121875 0.2862109375 0.201940625 0.2795140625 0.203703125 0.271578125 0.2063484375 0.2686015625 0.2204578125 0.2633921875 0.2244265625 0.259425 0.2275125 0.251984375 0.23545 0.2438 0.2561734375 0.232390625 0.2663140625 0.21949375 0.278659375 0.214534375 0.28306875 0.2165171875 0.2870375 0.2165171875 0.298059375 0.20238125 0.3042328125 0.1974203125 0.302028125 0.1932046875 0.287478125 0.181546875 0.272928125 0.1736109375 0.263228125 0.165921875 0.236771875 0.152778125 0.231921875 0.1490578125 0.2244265625 0.146825 0.2010578125 0.133928125 0.1741625 0.1247515625 0.1618171875 0.1185515625 0.136684375 0.1111109375 0.1159609375 0.1078875 0.09920625 0.101934375 0.076278125 0.09771875 0.0643734375 0.0942453125 0.033509375 0.091765625 0.0304234375 0.092509375 0.0194 0.0922625 0.013228125 0.0905265625 0.0066140625 0.0912703125 0.0030859375 0.0927578125 0 0.09920625 0.0022046875 0.1001984375 0.0022046875 0.1088796875 0 0.109375 0 0.1138390625 0.0022046875 0.1145828125 0.0026453125 0.11805625 0.0026453125 0.153521875 0 0.1567453125 0 0.2400796875 0.0022046875 0.240575 0.0026453125 0.2482640625 0 0.2497515625 0 0.258184375
1 0.84375 0.9234375 0.85625 0.9234375 0.8625 0.9171875 0.8578125 0.9125 0.840625 0.9140625 0.84375 0.9234375
1 0.73125 0.8203125 0.73125 0.8265625 0.7515625 0.828125 0.75 0.81875 0.740625 0.8171875 0.73125 0.8203125
1 0.4640625 0.98125 0.465625 0.9984375 0.509375 0.9984375 0.503125 0.978125 0.4859375 0.9578125 0.4734375 0.9625 0.4640625 0.98125
1 0.5109375 0.9390625 0.5171875 0.928125 0.5046875 0.9203125 0.4984375 0.934375 0.5109375 0.9390625
1 0.4109375 0.93125 0.4140625 0.9125 0.4046875 0.9109375 0.403125 0.928125 0.4109375 0.93125
1 0.5953125 0.9984375 0.59375 0.984375 0.5828125 0.984375 0.58125 0.9984375 0.5953125 0.9984375
0 0.5265625 0.9234375 0.5125 0.925 0.4859375 0.9515625 0.4875 0.9625 0.515625 0.9984375 0.5921875 0.9984375 0.5921875 0.9703125 0.5671875 0.9390625 0.5265625 0.9234375
0 0.490625 0.909375 0.4703125 0.9046875 0.45 0.8890625 0.3765625 0.9046875 0.3015625 0.9328125 0.309375 0.9609375 0.3328125 0.9984375 0.4484375 0.9984375 0.496875 0.91875 0.490625 0.909375
1 0.115625 0.9125 0.11875 0.9046875 0.1078125 0.9015625 0.103125 0.909375 0.115625 0.9125
1 0.2296875 0.8890625 0.228125 0.875 0.2140625 0.88125 0.215625 0.8921875 0.2296875 0.8890625
0 0.3140625 0.9078125 0.3125 0.9203125 0.321875 0.9234375 0.3796875 0.903125 0.38125 0.8765625 0.3609375 0.875 0.3140625 0.9078125
0 0.303125 0.8609375 0.303125 0.8453125 0.3171875 0.840625 0.3234375 0.8296875 0.265625 0.8109375 0.2015625 0.8375 0.165625 0.86875 0.1640625 0.875 0.171875 0.88125 0.209375 0.8875 0.2578125 0.90625 0.3140625 0.86875 0.303125 0.8609375
1 0.153125 0.1796875 0.1578125 0.16875 0.1453125 0.165625 0.140625 0.1734375 0.153125 0.1796875
0 0.81875 0.540625 0.9984375 0.5390625 0.9984375 0.4359375 0.94375 0.43125 0.921875 0.390625 0.8796875 0.3625 0.8171875 0.3609375 0.8296875 0.4078125 0.828125 0.425 0.7890625 0.53125 0.790625 0.546875 0.803125 0.5484375 0.81875 0.540625
1 0.9984375 0.49375 0.9984375 0.48125 0.9796875 0.48125 0.9796875 0.490625 0.9984375 0.49375
0 0.771875 0 0.7203125 0.0171875 0.64375 0.0734375 0.6296875 0.090625 0.6375 0.109375 0.6359375 0.1234375 0.7234375 0.196875 0.7265625 0.1875 0.74375 0.1765625 0.7640625 0.171875 0.7828125 0.190625 0.7796875 0.2 0.7984375 0.2265625 0.8515625 0.215625 0.8515625 0.1921875 0.8421875 0.1890625 0.8421875 0.1734375 0.834375 0.1640625 0.8375 0.1453125 0.8078125 0.109375 0.8140625 0.0890625 0.875 0.0828125 0.90625 0.0921875 0.9984375 0.09375 0.9984375 0.0109375 0.9828125 0.0078125 0.9671875 0.021875 0.953125 0.0234375 0.9140625 0 0.771875 0
1 0.7828125 0.1171875 0.7890625 0.1078125 0.7796875 0.10625 0.778125 0.115625 0.7828125 0.1171875
1 0.7390625 0.1859375 0.75 0.1734375 0.7359375 0.175 0.7328125 0.184375 0.7390625 0.1859375