1 0.49118125 0.47569375 0.494709375 0.478175 0.504409375 0.4799109375 0.50881875 0.478421875 0.5097 0.4744546875 0.5070546875 0.4734625 0.4969140625 0.4719734375 0.4933859375 0.4719734375 0.49118125 0.4732140625 0.49118125 0.47569375
1 0.377865625 0.4578375 0.3880078125 0.4623015625 0.392415625 0.4615578125 0.3977078125 0.455109375 0.39594375 0.4526296875 0.377865625 0.4486609375 0.3712515625 0.4494046875 0.3708109375 0.4513890625 0.377865625 0.4578375
1 0.461640625 0.514384375 0.4704578125 0.517609375 0.476190625 0.5161203125 0.4775125 0.513640625 0.4731046875 0.5079359375 0.4629625 0.5062 0.4598765625 0.508184375 0.4598765625 0.5133921875 0.461640625 0.514384375
1 0.598325 0.4962796875 0.60405625 0.497271875 0.609346875 0.4955359375 0.6106703125 0.4935515625 0.607584375 0.4900796875 0.599646875 0.48834375 0.5952375 0.4900796875 0.594796875 0.4942953125 0.598325 0.4962796875
1 0.630953125 0.415178125 0.6344796875 0.4154265625 0.6397703125 0.4141859375 0.641975 0.4119546875 0.640653125 0.4079859375 0.6305109375 0.4064984375 0.62830625 0.408978125 0.627865625 0.4119546875 0.630953125 0.415178125
1 0.3377421875 0.3794640625 0.344796875 0.3794640625 0.347884375 0.3782234375 0.348765625 0.3759921875 0.3452375 0.372271875 0.3412703125 0.3717765625 0.3368609375 0.3745046875 0.335978125 0.3772328125 0.3377421875 0.3794640625
1 0.333775 0.2388390625 0.338625 0.24305625 0.344796875 0.2435515625 0.353175 0.240328125 0.35405625 0.2358625 0.3465609375 0.2313984375 0.3408296875 0.230159375 0.3373015625 0.2311515625 0.3333328125 0.2341265625 0.333775 0.2388390625
1 0.4087296875 0.337796875 0.4038796875 0.3365578125 0.396384375 0.3373015625 0.3981484375 0.3415171875 0.4043203125 0.3452375 0.4096125 0.341765625 0.4087296875 0.337796875
1 0.37169375 0.3415171875 0.3796296875 0.3447421875 0.3844796875 0.34449375 0.3897703125 0.342509375 0.3928578125 0.3380453125 0.391975 0.3365578125 0.3884484375 0.3358140625 0.3805109375 0.3360609375 0.3752203125 0.337796875 0.37169375 0.3415171875
1 0.3659609375 0.26488125 0.3602296875 0.2633921875 0.3558203125 0.265625 0.3571421875 0.2708328125 0.3611109375 0.2733140625 0.3664015625 0.269840625 0.3659609375 0.26488125
0 0.0925921875 0.44618125 0.099646875 0.450396875 0.1146390625 0.451140625 0.1194890625 0.448909375 0.1384484375 0.451884375 0.1534390625 0.4528765625 0.1675484375 0.455853125 0.1966484375 0.4677578125 0.2094359375 0.4692453125 0.21693125 0.4712296875 0.2204578125 0.476190625 0.231921875 0.480159375 0.235890625 0.4833828125 0.2464734375 0.48511875 0.2517640625 0.490328125 0.27821875 0.4985125 0.2954140625 0.501240625 0.2989421875 0.50396875 0.3099640625 0.5064484375 0.3174609375 0.51016875 0.3703703125 0.5181046875 0.38624375 0.51959375 0.391975 0.5213296875 0.3977078125 0.5205859375 0.414903125 0.52256875 0.43959375 0.523065625 0.4466484375 0.521578125 0.463403125 0.5205859375 0.49426875 0.5220734375 0.4982359375 0.521578125 0.500440625 0.519840625 0.5066140625 0.519096875 0.536596875 0.519096875 0.55246875 0.5178578125 0.556878125 0.5146328125 0.566284375 0.51165625 0.5917109375 0.5104171875 0.593915625 0.508184375 0.60405625 0.5062 0.609346875 0.5004953125 0.623015625 0.497271875 0.6543203125 0.4923109375 0.664021875 0.487846875 0.66534375 0.486359375 0.664021875 0.482390625 0.665784375 0.4813984375 0.6935625 0.4744546875 0.71693125 0.4640375 0.722221875 0.45858125 0.722221875 0.455109375 0.7178125 0.4533734375 0.716490625 0.450396875 0.7209 0.447171875 0.74426875 0.4370046875 0.7574953125 0.427828125 0.7627859375 0.4196421875 0.75396875 0.415921875 0.7513234375 0.41245 0.7574953125 0.4072421875 0.764109375 0.4045140625 0.7764546875 0.3963296875 0.786596875 0.3881453125 0.791446875 0.3799609375 0.7896828125 0.377728125 0.78395 0.3752484375 0.7821875 0.3727671875 0.8042328125 0.357390625 0.805996875 0.3489578125 0.81216875 0.347221875 0.8143734375 0.34771875 0.8187828125 0.3415171875 0.8183421875 0.3385421875 0.8306875 0.334821875 0.853175 0.3306046875 0.887565625 0.3258921875 0.9029984375 0.320684375 0.9078484375 0.31795625 0.910934375 0.3142359375 0.9043203125 0.3100203125 0.90079375 0.3095234375 0.853175 0.3087796875 0.8403875 0.3063 0.82980625 0.30555625 0.8231921875 0.306546875 0.819665625 0.3092765625 0.81525625 0.310515625 0.8139328125 0.313740625 0.8064375 0.31646875 0.7696203125 0.319196875 0.7654328125 0.31795625 0.763228125 0.3125 0.7561734375 0.3072921875 0.755290625 0.2869546875 0.7513234375 0.2827375 0.7477953125 0.280009375 0.7433859375 0.2787703125 0.74118125 0.2760421875 0.7433859375 0.272321875 0.75573125 0.263640625 0.7477953125 0.25868125 0.736771875 0.2557046875 0.71605 0.2522328125 0.716490625 0.2475203125 0.71208125 0.2462796875 0.707671875 0.2400796875 0.6948859375 0.2361109375 0.666225 0.232390625 0.6631390625 0.22891875 0.66534375 0.22495 0.6644625 0.2204859375 0.64594375 0.21875 0.6380078125 0.216765625 0.61860625 0.2162703125 0.612434375 0.2142859375 0.6111109375 0.2075890625 0.6022921875 0.2053578125 0.585096875 0.2048609375 0.57010625 0.205853125 0.552909375 0.2033734375 0.5485015625 0.199653125 0.4973546875 0.2006453125 0.48633125 0.203125 0.4797171875 0.2033734375 0.4700171875 0.203125 0.46605 0.201140625 0.4603171875 0.20386875 0.4409171875 0.2048609375 0.3654328125 0.2192453125 0.347884375 0.2204859375 0.3425921875 0.2264390625 0.33950625 0.227678125 0.333775 0.22743125 0.3148140625 0.234375 0.2985015625 0.235615625 0.292328125 0.240575 0.2857140625 0.2435515625 0.278659375 0.25 0.2676359375 0.2537203125 0.263228125 0.25396875 0.255290625 0.2576890625 0.2463265625 0.264715625 0.208553125 0.283234375 0.1909171875 0.2966265625 0.180334375 0.3020828125 0.168871875 0.313740625 0.1622578125 0.318453125 0.1529984375 0.322171875 0.146825 0.326884375 0.1344796875 0.330109375 0.12654375 0.3373015625 0.1252203125 0.3422625 0.1203703125 0.3487109375 0.109346875 0.3544140625 0.1071421875 0.3578875 0.099646875 0.3588796875 0.0833328125 0.3678078125 0.080246875 0.3717765625 0.07495625 0.3747515625 0.06701875 0.382440625 0.0634921875 0.388640625 0.048059375 0.404265625 0.036596875 0.4079859375 0.037478125 0.4112109375 0.0357140625 0.4166671875 0.032628125 0.419890625 0.0370375 0.4243546875 0.0454140625 0.4250984375 0.0485015625 0.435515625 0.057759375 0.4379953125 0.0767203125 0.4399796875 0.081128125 0.4432046875 0.0925921875 0.44618125
1 0.2813046875 0.2983625 0.2768953125 0.296875 0.2720453125 0.29761875 0.2720453125 0.302828125 0.2751328125 0.305059375 0.278659375 0.3048109375 0.2813046875 0.2983625
1 0.3148140625 0.476190625 0.3179015625 0.4744546875 0.316578125 0.469990625 0.3143734375 0.4685015625 0.3086421875 0.469990625 0.307759375 0.4712296875 0.3095234375 0.474703125 0.3148140625 0.476190625
1 0.784375 0.346875 0.80625 0.3515625 0.8140625 0.346875 0.796875 0.328125 0.784375 0.3265625 0.784375 0.346875
1 0.7625 0.30625 0.7578125 0.2890625 0.746875 0.296875 0.746875 0.3046875 0.7625 0.30625
1 0.825 0.31875 0.83125 0.3046875 0.809375 0.3125 0.809375 0.31875 0.825 0.31875
0 0.4390625 0.7078125 0.55625 0.7171875 0.7609375 0.6796875 0.753125 0.659375 0.7515625 0.6109375 0.73125 0.5625 0.696875 0.553125 0.6796875 0.5671875 0.6609375 0.5703125 0.6421875 0.5671875 0.571875 0.5328125 0.4234375 0.5328125 0.3125 0.5171875 0.2828125 0.5109375 0.271875 0.5015625 0.234375 0.4890625 0.2234375 0.49375 0.221875 0.4890625 0.153125 0.478125 0.15 0.503125 0.1578125 0.528125 0.2046875 0.596875 0.2703125 0.6453125 0.3859375 0.6953125 0.4390625 0.7078125
0 0.1796875 0.6671875 0.1390625 0.615625 0.0015625 0.509375 0 0.9984375 0.015625 0.9984375 0.13125 0.896875 0.184375 0.79375 0.2015625 0.7234375 0.1796875 0.6671875
1 0.1 0.8125 0.109375 0.815625 0.1265625 0.80625 0.125 0.7984375 0.1 0.8015625 0.1 0.8125
1 0.24375 0.60625 0.240625 0.61875 0.246875 0.628125 0.2546875 0.63125 0.26875 0.625 0.2671875 0.6078125 0.24375 0.60625
1 0.178125 0.5078125 0.1734375 0.5 0.165625 0.5 0.1640625 0.509375 0.178125 0.5078125
1 0.321875 0.53125 0.325 0.540625 0.34375 0.54375 0.3375 0.5296875 0.328125 0.528125 0.321875 0.53125
1 0.2203125 0.4859375 0.2125 0.475 0.19375 0.4734375 0.196875 0.484375 0.2203125 0.4859375
1 0.653125 0.63125 0.65 0.6390625 0.6609375 0.646875 0.6734375 0.646875 0.684375 0.6390625 0.6765625 0.628125 0.653125 0.63125
1 0.603125 0.525 0.60625 0.5125 0.596875 0.5125 0.5921875 0.521875 0.603125 0.525
1 0.6640625 0.5125 0.6671875 0.503125 0.6609375 0.5 0.65625 0.5078125 0.6640625 0.5125