1 0.4394148701171875 0.64551199609375 0.4333140087890625 0.649626109375 0.433627234375 0.6613528916015625 0.435143482421875 0.6626434931640625 0.4416019462890625 0.6642398720703125 0.4472428447265625 0.6631962158203125 0.4526200673828125 0.663442435546875 0.4729002294921875 0.6588392470703125 0.4766576943359375 0.6570583525390625 0.4780940595703125 0.654603306640625 0.4788161513671875 0.6502431904296875 0.476517130859375 0.6465601220703125 0.47173795703125 0.6442259755859375 0.46323434765625 0.6439189619140625 0.4472392177734375 0.6441630537109375 0.4394148701171875 0.64551199609375
1 0.20268875390625 0.6497302041015625 0.196289423828125 0.6548866259765626 0.19560169140625 0.6594912138671875 0.200382412109375 0.661825142578125 0.2098624228515625 0.6627475693359375 0.2133546650390625 0.6622567666015625 0.2170775537109375 0.6602298525390625 0.2247972421875 0.648626935546875 0.222256408203125 0.6432232763671875 0.218889755859375 0.6414416728515625 0.20268875390625 0.6497302041015625
1 0.2446482041015625 0.5649404091796875 0.238167443359375 0.5663514013671875 0.233411498046875 0.57052580078125 0.2355490234375 0.5762370205078124 0.23972074609375 0.577403720703125 0.251475001953125 0.575500888671875 0.2566219765625 0.5677655390625 0.250865072265625 0.5648177451171875 0.2446482041015625 0.5649404091796875
1 0.5355907880859375 0.528308150390625 0.5338218134765625 0.531562578125 0.5345466005859375 0.536719708984375 0.5375804267578125 0.5392991474609375 0.539534341796875 0.5405266611328124 0.544440869140625 0.54058973046875 0.5537357216796875 0.53702866796875 0.5560101845703125 0.53420495703125 0.5544816572265625 0.52966096484375 0.5443582900390626 0.5273268369140625 0.5355907880859375 0.528308150390625
1 0.589278505859375 0.5523199453125 0.5681504453125 0.5635541083984374 0.5669558935546875 0.567729744140625 0.578033365234375 0.5736866552734375 0.5861697900390626 0.5745470322265624 0.599003740234375 0.573994578125 0.6139758310546874 0.5696372099609375 0.6404021630859374 0.5644195341796875 0.675549142578125 0.55472113671875 0.6800083837890625 0.5515903740234375 0.6662754375 0.5457573642578125 0.6289882373046874 0.5402272958984375 0.6164525380859375 0.539735896484375 0.613624185546875 0.53862969921875 0.6056965458984375 0.53924367578125 0.598079435546875 0.5420671884765625 0.589278505859375 0.5523199453125
1 0.61971779296875 0.4964492607421875 0.6144220009765625 0.4999484716796875 0.613456548828125 0.5025882138671875 0.618974552734375 0.5133342099609375 0.6238364873046875 0.519412021484375 0.626757001953125 0.527517255859375 0.6321121455078125 0.530772392578125 0.63640945703125 0.5296666865234375 0.651195060546875 0.5208275947265625 0.659225279296875 0.5114342138671875 0.6596727470703125 0.5051088173828125 0.65884444921875 0.4992151748046875 0.6522354033203125 0.4933813271484375 0.6506379423828125 0.4883468427734375 0.6477422021484375 0.486749935546875 0.6419616708984375 0.48681127734375 0.6355277646484375 0.4917216787109375 0.61971779296875 0.4964492607421875
1 0.7485802236328125 0.538947416015625 0.7356093359375 0.5480348017578125 0.7330711982421875 0.5521483876953125 0.734461421875 0.55570830078125 0.746413115234375 0.5615423486328125 0.7914677900390625 0.568484826171875 0.7979829091796875 0.567318306640625 0.8033839765625 0.5645569375 0.81434544140625 0.5665223994140625 0.817194109375 0.5646183486328125 0.8141247763671875 0.552276974609375 0.8080102705078125 0.5436186875 0.802689703125 0.5406095703125 0.7898407783203125 0.5283913876953125 0.7823024033203125 0.5254430849609375 0.7778324296875 0.5253202392578125 0.77294819921875 0.522249798828125 0.768650669921875 0.52335395703125 0.7677559169921875 0.526485521484375 0.76255135546875 0.527467853515625 0.7573921015625 0.5319498134765624 0.7531980830078125 0.533790484375 0.7485802236328125 0.538947416015625
1 0.59360440625 0.6401223837890625 0.5878943564453125 0.640674 0.584011083984375 0.6447257529296875 0.58564312109375 0.6500062568359375 0.59032033203125 0.6516036728515625 0.598582345703125 0.6501916435546875 0.601591396484375 0.64626275390625 0.6005337822265625 0.641903458984375 0.59360440625 0.6401223837890625
1 0.525176576171875 0.691815962890625 0.52067202734375 0.69144709765625 0.5150654873046875 0.6927352255859375 0.5136070439453125 0.6981991884765625 0.5189967626953125 0.701700345703125 0.525982794921875 0.7007185224609375 0.52791193359375 0.6954377080078125 0.525176576171875 0.691815962890625
1 0.4432474111328125 0.6822912294921875 0.4358250419921875 0.683334375 0.4352410361328125 0.6886770224609375 0.437124251953125 0.6894127138671875 0.441525291015625 0.6890450673828125 0.443972416015625 0.6874499072265625 0.4451669677734375 0.6832742705078125 0.4432474111328125 0.6822912294921875
1 0.4086688447265625 0.4742666552734375 0.39678878125 0.478440345703125 0.3889533037109375 0.4860533603515625 0.389047013671875 0.4930521806640625 0.39306951953125 0.499500421875 0.4035379931640625 0.50429010546875 0.410731044921875 0.5047813056640625 0.42003839453125 0.504475181640625 0.43479096875 0.4953898525390625 0.4351112998046875 0.491337080078125 0.431421837890625 0.4840925498046875 0.4236639462890625 0.47641628515625 0.4161255712890625 0.4734679814453125 0.4086688447265625 0.4742666552734375
1 0.478299876953125 0.40261766796875 0.477541662109375 0.4067319814453125 0.4849196552734375 0.4117051240234375 0.48746048828125 0.417108783203125 0.495733451171875 0.4189519091796875 0.5061329912109375 0.4232511005859375 0.51090121484375 0.4223300908203125 0.517149962890625 0.4129362001953125 0.522180931640625 0.401209400390625 0.5213526337890625 0.3953157578125 0.516766654296875 0.391201462890625 0.514009 0.390587087890625 0.5105511162109375 0.3913223623046875 0.49548801171875 0.39819815625 0.4853771396484375 0.399118966796875 0.478299876953125 0.40261766796875
1 0.46366445703125 0.42521191015625 0.458679412109375 0.4309222041015625 0.4577139599609375 0.4335619462890625 0.45954228515625 0.4370618662109375 0.4620362646484375 0.438966115234375 0.4697345869140625 0.4398864853515625 0.4736647138671875 0.439334142578125 0.48221115234375 0.4336250859375 0.4802119306640625 0.4288979443359375 0.4713866240234375 0.4231246923828125 0.46366445703125 0.42521191015625
1 0.5953942568359375 0.380400375 0.5859267431640625 0.3827328857421875 0.5842835751953125 0.383716455078125 0.5849392109375 0.3883815458984375 0.59045451953125 0.389610296875 0.595993455078125 0.3878299111328125 0.5996130517578125 0.3850680322265625 0.599497044921875 0.3810765830078125 0.5953942568359375 0.380400375
1 0.574961650390625 0.36173426171875 0.5693189873046876 0.362776587890625 0.56667733984375 0.366153662109375 0.5675968681640625 0.36953042578125 0.569918185546875 0.3702061240234375 0.57861675390625 0.3687343193359375 0.580822064453125 0.365418568359375 0.578591978515625 0.3622259912109375 0.574961650390625 0.36173426171875
1 0.549370720703125 0.357066025390625 0.544326107421875 0.356020423828125 0.5408684404296875 0.35675724609375 0.5403739013671875 0.359581685546875 0.54381103515625 0.3618535634765625 0.5460272958984375 0.361792966796875 0.549370720703125 0.357066025390625
1 0.6777129052734375 0.386364375 0.6703469736328125 0.3846430751953125 0.666187748046875 0.3867313125 0.666602005859375 0.3896789072265625 0.67178603515625 0.391705275390625 0.6756800380859375 0.3909071298828125 0.6777129052734375 0.386364375
1 0.7434740615234375 0.3949031015625 0.7398562294921875 0.397666310546875 0.739430625 0.4009812412109375 0.749016841796875 0.41215742578125 0.7584163525390625 0.41885033984375 0.7627138818359375 0.4177461806640625 0.76830947265625 0.4132028974609375 0.7663084853515625 0.4084744267578125 0.756011525390625 0.39539583203125 0.7494839091796875 0.3933074130859375 0.7434740615234375 0.3949031015625
1 0.8065568828125 0.4509046103515625 0.7981224248046875 0.4510896357421875 0.79567530078125 0.4526847958984375 0.7968587216796875 0.454773232421875 0.7992143974609375 0.4556934033203125 0.8035119267578125 0.4545892451171875 0.80579866796875 0.4550189228515625 0.80773050390625 0.45925535546875 0.8065568828125 0.4509046103515625
1 0.8192469765625 0.5380332958984375 0.810824580078125 0.5414701640625 0.810135298828125 0.5460749697265626 0.8167577724609375 0.564679671875 0.8195402021484375 0.571802375 0.822642962890625 0.5748723056640626 0.8323991455078125 0.5777597958984375 0.840063109375 0.578435693359375 0.844831333984375 0.57751468359375 0.8668547646484375 0.5536328232421875 0.8680838916015625 0.54970320703125 0.8642670751953125 0.5447297529296875 0.85517809375 0.5402463759765626 0.852930611328125 0.536930015625 0.852923232421875 0.530545470703125 0.850256591796875 0.527412669921875 0.8408472802734375 0.526982064453125 0.8295639365234375 0.52906959375 0.8192469765625 0.5380332958984375
1 0.2552303017578125 0.3741105224609375 0.251369109375 0.3751533583984375 0.25199038671875 0.3795739765625 0.25826505859375 0.386205876953125 0.2729054716796875 0.3921638076171875 0.289016390625 0.3959096181640625 0.301322990234375 0.397936912109375 0.3100889453125 0.39695581640625 0.3162589580078125 0.3933337421875 0.3182793291015625 0.385536048828125 0.320819013671875 0.3814222451171875 0.3276544638671875 0.376202953125 0.3300422373046875 0.3678534453125 0.327377361328125 0.3647219736328125 0.299004001953125 0.3529310341796875 0.27866603515625 0.3507796572265625 0.2672100302734375 0.351638634765625 0.26046559375 0.3543395009765625 0.2575946298828125 0.359250921875 0.2566994775390625 0.3719001669921875 0.2552303017578125 0.3741105224609375
1 0.830704162109375 0.4833266748046875 0.8303713349609375 0.484124509765625 0.8303822841796875 0.4873796650390625 0.8381301572265625 0.50131669140625 0.8459447041015625 0.50623005859375 0.8530909013671875 0.503221849609375 0.8569741728515625 0.499170095703125 0.85786892578125 0.49603853125 0.8557882734375 0.4875659609375 0.8428947548828125 0.48136251953125 0.830704162109375 0.4833266748046875
0 0.0974560166015625 0.626450779296875 0.0899062939453125 0.629765001953125 0.0871843642578125 0.638914109375 0.090759583984375 0.64216851953125 0.1042150283203125 0.64603823046875 0.126001421875 0.6489864052734375 0.128633486328125 0.6518731865234375 0.128887361328125 0.6568456201171875 0.1347823515625 0.6607759453125 0.149319037109375 0.6659958173828125 0.15799530859375 0.6675313828125 0.165992099609375 0.6674094453125 0.176793400390625 0.67140129296875 0.1784836396484375 0.6739186806640625 0.186561861328125 0.677542173828125 0.1915718994140625 0.6783417548828125 0.1976852568359375 0.677482578125 0.2037058369140625 0.679140498046875 0.214898166015625 0.6795713955078125 0.236569701171875 0.6880455830078125 0.2513357041015625 0.691731107421875 0.2727769912109375 0.6922237265625 0.2768231240234375 0.6956628330078125 0.289751 0.70211074609375 0.3525131240234375 0.7083176005859375 0.356810435546875 0.7072118955078125 0.3769757412109375 0.708134720703125 0.38218051953125 0.707153935546875 0.3854902998046875 0.7116968896484375 0.3915001474609375 0.710101201171875 0.396441033203125 0.7104087431640626 0.406886279296875 0.708689880859375 0.43393410546875 0.7078943720703125 0.4406687412109375 0.7114558134765625 0.4714050986328125 0.70838891796875 0.5027379580078125 0.7032343125 0.50328915234375 0.6976469755859375 0.5057014833984375 0.695804248046875 0.5092283017578125 0.69555946484375 0.5130424208984375 0.691015671875 0.5162379599609375 0.6915685068359375 0.51919035546875 0.690402515625 0.5353579296875 0.6913854267578124 0.541849421875 0.69322804296875 0.540253109375 0.6977110224609375 0.556753509765625 0.697896099609375 0.69053344921875 0.6803473720703125 0.7025875029296875 0.6774004677734375 0.70756296484375 0.6779540302734375 0.7255325419921875 0.6759287509765625 0.7917502529296875 0.662365404296875 0.8125481826171875 0.661446322265625 0.8439499765625 0.656782208984375 0.9119712373046875 0.6402104541015625 0.927308966796875 0.6352999404296875 0.92753961328125 0.6337638291015625 0.947438546875 0.626459283203125 0.953551904296875 0.6256001064453125 0.9616068984375 0.6227150537109375 0.972521509765625 0.6211811044921876 0.9755664658203125 0.617496470703125 0.9835978330078124 0.617620552734375 0.984263486328125 0.6160248828125 0.98274723828125 0.61473428125 0.977370015625 0.6144880625 0.9601457587890625 0.618661771484375 0.9519765234375 0.6175567041015625 0.94445064453125 0.6178633388671875 0.9428984912109375 0.6163284814453125 0.9429205703125 0.613319564453125 0.93951955859375 0.61129348828125 0.946031982421875 0.60060972265625 0.950031259765625 0.6005494189453126 0.9488451435546875 0.588943736328125 0.9462132958984375 0.586058501953125 0.942097080078125 0.5726114404296875 0.93906325390625 0.570032001953125 0.9385800625 0.5665939150390625 0.934202650390625 0.5639524267578125 0.931787623046875 0.556277908203125 0.9032740986328125 0.524471056640625 0.8977587900390624 0.5232423056640625 0.894505447265625 0.51593490625 0.89083899609375 0.515197375 0.8897470234375 0.5105936064453125 0.8804271787109375 0.5076447939453125 0.87655255859375 0.495916775390625 0.8691868447265625 0.4941970224609375 0.8666132001953125 0.4885486728515625 0.8536442998046875 0.4849861123046875 0.85334 0.4796436572265625 0.8490966484375 0.46846921875 0.8480169541015625 0.467118841796875 0.844822962890625 0.4665657890625 0.8388340458984375 0.4556350966796875 0.8346968994140626 0.454714416015625 0.832639474609375 0.452750390625 0.83187989453125 0.447345693359375 0.8273523349609375 0.4404698291015625 0.813941048828125 0.4305822822265625 0.81092951953125 0.4249954736328125 0.804539990234375 0.4238895859375 0.8027132119140625 0.42038944921875 0.796380337890625 0.4165206640625 0.7931615712890625 0.4094592841796875 0.7895878984375 0.4062046572265625 0.7849798388671875 0.405099279296875 0.7836585498046875 0.4020298583984375 0.781544251953125 0.4028271845703125 0.778683087890625 0.401476296875 0.7754422421875 0.3974238349609375 0.761329396484375 0.388887703125 0.7574451943359375 0.3834235400390625 0.7532734716796875 0.38225683984375 0.7191543388671875 0.3612540322265625 0.7153859248046875 0.359779771484375 0.71095052734375 0.3599029462890625 0.706066296875 0.356832505859375 0.6505183720703125 0.338592017578125 0.6410040029296875 0.3374251181640625 0.6348214931640624 0.3377922548828125 0.6328330029296875 0.3363187216796875 0.610977458984375 0.3328785078125 0.6036353720703125 0.3281496201171875 0.5857209033203125 0.32741221875 0.5831925654296874 0.32526349609375 0.5758957861328124 0.324034236328125 0.5670608974609375 0.32452483984375 0.545274287109375 0.3215751181640625 0.511802572265625 0.3210202685546875 0.50827420703125 0.3212652685546875 0.503644068359375 0.3231688095703125 0.4963472890625 0.3219395498046875 0.4811574462890625 0.3215702861328125 0.449236337890625 0.322550509765625 0.4463185185546875 0.323962521484375 0.4418139697265625 0.32359365625 0.4230045302734375 0.325986271484375 0.4188673837890625 0.3250655908203125 0.397874712890625 0.3277650390625 0.3928082373046875 0.3297299033203125 0.38320263671875 0.3310798818359375 0.364013515625 0.3307709228515625 0.352259259765625 0.3326737548828125 0.34598551953125 0.33555776953125 0.3362764091796875 0.3361712373046875 0.311237822265625 0.335433126953125 0.3088491181640625 0.33426671875 0.3045861650390625 0.335616896484375 0.30121796484375 0.3338355107421875 0.2968515009765625 0.334449177734375 0.2931176630859375 0.3332209365234375 0.286533392578125 0.333895416015625 0.268046048828125 0.3322365888671875 0.261496353515625 0.333157087890625 0.2551536787109375 0.335550611328125 0.24981103125 0.335550412109375 0.24946707421875 0.3426123203125 0.2476978828125 0.345865201171875 0.23954092578125 0.348013525390625 0.2318408388671875 0.3470918251953125 0.2271071904296875 0.3482588544921875 0.224430966796875 0.3513899091796875 0.22474149609375 0.3535994443359375 0.2265930498046875 0.3636079091796875 0.229661451171875 0.3664333681640625 0.2262765634765625 0.3866953916015625 0.22847207421875 0.38964194921875 0.228978494140625 0.3995885810546875 0.22509906640625 0.4226750439453125 0.2263884765625 0.43501569140625 0.2253320107421875 0.440173859375 0.220610640625 0.4445942783203125 0.2153188701171875 0.4734727314453125 0.202728201171875 0.488431529296875 0.201969986328125 0.4925458427734375 0.198892001953125 0.495984240234375 0.1992150283203125 0.5014487138671875 0.1911973056640625 0.5140970322265624 0.1913461240234375 0.518333171875 0.1856829287109375 0.5223841982421875 0.1817086435546875 0.528954376953125 0.1821336328125 0.535155580078125 0.1793193232421875 0.5373041025390625 0.1721385498046875 0.5400662919921875 0.1718182197265625 0.544119064453125 0.1690369384765625 0.5465138251953126 0.1566429521484375 0.5660381181640625 0.156460490234375 0.571071875 0.145085916015625 0.5756762822265625 0.1375266103515625 0.5852543603515625 0.136699244140625 0.5888766337890625 0.132678103515625 0.5919474033203125 0.12794423828125 0.593112884765625 0.1256476953125 0.5989455146484375 0.121155642578125 0.6018315869140625 0.119891939453125 0.60551518359375 0.1140324560546875 0.6113467939453125 0.109266927734375 0.6217850498046875 0.1048438095703125 0.6251616142578125 0.0974560166015625 0.626450779296875
1 0.067848537109375 0.590037283203125 0.0610599423828125 0.5987559853515625 0.057970609375 0.608456908203125 0.0590282236328125 0.6128162041015625 0.0731064931640625 0.62110631640625 0.076058888671875 0.6199403251953125 0.0809997744140625 0.6202478671875 0.0834812578125 0.6188971787109375 0.088123892578125 0.620248576171875 0.0873311015625 0.624116869140625 0.0973525068359375 0.625714267578125 0.1044987041015625 0.62270605859375 0.1120343828125 0.6161371162109375 0.1184794189453125 0.6049626416015625 0.1207413857421875 0.5988839921875 0.120154466796875 0.594707845703125 0.112019806640625 0.593848798828125 0.10722658984375 0.5882599326171875 0.1039290888671875 0.586970369140625 0.0920367470703125 0.587890669921875 0.079866685546875 0.5868461240234375 0.07200798046875 0.5879505927734375 0.067848537109375 0.590037283203125
1 0 0.534963408203125 0.0021736181640625 0.5504295048828125 0.0048623388671875 0.550553388671875 0.0139526494140625 0.5550350009765626 0.02420182421875 0.5550982705078125 0.027993865234375 0.5535633955078125 0.02642806640625 0.5392561376953126 0.016279923828125 0.530413681640625 0.00622570703125 0.52857159375 0 0.5290051728515625 0 0.534963408203125
1 0.172178150390625 0.5054993779296875 0.1594820693359375 0.50703281640625 0.1544263251953125 0.5122512890625 0.1533352841796875 0.5171634365234375 0.156806994140625 0.5196813349609375 0.1610353720703125 0.51808513671875 0.1646311240234375 0.518330845703125 0.169446419921875 0.5209107939453125 0.1763853798828125 0.516428013671875 0.17922331640625 0.51127035546875 0.1749701630859375 0.5063582255859375 0.172178150390625 0.5054993779296875
1 0.1176457939453125 0.4533042939453125 0.1120269755859375 0.45133903125 0.10507551953125 0.4525668740234375 0.1043173046875 0.4566811865234375 0.106443880859375 0.459137251953125 0.10967223046875 0.4599347763671875 0.1166582626953125 0.4589529541015625 0.1199450322265625 0.45698891015625 0.1176457939453125 0.4533042939453125
1 0.07299427734375 0.392208376953125 0.0664791591796875 0.393374896484375 0.05484069140625 0.399267630859375 0.054520361328125 0.4033204033203125 0.0661833857421875 0.4039344501953125 0.0736057548828125 0.4028913037109375 0.0789582021484375 0.3966291953125 0.078107607421875 0.393742923828125 0.07299427734375 0.392208376953125
1 0.0116792822265625 0.3234349775390625 0.008968482421875 0.3263200126953125 0.008246390625 0.3306801279296875 0.0096589111328125 0.331232669921875 0.0199770205078125 0.331786431640625 0.02547025 0.336024099609375 0.03585883984375 0.3370681357421875 0.04059248828125 0.3359011064453125 0.0480592333984375 0.328841671875 0.0461978798828125 0.3250955146484375 0.038694080078125 0.3223932314453125 0.01587330078125 0.321594306640625 0.0116792822265625 0.3234349775390625
1 0.175628626953125 0.339966017578125 0.1716654716796875 0.3402721240234375 0.16888419140625 0.3426668837890625 0.169125787109375 0.344385927734375 0.173102767578125 0.347332994140625 0.1768243271484375 0.3453078447265625 0.179031185546875 0.3419918759765625 0.175628626953125 0.339966017578125
0 0 0.534963408203125 0.005038626953125 0.5708151015625 0.008001880859375 0.576058412109375 0.0060395859375 0.5779372958984375 0.00693703515625 0.5843229775390625 0.009893330078125 0.5895167734375 0.01173118359375 0.599427759765625 0.01334851953125 0.6141017255859375 0.0115623662109375 0.61723391796875 0.0153591826171875 0.64424966796875 0.0171406533203125 0.644250177734375 0.017784009765625 0.64566187890625 0.017692779296875 0.6481787568359375 0.0159804599609375 0.648670287109375 0.020881962890625 0.6835462900390625 0.022628857421875 0.6833007802734375 0.036529291015625 0.671329396484375 0.0429504833984375 0.663162509765625 0.0543957568359375 0.6590499248046875 0.0622421826171875 0.6546920654296875 0.091961240234375 0.6222133291015625 0.104658869140625 0.6206796728515624 0.111494318359375 0.615460380859375 0.155632193359375 0.5651782333984375 0.159824447265625 0.563336232421875 0.1616862001953125 0.557564708984375 0.1610526435546875 0.5498907001953125 0.1668882822265625 0.547066677734375 0.171093431640625 0.5389619345703125 0.1751132421875 0.5358929296875 0.1789396416015625 0.53460252734375 0.21114790234375 0.4754774150390625 0.216028505859375 0.459514693359375 0.2167494482421875 0.4456371142578125 0.224101734375 0.4345860126953125 0.22426962109375 0.4072639384765625 0.2259005087890625 0.403026978515625 0.2248870537109375 0.39264984765625 0.2204850830078125 0.383501578125 0.222816201171875 0.3779149677734375 0.2218939765625 0.3650209580078125 0.2133853740234375 0.336161771484375 0.20621325390625 0.3231441884765625 0.2019702998046875 0.3024520693359375 0.192474166015625 0.27924154296875 0.184336810546875 0.26886525 0.179394775390625 0.259040244140625 0.1705556435546875 0.2500138193359375 0.1615012373046875 0.2457764619140625 0.14903177734375 0.2362583076171875 0.132622607421875 0.2335563525390625 0.130601087890625 0.23183658203125 0.1170060107421875 0.2269845556640625 0.1093420458984375 0.226308658203125 0.1107438349609375 0.2236075927734375 0.114903060546875 0.22151935546875 0.1209805126953125 0.220415923828125 0.1291142412109375 0.2117590546875 0.1339859755859375 0.2115745576171875 0.1355604267578125 0.2101020439453125 0.134813341796875 0.2079522841796875 0.132560958984375 0.2077670771484375 0.129561708984375 0.2054336591796875 0.1202545771484375 0.205741330078125 0.10226115625 0.210774197265625 0.0978601171875 0.2111418447265625 0.094747556640625 0.2143342216796875 0.090990091796875 0.2161151162109375 0.086589052734375 0.216482763671875 0.08159151171875 0.218938119140625 0.06805578515625 0.22084044140625 0.0628264482421875 0.2153144462890625 0.0437408369140625 0.215741998046875 0.0404433359375 0.2144524345703125 0.035606177734375 0.214882951171875 0.03054928515625 0.2105839599609375 0.0129566943359375 0.205793568359375 0.0020280390625 0.2040727958984375 0 0.202614251953125 0 0.534963408203125
0 0.4762636201171875 0 0.0422601494140625 0.0609952099609375 0.0561105302734375 0.0921836328125 0.077914837890625 0.123832060546875 0.0911630205078125 0.128281572265625 0.1209212548828125 0.1603900029296875 0.17787840625 0.1839423095703125 0.2006027216796875 0.1996828818359375 0.21607566015625 0.197508302734375 0.3026488525390625 0.218476201171875 0.4159860439453125 0.22779338671875 0.638796359375 0.196479439453125 0.794278470703125 0.1351814638671875 0.818842802734375 0.1191063271484375 0.8741104658203125 0.1081832529296875 0.883854232421875 0.098924578125 0.943788865234375 0.0763006142578125 0.933065513671875 0 0.4762636201171875 0
0 1 0.6496299765625 0.9159879208984375 0.641924369140625 0.7672051640625 0.6723015556640625 0.6034094736328125 0.69689939453125 0.558897603515625 0.7394458076171875 0.5597423466796875 0.756683498046875 0.568783564453125 0.7648799716796875 0.5727228955078125 0.78168274609375 0.5685159296875 0.7854297080078125 0.57470510546875 0.7845598759765625 0.578426978515625 0.7998153564453125 0.6013687529296875 0.81710322265625 0.7117535498046875 0.8615481640625 0.81051272265625 0.86818058984375 0.918388376953125 0.8498639443359375 1 0.812773896484375 1 0.6496299765625
1 0.8464684677734375 0.7984352607421875 0.8513528955078125 0.7882816650390625 0.8440764306640625 0.7814150283203125 0.833245373046875 0.7829372333984375 0.834985037109375 0.7953155849609375 0.8464684677734375 0.7984352607421875
1 0.8840886123046875 0.7742138271484375 0.8858784521484375 0.7644951474609375 0.866658552734375 0.76246276171875 0.8666334638671875 0.7735112763671875 0.8840886123046875 0.7742138271484375
1 0.9821284814453125 0.7083659873046875 0.96798537890625 0.7087758154296875 0.96972504296875 0.721154166015625 0.9776789697265625 0.721614169921875 0.9821284814453125 0.7083659873046875
1 0.8150374990234375 0.8217868623046874 0.8132978349609375 0.8094085107421874 0.8011369423828125 0.81269546875 0.80420644140625 0.8233090673828125 0.8150374990234375 0.8217868623046874
1 0.634832107421875 0.7745317216796875 0.6348571962890625 0.7634832060546874 0.6202791767578125 0.7607984462890625 0.620471546875 0.7733942548828125 0.634832107421875 0.7745317216796875
1 0.7371626259765625 0.8627107177734376 0.7385175498046875 0.849897451171875 0.722174779296875 0.84588285546875 0.721254771484375 0.8617907099609375 0.7371626259765625 0.8627107177734376
1 0.7676066572265625 0.7874285869140625 0.76057273828125 0.771060728515625 0.7479769296875 0.7712530986328126 0.751698802734375 0.7865085791015625 0.7676066572265625 0.7874285869140625
0 0.5255368818359375 1 0.9765248349609374 0.937942587890625 0.8740187001953125 0.9271031962890625 0.8475223349609375 0.9182041728515625 0.7776766533203125 0.92644248828125 0.635543076171875 0.9479959150390626 0.4991135830078125 0.9876819521484375 0.4686807841796875 1 0.5255368818359375 1
1 0.7734696875 0.93018944921875 0.78057887109375 0.913411763671875 0.74740823828125 0.924385013671875 0.745183482421875 0.93100910546875 0.7734696875 0.93018944921875
1 0.805962859375 0.92562283203125 0.8095174501953125 0.9172339892578125 0.7933921376953125 0.9147666875 0.7964616376953125 0.9253802861328125 0.805962859375 0.92562283203125
1 0.3210741845703125 0.1811738662109375 0.32131673046875 0.1716726455078125 0.3073910859375 0.173629767578125 0.307365998046875 0.1846782822265625 0.3210741845703125 0.1811738662109375
1 0.176966732421875 0.0988662353515625 0.1820686181640625 0.0902599345703125 0.1694978974609375 0.0794037890625 0.1546773330078125 0.08622025 0.15774683203125 0.096833849609375 0.176966732421875 0.0988662353515625