1 0.4550265625 0.34771875 0.4510578125 0.346478125 0.430334375 0.3447421875 0.42504375 0.345734375 0.4193125 0.3454859375 0.4131390625 0.347965625 0.4118171875 0.3494546875 0.4131390625 0.3611109375 0.419753125 0.3643359375 0.4276890625 0.3645828125 0.4435625 0.3625984375 0.451940625 0.3611109375 0.4563484375 0.358134375 0.4581125 0.3541671875 0.456790625 0.34995 0.4550265625 0.34771875
1 0.1807765625 0.3814484375 0.1763671875 0.384425 0.1776890625 0.3888890625 0.18474375 0.3931046875 0.201940625 0.3990578125 0.2050265625 0.396825 0.206790625 0.3911203125 0.19753125 0.3807046875 0.1935625 0.379215625 0.1900359375 0.379215625 0.1807765625 0.3814484375
1 0.23148125 0.470734375 0.2380953125 0.4712296875 0.24426875 0.4704859375 0.249559375 0.466765625 0.2433859375 0.459821875 0.23148125 0.4595734375 0.2275125 0.461309375 0.226190625 0.4672625 0.23148125 0.470734375
1 0.5317453125 0.455853125 0.5291 0.4588296875 0.5291 0.4640375 0.5313046875 0.4670140625 0.5401234375 0.466765625 0.5498234375 0.4630453125 0.5507046875 0.4583328125 0.548059375 0.455853125 0.538359375 0.4536203125 0.533509375 0.454365625 0.5317453125 0.455853125
1 0.6710765625 0.423859375 0.666225 0.4213796875 0.6300703125 0.4166671875 0.603175 0.415178125 0.5877421875 0.412946875 0.57495625 0.4141859375 0.56701875 0.4161703125 0.556878125 0.4236109375 0.5586421875 0.4275796875 0.581128125 0.4357640625 0.5912703125 0.4446921875 0.59920625 0.446428125 0.6071421875 0.4459328125 0.6097890625 0.44444375 0.622134375 0.4422125 0.6582890625 0.431546875 0.6710765625 0.423859375
1 0.6574078125 0.47271875 0.656084375 0.4665171875 0.646825 0.4583328125 0.630953125 0.4516375 0.62654375 0.451140625 0.62169375 0.455109375 0.6199296875 0.4635421875 0.6159609375 0.4702375 0.6119921875 0.481646875 0.613315625 0.4841265625 0.619046875 0.4868546875 0.6353609375 0.4893359375 0.642415625 0.493303125 0.6481484375 0.492559375 0.65079375 0.490575 0.651675 0.4853671875 0.6574078125 0.4786703125 0.6574078125 0.47271875
1 0.7716046875 0.436259375 0.7760140625 0.435515625 0.78306875 0.431546875 0.7940921875 0.417659375 0.7989421875 0.4139390625 0.8037921875 0.4045140625 0.8051140625 0.391865625 0.802028125 0.3903765625 0.791446875 0.3938484375 0.7857140625 0.391865625 0.7791 0.3916171875 0.73545 0.4047625 0.7244265625 0.412203125 0.7235453125 0.415921875 0.72663125 0.4196421875 0.740740625 0.4268359375 0.74603125 0.4313 0.750440625 0.4325390625 0.7561734375 0.436259375 0.7614640625 0.4365078125 0.7627859375 0.439484375 0.7671953125 0.4399796875 0.7716046875 0.436259375
1 0.5674609375 0.3484625 0.5731921875 0.3482140625 0.57980625 0.3454859375 0.580246875 0.341021875 0.5767203125 0.33755 0.5683421875 0.3373015625 0.5639328125 0.339534375 0.5630515625 0.344990625 0.5674609375 0.3484625
1 0.4982359375 0.306546875 0.500440625 0.3025796875 0.4977953125 0.29761875 0.490740625 0.29761875 0.485890625 0.3018359375 0.4880953125 0.30704375 0.4938265625 0.3075390625 0.4982359375 0.306546875
1 0.4184296875 0.32738125 0.42019375 0.326140625 0.4184296875 0.322171875 0.415784375 0.3209328125 0.411375 0.32118125 0.4096125 0.322171875 0.410934375 0.32738125 0.4184296875 0.32738125
1 0.410934375 0.5076890625 0.4038796875 0.5091765625 0.3941796875 0.5153765625 0.39109375 0.522321875 0.391975 0.529265625 0.40079375 0.5357140625 0.4131390625 0.53819375 0.420634375 0.537946875 0.4276890625 0.533978125 0.434303125 0.525296875 0.4369484375 0.517609375 0.4360671875 0.513640625 0.42019375 0.506696875 0.410934375 0.5076890625
1 0.5357140625 0.5947421875 0.5291 0.5838296875 0.5216046875 0.575396875 0.5167546875 0.5751484375 0.5070546875 0.580853125 0.49911875 0.5838296875 0.4973546875 0.589534375 0.490740625 0.5954859375 0.4920640625 0.5994546875 0.499559375 0.601934375 0.5097 0.6014390625 0.5255734375 0.6061515625 0.5291 0.6063984375 0.5317453125 0.60540625 0.5357140625 0.60069375 0.5357140625 0.5947421875
1 0.4686953125 0.56795625 0.467371875 0.5716765625 0.4686953125 0.57415625 0.4744265625 0.5791171875 0.4823640625 0.580109375 0.4903 0.5731640625 0.491621875 0.5682046875 0.4823640625 0.563740625 0.4783953125 0.563740625 0.4709 0.5657234375 0.4686953125 0.56795625
1 0.6014109375 0.6041671875 0.6111109375 0.605159375 0.6150796875 0.60391875 0.6146390625 0.59995 0.6106703125 0.59771875 0.6049375 0.5967265625 0.599646875 0.5987109375 0.599646875 0.603421875 0.6014109375 0.6041671875
1 0.5877421875 0.626240625 0.593475 0.6264875 0.5970015625 0.6254953125 0.598765625 0.6220234375 0.5961203125 0.619046875 0.5873015625 0.6188 0.585096875 0.6197921875 0.58465625 0.6232640625 0.5877421875 0.626240625
1 0.5648140625 0.63045625 0.5626109375 0.6307046875 0.5595234375 0.6334328125 0.56040625 0.6361609375 0.5639328125 0.636409375 0.5687828125 0.634671875 0.5648140625 0.63045625
1 0.689153125 0.58358125 0.6851859375 0.5833328125 0.680334375 0.5860609375 0.680334375 0.5890375 0.68474375 0.5905265625 0.6917984375 0.587796875 0.689153125 0.58358125
1 0.75881875 0.55233125 0.75088125 0.5647328125 0.7517640625 0.56795625 0.75573125 0.5701890625 0.7619046875 0.5709328125 0.768078125 0.56795625 0.7764546875 0.553571875 0.777778125 0.5486109375 0.7716046875 0.544890625 0.7671953125 0.5443953125 0.75881875 0.55233125
1 0.802028125 0.50694375 0.81040625 0.505953125 0.81040625 0.4975203125 0.8090828125 0.501984375 0.806878125 0.502728125 0.80246875 0.5022328125 0.8002640625 0.503471875 0.7993828125 0.5057046875 0.802028125 0.50694375
1 0.854496875 0.405009375 0.857584375 0.399553125 0.8558203125 0.3958328125 0.8306875 0.3752484375 0.8258375 0.375 0.8183421875 0.3767359375 0.8090828125 0.380953125 0.8064375 0.384425 0.8046734375 0.391865625 0.8007046875 0.4112109375 0.802028125 0.415675 0.810846875 0.41790625 0.8223109375 0.425346875 0.833775 0.42584375 0.8430328125 0.4241078125 0.8452375 0.420634375 0.84435625 0.4143109375 0.8461203125 0.4107140625 0.854496875 0.405009375
1 0.347884375 0.6579859375 0.3500875 0.6545140625 0.3465609375 0.646578125 0.339065625 0.6423609375 0.335978125 0.638640625 0.3328921875 0.6312 0.326278125 0.628471875 0.3174609375 0.6287203125 0.30555625 0.632440625 0.2901234375 0.6383921875 0.2764546875 0.6463296875 0.2711640625 0.6537703125 0.2711640625 0.658234375 0.2751328125 0.6587296875 0.2768953125 0.6607140625 0.2795421875 0.673115625 0.28306875 0.6775796875 0.2901234375 0.679315625 0.3015875 0.678571875 0.321428125 0.6736109375 0.347884375 0.6579859375
1 0.83465625 0.4516375 0.8289234375 0.4665171875 0.829365625 0.4697421875 0.82980625 0.4704859375 0.8421515625 0.470734375 0.85405625 0.462796875 0.8549375 0.4541171875 0.853615625 0.451140625 0.84920625 0.44766875 0.8417109375 0.445684375 0.83465625 0.4516375
0 0.11860625 0.4595734375 0.12345625 0.46006875 0.127865625 0.46255 0.1291890625 0.466021875 0.1380078125 0.4744546875 0.1499125 0.47743125 0.15079375 0.482390625 0.165784375 0.5 0.168871875 0.501984375 0.169753125 0.505953125 0.1772484375 0.5076890625 0.180334375 0.509425 0.1807765625 0.515625 0.1856265625 0.521578125 0.1917984375 0.5248015625 0.192240625 0.5290171875 0.201940625 0.5404265625 0.20238125 0.5458828125 0.2059078125 0.548859375 0.20723125 0.552828125 0.22178125 0.5658890625 0.231040625 0.59375 0.23633125 0.5974703125 0.2380953125 0.60243125 0.2385359375 0.61483125 0.245590625 0.637153125 0.2464734375 0.6470734375 0.244709375 0.650296875 0.25088125 0.669890625 0.2482359375 0.673115625 0.2477953125 0.683284375 0.2477953125 0.685515625 0.25088125 0.68824375 0.25573125 0.688740625 0.263228125 0.68675625 0.2716046875 0.6877484375 0.273809375 0.6907234375 0.2751328125 0.69766875 0.2804234375 0.696925 0.2870375 0.6984125 0.2936515625 0.6984125 0.311728125 0.694196875 0.3183421875 0.6939484375 0.32186875 0.6922125 0.326278125 0.6922125 0.329365625 0.6899796875 0.333775 0.6907234375 0.335978125 0.6892359375 0.3606703125 0.6850203125 0.3703703125 0.6842765625 0.376984375 0.686259375 0.3888890625 0.6865078125 0.4078484375 0.68353125 0.4175484375 0.68353125 0.4228390625 0.684771875 0.444003125 0.6845234375 0.447971875 0.6830359375 0.46693125 0.6827875 0.471340625 0.6817953125 0.4744265625 0.6827875 0.5061734375 0.679315625 0.5211640625 0.6768359375 0.52821875 0.674603125 0.53306875 0.67584375 0.536596875 0.6755953125 0.569665625 0.6703875 0.5908296875 0.664434375 0.599646875 0.663690625 0.6067015625 0.6614578125 0.60890625 0.658978125 0.62654375 0.6557546875 0.63315625 0.65005 0.6543203125 0.6436015625 0.656084375 0.641865625 0.6622578125 0.64136875 0.6715171875 0.6388890625 0.7239859375 0.6130953125 0.7283953125 0.609375 0.7328046875 0.6088796875 0.73633125 0.6068953125 0.7671953125 0.5813484375 0.7711640625 0.5796125 0.77425 0.5736609375 0.7870375 0.56324375 0.7896828125 0.5587796875 0.792328125 0.55704375 0.7945328125 0.5575390625 0.7954140625 0.554315625 0.7998234375 0.5525796875 0.802909375 0.548859375 0.8051140625 0.54141875 0.810846875 0.53670625 0.81216875 0.5329859375 0.8183421875 0.5310015625 0.820546875 0.52505 0.8324515625 0.5133921875 0.835978125 0.505953125 0.835978125 0.5004953125 0.8377421875 0.4982640625 0.8417109375 0.4967765625 0.8461203125 0.48511875 0.84920625 0.4841265625 0.8500875 0.4826390625 0.852734375 0.4709828125 0.8522921875 0.46565 0.8646390625 0.4603171875 0.8664015625 0.454365625 0.87345625 0.4516375 0.8756609375 0.439484375 0.8844796875 0.4352671875 0.8849203125 0.43055625 0.8884484375 0.429315625 0.890653125 0.4216265625 0.89594375 0.4196421875 0.919753125 0.3841765625 0.9210765625 0.376240625 0.92504375 0.373015625 0.92504375 0.36954375 0.9276890625 0.3665671875 0.92989375 0.352678125 0.9320984375 0.3494546875 0.9316578125 0.337796875 0.9276890625 0.33829375 0.919753125 0.3286203125 0.9228390625 0.326140625 0.9223984375 0.3231640625 0.923721875 0.321428125 0.9312171875 0.320684375 0.939153125 0.318453125 0.956790625 0.3201890625 0.96208125 0.319196875 0.963403125 0.3177078125 0.962521875 0.3162203125 0.9545859375 0.3174609375 0.9510578125 0.3142359375 0.9400359375 0.3142359375 0.9316578125 0.3125 0.925484375 0.3125 0.9047625 0.3080359375 0.9043203125 0.306546875 0.8884484375 0.30381875 0.8187828125 0.296875 0.7870375 0.2966265625 0.7663140625 0.2986109375 0.698853125 0.2943953125 0.6807765625 0.294890625 0.6759265625 0.29613125 0.6635796875 0.294890625 0.528659375 0.29613125 0.5123453125 0.2986109375 0.51455 0.302828125 0.508378125 0.30555625 0.4925046875 0.3087796875 0.48941875 0.3080359375 0.48633125 0.309028125 0.481921875 0.305059375 0.4783953125 0.3053078125 0.47575 0.30381875 0.4744265625 0.2983625 0.44268125 0.29761875 0.4118171875 0.298859375 0.40564375 0.3033234375 0.3787484375 0.3063 0.368165625 0.3060515625 0.363315625 0.30704375 0.3571421875 0.3063 0.354496875 0.311259375 0.34920625 0.3110125 0.329365625 0.3147328125 0.32495625 0.3142359375 0.26366875 0.3291171875 0.2517640625 0.3373015625 0.2482359375 0.3412703125 0.227071875 0.3447421875 0.2129625 0.350446875 0.19268125 0.3618546875 0.1816578125 0.3638390625 0.1759265625 0.36631875 0.169753125 0.36631875 0.164903125 0.3678078125 0.1574078125 0.3725203125 0.156084375 0.3752484375 0.14594375 0.3807046875 0.1380078125 0.381696875 0.1296296875 0.384425 0.1159609375 0.3916171875 0.1106703125 0.3963296875 0.1111109375 0.4012890625 0.10890625 0.4045140625 0.0877421875 0.410465625 0.07495625 0.4161703125 0.07186875 0.419890625 0.0758375 0.428571875 0.083775 0.430803125 0.0912703125 0.4310515625 0.0961203125 0.4337796875 0.1022921875 0.443453125 0.10890625 0.4484125 0.1106703125 0.451884375 0.1155203125 0.4541171875 0.11860625 0.4595734375
1 0.1106703125 0.459078125 0.1106703125 0.4548609375 0.107584375 0.44915625 0.099646875 0.4389875 0.0912703125 0.43353125 0.083775 0.431546875 0.0740734375 0.4345234375 0.075396875 0.43824375 0.0709875 0.440228125 0.0683421875 0.4392359375 0.0634921875 0.440228125 0.06040625 0.439484375 0.04761875 0.449653125 0.047178125 0.4541171875 0.0515875 0.46329375 0.0595234375 0.4709828125 0.0639328125 0.4724703125 0.07186875 0.4724703125 0.083775 0.4697421875 0.0956796875 0.4689984375 0.098765625 0.4672625 0.102734375 0.4610609375 0.1106703125 0.459078125
1 0 0.540921875 0.0070546875 0.5404265625 0.0167546875 0.537203125 0.0255734375 0.527034375 0.0251328125 0.5126484375 0.0211640625 0.51165625 0.0110234375 0.5131453125 0.0026453125 0.5188484375 0 0.5193453125 0 0.540921875
1 0.1574078125 0.5282734375 0.1543203125 0.53125 0.156084375 0.5359625 0.1618171875 0.5404265625 0.174603125 0.540178125 0.1772484375 0.5389390625 0.1807765625 0.5334828125 0.1772484375 0.5287703125 0.169753125 0.525296875 0.16534375 0.528521875 0.1618171875 0.529265625 0.1574078125 0.5282734375
1 0.122575 0.6021828125 0.127865625 0.5994546875 0.1296296875 0.5954859375 0.1261015625 0.5939984375 0.119046875 0.5939984375 0.1159609375 0.5952375 0.114196875 0.597965625 0.1155203125 0.601934375 0.122575 0.6021828125
1 0.0855375 0.665921875 0.0921515625 0.6661703125 0.0970015625 0.6639390625 0.0974421875 0.6609625 0.0912703125 0.65550625 0.083775 0.65550625 0.0723109375 0.6577375 0.0731921875 0.66170625 0.0855375 0.665921875
1 0.052909375 0.728421875 0.048059375 0.7333828125 0.03791875 0.7353671875 0.036596875 0.7361109375 0.03791875 0.740328125 0.0410046875 0.7428078125 0.0454140625 0.744046875 0.0679015625 0.7400796875 0.07495625 0.736359375 0.076278125 0.732390625 0.0679015625 0.7264390625 0.0630515625 0.7259421875 0.052909375 0.728421875
1 0.2010578125 0.7036203125 0.2041453125 0.701140625 0.2014984375 0.6981640625 0.19753125 0.6966765625 0.194003125 0.7001484375 0.194003125 0.701884375 0.197090625 0.70386875 0.2010578125 0.7036203125
0 0 0.86805625 0.0035265625 0.8727671875 0.0061734375 0.873759375 0.0436515625 0.8665671875 0.048059375 0.8623515625 0.0586421875 0.8591265625 0.075396875 0.851934375 0.07980625 0.8469734375 0.08465625 0.8467265625 0.0877421875 0.844990625 0.1067015625 0.8427578125 0.1111109375 0.8365578125 0.1247796875 0.8365578125 0.1300703125 0.83829375 0.1344796875 0.8380453125 0.1384484375 0.8392859375 0.141975 0.8420140625 0.146384375 0.841765625 0.164903125 0.8442453125 0.1741625 0.8432546875 0.1768078125 0.8405265625 0.1790125 0.8400296875 0.179453125 0.837796875 0.1776890625 0.8365578125 0.1728390625 0.837053125 0.1635796875 0.8296125 0.1574078125 0.829365625 0.1529984375 0.8278765625 0.151234375 0.825396875 0.1587296875 0.8236609375 0.1715171875 0.8169640625 0.1732796875 0.8149796875 0.189153125 0.8100203125 0.2001765625 0.798859375 0.208553125 0.793403125 0.21605 0.783234375 0.2195765625 0.7728171875 0.226190625 0.761409375 0.2323640625 0.737103125 0.2336859375 0.716021875 0.2389765625 0.7021328125 0.2433859375 0.6723703125 0.2425046875 0.6594734375 0.23941875 0.654265625 0.2425046875 0.64459375 0.2420640625 0.6341765625 0.239859375 0.6302078125 0.235890625 0.603175 0.227071875 0.5932546875 0.2244265625 0.5796125 0.217371875 0.564484375 0.1772484375 0.5104171875 0.1732796875 0.509671875 0.168871875 0.5071921875 0.1635796875 0.4997515625 0.1574078125 0.4977671875 0.1569671875 0.4900796875 0.1543203125 0.4846234375 0.1499125 0.4833828125 0.09920625 0.4397328125 0.0917109375 0.435515625 0.0789234375 0.4357640625 0.0449734375 0.4077375 0.036596875 0.4045140625 0.024690625 0.402034375 0.0171953125 0.394840625 0.0017640625 0.3849203125 0 0.3849203125 0 0.4201390625 0.0017640625 0.4203875 0.0022046875 0.4228671875 0.0017640625 0.4243546875 0 0.424603125 0 0.451884375 0.0022046875 0.4547375 0.0026453125 0.46949375 0.0022046875 0.4795640625 0 0.48511875 0 0.4915671875 0.0022046875 0.4931546875 0 0.498759375 0 0.623759375 0.0022046875 0.626075 0.0022046875 0.629215625 0 0.6299609375 0 0.7686015625 0.0022046875 0.7688484375 0.0035265625 0.773065625 0.0026453125 0.79290625 0 0.7971234375 0 0.86805625
0 0.86875 0.8328125 0.8421875 0.8203125 0.6796875 0.78125 0.4546875 0.78125 0.34375 0.80625 0.2609375 0.8390625 0.2453125 0.8390625 0.225 0.8578125 0.171875 0.8890625 0.146875 0.925 0.134375 0.93125 0.1171875 0.965625 0.1078125 0.9984375 0.9984375 0.9984375 0.9984375 0.8578125 0.9359375 0.84375 0.925 0.8359375 0.86875 0.8328125
0 0.740625 0.2921875 0.8921875 0.3015625 0.9984375 0.2765625 0.9984375 0.1453125 0.9609375 0.1234375 0.865625 0.0953125 0.75625 0.0921875 0.659375 0.1125 0.55625 0.171875 0.5359375 0.1921875 0.534375 0.2078125 0.528125 0.2078125 0.5328125 0.2109375 0.53125 0.228125 0.5234375 0.2375 0.525 0.2546875 0.575 0.290625 0.740625 0.2921875
1 0.790625 0.1734375 0.8015625 0.1734375 0.8078125 0.165625 0.8015625 0.15625 0.790625 0.1609375 0.790625 0.1734375
1 0.8453125 0.184375 0.8421875 0.175 0.825 0.178125 0.8265625 0.1890625 0.8453125 0.184375
1 0.934375 0.228125 0.9484375 0.2265625 0.9421875 0.2140625 0.934375 0.215625 0.934375 0.228125
1 0.7671875 0.15 0.7671875 0.1375 0.75625 0.1375 0.7546875 0.1484375 0.7671875 0.15
1 0.596875 0.2203125 0.5953125 0.209375 0.58125 0.2125 0.5828125 0.225 0.596875 0.2203125
1 0.6875 0.1203125 0.684375 0.1078125 0.66875 0.1109375 0.671875 0.1265625 0.6875 0.1203125
1 0.7203125 0.1953125 0.725 0.178125 0.709375 0.18125 0.7078125 0.196875 0.7203125 0.1953125
0 0.8109375 0.025 0.9109375 0 0.36875 0.0015625 0.43125 0.0171875 0.571875 0.0375 0.715625 0.0390625 0.7859375 0.0375 0.8109375 0.025
1 0.7203125 0.0515625 0.7109375 0.0359375 0.6828125 0.0390625 0.6859375 0.0453125 0.7203125 0.0515625
1 0.7484375 0.04375 0.74375 0.0359375 0.734375 0.0375 0.7328125 0.0484375 0.7484375 0.04375
1 0.828125 0.959375 0.825 0.9671875 0.8359375 0.9734375 0.846875 0.9734375 0.8515625 0.9671875 0.84375 0.9578125 0.828125 0.959375
1 0.36875 0.85 0.3671875 0.840625 0.353125 0.8390625 0.3546875 0.85 0.36875 0.85
1 0.215625 0.9578125 0.23125 0.9625 0.2421875 0.95 0.2359375 0.9421875 0.2171875 0.946875 0.215625 0.9578125