1 0.5583666279296875 0.5647400009765625 0.5539311875 0.5647718583984375 0.5467830244140625 0.569506861328125 0.5473483115234375 0.5725592333984375 0.5535632314453125 0.576703447265625 0.561017484375 0.577486919921875 0.564707736328125 0.5761292822265625 0.566771716796875 0.5733532568359375 0.5664915966796875 0.5675877041015625 0.5583666279296875 0.5647400009765625
1 0.357326912109375 0.6426131640625 0.3522700888671875 0.64432678125 0.345378681640625 0.65083426953125 0.3474924970703125 0.6560447041015625 0.34991589453125 0.65829471875 0.35460980859375 0.66003395703125 0.3640258837890625 0.6590283212890625 0.3712009033203125 0.6498074892578125 0.3703788603515625 0.6449826318359375 0.3635442734375 0.6425187880859375 0.357326912109375 0.6426131640625
1 0.47496130859375 0.6791673662109375 0.4659849990234375 0.6802192236328125 0.4612886435546875 0.6827185751953125 0.4615713681640625 0.684243984375 0.4634788115234375 0.6871876171875 0.4712675634765625 0.689003900390625 0.4806317001953125 0.68849241796875 0.4834439765625 0.6870425 0.4846071201171875 0.684421599609375 0.4818996064453125 0.6806444580078125 0.47496130859375 0.6791673662109375
1 0.5063292890625 0.6802207333984375 0.4990291318359375 0.67795619140625 0.4962686298828125 0.678913509765625 0.4945884814453125 0.6864683349609375 0.49917868359375 0.6891943251953125 0.5062464990234375 0.6894391416015625 0.5086491376953125 0.683455947265625 0.5063292890625 0.6802207333984375
1 0.6082770712890625 0.671982046875 0.5981166962890625 0.6674231494140626 0.5908672626953125 0.668906314453125 0.5903488671875 0.673838521484375 0.5940091552734375 0.6769663857421875 0.604946236328125 0.678365724609375 0.607888193359375 0.675681978515625 0.6082770712890625 0.671982046875
1 0.721644935546875 0.68165394921875 0.714343728515625 0.683629712890625 0.7118141767578124 0.6866050400390625 0.711451267578125 0.6900578955078125 0.716943697265625 0.692630478515625 0.724861966796875 0.6932144873046875 0.7326031025390625 0.691283390625 0.733868240234375 0.6876771279296875 0.7302843046875 0.68380787109375 0.721644935546875 0.68165394921875
1 0.86473480078125 0.6784873154296875 0.8603495810546875 0.67802641015625 0.8556532255859375 0.68052576171875 0.8558580439453125 0.682792400390625 0.8582296669921875 0.6855350146484375 0.86387930078125 0.68662685546875 0.8684200068359375 0.6856084091796875 0.8705357607421875 0.68233978515625 0.86473480078125 0.6784873154296875
1 0.6464526298828125 0.726370423828125 0.6390503154296875 0.7250927978515626 0.634740396484375 0.7281308056640625 0.634996990234375 0.729904845703125 0.63780682421875 0.732693517578125 0.6456230986328125 0.7342628876953124 0.6491847216796875 0.729898771484375 0.6464526298828125 0.726370423828125
1 0.6022898095703125 0.7753458828125 0.596924455078125 0.7757796142578125 0.5930543017578125 0.77886384375 0.5936974951171875 0.781174986328125 0.595682681640625 0.783378943359375 0.5991121826171875 0.7844872451171875 0.6093283271484375 0.7843151171875 0.6122962529296875 0.781384294921875 0.6109825068359375 0.777007369140625 0.6022898095703125 0.7753458828125
1 0.5739260048828125 0.8047845126953125 0.56783832421875 0.803645060546875 0.5649741103515625 0.805589130859375 0.5646631376953125 0.8085478330078125 0.56703459765625 0.8112920009765625 0.571832060546875 0.812046041015625 0.5779483154296875 0.8086982744140625 0.5739260048828125 0.8047845126953125
1 0.6915949091796875 0.82413401171875 0.6798072109375 0.822397033203125 0.6784148349609375 0.8229985361328125 0.678412392578125 0.827237125 0.686351583984375 0.8360527900390625 0.693108427734375 0.83925630859375 0.69806309375 0.8385296064453125 0.7001011044921875 0.836000658203125 0.7001812890625 0.831022392578125 0.6987120576171875 0.828124818359375 0.6949999951171875 0.825489552734375 0.6915949091796875 0.82413401171875
1 0.5566831904296875 0.87604125 0.5453288203125 0.8828275087890625 0.540863251953125 0.887346421875 0.5413525126953125 0.8911370791015625 0.5519240791015625 0.90022941796875 0.5651784052734375 0.90910411328125 0.5707487412109375 0.910935466796875 0.5769661025390626 0.910841091796875 0.5780039453125 0.89673637109375 0.582109044921875 0.8914317236328125 0.582962103515625 0.8875307724609375 0.5785275517578125 0.8833238779296875 0.5611447626953125 0.8757607626953124 0.5566831904296875 0.87604125
1 0.746790359375 0.93592214453125 0.7387164404296875 0.936819041015625 0.735388046875 0.9389641298828125 0.7348930146484375 0.9478894033203125 0.74133872265625 0.9540531787109375 0.7482770205078125 0.9555302705078125 0.7562731962890625 0.9553730498046875 0.7613298564453125 0.9536609853515625 0.7625717939453125 0.9460601025390625 0.7612078271484375 0.9421759384765624 0.7583186962890625 0.940126779296875 0.746790359375 0.93592214453125
1 0.4999437333984375 0.8548646669921875 0.48900665234375 0.8534653271484375 0.487044830078125 0.8552544365234375 0.486604013671875 0.8594485224609375 0.48894966796875 0.862438212890625 0.49495976953125 0.864315787109375 0.4992956572265625 0.8610307021484375 0.4999437333984375 0.8548646669921875
1 0.3905174677734375 0.7570767529296875 0.38468793359375 0.7577115029296875 0.3808420322265625 0.7605500458984376 0.3815904912109375 0.761874599609375 0.383627451171875 0.7635859580078125 0.393764462890625 0.7641517890625 0.39613852734375 0.7626558134765625 0.39482478125 0.7582788876953125 0.3905174677734375 0.7570767529296875
1 0.3690051640625 0.7550655244140625 0.3650321865234375 0.75489775390625 0.3604410966796875 0.756410515625 0.358762 0.75972503515625 0.3629397958984375 0.7621594443359375 0.369181572265625 0.7618178291015625 0.370860669921875 0.7585033095703125 0.3690051640625 0.7550655244140625
1 0.326813744140625 0.734670154296875 0.3227903828125 0.7349967001953125 0.31809419140625 0.7374944970703124 0.3177311181640625 0.7409489072265625 0.319200349609375 0.743846482421875 0.3226038818359375 0.7452018603515626 0.3306779638671875 0.74430341015625 0.335065625 0.7405257255859375 0.33243724609375 0.7360106259765625 0.326813744140625 0.734670154296875
1 0.3604332451171875 0.67211824609375 0.3553270888671875 0.6700858740234376 0.3499603447265625 0.6705178876953125 0.3481271513671875 0.675313474609375 0.3531813701171875 0.67784 0.35761852734375 0.6778067529296875 0.3613590009765625 0.6759563515625 0.3604332451171875 0.67211824609375
1 0.3244490947265625 0.66858596484375 0.3069332958984375 0.6707340205078125 0.303088947265625 0.6735727275390625 0.3032160234375 0.6765790419921875 0.304685255859375 0.6794766162109375 0.307238333984375 0.680492802734375 0.325863947265625 0.6762162822265625 0.3300962861328125 0.6739163955078125 0.3307183935546875 0.6679974365234375 0.3273148623046875 0.6666420576171875 0.3244490947265625 0.66858596484375
1 0.2780678466796875 0.6711927099609375 0.2680087421875 0.6698856494140625 0.2658136904296875 0.6738937861328125 0.266534462890625 0.675466806640625 0.269836 0.677807546875 0.274659431640625 0.678314509765625 0.278917412109375 0.675770654296875 0.2780678466796875 0.6711927099609375
1 0.3273143466796875 0.6160178046875 0.3214849765625 0.616651 0.3175872998046875 0.619982142578125 0.318670095703125 0.622341060546875 0.323828025390625 0.623880833984375 0.329684919921875 0.623000724609375 0.3320331787109375 0.6217502724609375 0.33378846484375 0.6176959140625 0.3273143466796875 0.6160178046875
1 0.4320609716796875 0.5853802216796875 0.4282176748046875 0.583978623046875 0.4233165009765625 0.5842113349609375 0.423857373046875 0.587510947265625 0.4293239970703125 0.590329052734375 0.4321103046875 0.5891262119140624 0.4320609716796875 0.5853802216796875
1 0.43217009375 0.6729243291015625 0.424715841796875 0.67214085546875 0.4216961416015625 0.67556427734375 0.421745474609375 0.679310267578125 0.4276517001953125 0.6821761484375 0.4354170888671875 0.679999365234375 0.435419693359375 0.67575922265625 0.43217009375 0.6729243291015625
1 0.5030179736328125 0.64845056640625 0.494685744140625 0.647574814453125 0.491357513671875 0.649718349609375 0.49197473828125 0.652276568359375 0.5013104658203125 0.6562507509765625 0.5050266865234375 0.6546460361328125 0.50593151953125 0.650252486328125 0.5030179736328125 0.64845056640625
1 0.5534919375 0.6153498916015625 0.54314594921875 0.6167574013671875 0.5418548427734375 0.620610740234375 0.543479560546875 0.6220289638671875 0.5502364033203125 0.6252324833984375 0.562127650390625 0.6259842626953125 0.5702794755859375 0.62434613671875 0.5743066689453125 0.61978271875 0.571857302734375 0.61777978125 0.5534919375 0.6153498916015625
1 0.50724490234375 0.5576198212890625 0.4986015380859375 0.5597043251953125 0.497155669921875 0.56079981640625 0.49826443359375 0.562911658203125 0.5028546357421875 0.5656376484375 0.5144373515625 0.565109541015625 0.5181804296875 0.5590189970703126 0.5152409140625 0.557464154296875 0.50724490234375 0.5576198212890625
1 0.434690390625 0.5392712314453125 0.430770904296875 0.538609470703125 0.42666824609375 0.5396755283203125 0.4263572744140625 0.5426342314453125 0.4306128134765625 0.54432896484375 0.4341718310546875 0.5442049921875 0.437449841796875 0.5425542197265625 0.434690390625 0.5392712314453125
1 0.4038423603515625 0.5332858203125 0.3868967314453125 0.5300090693359375 0.3836706591796875 0.531165689453125 0.3828176005859375 0.5350666396484375 0.38593751953125 0.539135361328125 0.3950166533203125 0.5413355048828125 0.4026004228515625 0.540886703125 0.4062891220703125 0.5395289013671875 0.4071421806640625 0.535627951171875 0.4038423603515625 0.5332858203125
1 0.350924076171875 0.5559048251953125 0.34390803515625 0.5551674091796875 0.3411476962890625 0.556123173828125 0.3413784833984375 0.558142736328125 0.343724138671875 0.5611324267578125 0.349836234375 0.5620246396484375 0.352158525390625 0.561021263671875 0.354301802734375 0.5575057265625 0.350924076171875 0.5559048251953125
1 0.6152678193359375 0.5253328564453125 0.6076061435546875 0.5265228876953125 0.604276359375 0.528666259765625 0.6043256923828125 0.5324122490234375 0.6088899248046875 0.53538531640625 0.61371491015625 0.5358924423828125 0.6209132939453125 0.530664677734375 0.62042575 0.5268726298828125 0.6152678193359375 0.5253328564453125
1 0.7933899599609375 0.5684928125 0.787276146484375 0.567601990234375 0.785210775390625 0.5703762978515625 0.7863195400390625 0.572488138671875 0.791555212890625 0.573288236328125 0.79563190234375 0.5724692548828125 0.7933899599609375 0.5684928125
1 0.849611908203125 0.5903628505859375 0.8429838583984375 0.5901642548828125 0.841563958984375 0.591012669921875 0.8402158681640625 0.60383889453125 0.8440565595703124 0.6094806376953125 0.851326916015625 0.6162291279296875 0.86724047265625 0.62089466796875 0.874256513671875 0.621632083984375 0.8770428212890625 0.6204292431640624 0.8774576689453125 0.616482234375 0.8752416943359375 0.61225871484375 0.8647736767578125 0.6021811787109375 0.8576565283203125 0.5981903720703124 0.849611908203125 0.5903628505859375
1 0.4788960947265625 0.456134994140625 0.474793599609375 0.457199498046875 0.471413431640625 0.4598371865234375 0.4716182509765625 0.4621038251953125 0.472701208984375 0.464461189453125 0.476904974609375 0.4666485224609375 0.485339197265625 0.4665389130859375 0.4893925234375 0.461726865234375 0.4880270029296875 0.4578425380859375 0.4788960947265625 0.456134994140625
1 0.4933085166015625 0.470867521484375 0.487065185546875 0.4712089736328125 0.48515685546875 0.47250409375 0.4852839306640625 0.475510408203125 0.4873210546875 0.4772202119140625 0.49271221484375 0.4765409580078125 0.4951899912109375 0.47405823046875 0.4933085166015625 0.470867521484375
1 0.5100641513671875 0.492828328125 0.5017578916015625 0.4917054990234375 0.49708905859375 0.4939579375 0.497293876953125 0.496224576171875 0.4991753515625 0.49941528515625 0.504823431640625 0.500506962890625 0.50804794921875 0.4993501796875 0.5119975634765624 0.4955248837890625 0.5100641513671875 0.492828328125
1 0.5324085908203126 0.48270694921875 0.5249024013671875 0.48241762890625 0.5229405791015626 0.4842067392578125 0.5229899111328125 0.487952728515625 0.52585168359375 0.490247248046875 0.5297986923828125 0.4906620947265625 0.5329972421875 0.489752388671875 0.53519245703125 0.4857426982421875 0.5324085908203126 0.48270694921875
1 0.5227727490234375 0.7557658876953125 0.5204790322265626 0.7522820439453125 0.50296395703125 0.750192900390625 0.5007704599609375 0.754201201171875 0.5022641064453125 0.7568515361328125 0.5084555 0.757004236328125 0.51363695703125 0.7625355224609375 0.5175320283203125 0.7634445224609375 0.5202925302734375 0.7624872041015625 0.5227727490234375 0.7557658876953125
1 0.6203250458984375 0.915897912109375 0.6154782509765625 0.9113978818359375 0.6046422763671875 0.91325193359375 0.603659701171875 0.9183851591796875 0.60654883203125 0.9204343193359374 0.614337583984375 0.9222506025390625 0.6183363671875 0.9221728505859375 0.6203485732421875 0.9198894248046875 0.6203250458984375 0.915897912109375
0 0.8494265048828125 1 0.84220650390625 0.98984279296875 0.837285294921875 0.9776050966796875 0.829243279296875 0.965537431640625 0.82695200390625 0.9578149990234375 0.8329445126953124 0.942983576171875 0.83381115625 0.9136462646484375 0.8367789189453125 0.91071699609375 0.8472519833984375 0.9123157998046875 0.855948009765625 0.9054999443359375 0.8618134423828125 0.88766220703125 0.87237018359375 0.8758038505859375 0.8772713583984375 0.875571138671875 0.88292187890625 0.8724242265625 0.8884479287109375 0.8620308583984375 0.8885046328125 0.8361842568359374 0.8927697158203125 0.8335578798828125 0.898883529296875 0.8344487021484375 0.90252184375 0.833585216796875 0.9050240361328125 0.83085525 0.90711798046875 0.8235937216796875 0.9050634267578125 0.8051733662109375 0.91388824609375 0.8013624345703125 0.9143288984375 0.7971699033203125 0.91048820703125 0.7915281611328125 0.906419005859375 0.7796298203125 0.915785748046875 0.7748781943359375 0.9190646455078125 0.7689886689453125 0.9184744404296875 0.76194306640625 0.914970689453125 0.753095544921875 0.91180038671875 0.7495211396484375 0.910694064453125 0.743170708984375 0.9185631640625 0.740007173828125 0.9202915947265625 0.7404386455078125 0.9217643193359375 0.73485732421875 0.911093923828125 0.7182745595703125 0.90539512109375 0.713435173828125 0.9035394521484374 0.7099989423828125 0.903464314453125 0.706498474609375 0.9096581484375 0.7024125869140625 0.9096098671875 0.6944262900390625 0.8986776689453125 0.6845497724609375 0.894142009765625 0.6770894853515625 0.897988798828125 0.670012189453125 0.897578998046875 0.6654804658203125 0.8878343583984375 0.6527358076171875 0.888199873046875 0.64504280859375 0.88503062109375 0.6372280966796875 0.880596068359375 0.633021201171875 0.876367888671875 0.6310811083984375 0.86976758203125 0.6221579306640626 0.8671886982421875 0.621387267578125 0.8444564189453125 0.58458448828125 0.8491527744140625 0.58208513671875 0.8415193388671875 0.5766684892578126 0.80784770703125 0.5448259716796875 0.7799426845703125 0.5319165078125 0.7786564609375 0.5272926689453125 0.7671281240234376 0.523088033203125 0.76294772265625 0.5248937666015625 0.7480132490234375 0.523573896484375 0.7429057021484375 0.521539806640625 0.7389342783203126 0.52137219921875 0.7356588740234375 0.5187828291015625 0.7165180302734375 0.5195157685546875 0.7033381181640626 0.5183787392578125 0.700371244140625 0.517069255859375 0.6911366240234375 0.5163484638671875 0.6885835458984375 0.51533227734375 0.6818502294921875 0.516120271484375 0.6733665107421875 0.5124854443359375 0.657167787109375 0.510533083984375 0.653270111328125 0.5138642265625 0.6440614599609376 0.5128963583984375 0.6343652646484375 0.5081364423828125 0.6294639267578125 0.5083707080078125 0.6239974658203125 0.505551048828125 0.62335271875 0.5032397431640625 0.6112047158203125 0.5007154775390625 0.608369076171875 0.498172328125 0.5929195361328125 0.4933073232421875 0.5839512509765625 0.4928627587890625 0.5668689677734375 0.4880759521484375 0.5627171396484375 0.4853944658203125 0.549872615234375 0.4810514931640625 0.5465468271484375 0.478956439453125 0.52160607421875 0.4715966025390625 0.5093292783203125 0.4660674140625 0.503681361328125 0.464974181640625 0.4964838662109375 0.4659631943359375 0.4903207197265625 0.4613263818359375 0.473530740234375 0.4565687255859375 0.471830720703125 0.4516515888671875 0.4644542119140625 0.450128439453125 0.45375296484375 0.4422699296875 0.448903564453125 0.44201004296875 0.4459900185546875 0.440208123046875 0.4416074033203125 0.4355070751953125 0.4190924892578125 0.4261586640625 0.413235595703125 0.4270387734375 0.40673462109375 0.4298464921875 0.389038091796875 0.42948377734375 0.383983873046875 0.426957251953125 0.380603705078125 0.4295949404296875 0.3757787197265625 0.4290878134765625 0.3766776181640625 0.437411748046875 0.37995058203125 0.4442397080078125 0.37911251171875 0.4690897998046875 0.3760593544921875 0.4854776201171875 0.3684161591796875 0.4991378955078125 0.3638151396484375 0.5176065693359375 0.359867080078125 0.5214320283203125 0.358058302734375 0.5259803759765626 0.3580039228515625 0.5307131181640625 0.35583639453125 0.534474341796875 0.3584128359375 0.53948359375 0.356012802734375 0.5412266455078125 0.350105525390625 0.5426010712890625 0.3423636650390625 0.5487693671875 0.3346117109375 0.5718951279296876 0.330611876953125 0.5762131865234374 0.3264314755859375 0.578018919921875 0.3068649677734375 0.60389353125 0.299174880859375 0.609569228515625 0.2890873662109375 0.6127478330078125 0.28201450390625 0.6209817490234375 0.2624554833984375 0.6341390390625 0.2611542841796875 0.65494984375 0.26135821484375 0.661455234375 0.2660728876953125 0.6714276826171875 0.27097162109375 0.67543355859375 0.2723395830078125 0.675079296875 0.2761122392578125 0.6771380498046875 0.275483916015625 0.6789007783203125 0.2690606845703125 0.680968822265625 0.2687495498046875 0.683929078125 0.2822815537109375 0.702807916015625 0.2833101328125 0.7098980224609375 0.28671261328125 0.71549370703125 0.2889521142578125 0.72370873828125 0.3017708330078125 0.7282972333984375 0.3105805126953125 0.7499224990234375 0.317127328125 0.7593396650390625 0.321227380859375 0.7625137509765625 0.324710373046875 0.7631280625 0.3292251103515625 0.762356693359375 0.344615224609375 0.7804331728515626 0.346678154296875 0.7818974541015625 0.3564015390625 0.7842909990234375 0.3631547197265625 0.79385240234375 0.368570796875 0.7971663779296875 0.3818536962890625 0.8015538544921875 0.38600308203125 0.8084739296875 0.393556 0.8167493837890625 0.4656562724609375 0.864726865234375 0.47834359375 0.8705505791015625 0.486624048828125 0.8719189306640625 0.49113894921875 0.8711460068359375 0.5047537421875 0.8808064365234375 0.5057830458984375 0.88365934375 0.52326710546875 0.8944742958984375 0.52760055078125 0.89542780078125 0.529870904296875 0.8949185771484375 0.613844994140625 0.926937287109375 0.6199846123046875 0.9275825869140625 0.6239325087890625 0.923758681640625 0.6296842998046875 0.923863607421875 0.6335275966796875 0.92526520703125 0.6521981630859375 0.9374523251953125 0.6754078818359375 0.9486208330078125 0.682836328125 0.9496498291015625 0.7706805712890625 0.9785843095703125 0.801430447265625 1 0.8494265048828125 1
1 0.1264426611328125 0.519342962890625 0.1212069873046875 0.5185428662109375 0.115247935546875 0.520409890625 0.1152712998046875 0.52440295703125 0.121537994140625 0.5280545712890625 0.12940465234375 0.529129625 0.1336626337890625 0.5265857705078125 0.13319950390625 0.522546482421875 0.1264426611328125 0.519342962890625
1 0.0177357568359375 0.5286151669921875 0.01182692578125 0.5299894287109375 0.0097889140625 0.5325183779296875 0.010406138671875 0.5350765966796875 0.0141716923828125 0.5372178720703125 0.0198196083984375 0.538311103515625 0.0260369697265625 0.538216728515625 0.030811068359375 0.534977701171875 0.026376515625 0.5307708056640625 0.0177357568359375 0.5286151669921875
1 0.230730515625 0.5774372587890625 0.2245908974609375 0.576791958984375 0.2208763935546875 0.578395283203125 0.2214416796875 0.5814476552734374 0.2239168515625 0.5832050712890625 0.2295924541015625 0.5840498359375 0.23281697265625 0.582893052734375 0.2344442958984375 0.5800711337890625 0.230730515625 0.5774372587890625
1 0.2651921064453125 0.578564400390625 0.2611429404296875 0.57913646875 0.258149208984375 0.582312814453125 0.258869982421875 0.5838858349609375 0.2621973251953125 0.585981052734375 0.2683094208984375 0.586873265625 0.2717155576171875 0.5839885009765625 0.271228013671875 0.580196453125 0.2651921064453125 0.578564400390625
1 0.165600958984375 0.5685965615234375 0.161397193359375 0.566409228515625 0.15858491796875 0.5678591455078125 0.1586861884765625 0.571110982421875 0.16031090625 0.5725292060546875 0.1642838837890625 0.5726969765625 0.1653417607421875 0.5710626650390624 0.165600958984375 0.5685965615234375
1 0.3622695556640625 0.51545038671875 0.3640040830078125 0.5031628193359375 0.3547928271484375 0.5064350947265625 0.3532165537109375 0.51300161328125 0.35837187890625 0.5187815302734375 0.3622695556640625 0.51545038671875
1 0.3533385830078125 0.52448666015625 0.34526222265625 0.529622146484375 0.3427325087890625 0.5325990263671875 0.3427040986328125 0.5370846923828125 0.3444560556640625 0.5415076767578125 0.3479129150390625 0.542370619140625 0.3502352060546875 0.5413672431640625 0.35446826953125 0.5348301572265625 0.3571818798828125 0.525888259765625 0.355557162109375 0.5244700361328125 0.3533385830078125 0.52448666015625
1 0.322316234375 0.4568845478515625 0.3099088701171875 0.4568279404296875 0.3062186171875 0.458185578125 0.306399021484375 0.46069945703125 0.3088459462890625 0.466940984375 0.3126115 0.469082259765625 0.3227767578125 0.4651639794921875 0.3264680615234375 0.4595660341796875 0.3253333291015625 0.45770126953125 0.322316234375 0.4568845478515625
1 0.3748195078125 0.43821410546875 0.371262931640625 0.4340994892578125 0.3647604033203125 0.4369070458984375 0.3646542490234375 0.44213238671875 0.3662529990234375 0.4437976865234375 0.3735257958984375 0.446307587890625 0.374893921875 0.4459517724609375 0.3748195078125 0.43821410546875
1 0.3362111357421875 0.42592674609375 0.333581365234375 0.4214099287109375 0.331336818359375 0.42167362890625 0.3321605791015625 0.4264970966796875 0.3362111357421875 0.42592674609375
1 0.14291136328125 0.400621857421875 0.13904209765625 0.399467333984375 0.1366680322265625 0.4009633095703125 0.1369263427734375 0.4027359580078125 0.1384199892578125 0.40538629296875 0.1437089912109375 0.405693955078125 0.14291136328125 0.400621857421875
1 0.0346684755859375 0.409694595703125 0.0317535380859375 0.407890958984375 0.0276264658203125 0.4092042568359375 0.0279351591796875 0.41048258984375 0.0294043916015625 0.4133801640625 0.0315192578125 0.4143502919921875 0.0346684755859375 0.409694595703125
1 0.1077736484375 0.5071560087890625 0.1054773271484375 0.50791230859375 0.1050884482421875 0.511612240234375 0.107563783203125 0.5133681025390625 0.1121044892578125 0.51234965625 0.1124933681640625 0.5086497236328125 0.1077736484375 0.5071560087890625
0 0 0.7222187177734375 0.013816833984375 0.7219741435546875 0.018873658203125 0.720260525390625 0.0209132236328125 0.717731740234375 0.053083375 0.7111380029296875 0.059248962890625 0.7115362265625 0.063196859375 0.7077123212890625 0.073206794921875 0.705271837890625 0.0873166201171875 0.7060069931640625 0.1039066640625 0.70002083203125 0.109635091796875 0.69613269140625 0.1157747099609375 0.6967779912109375 0.1301437333984375 0.69504704296875 0.1423745263671875 0.688352900390625 0.144052232421875 0.6850366650390625 0.1602793662109375 0.682503359375 0.164433798828125 0.6809447021484375 0.1683299208984375 0.677613396484375 0.17382479296875 0.6759473896484375 0.2401370126953125 0.644013341796875 0.2584073681640625 0.63047080078125 0.2740936298828125 0.6246378837890625 0.2884183671875 0.610682212890625 0.2985578193359375 0.607009455078125 0.3028402158203125 0.604218359375 0.31383672265625 0.592406224609375 0.32233053515625 0.5790835869140625 0.3295289189453125 0.573855822265625 0.3346918955078125 0.56691686328125 0.3361930302734375 0.5568498759765625 0.344531193359375 0.5450081435546875 0.3423955673828125 0.5358048056640625 0.3491090126953125 0.522544849609375 0.3490337109375 0.5190459365234374 0.3543755380859375 0.5146206923828125 0.35455959765625 0.50865412109375 0.359411439453125 0.5046754189453125 0.3639781142578125 0.503409896484375 0.3695040009765625 0.4930180810546875 0.372578080078125 0.4848619169921875 0.375611365234375 0.456002134765625 0.3734220849609375 0.4472943408203125 0.3652728642578125 0.4446923232421875 0.3648097353515625 0.44065303515625 0.36767394921875 0.43870896484375 0.37064082421875 0.44001844921875 0.371312263671875 0.4378454794921875 0.369174033203125 0.43288228515625 0.3706960908203125 0.4310469541015625 0.3703382275390625 0.4260210771484375 0.366201744140625 0.4189782412109375 0.3663209638671875 0.413628583984375 0.3608344677734375 0.398338515625 0.352123453125 0.3842052314453125 0.3430478125 0.3735261923828125 0.337039427734375 0.3716472265625 0.3279353759765625 0.365453853515625 0.3164328447265625 0.3610036962890625 0.304258873046875 0.3587265078125 0.2935825439453125 0.3548612275390625 0.2923726728515625 0.3494959951171875 0.2947491796875 0.3437614306640625 0.2984378779296875 0.34240362890625 0.299625435546875 0.33953548828125 0.298388544921875 0.338657638671875 0.29098623046875 0.3373800126953125 0.2651120712890625 0.3389009453125 0.2641070185546875 0.3358023525390625 0.2598774482421875 0.3338605419921875 0.253430689453125 0.331937072265625 0.2438082421875 0.33067590625 0.2410243759765625 0.327640158203125 0.226323294921875 0.32409970703125 0.1841493046875 0.320414888671875 0.175044365234375 0.3184602685546875 0.1682591123046875 0.3197424150390625 0.1582258125 0.31818983203125 0.152394724609375 0.31882441796875 0.144038244140625 0.3181943515625 0.1225752734375 0.31992911328125 0.116643078125 0.3173103095703125 0.0770479716796875 0.314396154296875 0.06709013671875 0.316340931640625 0.061364314453125 0.3159889287109375 0.0407259921875 0.3183084052734375 0.0359543349609375 0.31730884375 0.0263308369140625 0.320287984375 0.0220235234375 0.319085849609375 0.019312353515625 0.3237891572265625 0.0092351318359375 0.407021443359375 0 0.50732246484375 0 0.7222187177734375
1 0.4992278134765625 0.3976727880859375 0.49285651953125 0.3992466787109375 0.4893193115234375 0.4033635546875 0.4884402841796875 0.40751158203125 0.4911723759765625 0.4110399296875 0.495350171875 0.4134743388671875 0.4997094228515625 0.4141823203125 0.5033738701171875 0.413070205078125 0.5082759326171875 0.408598740234375 0.508820296875 0.4034194560546875 0.5082292041015625 0.4006126064453125 0.504929220703125 0.3982720302734375 0.4992278134765625 0.3976727880859375
1 0.3799488154296875 0.300844615234375 0.37698194140625 0.2995351318359375 0.373370986328125 0.3001532578125 0.3734980615234375 0.303159572265625 0.376307896484375 0.3059482431640625 0.3803326474609375 0.3056234150390625 0.3799488154296875 0.300844615234375
1 0.392592013671875 0.294442052734375 0.386970791015625 0.2888645458984375 0.382481859375 0.289390392578125 0.38384754296875 0.293273166015625 0.38931400390625 0.2960928251953125 0.392592013671875 0.294442052734375
1 0.583735974609375 0.344458533203125 0.5807188798828125 0.3436418115234375 0.5775201669921874 0.344553072265625 0.5770275771484376 0.349239755859375 0.580353365234375 0.351334810546875 0.5844558603515625 0.350270306640625 0.5853608564453125 0.3458752021484375 0.583735974609375 0.344458533203125
1 0.65393020703125 0.4358778828125 0.649905455078125 0.4362027109375 0.6470154365234375 0.4383923046875 0.64714251171875 0.441398619140625 0.6504179169921875 0.4439879892578125 0.6566094736328125 0.4441391357421875 0.6595772353515625 0.4412098671875 0.65901039453125 0.43815733203125 0.65393020703125 0.4358778828125
1 0.5852454765625 0.4693080703125 0.5796477802734376 0.467722076171875 0.5758553701171875 0.4700666298828125 0.5756219775390625 0.4722872109375 0.5779676328125 0.4752769013671875 0.5831775009765625 0.476322521484375 0.586739123046875 0.4719584052734375 0.5852454765625 0.4693080703125
1 0.5972256103515625 0.44812240234375 0.59211701171875 0.4503286201171875 0.589226830078125 0.4525197666015625 0.589636630859375 0.457051490234375 0.5958022177734374 0.4574497138671875 0.6008330732421875 0.4559831728515625 0.6032331064453125 0.4542401201171875 0.6019712978515624 0.449369041015625 0.5972256103515625 0.44812240234375
1 0.6871723369140625 0.4528377265625 0.684876015625 0.4535940263671875 0.6822425888671875 0.4575576591796875 0.682162404296875 0.462535923828125 0.6844043466796875 0.4665123671875 0.6904920283203125 0.4676518193359375 0.6945687177734375 0.4668328388671875 0.6991882177734375 0.46083441015625 0.6987524482421875 0.4565497626953125 0.6962772763671875 0.45479234765625 0.6871723369140625 0.4528377265625
1 0.6784686591796875 0.4723724580078125 0.6737229716796875 0.4711258193359375 0.6673499599609375 0.4727011005859375 0.6672453603515625 0.47792660546875 0.6723255478515625 0.4802060537109375 0.67769090234375 0.479772322265625 0.679681134765625 0.473497546875 0.6784686591796875 0.4723724580078125
1 0.7647415126953125 0.4993962783203125 0.76084644140625 0.4984872783203125 0.758111908203125 0.4991975205078125 0.757232880859375 0.5033455478515625 0.7600686845703125 0.505887142578125 0.7641194052734375 0.50531523828125 0.7647415126953125 0.4993962783203125
1 0.7500644833984375 0.39859899609375 0.7436681083984376 0.3961812099609375 0.7365483544921875 0.396430546875 0.7359262470703125 0.402349505859375 0.7427313720703125 0.4135393212890625 0.746521177734375 0.4154349111328125 0.7517828203125 0.415987931640625 0.7541051103515625 0.4149845556640625 0.7558621142578125 0.4109288076171875 0.7500644833984375 0.39859899609375
1 0.830621103515625 0.4040728798828125 0.82484334375 0.4042150302734375 0.8219792939453126 0.406157546875 0.8238867373046875 0.4091011796875 0.8254839326171876 0.41076631640625 0.8321396689453125 0.4107164443359375 0.8350814619140625 0.408034251953125 0.8335864248046875 0.4053822001953125 0.830621103515625 0.4040728798828125
1 1 0.29916133203125 0.9981931123046875 0.2987400244140625 0.993419013671875 0.3019790517578125 0.99352012109375 0.3052324423828125 0.997233900390625 0.3078663173828125 1 0.3081570458984375 1 0.29916133203125
1 0.498903580078125 0.227808361328125 0.4945716884765625 0.2268550205078125 0.4909851474609375 0.22722590625 0.490054345703125 0.231866533203125 0.491679064453125 0.233284755859375 0.4986692998046875 0.2342676943359375 0.5007850546875 0.2309990703125 0.498903580078125 0.227808361328125
1 0.4222545771484375 0.2484312080078125 0.418307568359375 0.2480163603515625 0.4164250419921875 0.2490659580078125 0.4163706630859375 0.2537987001953125 0.4198001640625 0.254907001953125 0.426017525390625 0.2548126259765625 0.425994162109375 0.2508195595703125 0.4222545771484375 0.2484312080078125
1 0.50720583203125 0.18678583203125 0.5026391572265625 0.1880513544921875 0.49879497265625 0.1908885078125 0.4989997919921875 0.193155146484375 0.5018096259765625 0.195943818359375 0.5062985576171875 0.1954179716796875 0.5110466875 0.1924260205078125 0.51275175390625 0.18886442578125 0.50720583203125 0.18678583203125
1 0.405166208984375 0.36883268359375 0.4010651044921875 0.3698989052734375 0.3985095849609375 0.3731213076171875 0.39912680859375 0.37567952734375 0.40080346484375 0.37660359765625 0.4067365478515625 0.3749836494140625 0.40973044140625 0.37180575 0.4095254599609375 0.3695406650390625 0.405166208984375 0.36883268359375
1 0.925779453125 0.5068451328125 0.9184289130859375 0.5050749072265625 0.9112314169921875 0.5060639189453126 0.910247123046875 0.51119853515625 0.913239966796875 0.512260943359375 0.9306004423828125 0.5115906845703125 0.925779453125 0.5068451328125
0 1 0.1254239892578125 0.998671390625 0.125470517578125 0.89897253515625 0.1207278564453125 0.782117298828125 0.1231592900390625 0.7648840615234375 0.12683430859375 0.7526583154296875 0.12504971875 0.744222375 0.1251607177734375 0.731299056640625 0.125797728515625 0.7119509521484375 0.1285026181640625 0.699595525390625 0.127951857421875 0.68576826171875 0.1287436650390625 0.6819483291015624 0.1313351318359375 0.6771768359375 0.130334015625 0.666420158203125 0.1314485546875 0.6551201669921874 0.1335020712890625 0.647715248046875 0.136464587890625 0.6387373837890625 0.1375162822265625 0.6143868359375 0.1372020478515625 0.5418933154296875 0.1520259306640625 0.5387205712890625 0.1526901142578125 0.5334045498046875 0.1568698359375 0.5212799111328125 0.15833863671875 0.49024033203125 0.171037119140625 0.4312334794921875 0.1967554228515625 0.421324814453125 0.202447744140625 0.4186915517578125 0.206409822265625 0.4042186533203125 0.209129076171875 0.4002950078125 0.2127072958984375 0.3911098837890625 0.2157309404296875 0.38793453515625 0.220635267578125 0.379344662109375 0.22222578125 0.3616681669921875 0.234333474609375 0.3566373125 0.235800015625 0.352558181640625 0.2408575869140625 0.347449583984375 0.2430638037109375 0.3447903515625 0.247272958984375 0.33924354296875 0.2494331181640625 0.3389324072265625 0.252393375 0.332740126953125 0.2564794267578125 0.3275252119140625 0.2639125390625 0.3245548447265625 0.2710819501953125 0.3241115869140625 0.279514625 0.3273043662109375 0.291320849609375 0.335194224609375 0.2963905244140625 0.3369979560546875 0.3003209091796875 0.340685767578125 0.303201859375 0.345817892578125 0.3049871552734375 0.3483439501953125 0.310490724609375 0.359924224609375 0.31420120703125 0.3653155478515625 0.3135203994140625 0.3675832958984375 0.3172513193359375 0.3715045 0.317911689453125 0.373437748046875 0.320609798828125 0.370056189453125 0.3232457705078125 0.3706748046875 0.3258057060546875 0.3774082841796875 0.3250161591796875 0.383079564453125 0.33010245703125 0.383154865234375 0.33360137109375 0.378898275390625 0.336146943359375 0.364091041015625 0.337831833984375 0.3583845869140625 0.34571132421875 0.35623781640625 0.3577057568359375 0.3565947919921875 0.36697038671875 0.3594773232421875 0.377498115234375 0.364556623046875 0.38401631640625 0.3815738974609375 0.3992724306640625 0.3956010966796875 0.4092244404296875 0.4108690185546875 0.4158174267578125 0.413678853515625 0.4186060986328125 0.4280170244140625 0.42559940625 0.431704671875 0.4284819111328125 0.4644057666015625 0.4421436962890625 0.471781388671875 0.4479055986328125 0.477299787109375 0.4502311044921875 0.4963083447265625 0.45497213671875 0.501955373046875 0.46030412109375 0.5096663818359375 0.4628600810546875 0.513379998046875 0.4654955087890625 0.5320774208984375 0.4731967978515625 0.5736526669921875 0.4867936416015625 0.582036833984375 0.4871752412109375 0.618119650390625 0.498199501953125 0.618041744140625 0.4989407314453125 0.625366478515625 0.50095648046875 0.630781166015625 0.5042687392578125 0.6352959033203125 0.503497369140625 0.63864921484375 0.505345509765625 0.6662995830078124 0.508001875 0.688920650390625 0.5121249443359375 0.7187132451171875 0.515506078125 0.7399168544921875 0.5162389736328125 0.743579748046875 0.5151266953125 0.747861255859375 0.5165743525390625 0.750829017578125 0.5136450830078125 0.7761612548828125 0.5130648447265626 0.7870205927734375 0.515203859375 0.8108809921875 0.515966189453125 0.8292991826171875 0.5136631728515625 0.865363681640625 0.512215634765625 0.8966523642578125 0.5140085146484376 0.9165164228515625 0.5106100068359375 0.9642372216796875 0.512134666015625 0.968365685546875 0.5108230849609375 0.9799743701171875 0.5100479013671875 0.9829682646484375 0.5068700029296875 0.9876126826171875 0.5048648046875 0.996409091796875 0.5055395380859375 0.9983951650390624 0.5035047421875 1 0.4956132822265625 1 0.1254239892578125
1 0.2632070302734375 0.036449642578125 0.2491491416015625 0.035220333984375 0.2473428056640625 0.035530091796875 0.2465392431640625 0.0431754794921875 0.247852826171875 0.047553958984375 0.25066266015625 0.050342630859375 0.26164907421875 0.0554879609375 0.269437826171875 0.057304244140625 0.277565236328125 0.055913357421875 0.2855120791015625 0.052010146484375 0.288585994140625 0.043855537109375 0.2867822626953125 0.03992515234375 0.2721055966796875 0.0361374609375 0.2632070302734375 0.036449642578125
1 0.348553625 0.0553948876953125 0.344608169921875 0.054980203125 0.339113298828125 0.056646208984375 0.3392403740234375 0.0596525234375 0.342024240234375 0.0626882724609375 0.3471562021484375 0.0644751220703125 0.3531168076171875 0.0626082607421875 0.3539958349609375 0.0584602333984375 0.348553625 0.0553948876953125
1 0.283515748046875 0.0710039609375 0.280006951171875 0.070635171875 0.277090962890625 0.0730718408203125 0.2776564130859375 0.0761226591796875 0.279255162109375 0.0777879599609375 0.2867353837890625 0.0783243564453125 0.28918719140625 0.0760887060546875 0.288157724609375 0.0732373525390625 0.283515748046875 0.0710039609375
1 0.159718732421875 0.1268209833984375 0.15602848046875 0.1281786220703125 0.1556396015625 0.1318785537109375 0.1572902890625 0.133049701171875 0.1633779697265625 0.134189154296875 0.1666026513671875 0.1330308173828125 0.1674297412109375 0.1293769423828125 0.164103953125 0.127281888671875 0.159718732421875 0.1268209833984375
1 0.0606067529296875 0.137601265625 0.055809291015625 0.1368472265625 0.04837840234375 0.1400568193359375 0.0483240234375 0.1447895615234375 0.0514164189453125 0.1491051962890625 0.0552597158203125 0.1505067958984375 0.0650622275390625 0.1500398173828125 0.0689857099609375 0.1464631513671875 0.064732775390625 0.1405282744140625 0.0606067529296875 0.137601265625
1 0.2886740419921875 0.169553326171875 0.284806494140625 0.168397412109375 0.2816062265625 0.169308509765625 0.28157781640625 0.1737941748046875 0.28449275390625 0.1755978125 0.28929037890625 0.1763502978515625 0.291998943359375 0.1758871328125 0.2930827890625 0.174005744140625 0.2886740419921875 0.169553326171875
1 0.1925629306640625 0.1138141337890625 0.189003912109375 0.1139381064453125 0.18706805859375 0.1154801396484375 0.1876591513671875 0.1182869892578125 0.1913988994140625 0.120673787109375 0.1958099248046875 0.120889169921875 0.1967149208984375 0.11649406640625 0.1925629306640625 0.1138141337890625
1 0.2492619560546875 0.2112966904296875 0.2460632431640625 0.212207951171875 0.2443313212890625 0.2202553759765625 0.2473745478515625 0.220823466796875 0.2521979794921875 0.2213304296875 0.2598594921875 0.2201419521484375 0.261435041015625 0.2178126318359375 0.2592189033203125 0.2135906669921875 0.2545251533203125 0.211849875 0.2492619560546875 0.2112966904296875
1 0.16787684375 0.1630911796875 0.1593657646484375 0.1597017119140625 0.156708974609375 0.1596722783203125 0.156628626953125 0.1646520966796875 0.1599300009765625 0.166994390625 0.1638512041015625 0.1676547607421875 0.169887998046875 0.165048060546875 0.16787684375 0.1630911796875
1 0.3219531220703125 0.1650698759765625 0.316149556640625 0.1654575498046875 0.3128975146484375 0.16686124609375 0.3123529873046875 0.1720420830078125 0.3159890234375 0.1754156328125 0.320350716796875 0.171885025390625 0.3219531220703125 0.1650698759765625
0 0.0522192880859375 0 0.0422841083984375 0.1010121513671875 0.0403940947265625 0.1147790703125 0.037478107421875 0.117215740234375 0.037089228515625 0.120915671875 0.039230064453125 0.1216387236328125 0.0383461533203125 0.1342639296875 0.037285671875 0.140138384765625 0.035041287109375 0.1404005322265625 0.034548697265625 0.1450872158203125 0.037125138671875 0.15009646875 0.03523773046875 0.1596232451171875 0.035800412109375 0.166915759765625 0.03778576171875 0.1691181630859375 0.0446461533203125 0.171336484375 0.0512499521484375 0.171780765625 0.05514258203125 0.1769283544921875 0.10860574609375 0.1997543203125 0.1201600517578125 0.20371187890625 0.12511055859375 0.20722515625 0.1905167431640625 0.230310302734375 0.20653262109375 0.233987373046875 0.228380814453125 0.23703312890625 0.2337461689453125 0.2365993974609375 0.25183246484375 0.2290234287109375 0.25567576171875 0.2304250283203125 0.259366013671875 0.2290673896484375 0.277144666015625 0.21597278125 0.2802176943359375 0.212056923828125 0.2848607216796875 0.2100500078125 0.3002433359375 0.194460025390625 0.3115494248046875 0.179687470703125 0.3130965380859375 0.1691979755859375 0.3266259501953125 0.15857901171875 0.3389121728515625 0.1429118203125 0.3487505830078125 0.1252418544921875 0.353426904296875 0.1102720947265625 0.3703390634765625 0.080129458984375 0.386101666015625 0.027171365234375 0.3857990693359375 0.0131739931640625 0.3893632978515625 0.004569734375 0.3902001962890625 0 0.0522192880859375 0
1 0.1964479111328125 0.3299369814453125 0.194153142578125 0.3306934443359375 0.1922406533203125 0.3362285439453125 0.1935049033203125 0.3368610341796875 0.200443201171875 0.338338125 0.2036419140625 0.3374268642578125 0.2040825673828125 0.3332343330078125 0.2012209580078125 0.3309382607421875 0.1964479111328125 0.3299369814453125
1 0.434025560546875 0.381093033203125 0.4320144052734375 0.3791361533203125 0.428041427734375 0.3789683818359375 0.427445125 0.384641818359375 0.433198470703125 0.384746908203125 0.434025560546875 0.381093033203125
1 0.4788789775390625 0.1947811689453125 0.474724544921875 0.196339826171875 0.4716271015625 0.2005029228515625 0.4737913017578125 0.2052190419921875 0.48171217578125 0.2015629072265625 0.482539265625 0.197909033203125 0.4788789775390625 0.1947811689453125
1 0.248547671875 0.5428995205078125 0.246202017578125 0.539909830078125 0.239803201171875 0.5417306328125 0.2384859619140625 0.5458326025390625 0.2452428056640625 0.5490361220703125 0.2476168701171875 0.547540146484375 0.248547671875 0.5428995205078125
1 0.63060595703125 0.248634408203125 0.6270737958984375 0.2442725517578125 0.62297269140625 0.2453387734375 0.6225580078125 0.2492842275390625 0.625728146484375 0.2528601875 0.6294963056640624 0.2507613193359375 0.63060595703125 0.248634408203125
1 0.207183814453125 0.07594906640625 0.204139197265625 0.0753792578125 0.199626013671875 0.076150791015625 0.1983072216796875 0.08025259765625 0.199750484375 0.0833972490234375 0.2051158388671875 0.082963517578125 0.2077750703125 0.0787543623046875 0.207183814453125 0.07594906640625
1 0.04328932421875 0.10410919140625 0.040915095703125 0.105606720703125 0.0407078359375 0.1075786708984375 0.0384632880859375 0.10784237109375 0.0379448916015625 0.112774578125 0.0421226884765625 0.11520898828125 0.0474101357421875 0.115516486328125 0.049810169921875 0.1137734345703125 0.0507409716796875 0.1091328076171875 0.048138560546875 0.1043706318359375 0.04328932421875 0.10410919140625
1 0.19293562109375 0.3380470869140625 0.187287541015625 0.3369554091796875 0.184114796875 0.33761959375 0.183003591796875 0.3397463408203125 0.1867431767578125 0.342134693359375 0.1924170615234375 0.3429808486328125 0.1984036357421875 0.34086691015625 0.19293562109375 0.3380470869140625
1 0.605782337890625 0.2148530126953125 0.602842986328125 0.213296615234375 0.5984059921875 0.2133283095703125 0.59799114453125 0.217275318359375 0.6016254638671875 0.2206502587890625 0.6052379736328125 0.2200322958984375 0.6071997958984375 0.2182431865234375 0.605782337890625 0.2148530126953125
1 0.2051533427734375 0.40741355859375 0.2011026220703125 0.4079854638671875 0.1991667685546875 0.4095274970703125 0.198261935546875 0.413921046875 0.200350833984375 0.415138251953125 0.206827556640625 0.41257621875 0.2051533427734375 0.40741355859375
0 0.65325698046875 1 0.6480260703125 0.99003238671875 0.637475138671875 0.9857812255859375 0.635510537109375 0.974576990234375 0.60966284375 0.9514359013671875 0.6075349169921875 0.941785607421875 0.5849584296875 0.9174172294921875 0.45728328515625 0.861578150390625 0.443050486328125 0.847513369140625 0.4231759111328125 0.84228225390625 0.3798242119140625 0.8063036728515625 0.3498886826171875 0.7921595751953125 0.305888373046875 0.7922482763671875 0.2545290205078125 0.8025612578125 0.2211636513671875 0.82104991015625 0.220183697265625 0.830373552734375 0.5869469541015625 1 0.65325698046875 1
0 0 0.9502020224609375 0.199105294921875 0.97112883203125 0.2768769423828125 0.9337408671875 0.319645271484375 0.900529439453125 0.33027551953125 0.8890778701171875 0.331582125 0.8766463466796875 0.311133564453125 0.8619282626953125 0.2732650078125 0.8485214765625 0.2128246552734375 0.8405978330078125 0.1011882763671875 0.84143323046875 0 0.8521592353515625 0 0.9502020224609375
0 0.9486309150390625 1 0.9751279658203125 0.747897404296875 0.926143875 0.780455529296875 0.9155183193359375 0.821758619140625 0.9003102578125 0.8468690009765625 0.902111533203125 0.85962717578125 0.8824049765625 0.882693640625 0.867766208984375 0.887439470703125 0.858937236328125 0.91164921484375 0.8407006103515625 0.9207302158203124 0.8302383798828125 0.9604793642578126 0.852632400390625 1 0.9486309150390625 1
0 0.1342964765625 0.2274681142578125 0.097244548828125 0.2062916259765625 0.0306677509765625 0.18201194921875 0.0208682080078125 0.275248376953125 0.07575079296875 0.3061544765625 0.173485716796875 0.3179979375 0.2126608798828125 0.31897319921875 0.2226378251953125 0.3137373916015625 0.1991607001953125 0.2829899267578125 0.1342964765625 0.2274681142578125
1 0.1152624423828125 0.8869034716796875 0.0902360693359375 0.885844201171875 0.078541857421875 0.892470623046875 0.07633461328125 0.8985230595703125 0.080996435546875 0.8990130361328125 0.1152624423828125 0.8869034716796875
1 0.3644528251953125 0.83296799609375 0.3565991142578125 0.8180025771484375 0.3427769755859375 0.814978705078125 0.3295288232421875 0.8214418017578125 0.3287121953125 0.82921150390625 0.3377091865234375 0.8332993388671875 0.3644528251953125 0.83296799609375
1 0.328469552734375 0.8464681748046875 0.328959529296875 0.841806353515625 0.31718130859375 0.8342839853515625 0.30597707421875 0.8362485869140625 0.3130934736328125 0.8432809775390625 0.328469552734375 0.8464681748046875
1 0.4676755830078125 0.8972347724609375 0.4531161328125 0.8862778720703125 0.4509088896484375 0.89233030859375 0.4676755830078125 0.8972347724609375
1 0.4518935361328125 0.912858185546875 0.4509928984375 0.90647909765625 0.432998916015625 0.898303427734375 0.4337362275390625 0.906236455078125 0.4518935361328125 0.912858185546875
1 0.521004228515625 0.9279775458984375 0.52787329296875 0.9224150869140625 0.511596576171875 0.91284880078125 0.5045641865234375 0.9199652001953125 0.5087360302734375 0.9251169990234375 0.521004228515625 0.9279775458984375
1 0.5241168017578125 0.958155716796875 0.5173270537109375 0.9480154453125 0.5064494697265625 0.946872166015625 0.5057961669921875 0.953087927734375 0.5241168017578125 0.958155716796875
1 0.3438503232421875 0.879506892578125 0.3401684560546875 0.8696932724609375 0.3308448134765625 0.868713318359375 0.3303548369140625 0.8733751396484375 0.3438503232421875 0.879506892578125
1 0.923900634765625 1 0.9339464228515625 0.990232798828125 0.9352530283203125 0.977801275390625 0.9199562666015625 0.95891134765625 0.899349072265625 0.975598724609375 0.902794189453125 1 0.923900634765625 1
1 0.9448146220703125 0.9316730390625 0.95061972265625 0.9212854326171875 0.946611205078125 0.914579693359375 0.932625740234375 0.9131097626953125 0.93066583203125 0.9317570478515625 0.9448146220703125 0.9316730390625
1 0.9580533896484374 0.86550690234375 0.9651650966796875 0.8426877724609375 0.94790842578125 0.8424451298828125 0.9313890673828125 0.850135515625 0.9347442822265625 0.863057015625 0.9580533896484374 0.86550690234375
1 0.966471703125 0.830256248046875 0.9700648681640625 0.79606955859375 0.945285830078125 0.80760513671875 0.9443058759765625 0.816928779296875 0.966471703125 0.830256248046875
1 0.4176134521484375 0.835413189453125 0.396838240234375 0.823802986328125 0.3907064873046875 0.8372984736328125 0.3983128642578125 0.83966904296875 0.4176134521484375 0.835413189453125
1 0.049497130859375 0.3018239990234375 0.0580834619140625 0.2948709248046875 0.0360809609375 0.279989515625 0.0250400517578125 0.28040017578125 0.022669482421875 0.288006552734375 0.029622556640625 0.2965928828125 0.049497130859375 0.3018239990234375
1 0.0903848681640625 0.2715571259765625 0.084985734375 0.2631341201171875 0.071326921875 0.25855630859375 0.07296487109375 0.272868423828125 0.0903848681640625 0.2715571259765625
1 0.202926576171875 0.3069523359375 0.2073410634765625 0.2948474638671875 0.1953995166015625 0.288879037109375 0.1871398369140625 0.2927242294921875 0.188040474609375 0.2991033173828125 0.202926576171875 0.3069523359375
1 0.132593287109375 0.3184132900390625 0.1187711484375 0.31538941796875 0.1212257265625 0.3219318310546875 0.132593287109375 0.3184132900390625