1 0.092547353515625 0.558668822265625 0.0765788515625 0.565703310546875 0.0740883994140625 0.5678958310546875 0.0741327109375 0.571150490234375 0.0749164775390625 0.579242259765625 0.0784022529296875 0.5834185107421875 0.12595422265625 0.583259326171875 0.1530882275390625 0.579344763671875 0.1747434345703125 0.58025471484375 0.1776108642578125 0.578607513671875 0.198151380859375 0.57413367578125 0.20017440625 0.5721324912109375 0.1998119296875 0.567840701171875 0.190728263671875 0.5622277802734374 0.1873030419921875 0.5575583583984375 0.180951388671875 0.5550294990234375 0.1743866259765625 0.5542234482421875 0.1684849873046875 0.5552477919921875 0.16454737109375 0.5547643134765625 0.1607734326171875 0.5565505126953125 0.1518088583984375 0.557198775390625 0.1259281474609375 0.5545216298828125 0.092547353515625 0.558668822265625
1 0.2419757412109375 0.57176782421875 0.2383242705078125 0.572569421875 0.2367385869140625 0.5746243056640625 0.2370391494140625 0.579407525390625 0.2389250146484375 0.58213896484375 0.251585095703125 0.5911899296875 0.25602033203125 0.5984801015625 0.269389400390625 0.6126163125 0.2792873828125 0.6188282509765625 0.2808106875 0.6245125146484375 0.2774735400390625 0.640844744140625 0.278890427734375 0.6437673291015625 0.2826481240234375 0.6457289609375 0.29023876171875 0.6454110322265625 0.295022333984375 0.6462486845703125 0.319621384765625 0.641273533203125 0.3249491796875 0.6376788466796875 0.3270183427734375 0.6316863466796875 0.327743845703125 0.6257775947265625 0.325527140625 0.618509521484375 0.319446046875 0.613764302734375 0.30642321484375 0.607667712890625 0.2918770771484375 0.595886859375 0.280425703125 0.5842356923828125 0.27253496875 0.57252268359375 0.2626977294921875 0.5658160234375 0.2551358173828125 0.56588717578125 0.244994173828125 0.568890796875 0.2419757412109375 0.57176782421875
1 0.3731135888671875 0.5891194697265625 0.3561049853515625 0.5937782431640625 0.3493889443359375 0.60144818359375 0.3484216064453125 0.6093265185546874 0.353173265625 0.617655181640625 0.3531269375 0.6216480478515625 0.359480142578125 0.6241770966796875 0.3680980166015625 0.6227369296875 0.380911392578125 0.6160643759765625 0.38389973828125 0.6134323828125 0.3853202783203125 0.6018630166015625 0.3804478916015625 0.594517595703125 0.3731135888671875 0.5891194697265625
1 0.212411958984375 0.486927833984375 0.2037956357421875 0.4883681923828125 0.1957516064453125 0.4923787021484375 0.19567519140625 0.496616603515625 0.1990522587890625 0.5125248671875 0.202069056640625 0.516892263671875 0.2087990478515625 0.51996818359375 0.2183679326171875 0.521642126953125 0.22558159375 0.52077887890625 0.2338975439453125 0.51455375 0.2367810244140625 0.5091602685546875 0.2391065224609375 0.4974517138671875 0.23648275390625 0.48988335546875 0.2181926796875 0.48688828125 0.212411958984375 0.486927833984375
1 0.2732809150390625 0.5338818193359375 0.2655390830078125 0.535431125 0.25840001171875 0.539302447265625 0.258536705078125 0.541817541015625 0.2596977236328125 0.5432084638671875 0.26651835546875 0.5455461767578125 0.2753620126953125 0.5458827060546875 0.2802524658203125 0.5422343203125 0.28117328515625 0.53835040234375 0.2784731015625 0.5350199453125 0.2732809150390625 0.5338818193359375
1 0.452734091796875 0.508688875 0.431663578125 0.5210947470703124 0.429021931640625 0.5245186455078125 0.4288562373046875 0.529496494140625 0.433065689453125 0.53500996875 0.4380144912109375 0.53811748828125 0.449090904296875 0.541975810546875 0.451867693359375 0.5410668154296875 0.464441060546875 0.52911787109375 0.47465939453125 0.51463018359375 0.4756106806640625 0.51049812890625 0.4744193857421875 0.5093537919921876 0.4692875625 0.5077240439453125 0.452734091796875 0.508688875
1 0.5700854736328125 0.5695755009765625 0.5643363896484375 0.569370208984375 0.554285576171875 0.571634072265625 0.55213980859375 0.5818660234375 0.5596856689453125 0.5855411513671875 0.571818234375 0.588028908203125 0.576752810546875 0.5876367333984375 0.5835438212890625 0.5829717646484375 0.5844359140625 0.579334623046875 0.581538673828125 0.573980693359375 0.578249955078125 0.5718279150390625 0.5700854736328125 0.5695755009765625
1 0.48155266796875 0.6176758486328126 0.4731619375 0.6208944541015625 0.4696456103515625 0.624210955078125 0.4703692880859375 0.6255481787109375 0.477748177734375 0.6269547998046875 0.4853243154296875 0.630383341796875 0.488854677734375 0.6305680869140625 0.4947549560546875 0.6295420009765625 0.4994194365234375 0.6241184697265625 0.4911198115234375 0.61935115234375 0.48155266796875 0.6176758486328126
1 0.360359013671875 0.436126251953125 0.3562989296875 0.436627375 0.3524962646484375 0.4386603505859375 0.3516055322265625 0.4422992333984375 0.3552712275390625 0.444997330078125 0.364114884765625 0.445333859375 0.3665146962890625 0.443879544921875 0.3657754326171875 0.439040884765625 0.360359013671875 0.436126251953125
1 0.37125185546875 0.4559546787109375 0.3588901298828125 0.4589360107421875 0.3535785771484375 0.4587828662109375 0.347464640625 0.4760240908203125 0.3635951865234375 0.478503705078125 0.371729390625 0.481002705078125 0.3846014951171875 0.481082955078125 0.39008184375 0.4762586318359375 0.39187753515625 0.472480560546875 0.3910189052734375 0.4686268828125 0.3849233955078125 0.46038351953125 0.3769403857421875 0.456653142578125 0.37125185546875 0.4559546787109375
1 0.18081916015625 0.357109998046875 0.1698152353515625 0.3707518916015625 0.1684267978515625 0.3748286962890625 0.169558900390625 0.3764679462890625 0.174386974609375 0.38055870703125 0.18493385546875 0.3851013466796875 0.2038280498046875 0.390420177734375 0.2082348349609375 0.3907109599609375 0.2118097001953125 0.3941488134765625 0.2187512490234375 0.3955017353515625 0.2267807783203125 0.3952376953125 0.23204801953125 0.3921361796875 0.243924525390625 0.3930938251953125 0.2512591025390625 0.39124578515625 0.2589865185546875 0.3861983349609375 0.260405232421875 0.3818749443359375 0.24920991796875 0.3717538876953125 0.2434771611328125 0.3605561494140625 0.2363546064453125 0.353433474609375 0.2320542373046875 0.35590437109375 0.218834072265625 0.355030474609375 0.201916109375 0.3589510419921875 0.184472181640625 0.3563085908203125 0.18081916015625 0.357109998046875
1 0.47433134765625 0.4051428525390625 0.4697432822265625 0.406328482421875 0.465578056640625 0.411314283203125 0.46461071875 0.4191926181640625 0.471852830078125 0.425328759765625 0.4793383271484375 0.4294955078125 0.4836240048828125 0.4307726328125 0.4920893232421875 0.4305621015625 0.5089024208984375 0.4238800458984375 0.513264978515625 0.413671552734375 0.5126624091796875 0.4113479853515625 0.5069278251953125 0.40739622265625 0.498069943359375 0.4035599990234375 0.49447902734375 0.4038684248046875 0.4893024267578125 0.406231734375 0.481333451171875 0.4060026025390625 0.477954091796875 0.40458803125 0.47433134765625 0.4051428525390625
1 0.6442150166015626 0.5591868720703125 0.63276181640625 0.5547816796875 0.625501828125 0.5596377939453125 0.62482265234375 0.5615536787109375 0.6312201689453125 0.567337388671875 0.6350974228515625 0.5683124873046875 0.6386898896484375 0.568004251953125 0.6449224521484375 0.564271927734375 0.6442150166015626 0.5591868720703125
0 0 0.6187664111328125 0.0028801552734375 0.6196236123046875 0.0116937255859375 0.62020517578125 0.0220306845703125 0.619226388671875 0.0338769140625 0.620430619140625 0.03822314453125 0.6212145732421875 0.0419204775390625 0.6236678251953125 0.057206619140625 0.62579345703125 0.0826054873046875 0.6251637939453125 0.08923061328125 0.6254782255859375 0.104365560546875 0.628835234375 0.1341409375 0.628742939453125 0.15455716015625 0.632499677734375 0.1664350263671875 0.633459064453125 0.25939090625 0.65786633984375 0.27650255078125 0.6632150302734375 0.28134667578125 0.6635595107421876 0.288364365234375 0.667920697265625 0.3264841435546875 0.6686026630859375 0.3383303720703125 0.6698068935546875 0.3508395341796875 0.6728430703125 0.3856262822265625 0.6681175986328125 0.403930666015625 0.667367751953125 0.42927099609375 0.659983734375 0.4392008916015625 0.6587046630859374 0.4434408974609375 0.65672538671875 0.4474101513671875 0.6569640205078126 0.4499310703125 0.65452336328125 0.453612626953125 0.6534767314453125 0.4689161806640625 0.6518578232421876 0.4876438701171875 0.6476604296875 0.49241340625 0.6449968359375 0.5009406396484375 0.644294875 0.5089844794921875 0.6402859150390625 0.63548404296875 0.6013448857421875 0.643576501953125 0.5788493681640625 0.64773134375 0.55587037109375 0.645061521484375 0.5450487138671875 0.648249216796875 0.5299465009765625 0.6485234287109375 0.5132381904296875 0.6464880048828126 0.504493705078125 0.642972142578125 0.5005624892578125 0.64083204296875 0.4890549638671875 0.6376324140625 0.4861637890625 0.6349180048828125 0.47933363671875 0.630496994140625 0.47554316015625 0.6276300302734374 0.46994264453125 0.6202972783203125 0.464544708984375 0.6156344326171875 0.46272381640625 0.612993251953125 0.458899998046875 0.607516279296875 0.4564785361328125 0.602778845703125 0.451649568359375 0.5947653681640624 0.448167328125 0.5708957470703125 0.425495611328125 0.5702931767578125 0.4231720439453125 0.566912267578125 0.4217572822265625 0.562793455078125 0.4155056015625 0.55097951953125 0.4068072587890625 0.5487770400390625 0.4030388798828125 0.5440522802734375 0.4017094169921875 0.536929259765625 0.401834458984375 0.5283289892578125 0.3995285361328125 0.5264429326171876 0.3967986484375 0.516648455078125 0.39334645703125 0.5113367119140625 0.39319486328125 0.4306198984375 0.366792408203125 0.4278593505859375 0.363953572265625 0.423105865234375 0.362870884765625 0.42017834765625 0.357763541015625 0.417145689453125 0.3571408740234375 0.4134784423828125 0.3544425869140625 0.386768017578125 0.3476634365234375 0.383132599609375 0.34471875390625 0.3528613447265625 0.3380029951171875 0.35251464453125 0.33721108984375 0.32046219921875 0.330526931640625 0.30211176171875 0.328023478515625 0.293102685546875 0.3254186318359375 0.278163244140625 0.32408490625 0.2756269296875 0.323022576171875 0.273045646484375 0.325954853515625 0.2554948369140625 0.327798439453125 0.235862654296875 0.3248873037109375 0.224242208984375 0.3254597705078125 0.22015184765625 0.326207478515625 0.2156701982421875 0.3301547880859375 0.208486814453125 0.3307714501953125 0.19214316015625 0.33001464453125 0.1569192626953125 0.3346848671875 0.121213521484375 0.3360482822265625 0.0974003369140625 0.3346230615234375 0.08934208203125 0.335133876953125 0.073826970703125 0.338475783203125 0.0539529541015625 0.3375342314453125 0.02515867578125 0.3404956025390625 0.019951798828125 0.343105498046875 0.0176568525390625 0.34732130078125 0 0.4911248251953125 0 0.6187664111328125
0 1 0.14221590625 0.99969739453125 0.1423097490234375 0.998986306640625 0.15171664453125 0.9968122783203125 0.15494765625 0.990428796875 0.1526651923828125 0.9904448486328125 0.1489189111328125 0.989691083984375 0.14782672265625 0.9874422763671875 0.1480512099609375 0.983502833984375 0.15481370703125 0.9828681611328125 0.159982701171875 0.9858847685546875 0.1643516484375 0.98339431640625 0.1665441689453125 0.9793055048828125 0.1672920673828125 0.9697528623046875 0.16187029296875 0.9706435947265625 0.1582314091796875 0.9691661533203125 0.15580199609375 0.86969211328125 0.1193496376953125 0.86987339453125 0.1178732255859375 0.8669919296875 0.1160191806640625 0.84829479296875 0.112723822265625 0.82431436328125 0.116276259765625 0.8241934453125 0.1172610517578125 0.826758486328125 0.11807660546875 0.82957776171875 0.12766824609375 0.835749685546875 0.1316737080078125 0.8373939072265625 0.1363731796875 0.840683986328125 0.13852769921875 0.84234243359375 0.146726865234375 0.8190852158203125 0.158864244140625 0.8152669658203126 0.157395783203125 0.8114932177734375 0.159180431640625 0.80761596484375 0.15820533203125 0.8034955166015625 0.159198076171875 0.7829869111328125 0.1561809033203125 0.7719565517578125 0.155575880859375 0.7687569228515625 0.15268470703125 0.764455193359375 0.1551538623046875 0.7521555732421875 0.1576422138671875 0.7501946533203125 0.1591504169921875 0.7451433779296875 0.1568646591796875 0.745078880859375 0.153774388671875 0.741925115234375 0.1541380654296875 0.7393903505859375 0.15307592578125 0.7375345712890625 0.1500994521484375 0.7328556748046875 0.1520248388671875 0.7253861455078126 0.1513564248046875 0.7220958759765626 0.14920345703125 0.714777349609375 0.1473052158203125 0.7088167080078125 0.148822921875 0.705405521484375 0.1476547451171875 0.7022519453125 0.1480168701171875 0.681692810546875 0.1779768466796875 0.65759916015625 0.312701033203125 0.6543632265625 0.3462867021484375 0.6481086689453125 0.38275094921875 0.643699783203125 0.39695230859375 0.6354623115234375 0.46765668359375 0.643655244140625 0.4769084873046875 0.6466876279296875 0.4847773203125 0.6491016650390625 0.4868227001953125 0.65706908984375 0.4870516416015625 0.6611433994140625 0.4900502138671875 0.6615056865234376 0.4943435546875 0.6655196328125 0.4978337470703125 0.6653221103515625 0.5030579912109375 0.670059544921875 0.5078869580078125 0.6687314716796875 0.511472142578125 0.6694852353515625 0.51256433203125 0.67514348828125 0.513509380859375 0.678403671875 0.515907384765625 0.67473432421875 0.52770123828125 0.678748080078125 0.5311929814453125 0.682656970703125 0.531923236328125 0.6846642197265626 0.5264221669921875 0.68824091015625 0.522614044921875 0.6998009921875 0.5225332001953125 0.71093776953125 0.5258999013671875 0.7141373984375 0.528791076171875 0.7156001484375 0.5349685107421875 0.72427519921875 0.54028095703125 0.729150962890625 0.5403805927734375 0.73560930859375 0.5384249658203125 0.7622598349609375 0.53844801953125 0.76826633984375 0.5401851640625 0.7716311982421875 0.54534620703125 0.774980279296875 0.5470073642578125 0.8331107685546875 0.551145974609375 0.8417428671875 0.553205501953125 0.8534826796875 0.5516480537109375 0.857256427734375 0.5498634052734375 0.8575588154296875 0.547400650390625 0.86130092578125 0.5458608466796875 0.8764835615234375 0.54522673046875 0.893278591796875 0.5495384814453125 0.9019267421875 0.5478517275390625 0.90818958203125 0.5438728173828125 0.917063515625 0.5439627607421875 0.92083590234375 0.54217637109375 0.9215612158203125 0.5362691708984375 0.9264356181640625 0.53636706640625 0.927432767578125 0.5354898623046875 0.9294097392578125 0.5302353779296874 0.939476328125 0.5314713994140625 0.9503715458984375 0.52956151953125 0.9523642939453125 0.5278069208984375 0.9592152021484375 0.5298980478515625 0.9572366796875 0.535152341796875 0.95378090625 0.5379756708984375 0.9655363046875 0.5399196591796875 0.9967927744140626 0.527764826171875 0.99890671484375 0.5177792705078125 1 0.5174314267578125 1 0.516123025390625 0.9978652529296875 0.515401814453125 0.995979197265625 0.51267192578125 0.9917855205078125 0.5106583369140625 1 0.4986376416015625 1 0.268955947265625 0.994031060546875 0.268051771484375 0.9936118720703125 0.2497596513671875 0.9937327900390625 0.248774859375 1 0.2493065146484375 1 0.14221590625
1 0.7811389013671876 0.1169728115234375 0.7707701142578125 0.118197994140625 0.7426084072265625 0.1304825126953125 0.74019226953125 0.1429292734375 0.7417759375 0.148121916015625 0.7524880478515625 0.154934423828125 0.7564875791015625 0.1549264716796875 0.7617247333984375 0.1520699912109375 0.76487830859375 0.1517078662109375 0.777917193359375 0.15405817578125 0.8074204580078125 0.1561820498046875 0.8164137578125 0.1552870107421875 0.827145296875 0.151107453125 0.83174786328125 0.1461753515625 0.8320057490234375 0.1404594873046875 0.826287216796875 0.132761443359375 0.81198446484375 0.1190111962890625 0.7811389013671876 0.1169728115234375
1 0.8806999287109375 0.1671789150390625 0.8800047021484375 0.1728410810546875 0.87362113671875 0.1778032314453125 0.873635171875 0.1813044775390625 0.8775121494140625 0.1895257421875 0.8777822451171875 0.1945570986328125 0.884284626953125 0.203102296875 0.9095604775390626 0.2179495673828125 0.9338110029296876 0.2194284873046875 0.9634498759765625 0.2168195478515625 0.973577103515625 0.210317783203125 0.975450759765625 0.2023020009765625 0.972885994140625 0.19424028125 0.9693714921875 0.190310806640625 0.95950242578125 0.183850541015625 0.9499068310546875 0.17517584765625 0.9436139892578125 0.172155177734375 0.9323260185546876 0.170019853515625 0.9245543759765625 0.164568029296875 0.9211449306640624 0.1633984921875 0.915394294921875 0.163193009765625 0.908120271484375 0.1645478779296875 0.9010878916015626 0.163934712890625 0.8902227607421875 0.16559955859375 0.885408912109375 0.1650084921875 0.8806999287109375 0.1671789150390625
1 0.7716965283203125 0.258993173828125 0.7671991025390625 0.2594405986328125 0.75708591015625 0.2694436083984375 0.75631426953125 0.27934367578125 0.7577467431640625 0.2857676962890625 0.7728348115234375 0.30760990234375 0.7731491337890625 0.3231405341796875 0.7833794013671875 0.326646234375 0.8008372802734375 0.3400345458984375 0.8122603935546875 0.3446847734375 0.8275478955078125 0.3468121455078125 0.831577703125 0.3465576083984375 0.8488281416015625 0.3399292509765625 0.860071884765625 0.3315652998046875 0.8681159150390625 0.3275547890625 0.86953462890625 0.3232313984375 0.8641342607421875 0.3165704853515625 0.8582966376953125 0.3026112578125 0.853241419921875 0.29674205859375 0.82413464453125 0.276926822265625 0.8095584208984375 0.26539100390625 0.7716965283203125 0.258993173828125
1 0.73246047265625 0.3361365166015625 0.7228467255859375 0.3457002451171875 0.712870501953125 0.3509721826171875 0.712824173828125 0.354965048828125 0.7195383037109375 0.3617856982421875 0.72318930859375 0.3682318173828125 0.7260709638671875 0.370084310546875 0.7327867294921875 0.36966053515625 0.742928373046875 0.3666569150390625 0.750369642578125 0.3603243876953125 0.7623992529296875 0.3455600654296875 0.7641682333984375 0.3347812431640625 0.771321615234375 0.3271650009765625 0.7689681318359375 0.32462644921875 0.764184560546875 0.323788796875 0.75722676953125 0.32618370703125 0.7475387080078125 0.3254931953125 0.735343953125 0.33074303515625 0.73246047265625 0.3361365166015625
1 0.7522675966796875 0.4642569501953125 0.75451411328125 0.4785261552734375 0.75095145703125 0.485835521484375 0.7442035888671875 0.4937518583984375 0.7556422880859375 0.501903521484375 0.7724818203125 0.5094683818359375 0.782365578125 0.512180625 0.7959182177734375 0.5103467314453125 0.8057432470703125 0.506306171875 0.8255908291015625 0.4930008076171875 0.8281721123046875 0.490068529296875 0.832022740234375 0.476798263671875 0.839706119140625 0.4612499873046875 0.84676259375 0.4146390869140625 0.8435790166015625 0.4080016318359375 0.8340098564453124 0.4135738544921875 0.758822525390625 0.4325774736328125 0.755487478515625 0.4344175625 0.7475021767578125 0.445180876953125 0.7460976884765625 0.4530039619140625 0.7522675966796875 0.4642569501953125
1 0.6803281328125 0.4676682880859375 0.6649497158203125 0.473525287109375 0.660375685546875 0.4782121640625 0.6603611845703125 0.481958634765625 0.6702408251953125 0.5064105458984375 0.67814788671875 0.507131107421875 0.6796872421875 0.5090690908203125 0.675534416015625 0.5248005615234375 0.678129458984375 0.5326156953125 0.6788832236328125 0.533707884765625 0.6811015634765625 0.533731533203125 0.6964801708984375 0.5278729833984375 0.7084774033203125 0.52784738671875 0.7243094033203125 0.5182962548828125 0.7302273681640625 0.50627946484375 0.7359480009765625 0.4994853671875 0.735903689453125 0.49623070703125 0.73124084375 0.4944098134765625 0.72519002734375 0.4894180087890625 0.722324423828125 0.4838192353515625 0.721706078125 0.477995783203125 0.7190662578125 0.4741737060546875 0.7142080966796875 0.4703279794921875 0.6953600400390625 0.4610178330078125 0.6909835322265625 0.46048046484375 0.68773931640625 0.4615807958984375 0.6803281328125 0.4676682880859375
1 0.9114842802734375 0.4338306650390625 0.9105174072265625 0.4344612841796875 0.9091287802734375 0.4385396396484375 0.91001923828125 0.442146921875 0.9148028095703125 0.44298457421875 0.91717253515625 0.441775294921875 0.91727767578125 0.4372906171875 0.914954279296875 0.43450703125 0.9114842802734375 0.4338306650390625
1 0.8720229794921875 0.33553101953125 0.8679326181640625 0.3362787275390625 0.8637070283203125 0.3417561484375 0.8643095986328125 0.3440797158203125 0.8666632724609376 0.346616716796875 0.8728207802734375 0.3471240341796875 0.8786907822265625 0.34634453515625 0.8807438935546875 0.3440983154296875 0.879885263671875 0.3402446376953125 0.8762785703125 0.3370531787109375 0.8720229794921875 0.33553101953125
1 0.88164628515625 0.3656989853515625 0.8774654736328125 0.367183349609375 0.87479355078125 0.3708538330078125 0.8737658486328125 0.3792237880859375 0.8808264892578125 0.3868378935546875 0.891012169921875 0.3943350986328125 0.89485887109375 0.40280294921875 0.8991890517578125 0.40733318359375 0.9134649033203125 0.41408423046875 0.91737243359375 0.414812744140625 0.9243300341796875 0.412419384765625 0.929750294921875 0.4008405166015625 0.9375079873046875 0.39554648046875 0.9390175322265625 0.3904833330078125 0.937252392578125 0.38676865234375 0.9327407421875 0.3837163818359375 0.9299356923828125 0.3776244365234375 0.9303588076171875 0.3741784404296875 0.9261796318359375 0.3684183798828125 0.913096435546875 0.3628134111328125 0.8985339716796875 0.36202500390625 0.89382498828125 0.36419542578125 0.88164628515625 0.3656989853515625
1 0.9333878876953124 0.2228744833984375 0.924725236328125 0.2283077080078125 0.91750975 0.2364169306640625 0.91619590234375 0.243501810546875 0.927526083984375 0.263383935546875 0.932037544921875 0.2664377568359375 0.9568159658203125 0.274476783203125 0.966594857421875 0.2744275380859375 0.9749551201171875 0.2714570693359375 0.992568310546875 0.2618743369140625 0.995481876953125 0.2562358203125 0.995120951171875 0.2519442197265625 0.9917863701171875 0.246536591796875 0.979970693359375 0.237839609375 0.9668890478515625 0.2322348310546875 0.9503196103515625 0.2297013271484375 0.9413252255859375 0.223348458984375 0.9333878876953124 0.2228744833984375
1 0.806689513671875 0.1006194404296875 0.8020424453125 0.1022984326171875 0.797543193359375 0.10999183203125 0.8012104404296875 0.112690119140625 0.8030807197265625 0.1119201220703125 0.807457228515625 0.112457490234375 0.808996583984375 0.1143954736328125 0.8125587744140625 0.1143338232421875 0.81554712109375 0.111701830078125 0.8152612490234376 0.103170587890625 0.8182494052734375 0.1005401455078125 0.8255839833984375 0.09869210546875 0.834518470703125 0.0982888779296875 0.8434688193359375 0.094140919921875 0.871523833984375 0.086340888671875 0.8895920517578125 0.0658211494140625 0.887176654296875 0.06377402734375 0.88195555078125 0.0628842275390625 0.8766297724609375 0.059231388671875 0.867634921875 0.060126236328125 0.8583518232421875 0.074228150390625 0.8543966044921875 0.07749076171875 0.841055056640625 0.0848493740234375 0.82794130859375 0.08673715625 0.82235609375 0.088799990234375 0.806689513671875 0.1006194404296875
1 0.5375496875 0.00242984375 0.53393580859375 0.0101563896484375 0.5345541552734375 0.015979841796875 0.532801416015625 0.02301083203125 0.5350642587890625 0.02628758984375 0.540482228515625 0.0292024140625 0.5507126865234375 0.0327065625 0.558651384765625 0.0331822802734375 0.5697280732421875 0.0297944365234375 0.589001345703125 0.0211664453125 0.5925479501953125 0.017603359375 0.595754765625 0.0095765283203125 0.5375496875 0.00242984375
0 0.502643509765625 0 0.4989110693359375 0.0023579443359375 0.497174380859375 0.005642654296875 0.49145557421875 0.0051907763671875 0.4822331142578125 0.0115549033203125 0.482111921875 0.0197858603515625 0.5200924404296875 0.0396925908203125 0.5256582275390626 0.048621822265625 0.5383788623046875 0.0571796162109375 0.53988794140625 0.0593641845703125 0.5507526064453125 0.0649470556640625 0.5614804931640625 0.0752594482421875 0.57054993359375 0.077372673828125 0.57986120703125 0.07751631640625 0.597609349609375 0.070450037109375 0.6015327412109375 0.0674338203125 0.614392169921875 0.06401456640625 0.61884354296875 0.0603138427734375 0.622150138671875 0.051474365234375 0.628338388671875 0.044487380859375 0.644004693359375 0.0399140966796875 0.6487581787109375 0.0409967841796875 0.657843669921875 0.0393637294921875 0.6683336494140625 0.0299075888671875 0.68760537109375 0.0212794072265625 0.68765678515625 0.020860677734375 0.594880083984375 0.009469130859375 0.5931665712890625 0.0161806455078125 0.5844736435546874 0.021860455078125 0.580218052734375 0.0203382958984375 0.5743785185546875 0.0208696591796875 0.571434484375 0.0267563125 0.56566798828125 0.03029555859375 0.552554240234375 0.032183341796875 0.544858736328125 0.02973978125 0.536075443359375 0.0289116318359375 0.5339780205078125 0.02790319140625 0.532922142578125 0.0220275908203125 0.5299943505859375 0.0241664130859375 0.5257993134765625 0.02215108203125 0.5257708623046875 0.0151516923828125 0.523657197265625 0.0178910830078125 0.5187224306640625 0.01828480859375 0.5175600517578125 0.01689214453125 0.51384821875 0.0181853623046875 0.5095908017578125 0.0239091787109375 0.50320887109375 0.0216269052734375 0.5020625439453125 0.0164879599609375 0.499739146484375 0.0137043740234375 0.5029229990234375 0.0130956630859375 0.505022439453125 0.0068565771484375 0.5081315126953125 0.00324134375 0.505125291015625 0 0.502643509765625 0
1 0.623433625 0.0518806865234375 0.620850515625 0.062058939453125 0.6109045693359375 0.067084291015625 0.609862642578125 0.0719545517578125 0.6203950234375 0.080243662109375 0.6254647412109375 0.082366390625 0.6284991416015625 0.082987697265625 0.6357428876953125 0.0818794140625 0.6436820517578125 0.0751074150390625 0.648318822265625 0.048190611328125 0.6531789990234375 0.0447888115234375 0.6507045986328125 0.0432350517578125 0.64469809375 0.04149790625 0.640669646484375 0.041754185546875 0.6281571083984375 0.04596379296875 0.623433625 0.0518806865234375
1 0.46547979296875 0.1154469580078125 0.4620988837890625 0.1140321953125 0.4584776904296875 0.11458720703125 0.4574644892578125 0.1192106923828125 0.4608153125 0.1208704892578125 0.466187419921875 0.1205304619140625 0.46547979296875 0.1154469580078125
1 0.4106279150390625 0.0882217626953125 0.402841771484375 0.0865164091796875 0.398223619140625 0.08794707421875 0.39857012890625 0.0887405302734375 0.4016185634765625 0.09286308203125 0.4089815927734375 0.098014431640625 0.4167837880859375 0.0959735048828125 0.4163322216796875 0.092420111328125 0.4106279150390625 0.0882217626953125
1 0.46507121484375 0.0319371953125 0.460724984375 0.0311532421875 0.4583251728515625 0.032607556640625 0.458460125 0.035124009765625 0.45990883984375 0.03780019921875 0.46378764453125 0.0387754892578125 0.467469201171875 0.0377288564453125 0.4679528701171875 0.0337896884765625 0.46507121484375 0.0319371953125
0 0.060340482421875 0 0.0555436904296875 0.0423733212890625 0.0573935107421875 0.049013880859375 0.055904150390625 0.0539126376953125 0.059645986328125 0.059619 0.1454886796875 0.1166368447265625 0.1539695849609375 0.11992775 0.1637163740234375 0.1273710654296875 0.174234529296875 0.1321604814453125 0.1795300302734375 0.13605990625 0.1948923115234375 0.1411938017578125 0.1984083642578125 0.145123466796875 0.202573314453125 0.1473838330078125 0.210796609375 0.149144435546875 0.2295079716796875 0.1559394892578125 0.233009798828125 0.1563694599609375 0.2358308994140625 0.1587151240234375 0.2438443779296875 0.162197365234375 0.26128849609375 0.164838265625 0.2818111357421875 0.17135668359375 0.29009653515625 0.172624306640625 0.2955291953125 0.1717911083984375 0.3261772373046875 0.179053736328125 0.336802083984375 0.1793586650390625 0.342793001953125 0.1775943740234375 0.3563598671875 0.17926017578125 0.3597392265625 0.1806747470703125 0.3624570126953125 0.1802591142578125 0.3675570078125 0.1821352568359375 0.383387181640625 0.179830099609375 0.391612216796875 0.181589341796875 0.3943284521484375 0.1811735185546875 0.3989911064453125 0.182995962890625 0.409888064453125 0.1810847216796875 0.4266385927734375 0.18214336328125 0.4310598779296875 0.178687673828125 0.45430076953125 0.1775427421875 0.5245090224609374 0.1556781884765625 0.52782984375 0.1503384052734375 0.5355714853515625 0.1487906494140625 0.5433897314453126 0.1430034423828125 0.55614301953125 0.12957634375 0.5603238310546875 0.1280919794921875 0.564672353515625 0.1143822412109375 0.574303703125 0.1010724228515625 0.579073240234375 0.0984088291015625 0.576899486328125 0.0943936748046875 0.5677552666015625 0.0892739248046875 0.5631086640625 0.0837052001953125 0.55978966796875 0.0817990087890625 0.550013068359375 0.0673545615234375 0.5408690390625 0.0622332607421875 0.5369459228515625 0.0580033115234375 0.5233808837890624 0.0490915341796875 0.51434199609375 0.0394855576171875 0.4960376962890625 0.0329907880859375 0.4892331162109375 0.0269067939453125 0.469675607421875 0.0197591181640625 0.4554777216796875 0.0087703603515625 0.4495921337890625 0.006048423828125 0.443964158203125 0.0048567890625 0.432849306640625 0 0.060340482421875 0
1 0.2058540625 0.0265958193359375 0.2018543408203125 0.026605322265625 0.1997564521484375 0.03284459765625 0.2010223359375 0.036997009765625 0.202470861328125 0.03967475 0.2074501298828125 0.0425341328125 0.2106656201171875 0.041680578125 0.2172912109375 0.0347472919921875 0.2173676259765625 0.0305093916015625 0.2058540625 0.0265958193359375
1 0.4650911201171875 0.172871373046875 0.4608513056640625 0.1748490986328125 0.45867727734375 0.1780801103515625 0.4593704873046875 0.179665470703125 0.461000673828125 0.1808636962890625 0.4675654365234375 0.181669748046875 0.473874138671875 0.1809456884765625 0.47707404296875 0.176590697265625 0.4712488193359375 0.173377140625 0.4650911201171875 0.172871373046875
0 0.9396974541015625 1 0.940450560546875 0.9938664384765625 0.9415856650390625 0.9935067802734375 0.941736859375 0.99227540234375 0.9409115693359374 0.990111822265625 0.94138762109375 0.986234689453125 0.94258308984375 0.98538341015625 0.94156890234375 0.98475827734375 0.9423244921875 0.9786044912109375 0.943580705078125 0.9772584892578124 0.942596603515625 0.9763883212890625 0.9432331025390625 0.9639733515625 0.94912118359375 0.9232498818359375 0.9508650634765625 0.91793214453125 0.9531923876953124 0.898977615234375 0.952178009765625 0.8983540322265625 0.9554726708984375 0.87152116796875 0.956607775390625 0.8711615087890625 0.9579376748046875 0.8603303486328125 0.9568932109375 0.8599518017578125 0.957439068359375 0.8482750380859375 0.9749539228515625 0.7092435546875 0.975920251953125 0.7049889833984375 0.97725187109375 0.70302884375 0.97632832421875 0.70166550390625 0.9776289541015625 0.6874571669921875 0.9795188310546875 0.6845659345703125 0.980425615234375 0.6771807705078124 0.9794112373046875 0.6765571884765625 0.978597384765625 0.6687104541015625 0.9753086669921875 0.66655767578125 0.9735738046875 0.66259641015625 0.965771884765625 0.6573911708984375 0.96011390625 0.6491999560546875 0.9581532607421875 0.6434619931640625 0.95649298828125 0.6425088017578126 0.954818404296875 0.64530053125 0.9473184072265625 0.64488025390625 0.9444512529296875 0.6392812890625 0.945160705078125 0.637118818359375 0.9430485908203124 0.6398583994140625 0.9403929091796875 0.6397810517578125 0.93809823828125 0.6367506884765625 0.9333750302734375 0.635421416015625 0.930916490234375 0.6301229267578125 0.925379154296875 0.6281930849609375 0.9231163115234375 0.6249163271484375 0.925695853515625 0.62198541015625 0.9253048408203125 0.6179388447265625 0.92193970703125 0.6200239677734375 0.9189053076171875 0.619402662109375 0.9166121875 0.6163724892578125 0.91270484765625 0.6156424248046874 0.9112845830078125 0.619965625 0.9025776201171875 0.622144189453125 0.8972498251953125 0.6257388759765625 0.879213986328125 0.631519888671875 0.864500328125 0.631962859375 0.8594909736328125 0.6293485107421875 0.836054576171875 0.62847016015625 0.822759822265625 0.624588189453125 0.820647982421875 0.6200816044921875 0.8154128447265625 0.61569055859375 0.814838810546875 0.6131217666015625 0.809678451171875 0.611737244140625 0.80986155859375 0.6030148564453125 0.8068576259765625 0.6021454140625 0.796008546875 0.600063978515625 0.787979017578125 0.6003280185546875 0.7835577314453125 0.6037837080078124 0.78413021484375 0.6063523095703125 0.7771726142578125 0.60874566796875 0.7759209560546875 0.6080929521484375 0.766366021484375 0.617164869140625 0.7683729951171875 0.61890996484375 0.7672707041015625 0.6242718466796875 0.75794337890625 0.627874484375 0.7535971474609375 0.62709053125 0.7551808154296875 0.6322831748046875 0.751905314453125 0.6372538544921875 0.747815685546875 0.6416239658203124 0.7424117509765625 0.6422103876953125 0.74461423046875 0.6459787666015625 0.7432257939453125 0.650055572265625 0.7339746083984375 0.656666474609375 0.73018434375 0.6694451201171875 0.71034888671875 0.7007423212890626 0.7079628349609375 0.712944046875 0.702196064453125 0.7237294599609375 0.698901677734375 0.743316158203125 0.6967594765625 0.7463007744140625 0.6908231689453125 0.776557537109375 0.6875268720703125 0.810634826171875 0.688822376953125 0.821789919921875 0.6845281904296875 0.8712382958984375 0.6892615068359375 0.8978069306640625 0.6964872919921875 0.9149355185546875 0.696487017578125 0.9221816845703125 0.6997291328125 0.935573494140625 0.7056131689453125 0.938295240234375 0.71363885546875 0.9525247021484375 0.7178177568359375 0.9655309287109375 0.719794453125 0.967522611328125 0.7237320703125 0.96800608984375 0.7253317890625 0.9694524521484374 0.7333273896484375 0.98392694921875 0.7510460732421875 1 0.9396974541015625 1
1 0.813618833984375 0.9450598046875 0.8075978291015625 0.947069130859375 0.8043360107421875 0.951915552734375 0.804321509765625 0.9556620234375 0.8057383974609374 0.958584607421875 0.8094660078125 0.960791275390625 0.814747283203125 0.9611910048828125 0.817554349609375 0.9600354248046875 0.8224303876953125 0.95288889453125 0.8229443330078124 0.9487031416015625 0.821118640625 0.9454816328125 0.813618833984375 0.9450598046875
1 0.78383366015625 0.8294572841796874 0.775684955078125 0.8307047548828125 0.77035716015625 0.8342994423828125 0.7708087265625 0.8378528359375 0.7775387177734375 0.8409287548828125 0.786096228515625 0.8399802080078125 0.7896125556640625 0.83666370703125 0.78931218359375 0.8318789365234375 0.78383366015625 0.8294572841796874
1 0.921188318359375 0.9673132255859375 0.9298946884765625 0.9605110634765625 0.9246433798828125 0.95199511328125 0.9124269736328126 0.948920892578125 0.9075839931640625 0.9499004833984375 0.9060606259765625 0.962307310546875 0.921188318359375 0.9673132255859375
0 0.2592878896484375 0.3193177958984375 0.36417465625 0.3369189736328125 0.4506690888671875 0.3632814951171875 0.484815349609375 0.380068001953125 0.5356126689453125 0.3894535966796875 0.5365647734375 0.381699330078125 0.517709138671875 0.3557706376953125 0.505954048828125 0.2976548662109375 0.507938732421875 0.23020648828125 0.5192835087890625 0.189095130859375 0.5029858046875 0.180797087890625 0.4812738583984375 0.1781311962890625 0.3983444326171875 0.186839552734375 0.289213435546875 0.1781626533203125 0.2534358466796875 0.2131255703125 0.2343642900390625 0.2658820712890625 0.23654137890625 0.2866144267578125 0.2592878896484375 0.3193177958984375
1 0.2801831806640625 0.30299260546875 0.2892703935546875 0.293088736328125 0.26056586328125 0.283267326171875 0.253600765625 0.288709056640625 0.2536282529296875 0.3013063046875 0.2801831806640625 0.30299260546875
1 0.3361218623046875 0.2705051591796875 0.3339722607421875 0.26237005078125 0.3213750126953125 0.262397537109375 0.3248850478515625 0.272273919921875 0.3361218623046875 0.2705051591796875
1 0.3151971005859375 0.184501513671875 0.2998789873046875 0.1810464521484375 0.3016477490234375 0.192283267578125 0.3151971005859375 0.184501513671875
1 0.4309693115234375 0.3057644736328125 0.4340435322265625 0.2935480673828125 0.41891583984375 0.28854215234375 0.418372064453125 0.3057919599609375 0.4309693115234375 0.3057644736328125
1 0.5446134521484375 0.16229480859375 0.547687671875 0.15007840234375 0.5285061689453125 0.1524459130859375 0.5292953388671875 0.1588397470703125 0.5446134521484375 0.16229480859375
0 0.596893060546875 0.7622001943359376 0.648669970703125 0.77642876953125 0.6845300185546875 0.779257595703125 0.710130857421875 0.698966576171875 0.754940685546875 0.628905294921875 0.7409830048828125 0.6271915068359375 0.63373071484375 0.6801404140625 0.5983339677734375 0.7120016240234375 0.584621681640625 0.733931478515625 0.5844587470703125 0.748079580078125 0.596893060546875 0.7622001943359376
1 0.6898892890625 0.74843094921875 0.692963509765625 0.7362145439453125 0.6759041220703125 0.7341199140625 0.6730203232421875 0.744785466796875 0.6898892890625 0.74843094921875
1 0.6979694248046875 0.7210868515625 0.7039549306640625 0.710802140625 0.6818621416015626 0.711237955078125 0.6762574775390625 0.7184209599609375 0.6979694248046875 0.7210868515625
1 0.59300218359375 0.7554255185546875 0.59686557421875 0.7496029462890625 0.587750875 0.746909568359375 0.58698919140625 0.7531129814453125 0.59300218359375 0.7554255185546875
1 0.6612652333984375 0.6866696953125 0.6616185888671875 0.6709707412109375 0.648450078125 0.6756507880859375 0.6517696923828125 0.6870780244140625 0.6612652333984375 0.6866696953125