1 0.6153046240234376 0.5474093955078125 0.6181880849609375 0.545752912109375 0.629894337890625 0.5308332060546875 0.6293049404296875 0.517141361328125 0.6263277705078125 0.5117990244140626 0.6216507763671875 0.5102031552734375 0.6205362900390625 0.5086052109375 0.613676064453125 0.5073161748046875 0.6006003017578125 0.5061480390625 0.590016970703125 0.5068843701171875 0.5799873125 0.5115490625 0.57468997265625 0.5150484912109375 0.572967853515625 0.5218023291015625 0.57684247265625 0.53353034765625 0.5870941259765625 0.543109314453125 0.6014237919921875 0.546856162109375 0.6153046240234376 0.5474093955078125
1 0.4809316611328125 0.532233115234375 0.480746720703125 0.527751173828125 0.48288309765625 0.5239449306640624 0.481536814453125 0.5143656337890625 0.479077412109375 0.512707404296875 0.46818509765625 0.511233982421875 0.4607404326171875 0.515284498046875 0.4447011435546875 0.5215464267578125 0.434842599609375 0.5274398876953125 0.4310630556640625 0.5322297001953125 0.4308805927734375 0.5372634580078125 0.4342595244140625 0.542298451171875 0.4586213271484375 0.5508963046875 0.4737078779296875 0.5505306044921875 0.4770856611328125 0.546048134765625 0.4809316611328125 0.532233115234375
1 0.53221185546875 0.52327315625 0.541597939453125 0.5171952158203125 0.548444955078125 0.5057149453125 0.547880115234375 0.498529880859375 0.5435595751953125 0.4931270419921875 0.54026052734375 0.4918376953125 0.5371700458984375 0.4920211552734375 0.5246812021484375 0.4950291650390625 0.5101923017578125 0.5028246201171875 0.5116987490234375 0.510377529296875 0.521630072265625 0.52400926953125 0.5279145439453125 0.5243788623046876 0.53221185546875 0.52327315625
1 0.411345068359375 0.4711356005859375 0.411127099609375 0.466407421875 0.4085296103515625 0.46376666015625 0.406183517578125 0.4565826337890625 0.4011957763671875 0.452775681640625 0.3966912275390625 0.45240681640625 0.392728072265625 0.452712921875 0.3891430517578125 0.4557208203125 0.381353498046875 0.4573173291015625 0.3687471005859375 0.456334107421875 0.368298267578125 0.4531404921875 0.3612087255859375 0.4533858037109375 0.3578545693359375 0.4548591376953125 0.3581996748046875 0.457314693359375 0.354511361328125 0.459587626953125 0.3496614892578125 0.4567616591796875 0.338103521484375 0.4568839072265625 0.327981302734375 0.4640672431640625 0.3196626337890625 0.4682421708984375 0.3138834326171875 0.4683017470703125 0.3043469833984375 0.470143765625 0.2920636123046875 0.4746250166015625 0.2883873603515625 0.4801497939453125 0.2872742392578125 0.4880708603515625 0.28863165234375 0.4913860830078125 0.3047314404296875 0.501395966796875 0.31017759765625 0.502132677734375 0.3167964443359375 0.501704216796875 0.3334560791015625 0.4903469912109375 0.33949873828125 0.4889959931640625 0.3414749501953125 0.4872161357421875 0.349093607421875 0.48439240625 0.3538618310546875 0.483471396484375 0.3584683427734375 0.4845769912109375 0.3667551328125 0.4896732900390625 0.3946535537109375 0.491764052734375 0.4021341240234375 0.487957791015625 0.4048890830078125 0.479054919921875 0.411345068359375 0.4711356005859375
1 0.2587422626953125 0.4783060888671875 0.267899029296875 0.4737624951171875 0.2773665439453125 0.471429984375 0.2774124677734375 0.465413478515625 0.272160833984375 0.462894853515625 0.2606233984375 0.4600084013671875 0.2405036181640625 0.46258675 0.2328865087890625 0.4654102626953125 0.2253838583984375 0.4722254423828125 0.22655726171875 0.4805746396484375 0.2323502890625 0.483768236328125 0.24622957421875 0.4843216865234375 0.2514702587890625 0.48358515625 0.2587422626953125 0.4783060888671875
1 0.5016654638671875 0.496009060546875 0.506399330078125 0.494843578125 0.5169799658203125 0.484590001953125 0.5166692177734376 0.4823789189453125 0.511992224609375 0.4807830498046875 0.5040643681640625 0.481395478515625 0.49695274609375 0.4846497080078125 0.4945747734375 0.4867369072265625 0.4937474072265625 0.490359181640625 0.49756267578125 0.4953328525390625 0.5016654638671875 0.496009060546875
1 0.349271076171875 0.4508064765625 0.3512002158203125 0.445525662109375 0.3578286455078125 0.438833345703125 0.357505619140625 0.433368873046875 0.354368283203125 0.4300529228515625 0.3468990595703125 0.427596658203125 0.330812916015625 0.4303591767578125 0.327158744140625 0.43287503515625 0.3285978046875 0.439937236328125 0.3345271533203125 0.4441120341796875 0.349271076171875 0.4508064765625
1 0.7518201064453125 0.596849068359375 0.7561519931640625 0.5959893818359375 0.7597024384765625 0.5927354638671875 0.759012009765625 0.5878228056640625 0.755345775390625 0.587086822265625 0.7514156494140625 0.5876391650390625 0.74769408984375 0.589664314453125 0.746935875 0.5937786279296875 0.7518201064453125 0.596849068359375
1 0.2856371142578125 0.64433350390625 0.2895326640625 0.643535140625 0.291945212890625 0.6416939609375 0.2924964072265625 0.6361066240234375 0.290438765625 0.63414105078125 0.284418185546875 0.632483130859375 0.2723295556640625 0.635184015625 0.269882431640625 0.63677917578125 0.270871111328125 0.6406479794921875 0.2733650908203125 0.6425522294921875 0.276664138671875 0.6438415751953125 0.2856371142578125 0.64433350390625
1 0.1951420087890625 0.5358330068359375 0.2124227041015625 0.5288948515625 0.2151680791015625 0.5262558369140625 0.2141448232421875 0.522141013671875 0.21171999609375 0.5207288037109375 0.2053650419921875 0.5198689365234375 0.19289827734375 0.5198680283203125 0.182258291015625 0.5233672578125 0.1788474794921875 0.527603490234375 0.1867073330078125 0.536016484375 0.1951420087890625 0.5358330068359375
1 0.2090165185546875 0.5078358310546875 0.2119466162109375 0.5096772109375 0.2230008603515625 0.509125576171875 0.222746986328125 0.504153142578125 0.2184041494140625 0.5017576728515625 0.2135667734375 0.5021866435546875 0.21064740625 0.5035988720703125 0.2090165185546875 0.5078358310546875
1 0.133278513671875 0.482164189453125 0.143595474609375 0.4732004873046875 0.1459955263671875 0.468104369140625 0.1454777587890625 0.4644202626953125 0.1337346328125 0.460059021484375 0.1201520517578125 0.45846193359375 0.1112810390625 0.4587067353515625 0.0891176611328125 0.4625742314453125 0.0854634892578125 0.4650900908203125 0.1005659453125 0.4870109423828125 0.1099203671875 0.490205775390625 0.1181462578125 0.488547943359375 0.133278513671875 0.482164189453125
1 0.15397023828125 0.470991349609375 0.1658280048828125 0.469825029296875 0.1675403232421875 0.4693335 0.16651728515625 0.465220224609375 0.157175359375 0.4652803291015625 0.1529126240234375 0.4666320546875 0.1505346513671875 0.46871925390625 0.15397023828125 0.470991349609375
1 0.42872201953125 0.4268676337890625 0.433720890625 0.4244105126953125 0.4357883330078125 0.42011377734375 0.4350066728515625 0.417717998046875 0.42503119140625 0.4101040927734375 0.4148043134765625 0.4070334541015625 0.4082325400390625 0.41096287109375 0.4027873134765625 0.419742076171875 0.4049248388671875 0.425453296875 0.4141063818359375 0.42741803125 0.422610208984375 0.4277265927734375 0.42872201953125 0.4268676337890625
1 0.3806287109375 0.45216019921875 0.3884528408203125 0.4508097099609375 0.390485490234375 0.4462654072265625 0.38900403515625 0.445222373046875 0.3838215537109375 0.443195787109375 0.3799949375 0.444484642578125 0.3760427314453125 0.4480459033203125 0.3774331728515625 0.4516073642578125 0.3806287109375 0.45216019921875
0 0.81118692578125 0.6390963896484375 0.8169895361328126 0.6360261298828125 0.81860721484375 0.6190198642578125 0.8163521357421875 0.609317412109375 0.8004450087890626 0.5784937822265624 0.780330966796875 0.5557735673828125 0.767161494140625 0.5476066103515626 0.7643915615234375 0.5437388447265625 0.7578654931640625 0.541650208984375 0.747626119140625 0.5353246318359375 0.7420418759765625 0.5336053896484375 0.6961660078125 0.5049897158203125 0.693408353515625 0.50437533984375 0.6690108271484375 0.4860140029296875 0.6627816806640625 0.48288327734375 0.6585990087890625 0.478461421875 0.65055536328125 0.47508394921875 0.64401546875 0.469742140625 0.613162173828125 0.4593016708984375 0.608139857421875 0.45524869921875 0.605485712890625 0.4553708359375 0.603876904296875 0.456598876953125 0.6011538251953125 0.456230521484375 0.5934994443359375 0.4492907685546875 0.583674544921875 0.445914333984375 0.5814803642578125 0.44296601171875 0.566736658203125 0.4362731162109375 0.5598072822265625 0.434492041015625 0.5498909345703125 0.4336309375 0.538341001953125 0.427489546875 0.534767330078125 0.424234919921875 0.5188995537109375 0.422207935546875 0.5139807470703125 0.4188914755859375 0.50267262890625 0.4144706767578125 0.41248030078125 0.396840509765625 0.4045401640625 0.394199548828125 0.39869224609375 0.3937701806640625 0.3962328427734375 0.3921119501953125 0.3923716513671875 0.3931547861328125 0.376503875 0.3911278017578125 0.3655531416015625 0.3924159482421875 0.34894923046875 0.391494359375 0.3442499404296875 0.392905861328125 0.339561798828125 0.3928136767578125 0.3211184140625 0.3898958544921875 0.312156169921875 0.3926575341796875 0.2976788359375 0.394192009765625 0.1850321318359375 0.4195395185546875 0.1517092353515625 0.42322080859375 0.144895865234375 0.4254311826171875 0.1438284501953125 0.4273341953125 0.140507322265625 0.4290537666015625 0.1233633466796875 0.4274554423828125 0.1124471884765625 0.4289896083984375 0.103117759765625 0.432304650390625 0.0821596650390625 0.435250119140625 0.078563912109375 0.4350044091796875 0.068291111328125 0.4379502763671875 0.05912184765625 0.439238931640625 0.055893498046875 0.4384414072265625 0.0479310654296875 0.4388078173828125 0.032717595703125 0.441447689453125 0.0345459208984375 0.444947609375 0.0374416611328125 0.446544515625 0.0477251943359375 0.4468522568359375 0.0456577509765625 0.4511489921875 0.0526094248046875 0.449922697265625 0.0585626171875 0.4510899072265625 0.062296455078125 0.4523181484375 0.06782404296875 0.4568002890625 0.069860537109375 0.4712906962890625 0.06898901171875 0.4809308056640625 0.0655668525390625 0.4914295634765625 0.0715803271484375 0.5088670380859375 0.0707197509765625 0.521762302734375 0.072307412109375 0.5330590947265625 0.0763881201171875 0.536744220703125 0.0748951005859375 0.5419621650390625 0.0858026064453125 0.5562077705078124 0.0897436826171875 0.5589105830078125 0.0914807763671875 0.564927380859375 0.101558220703125 0.5732780146484375 0.1032609560546875 0.5790503408203125 0.10925945703125 0.583717177734375 0.1168321904296875 0.5869099541015625 0.117890021484375 0.591270796875 0.120383783203125 0.5931734990234375 0.139609958984375 0.603244177734375 0.1450104091796875 0.60999894140625 0.18942690234375 0.6345626630859375 0.193022654296875 0.6348083720703125 0.1982742880859375 0.6373269970703125 0.2036515107421875 0.637573216796875 0.2228431103515625 0.647397875 0.2324955654296875 0.6495473056640625 0.2545706259765625 0.65771548046875 0.2742775146484375 0.661708546875 0.2972252490234375 0.669754076171875 0.3102318603515625 0.6704301728515625 0.3141744833984375 0.673132767578125 0.345820568359375 0.679704943359375 0.3593324501953125 0.680810208984375 0.3622281904296875 0.6824071162109375 0.37012301953125 0.68154844921875 0.37752330859375 0.6835142216796875 0.3819587060546875 0.683391046875 0.3863361181640625 0.6860325361328125 0.4080190009765625 0.6882441982421875 0.41098367578125 0.6903315966796875 0.4188218486328125 0.692235828125 0.439768595703125 0.6955528857421875 0.454487744140625 0.695739 0.4593373984375 0.6985634208984375 0.4712297412109375 0.6976431201171875 0.471436978515625 0.69911769140625 0.4741946328125 0.69973206640625 0.503806919921875 0.70133108203125 0.5052883740234375 0.7023741162109375 0.5864236005859375 0.7062496796875 0.6041310498046875 0.7055140576171876 0.633280677734375 0.70066628515625 0.663417619140625 0.6901683056640625 0.72576340625 0.6743941865234375 0.7549130341796875 0.6695464140625 0.8089816142578125 0.642412140625 0.81118692578125 0.6390963896484375
1 0.62524691796875 0.8716025966796875 0.6325780546875 0.8730763291015625 0.6373119208984375 0.87191084765625 0.63948265625 0.868349076171875 0.6360816455078125 0.8663230009765625 0.6302319619140625 0.865892302734375 0.626336412109375 0.866690666015625 0.62483266015625 0.868655001953125 0.62524691796875 0.8716025966796875
1 0.8275334521484375 0.7332233671875 0.8306928681640625 0.733530400390625 0.8347831591796875 0.730951669921875 0.834494708984375 0.725733216796875 0.83056458203125 0.7262855595703125 0.826406904296875 0.728373580078125 0.8256138955078125 0.732240326171875 0.8275334521484375 0.7332233671875
0 0.967055470703125 0.7596976767578125 0.9682848154296875 0.755769607421875 0.9655933994140625 0.746128478515625 0.9650508564453125 0.7359360439453125 0.9561431884765625 0.7169014453125 0.950672255859375 0.70965640625 0.945649939453125 0.7056034345703125 0.939996544921875 0.70339215234375 0.9327787177734375 0.696392623046875 0.927941341796875 0.6968215927734375 0.913981775390625 0.70204017578125 0.9086045517578125 0.70179395703125 0.90481251171875 0.70332883203125 0.902754869140625 0.701363259765625 0.8719820341796874 0.6914952880859375 0.871798064453125 0.69018627734375 0.8676263427734375 0.6890195771484375 0.865166939453125 0.68736134765625 0.865385306640625 0.682571845703125 0.8636950673828125 0.68005445703125 0.852846912109375 0.67256319921875 0.8459864697265626 0.6712726162109375 0.838058830078125 0.6718865927734375 0.81972988671875 0.668200048828125 0.809951841796875 0.6683230244140625 0.79205119921875 0.670838794921875 0.7448833759765625 0.6742111064453125 0.70797722265625 0.680901625 0.70203630859375 0.6829878046875 0.697199150390625 0.683418322265625 0.687029859375 0.687100701171875 0.6783330556640625 0.6885738359375 0.6711868583984375 0.691582044921875 0.6182519306640625 0.7077865517578125 0.6015126298828125 0.715399677734375 0.5920448984375 0.717730640625 0.585036787109375 0.7217213818359375 0.5765454560546875 0.7246677578125 0.5475004873046875 0.7397695048828125 0.5423412333984375 0.74425146484375 0.5293593974609375 0.7500836962890625 0.5207188505859375 0.7583116142578125 0.50774774609375 0.767397453125 0.4956740908203125 0.782868974609375 0.4867825458984375 0.7861224755859375 0.4845754697265625 0.7894368974609375 0.478947068359375 0.793735490234375 0.4764888134765625 0.8015947236328125 0.466678671875 0.8109873779296874 0.4634858291015625 0.8199517890625 0.460635396484375 0.821854509765625 0.4578681591796875 0.827503990234375 0.4526067255859375 0.831247673828125 0.443027048828125 0.8486234443359375 0.4409819033203125 0.84991280859375 0.4401891123046875 0.8537811025390625 0.4430625556640625 0.8583853798828125 0.440076951171875 0.8688243623046875 0.4381132353515625 0.8738591572265625 0.4294865146484375 0.885340248046875 0.4337158232421875 0.8932599658203125 0.432718708984375 0.9051724814453125 0.434316169921875 0.9102069658203125 0.434709279296875 0.92567939453125 0.437997197265625 0.933232814453125 0.4367696171875 0.9371622138671875 0.4380563310546875 0.939985615234375 0.443009712890625 0.9435480947265625 0.4457339404296875 0.9534339130859375 0.4425301484375 0.959143169921875 0.4403814931640625 0.9596960224609375 0.44056643359375 0.9641779638671875 0.44174963671875 0.966264853515625 0.445209068359375 0.965529361328125 0.4466905234375 0.9665723955078125 0.4460030068359375 0.97117853125 0.4541722431640625 0.97228359765625 0.458516626953125 0.974678849609375 0.462146955078125 0.975170578125 0.4902760224609375 0.975725228515625 0.5091543955078125 0.97382310546875 0.51262455859375 0.976341220703125 0.51800178125 0.9765874404296875 0.5217717421875 0.9780614833984375 0.5333658330078125 0.978185037109375 0.53730669140625 0.9808863017578126 0.5422475771484375 0.98119384375 0.5547651845703125 0.979434609375 0.56933152734375 0.98064413671875 0.5986535986328125 0.977023369140625 0.6163956240234375 0.9765337666015625 0.61934801953125 0.975367775390625 0.6260357998046875 0.975429806640625 0.6494753779296875 0.9711336513671875 0.6667103662109375 0.9702135498046875 0.7292518251953125 0.96217498046875 0.7374794814453125 0.960518478515625 0.7540586171875 0.9549317392578125 0.783208244140625 0.950083966796875 0.7933083837890625 0.945909548828125 0.8058318037109375 0.94314755859375 0.829122564453125 0.9346152626953125 0.8885090166015625 0.9009728603515625 0.90112406640625 0.8861763115234375 0.91028105078125 0.8816342646484375 0.925674287109375 0.8644433896484375 0.927672578125 0.859654615234375 0.93283183203125 0.8551726552734376 0.9451345869140625 0.838165240234375 0.95133648046875 0.825271939453125 0.9557595986328125 0.821895375 0.95649498046875 0.817618595703125 0.9614685 0.811826294921875 0.9627310546875 0.798625234375 0.9694152080078124 0.7796541044921875 0.9710914033203125 0.7789167724609375 0.967055470703125 0.7596976767578125
1 0.471825365234375 0.929980693359375 0.4757539443359375 0.929428568359375 0.4785698017578125 0.9272798271484375 0.477960802734375 0.926112599609375 0.470720896484375 0.92212198828125 0.468411857421875 0.9246996806640625 0.4684917412109375 0.9284453271484375 0.471825365234375 0.929980693359375
0 0.7862744521484375 0.4487217607421875 0.75117178515625 0.4347208515625 0.7273100029296875 0.43334083984375 0.7067351787109375 0.444121720703125 0.6842032333984375 0.44097695703125 0.67008521875 0.43033826953125 0.64644089453125 0.4305055517578125 0.6072985439453125 0.443895927734375 0.6050737880859375 0.45052001953125 0.641506291015625 0.4627561767578125 0.7048198984375 0.509082974609375 0.78007694140625 0.550575521484375 0.80475837890625 0.58024173828125 0.8129297646484375 0.5822490361328125 0.8148868857421875 0.5961746806640625 0.826345228515625 0.6103428720703125 0.833864240234375 0.6077082880859375 0.8394261298828125 0.5911480595703125 0.8349096884765626 0.5365578583984375 0.840036662109375 0.51690304296875 0.8343325791015626 0.4987704326171875 0.7862744521484375 0.4487217607421875
0 1 0.720033873046875 0.9834332294921875 0.7176497509765625 0.9716821650390625 0.7350798115234375 0.9718745341796875 0.7476756201171875 0.9870045751953125 0.7991963212890625 1 0.8158406982421875 1 0.720033873046875
0 0.506990431640625 1 0.5130392275390625 0.9857248310546874 0.502450716796875 0.9777458154296875 0.46444583203125 0.9767756318359375 0.4443561005859375 0.9685540703125 0.44815323828125 0.950664005859375 0.4334079375 0.924334921875 0.4315009921875 0.8883122470703125 0.4519587099609375 0.8317900126953125 0.363955330078125 0.85678092578125 0.3077676591796875 0.88361185546875 0.2763366904296875 0.90696345703125 0.2588313662109375 0.9283579365234375 0.251044720703125 0.9515422568359375 0.252541837890625 0.973421828125 0.2701642685546875 0.9977687021484375 0.27312530078125 1 0.2991958642578125 1 0.30816915234375 0.99873888671875 0.314550509765625 1 0.506990431640625 1
0 0.1024221474609375 1 0.0991422880859375 0.9934028740234375 0.1022870517578125 0.970870927734375 0.0941407548828125 0.957815115234375 0.0959556826171875 0.9370479208984375 0.07947071875 0.898340486328125 0.079060890625 0.8841973837890625 0.067360001953125 0.8795304140625 0.051644517578125 0.89120621484375 0.066934486328125 1 0.1024221474609375 1
0 1 0.8202836748046874 0.985432193359375 0.8104622939453126 0.965317373046875 0.813289248046875 0.9083518876953125 0.8907208701171875 0.91449088671875 0.911948068359375 0.9376250302734375 0.9418317431640625 1 0.933065513671875 1 0.8202836748046874
0 0.9238592685546875 0 0.724365859375 0.07558139453125 0.7192388857421875 0.0952362109375 0.7415282861328125 0.1078821962890625 0.8243545166015624 0.12464312890625 0.8738428310546875 0.1287329892578125 0.95099006640625 0.116312796875 0.934643369140625 0 0.9238592685546875 0
1 0.8682892763671874 0.0443092890625 0.890386306640625 0.04435946484375 0.8892990166015625 0.0366229951171875 0.878250501953125 0.0365979072265625 0.8682892763671874 0.0443092890625
1 0.81932789453125 0.100103884765625 0.8334709970703125 0.0996940576171875 0.832601166015625 0.0935048818359375 0.81932789453125 0.100103884765625
1 0.92839119140625 0.0453296494140625 0.9192997978515625 0.0592302060546875 0.94294412109375 0.059062923828125 0.93745749609375 0.042477607421875 0.92839119140625 0.0453296494140625
1 0.89795574609375 0.8953376640625 0.8972531962890625 0.9127928125 0.91582072265625 0.91018331640625 0.9107941015625 0.885644072265625 0.89795574609375 0.8953376640625
1 0.969741796875 0.811089580078125 0.989179154296875 0.814669259765625 0.98765694921875 0.803838203125 0.969741796875 0.811089580078125
1 0.1316939697265625 0.8657552978515625 0.113561359375 0.871459380859375 0.10512233984375 0.8900018193359375 0.108626755859375 0.903710005859375 0.153473189453125 0.908452240234375 0.1651991669921875 0.9020706943359375 0.15241098828125 0.889667255859375 0.1482541982421875 0.8713171875 0.1316939697265625 0.8657552978515625
1 0.12379021875 0.843198263671875 0.117575955078125 0.8551166103515625 0.1471919970703125 0.852532203125 0.149659298828125 0.836406890625 0.14436504296875 0.8324173828125 0.12379021875 0.843198263671875
1 0.2547749287109375 0.86581380859375 0.2518727109375 0.878844533203125 0.2691104013671875 0.8779997890625 0.2675881953125 0.867168732421875 0.2547749287109375 0.86581380859375
1 0.233731765625 0.985532544921875 0.237236181640625 0.999240732421875 0.24719740625 0.9915293505859375 0.245675201171875 0.9806982939453125 0.233731765625 0.985532544921875
0 0.2400163564453125 1 0.24336561328125 0.99519518359375 0.256111951171875 0.9287117236328125 0.277606783203125 0.90202298828125 0.299511443359375 0.8894773564453125 0.2948946494140625 0.87908121484375 0.2754823798828125 0.8644530205078125 0.247196173828125 0.86527267578125 0.2078865419921875 0.855018728515625 0.199522787109375 0.8404156220703125 0.1437281904296875 0.791454240234375 0.13335713671875 0.7850225185546875 0.12296099609375 0.7896393125 0.1237806513671875 0.817925517578125 0.135481541015625 0.8225924873046875 0.1343440751953125 0.8369530478515625 0.0958540986328125 0.8549853056640625 0.077913857421875 0.8732851982421875 0.0870721806640625 0.927223025390625 0.095895939453125 0.933872205078125 0.09848034765625 0.96348824609375 0.1042095185546875 0.9705723408203125 0.1019596748046875 0.988244947265625 0.1041729541015625 1 0.2400163564453125 1
1 0.0429461982421875 0.8293144609375 0.0512096015625 0.888111626953125 0.05940607421875 0.87907041015625 0.0513350419921875 0.832869052734375 0.0429461982421875 0.8293144609375
1 0.80602128515625 0.5106386025390625 0.784359171875 0.5136830146484375 0.7777099921875 0.5225067734375 0.7851537392578125 0.553017734375 0.8085304287109375 0.573400189453125 0.8304350888671875 0.560854556640625 0.814845044921875 0.5172877822265625 0.80602128515625 0.5106386025390625
1 0.6781311630859375 0.487588142578125 0.6995256435546875 0.505093466796875 0.70639228125 0.497817001953125 0.7046526171875 0.485438650390625 0.6781311630859375 0.487588142578125
1 0.7233204951171875 0.4386350947265625 0.7124643505859375 0.4512058154296875 0.7367610478515625 0.455680416015625 0.740968013671875 0.4519334541015625 0.7361337626953125 0.4399900185546875 0.7233204951171875 0.4386350947265625
1 0.636479669921875 0.4382169326171875 0.632925078125 0.446605775390625 0.6514926044921875 0.4439962802734375 0.6501878564453125 0.4347125166015625 0.636479669921875 0.4382169326171875
1 0.554113443359375 0.413502072265625 0.5529759775390625 0.4278626328125 0.5695362060546875 0.4334245224609375 0.577297763671875 0.4212887177734375 0.5717860498046875 0.415751916015625 0.554113443359375 0.413502072265625
1 0.60529124609375 0.4520673134765625 0.5977722353515625 0.454701896484375 0.6021715703125 0.463550744140625 0.6189492568359375 0.470659927734375 0.6269282724609375 0.460071416015625 0.60529124609375 0.4520673134765625