1 0.38139375 0.387896875 0.372575 0.3901296875 0.3611109375 0.3955859375 0.358025 0.3983140625 0.3571421875 0.403521875 0.3611109375 0.408234375 0.3712515625 0.412203125 0.382715625 0.4139390625 0.391975 0.413690625 0.39594375 0.41170625 0.4029984375 0.4005453125 0.40079375 0.3955859375 0.3888890625 0.3874015625 0.38139375 0.387896875
1 0.3619921875 0.2162703125 0.354496875 0.2244546875 0.3549375 0.2291671875 0.36684375 0.233134375 0.37654375 0.2333828125 0.3840390625 0.2313984375 0.38624375 0.2296625 0.3853609375 0.2251984375 0.3805109375 0.2192453125 0.372134375 0.215278125 0.3650796875 0.2150296875 0.3619921875 0.2162703125
1 0.6715171875 0.3953375 0.6723984375 0.4005453125 0.6763671875 0.4025296875 0.6816578125 0.4032734375 0.692240625 0.40005 0.6948859375 0.396578125 0.69444375 0.3923609375 0.6913578125 0.3901296875 0.6812171875 0.3891375 0.675484375 0.3911203125 0.6715171875 0.3953375
1 0.73941875 0.3494546875 0.7482359375 0.3489578125 0.7517640625 0.3454859375 0.75088125 0.3415171875 0.74426875 0.3387890625 0.73545 0.33978125 0.731921875 0.3432546875 0.731921875 0.346478125 0.73941875 0.3494546875
1 0.844796875 0.3201890625 0.8509703125 0.320684375 0.857584375 0.3187 0.857584375 0.3142359375 0.853175 0.311259375 0.8452375 0.3110125 0.8430328125 0.3125 0.8417109375 0.3174609375 0.844796875 0.3201890625
1 0.8333328125 0.28125 0.8377421875 0.2790171875 0.8355375 0.27505 0.82980625 0.2733140625 0.825396875 0.274553125 0.82495625 0.2795140625 0.8267203125 0.28125 0.8333328125 0.28125
1 0.574515625 0.43204375 0.57980625 0.4313 0.5828921875 0.4290671875 0.5828921875 0.4263390625 0.57980625 0.4241078125 0.57495625 0.424603125 0.571428125 0.4265875 0.57186875 0.430803125 0.574515625 0.43204375
1 0.9179890625 0.470734375 0.916225 0.4665171875 0.9078484375 0.4670140625 0.9074078125 0.4712296875 0.9087296875 0.4724703125 0.9122578125 0.472965625 0.9179890625 0.470734375
1 0.916225 0.4818953125 0.911375 0.4811515625 0.9078484375 0.4821421875 0.9082890625 0.4868546875 0.9126984375 0.487846875 0.9175484375 0.4861109375 0.916225 0.4818953125
1 0.9435625 0.470734375 0.9448859375 0.466765625 0.943121875 0.4657734375 0.938271875 0.4662703125 0.9338625 0.4689984375 0.9338625 0.4712296875 0.939153125 0.4734625 0.9435625 0.470734375
1 0.9272484375 0.6029265625 0.91534375 0.5989578125 0.9078484375 0.60243125 0.9038796875 0.601934375 0.8990296875 0.6061515625 0.8888890625 0.6192953125 0.896384375 0.6200390625 0.957671875 0.6341765625 0.9709 0.6403765625 0.9841265625 0.644096875 0.98633125 0.6458328125 0.9984375 0.6483140625 0.9984375 0.639384375 0.9797171875 0.6274796875 0.9272484375 0.6029265625
0 0.2389765625 0.4107140625 0.2482359375 0.4310515625 0.2486765625 0.4352671875 0.255290625 0.4392359375 0.259259375 0.447171875 0.2764546875 0.466765625 0.2861546875 0.47420625 0.2954140625 0.478421875 0.29761875 0.4821421875 0.3037921875 0.486359375 0.315696875 0.498015625 0.32495625 0.50074375 0.3381828125 0.5133921875 0.3514109375 0.5186015625 0.36375625 0.5295140625 0.372575 0.5342265625 0.3761015625 0.537946875 0.38624375 0.540675 0.39109375 0.5451390625 0.419753125 0.55853125 0.42813125 0.559771875 0.4351859375 0.5625 0.443121875 0.5682046875 0.451940625 0.570684375 0.4726625 0.571925 0.48545 0.5783734375 0.50088125 0.5833328125 0.5066140625 0.5828375 0.5163140625 0.5845734375 0.5361546875 0.5915171875 0.5485015625 0.59449375 0.5586421875 0.5942453125 0.647265625 0.6063984375 0.6622578125 0.610615625 0.67019375 0.610615625 0.6816578125 0.608134375 0.693121875 0.6111109375 0.7032625 0.6158234375 0.7239859375 0.623015625 0.735009375 0.6235125 0.7403 0.622271875 0.7438265625 0.61954375 0.7535265625 0.61805625 0.7597 0.6192953125 0.764109375 0.621528125 0.77336875 0.6232640625 0.7870375 0.6247515625 0.802909375 0.625 0.81040625 0.6245046875 0.815696875 0.623015625 0.8179015625 0.6202875 0.8227515625 0.6197921875 0.82980625 0.6202875 0.8461203125 0.6240078125 0.858025 0.625 0.876984375 0.62896875 0.88139375 0.6279765625 0.887565625 0.6245046875 0.8897703125 0.6202875 0.8946203125 0.6178078125 0.9038796875 0.6205359375 0.9087296875 0.6200390625 0.9118171875 0.623015625 0.924603125 0.6232640625 0.9307765625 0.6252484375 0.9316578125 0.6267359375 0.9404765625 0.6287203125 0.9435625 0.63045625 0.9510578125 0.6326890625 0.9559078125 0.6326890625 0.966490625 0.6381453125 0.9686953125 0.637153125 0.9739859375 0.6381453125 0.9828046875 0.642609375 0.9938265625 0.6458328125 0.9984375 0.6428578125 0.9984375 0.6408734375 0.9973546875 0.6403765625 0.9973546875 0.637896875 0.9984375 0.6374015625 0.9984375 0.6287203125 0.9977953125 0.6287203125 0.9964734375 0.6267359375 0.98633125 0.622271875 0.9828046875 0.6173109375 0.9779546875 0.615328125 0.9744265625 0.6111109375 0.9700171875 0.609375 0.96605 0.6041671875 0.953703125 0.5942453125 0.9510578125 0.58755 0.9545859375 0.584078125 0.9559078125 0.5798609375 0.9448859375 0.5615078125 0.9462078125 0.553075 0.95238125 0.543403125 0.951940625 0.5322421875 0.9462078125 0.5235609375 0.9453265625 0.5181875 0.9484125 0.51488125 0.9510578125 0.51488125 0.95238125 0.5133921875 0.95238125 0.509671875 0.9559078125 0.505953125 0.956790625 0.5024796875 0.9532625 0.4779265625 0.9629625 0.47271875 0.9651671875 0.4672625 0.9647265625 0.446925 0.96208125 0.4345234375 0.9704578125 0.4322921875 0.975309375 0.428075 0.975309375 0.4233625 0.9678125 0.41245 0.962521875 0.3978171875 0.96605 0.3963296875 0.9744265625 0.3963296875 0.97575 0.3923609375 0.9638453125 0.3692953125 0.96605 0.3568953125 0.9554671875 0.337796875 0.9581125 0.334078125 0.9563484375 0.330109375 0.9228390625 0.2889390625 0.923721875 0.2864578125 0.9219578125 0.283234375 0.8805109375 0.2361109375 0.8743390625 0.2346234375 0.867284375 0.230903125 0.8646390625 0.2279265625 0.853175 0.2234625 0.848765625 0.2202375 0.8452375 0.21949375 0.8284828125 0.205109375 0.7989421875 0.191715625 0.7949734375 0.1889875 0.7843921875 0.185515625 0.7791 0.1798109375 0.76851875 0.1736109375 0.716490625 0.1567453125 0.7107578125 0.1557546875 0.708553125 0.154265625 0.6984125 0.1532734375 0.68783125 0.150296875 0.6723984375 0.1478171875 0.66049375 0.1438484375 0.6543203125 0.13988125 0.64594375 0.137896875 0.607584375 0.13368125 0.5930328125 0.1307046875 0.5639328125 0.129215625 0.5599640625 0.1267359375 0.556878125 0.1264875 0.532628125 0.1267359375 0.518078125 0.1287203125 0.50485 0.129215625 0.4682546875 0.1264875 0.453703125 0.1264875 0.439153125 0.1287203125 0.36684375 0.1423609375 0.3452375 0.1525296875 0.3276015625 0.1572421875 0.320546875 0.1607140625 0.3161375 0.16493125 0.3134921875 0.16493125 0.31040625 0.1609625 0.3064375 0.16021875 0.3037921875 0.16170625 0.3033515625 0.1646828125 0.29761875 0.1674109375 0.2791 0.1686515625 0.2610234375 0.1723703125 0.2403 0.1813 0.226190625 0.1937 0.208553125 0.222221875 0.2001765625 0.2321421875 0.1997359375 0.242559375 0.197090625 0.247271875 0.19753125 0.261409375 0.1948859375 0.273065625 0.1962078125 0.31795625 0.202821875 0.3373015625 0.2032625 0.3459828125 0.2081125 0.3616078125 0.2231046875 0.384671875 0.2248671875 0.392609375 0.23148125 0.4037703125 0.2323640625 0.4079859375 0.23633125 0.4079859375 0.2389765625 0.4107140625
1 0.58125 0.5375 0.5859375 0.546875 0.6078125 0.540625 0.6015625 0.53125 0.5859375 0.5328125 0.58125 0.5375
0 0 0.5265625 0.021875 0.5296875 0.1609375 0.4828125 0.209375 0.446875 0.2328125 0.4125 0.209375 0.371875 0.1875 0.2953125 0.184375 0.259375 0.1890625 0.2375 0.16875 0.2359375 0.1609375 0.24375 0.1375 0.234375 0.0046875 0.23125 0 0.2359375 0 0.5265625
1 0 0.5078125 0.0125 0.5078125 0.0171875 0.5 0.0046875 0.4921875 0 0.4921875 0 0.5078125
1 0.0015625 0.390625 0 0.4078125 0.0078125 0.403125 0.0015625 0.390625
1 0.2125 0.3984375 0.2078125 0.390625 0.1953125 0.39375 0.2 0.4015625 0.2125 0.3984375
1 0.09375 0.4984375 0.090625 0.509375 0.1140625 0.5 0.09375 0.4984375