1 0.3642330537109375 0.642805189453125 0.368023546875 0.6412705322265625 0.3693907607421875 0.638323447265625 0.3648393564453125 0.634455171875 0.363392259765625 0.633656609375 0.3540503349609375 0.6337167138671875 0.34291466015625 0.6305229189453125 0.3312516357421875 0.6299088720703125 0.3240831416015625 0.6359244521484375 0.3212467529296875 0.641081892578125 0.3221453505859375 0.6569850380859374 0.3345208837890625 0.6595028251953124 0.3519631103515625 0.660057294921875 0.3550205625 0.65962759765625 0.362935923828125 0.65576023046875 0.3688643408203125 0.6504191123046875 0.3678410849609375 0.6463042890625 0.3642330537109375 0.642805189453125
1 0.2232696142578125 0.716963966796875 0.2321158515625 0.710210837890625 0.2326768466796875 0.6983611923828125 0.2309977373046875 0.68957973046875 0.2281242939453125 0.684975453125 0.2206327744140625 0.6855265595703125 0.212910607421875 0.6876137783203125 0.2054661591796875 0.691665841796875 0.1996758271484375 0.6979894912109375 0.1993209208984375 0.701796244140625 0.20290708984375 0.7083058095703125 0.20517268359375 0.721260322265625 0.210160423828125 0.7250672744140625 0.21808828125 0.7244548447265625 0.2232696142578125 0.716963966796875
1 0.8825018427734375 0.6047794892578126 0.88197334375 0.5978417744140625 0.877961787109375 0.5946486884765625 0.8770766171875 0.591516396484375 0.8722269619140625 0.5886919765625 0.8618399189453125 0.58764772265625 0.83808959375 0.5897327958984375 0.83447021484375 0.59249622265625 0.836218041015625 0.60176662890625 0.841883931640625 0.6072328486328125 0.8460556533203125 0.608399548828125 0.8683696142578124 0.6087695205078125 0.873206990234375 0.60834055078125 0.8825018427734375 0.6047794892578126
1 0.78388646875 0.4543416083984375 0.808313578125 0.4443967919921875 0.8106226162109375 0.441819099609375 0.80972516796875 0.43543341796875 0.8045770439453125 0.4336513046875 0.775989560546875 0.4361668955078125 0.769348634765625 0.4396042734375 0.7687851611328125 0.4419382197265625 0.771727755859375 0.447034537109375 0.7784057353515625 0.453358876953125 0.78388646875 0.4543416083984375
1 0.3109333662109375 0.42513755859375 0.3442633681640625 0.40567671484375 0.348077705078125 0.4011344697265625 0.3461581484375 0.400151427734375 0.3387012041015625 0.4009485546875 0.3319444892578125 0.4003960302734375 0.3144110322265625 0.4023584384765625 0.2990028212890625 0.4067786767578125 0.2883876103515625 0.416786234375 0.2863201669921875 0.4210829697265625 0.290917095703125 0.428452419921875 0.303316255859375 0.4279610712890625 0.3109333662109375 0.42513755859375
1 0.57171551953125 0.8265297060546875 0.5797123115234375 0.8264077685546874 0.584526458984375 0.8194702529296874 0.5842723671875 0.8144962724609375 0.5815713681640625 0.811118998046875 0.5779051337890625 0.8103830146484375 0.5618769755859375 0.8103808701171875 0.5545565693359376 0.8121607451171875 0.5491918427734375 0.8151694638671875 0.5409546044921875 0.8230898212890625 0.5375766044921875 0.8275707431640625 0.5381635234375 0.8317468896484375 0.564442185546875 0.8318105380859375 0.568268802734375 0.83052168359375 0.57171551953125 0.8265297060546875
1 0.701815580078125 0.79547259375 0.709341458984375 0.7951659599609375 0.7125247177734375 0.792465404296875 0.7121450361328125 0.7897638291015625 0.7105928828125 0.78822897265625 0.706927978515625 0.7874912236328125 0.70081462109375 0.788350400390625 0.6992872421875 0.7933238720703125 0.701815580078125 0.79547259375
1 0.6743883212890625 0.73020296875 0.6768820830078125 0.7321056708984375 0.68070715234375 0.730817033203125 0.681167115234375 0.7277465751953125 0.6783751025390625 0.7268877275390625 0.6753520087890625 0.727561896484375 0.6743883212890625 0.73020296875
1 0.8531094072265625 0.7251209677734375 0.8566252763671875 0.7216210302734375 0.858438626953125 0.7123503134765625 0.8575190986328125 0.7089735498046875 0.8546233583984375 0.707376642578125 0.8462603125 0.717567859375 0.8451346953125 0.7222339873046875 0.84917928125 0.7256733115234375 0.8531094072265625 0.7251209677734375
1 0.461325857421875 0.7634020615234375 0.46848455078125 0.7636487900390625 0.4696570234375 0.7624820712890625 0.4682650341796875 0.758920828125 0.4636585224609375 0.7578152333984375 0.4611409169921875 0.758920119140625 0.459935416015625 0.7598406005859375 0.461325857421875 0.7634020615234375
1 0.778461146484375 0.6311738359375 0.7825291416015625 0.6316024765625 0.7884339326171875 0.629270494140625 0.7889284716796875 0.6264460556640625 0.782573517578125 0.6255861884765626 0.776565216796875 0.6271816591796875 0.7746235810546875 0.6292075361328126 0.778461146484375 0.6311738359375
1 0.9543076943359375 0.8559112939453125 0.956007734375 0.852166373046875 0.9571775107421875 0.8414824091796875 0.955981810546875 0.83614058203125 0.95056846484375 0.835648560546875 0.94567443359375 0.8388404287109374 0.943434546875 0.84191016015625 0.94267633203125 0.8460244736328125 0.946458572265625 0.8507519072265625 0.947356021484375 0.8571375888671875 0.948699607421875 0.857199638671875 0.9543076943359375 0.8559112939453125
1 0.94377990234375 0.78100215625 0.9472032099609375 0.780020861328125 0.94958096484375 0.7779321142578125 0.947879994140625 0.7721611181640625 0.9459604375 0.7711780771484374 0.9389400478515625 0.7719154267578126 0.9391372666015625 0.7796507587890625 0.94377990234375 0.78100215625
0 0.8869472900390625 0.535030447265625 0.88408228125 0.5146448505859375 0.8862202060546875 0.5108383896484375 0.885368064453125 0.5079523359375 0.864482779296875 0.4670578984375 0.8611507021484375 0.465522314453125 0.8455882822265625 0.446671921875 0.8416128486328125 0.4437246376953125 0.8380958310546875 0.4377071123046875 0.8351973955078125 0.426592958984375 0.8279229130859375 0.422356328125 0.8222572392578125 0.41689165625 0.8195341611328125 0.41652330078125 0.7900895419921875 0.3876006640625 0.7863557041015625 0.3863724228515625 0.7727373984375 0.3750118515625 0.758084923828125 0.365802078125 0.7554075517578125 0.359415669921875 0.7485002548828125 0.35462567578125 0.7375608681640625 0.349651296875 0.7325510478515626 0.3488532626953125 0.7294465234375 0.345782001953125 0.7242640419921875 0.343755416015625 0.7169674794921875 0.342527703125 0.7122449619140625 0.3374306591796875 0.70372885546875 0.3338687080078125 0.6957887197265625 0.3312277470703125 0.675174798828125 0.3271128544921875 0.6733366728515625 0.3298752431640625 0.66639749609375 0.3343564755859375 0.652241640625 0.341355642578125 0.6490032734375 0.34681887890625 0.6486813955078125 0.350871869140625 0.64483269921875 0.355169642578125 0.6432955205078125 0.366405421875 0.63725379296875 0.3772723369140625 0.63447405859375 0.3796668798828125 0.6338193544921875 0.384517705078125 0.6277528505859375 0.388876291015625 0.62484752734375 0.393543240234375 0.62058457421875 0.39489341796875 0.6113905361328125 0.38967374609375 0.6090337109375 0.3792361123046875 0.602355513671875 0.372910224609375 0.5984480830078125 0.360937515625 0.5844980986328125 0.3598922431640625 0.5848184296875 0.355839470703125 0.5807394853515625 0.3521556748046875 0.5750970400390625 0.3531995478515625 0.5719942802734375 0.3501296171875 0.5675240888671875 0.350005224609375 0.56008944140625 0.3477949794921875 0.55533234765625 0.342451916015625 0.5515280283203124 0.340733400390625 0.5501375869140624 0.3371719404296875 0.5331883525390625 0.3337932490234375 0.5319690263671875 0.3314605576171875 0.5249376865234375 0.328942751953125 0.514053408203125 0.3212056923828125 0.5121699755859375 0.320468453125 0.5082398486328125 0.3210207958984375 0.496532447265625 0.3264230380859375 0.485983474609375 0.327403841796875 0.483743587890625 0.3304735732421875 0.4715431943359375 0.338700037109375 0.4641884296875 0.340235439453125 0.46068369140625 0.3374713046875 0.4566500546875 0.3372871357421875 0.430625484375 0.3421974677734375 0.4101160048828125 0.34833500390625 0.3723963115234375 0.3619009677734375 0.34938172265625 0.3723983271484375 0.34616565234375 0.3748541923828125 0.3061824453125 0.3944990244140625 0.3044134716796875 0.3977534521484375 0.2992196416015625 0.401989392578125 0.2982682333984375 0.40788385546875 0.2953265693359375 0.4123034541015625 0.2913054296875 0.4153742236328125 0.287400078125 0.42243489453125 0.27063578515625 0.4235381455078125 0.2559869375 0.433361533203125 0.2403518876953125 0.4488318173828125 0.234583853515625 0.4521480966796875 0.232550986328125 0.4566908515625 0.2256809609375 0.4616641240234375 0.19465382421875 0.50384274609375 0.19191074609375 0.5255166884765625 0.1724308447265625 0.564319455078125 0.1711450625 0.5710119697265625 0.1723419111328125 0.5858712607421875 0.1685782724609375 0.6129476259765625 0.169189966796875 0.623632099609375 0.1740396220703125 0.6264565205078125 0.1710290244140625 0.630385626953125 0.1733907333984375 0.6440240439453125 0.173769375 0.6625595458984375 0.177022716796875 0.6698669462890625 0.1794475439453125 0.67127915625 0.18388294140625 0.671155982421875 0.1864804306640625 0.6737967431640625 0.1889189033203125 0.68798135546875 0.1945624970703125 0.6964549453125 0.20185905859375 0.697682658203125 0.216808853515625 0.6963326611328124 0.2223933134765625 0.698053451171875 0.2253111328125 0.696641439453125 0.2324129541015625 0.69964951953125 0.2300129013671875 0.70474563671875 0.2315068525390625 0.709043609375 0.228323810546875 0.711745712890625 0.224257146484375 0.711315306640625 0.222453595703125 0.71432371484375 0.224122904296875 0.729367484375 0.2281231142578125 0.7388230966796875 0.27057434375 0.768421830078125 0.2763781025390625 0.7748690341796876 0.284133298828125 0.7730280537109375 0.2880509287109375 0.7692207724609375 0.2971981123046875 0.7709410341796875 0.30124248046875 0.7743788115234375 0.304759498046875 0.7803963369140625 0.3213096669921875 0.7935996162109376 0.3262849111328125 0.794151630859375 0.331134783203125 0.7969775986328125 0.3346613837890625 0.7967312685546875 0.33930401953125 0.7980826650390626 0.359230423828125 0.806803693359375 0.367387380859375 0.804655369140625 0.3720422939453125 0.8092601572265625 0.3764087578125 0.808646490234375 0.38442762890625 0.805515634765625 0.38668001171875 0.8057008408203125 0.393047244140625 0.8098140986328125 0.4024360244140625 0.813253404296875 0.4083187353515625 0.81393033984375 0.41266290234375 0.8163240439453125 0.43533446484375 0.8224045087890625 0.44548012890625 0.821731265625 0.4518225869140625 0.8193361953125 0.45538398046875 0.8193374326171875 0.470184341796875 0.8232674287109375 0.47685004296875 0.82633837890625 0.482261841796875 0.8268306171875 0.485664400390625 0.8288564755859374 0.500452482421875 0.82953308203125 0.5076332548828125 0.8267708935546875 0.5253170771484375 0.82904440625 0.536738505859375 0.8279394091796874 0.539921765625 0.825238853515625 0.5567770732421875 0.821617177734375 0.5566264912109375 0.8173797080078125 0.5607390791015625 0.8117936083984375 0.5654727275390625 0.8106265791015625 0.5739765546875 0.810935140625 0.578252935546875 0.82235581640625 0.5836645166015625 0.8228465068359375 0.5878833115234375 0.8275141650390625 0.5964668037109375 0.831566826171875 0.60924431640625 0.8337788173828125 0.6131285185546875 0.83924298046875 0.621415525390625 0.844340826171875 0.6284122890625 0.846612611328125 0.6341140859375 0.8523230859375 0.6382496845703125 0.8532439833984375 0.64752267578125 0.85269338671875 0.6538651328125 0.85029831640625 0.6578519140625 0.8469830751953125 0.6591845517578125 0.8437899697265625 0.665916708984375 0.8378357138671875 0.674439919921875 0.825618111328125 0.6882604697265625 0.809901080078125 0.693292369140625 0.8076901962890625 0.6990369951171875 0.807384599609375 0.7065519248046875 0.803822810546875 0.7133186572265625 0.79811457421875 0.72766925390625 0.7893350400390625 0.7297019033203125 0.7847907373046875 0.7362047431640625 0.780370828125 0.740053439453125 0.7760730546875 0.7448216630859374 0.7751520458984374 0.754070810546875 0.777609037109375 0.7662975263671875 0.7758906845703125 0.780543283203125 0.7663764033203125 0.7830814208984375 0.7622628173828125 0.813483802734375 0.75047629296875 0.8181705966796875 0.745809853515625 0.820536072265625 0.7404677158203125 0.8245228544921875 0.737152474609375 0.8305538505859374 0.7230319521484375 0.8410196279296875 0.718304388671875 0.8426850927734375 0.71431344921875 0.8482463251953125 0.709525693359375 0.850002802734375 0.703016328125 0.873504060546875 0.66114433984375 0.875882033203125 0.6590571396484375 0.8759941953125 0.6440138798828124 0.8790614482421875 0.637321875 0.883013654296875 0.63376061328125 0.88326505078125 0.6292173486328125 0.8815763583984375 0.6266997431640625 0.883470921875 0.6211729091796875 0.88040273828125 0.618348998046875 0.8800797119140625 0.6128845244140625 0.885362076171875 0.5966144599609375 0.888003724609375 0.5932373857421875 0.8887840185546875 0.586114154296875 0.8855297451171875 0.5692908388671875 0.88896418359375 0.562045470703125 0.8870189208984375 0.545038185546875 0.8888099736328124 0.5387748388671875 0.8869472900390625 0.535030447265625
1 0.58555950390625 0.1393450498046875 0.5883753603515625 0.13719630859375 0.5923496455078125 0.1306261298828125 0.5908654951171874 0.120065849609375 0.5853376904296875 0.1155821611328125 0.578913802734375 0.1142318017578125 0.5691823955078125 0.1178526396484375 0.5669302294921875 0.11766898046875 0.5545087724609375 0.1211677001953125 0.550718279296875 0.122702357421875 0.537045615234375 0.133139611328125 0.5383102490234375 0.1389719306640625 0.5426200576171875 0.1411211630859375 0.560971080078125 0.1417987890625 0.58555950390625 0.1393450498046875
1 0.7664283466796875 0.0608291728515625 0.7783084091796875 0.056655482421875 0.789027130859375 0.0473844365234375 0.787774775390625 0.0448055078125 0.7834303916015625 0.0424102568359375 0.7746506103515625 0.0401381796875 0.7610129208984375 0.0413037724609375 0.74993659765625 0.04486432421875 0.74413376953125 0.047933037109375 0.7379071005859374 0.054318009765625 0.741009861328125 0.0573879404296875 0.7527545341796875 0.0617489638671875 0.7664283466796875 0.0608291728515625
1 0.7241163505859375 0.0417304345703125 0.729586134765625 0.039458009765625 0.7317916630859375 0.036143806640625 0.73097564453125 0.0335035546875 0.7277109541015625 0.0324586806640625 0.7191161142578125 0.034668544921875 0.715934619140625 0.0373704306640625 0.7169576572265625 0.0414837060546875 0.7241163505859375 0.0417304345703125
1 0.4162427685546875 0.052940375 0.4311927802734375 0.0515919248046875 0.433260005859375 0.047293642578125 0.4317645078125 0.0429958876953125 0.42974298828125 0.0412761171875 0.4232622275390625 0.0426871083984375 0.4086122314453125 0.0429930341796875 0.3911809541015625 0.04569371875 0.3798063798828125 0.0502981259765625 0.3682245673828125 0.0534279619140625 0.36581201953125 0.055269142578125 0.3654916884765625 0.0593219150390625 0.3691565927734375 0.0600596640625 0.3774877578125 0.059139673828125 0.4162427685546875 0.052940375
1 0.2357056357421875 0.057775845703125 0.239210375 0.0605399814453125 0.2433131630859375 0.061216189453125 0.2465182841796875 0.05550516796875 0.237807654296875 0.053725130859375 0.2357056357421875 0.057775845703125
1 0.503471353515625 0.0779990595703125 0.509148375 0.0772012060546875 0.510653673828125 0.07523665234375 0.5092962607421875 0.0719214296875 0.50220671875 0.072166740234375 0.4987597841796875 0.076157169921875 0.503471353515625 0.0779990595703125
1 0.6459127060546875 0.1664262470703125 0.64887759765625 0.168515193359375 0.6563343251953125 0.16771651953125 0.6574599423828125 0.163050390625 0.6545642021484375 0.161453484375 0.64976140234375 0.1621284736328125 0.646878158203125 0.1637865048828125 0.6459127060546875 0.1664262470703125
1 0.7405836279296875 0.2317645947265625 0.7458102685546875 0.22777334375 0.7511988388671875 0.221757037109375 0.750979322265625 0.217029076171875 0.7451311875 0.21659816015625 0.7351345576171875 0.22150908984375 0.733447013671875 0.2285089482421875 0.736951751953125 0.2312730830078125 0.7405836279296875 0.2317645947265625
0 0.46503659375 0 0.3002984140625 0.02315244140625 0.3001382490234375 0.0251788271484375 0.2932557275390625 0.026897162109375 0.286718529296875 0.031072599609375 0.281777642578125 0.0307650576171875 0.2769277705078125 0.02793908984375 0.2767207509765625 0.0264660654296875 0.22083249609375 0.0343206474609375 0.20733382421875 0.0459846884765625 0.2079553193359375 0.0504068544921875 0.20285519921875 0.0616416142578125 0.2041669052734375 0.0709748916015625 0.2097317646484375 0.0852202978515625 0.2069529619140625 0.0971307568359375 0.2114684599609375 0.10075477734375 0.211919771484375 0.11346408984375 0.2141608076171875 0.119911822265625 0.2161492978515625 0.12138535546875 0.2243200810546875 0.122490205078125 0.2290648955078125 0.1245798779296875 0.2316180087890625 0.1332369287109375 0.2295505654296875 0.1375336640625 0.23053924609375 0.141402466796875 0.236192640625 0.1436137490234375 0.2397332841796875 0.1466221396484375 0.242284849609375 0.1552794072265625 0.2621211728515625 0.1760347763671875 0.271556806640625 0.1829734921875 0.2767738642578125 0.18524609765625 0.2811749033203125 0.184878451171875 0.2852884228515625 0.1888082666015625 0.284967875 0.1928594921875 0.292265802734375 0.2036062158203125 0.30407941015625 0.2084577314453125 0.312352373046875 0.210300857421875 0.32741910546875 0.2224582255859375 0.333981296875 0.2247926640625 0.3377274130859375 0.229274294921875 0.352113734375 0.230258244140625 0.3554112353515625 0.23154780859375 0.3749588896484375 0.247083177734375 0.380245099609375 0.249847822265625 0.3918171103515625 0.2529802939453125 0.610768109375 0.3757356640625 0.62011118359375 0.3851930234375 0.6310369248046875 0.3773950009765625 0.78233580859375 0.2088653349609375 0.7886439072265625 0.2062257919921875 0.7940172861328125 0.1874373017578125 0.80182798828125 0.173315958984375 0.8088238203125 0.166071828125 0.8158310009765625 0.1525651708984375 0.8187488203125 0.15115316015625 0.82751610546875 0.1501702998046875 0.835386158203125 0.1428033046875 0.842518927734375 0.1270242421875 0.8451817236328125 0.1111223330078125 0.85192616015625 0.108421466796875 0.8605651591796875 0.1001937666015625 0.8641943388671876 0.0911680322265625 0.8793573271484375 0.065995587890625 0.877665939453125 0.053960736328125 0.8787101259765625 0.0455491787109375 0.883350064453125 0.0373833291015625 0.888038623046875 0.0327182197265625 0.890058994140625 0.02492052734375 0.8874269287109375 0.02203374609375 0.8876437490234375 0.0172444609375 0.8818966455078125 0.0080343583984375 0.883999994140625 0.0039818779296875 0.8886647080078125 0.002324357421875 0.8917094921875 0 0.46503659375 0
0 0 0.1144452958984375 0.1468229033203125 0.0938106826171875 0.1530727998046875 0.093934255859375 0.1636438515625 0.0899445341796875 0.19733238671875 0.085710099609375 0.2024349853515625 0.0839910380859375 0.20437662109375 0.0819651611328125 0.2042262568359375 0.0777292392578125 0.2005475263671875 0.0737383173828125 0.2017766533203125 0.069808701171875 0.19867367578125 0.06673722265625 0.1983506494140625 0.06127275 0.201854240234375 0.0545194208984375 0.2016806474609375 0.0437749541015625 0.20559827734375 0.0399676728515625 0.2055514228515625 0.0364682626953125 0 0.0653566318359375 0 0.1144452958984375
0 1 0.5423378056640625 0.9972567021484375 0.5405650185546875 0.981411005859375 0.5355291171875 0.9717460546875 0.530124748046875 0.948408837890625 0.525639953125 0.91998151953125 0.52612915625 0.9122829794921875 0.5252072392578125 0.8964605107421875 0.5266798828125 0.8918649482421875 0.528829443359375 0.89259451171875 0.56253719921875 0.8898962080078126 0.568677171875 0.8916699580078125 0.5939733701171875 0.887006392578125 0.6051483544921875 0.889019658203125 0.6131302158203125 0.8875500830078125 0.6248582529296876 0.889011005859375 0.6289099873046875 0.87837216796875 0.6419266806640626 0.8779606064453125 0.6484963310546875 0.8531046318359375 0.6965703427734375 0.8524276298828125 0.7044285380859375 0.854254408203125 0.70792867578125 0.8518197802734375 0.7127787734375 0.84352588671875 0.723462029296875 0.84151531640625 0.7249974140625 0.8374125283203125 0.7243212060546875 0.83222024609375 0.7285569287109375 0.8232027138671875 0.743600517578125 0.81811394140625 0.748572751953125 0.8174246611328125 0.7531775576171875 0.8134033037109375 0.756246779296875 0.809337787109375 0.7653338369140625 0.8044216767578125 0.771534623046875 0.799355201171875 0.773499486328125 0.7961498623046875 0.7792089599609375 0.8137092431640625 0.7932723427734375 0.82630429296875 0.8005180908203124 0.845117359375 0.8171586376953125 0.911161228515625 0.8562143828125 0.9242492705078125 0.86063591015625 0.9320981748046875 0.8657937490234375 0.9406127333984375 0.86935591796875 0.9482766982421875 0.87003181640625 0.9652718564453125 0.8673940009765625 0.97969253515625 0.8686224228515625 0.9880221533203125 0.867702650390625 0.998662140625 0.8642034208984375 1 0.8642275947265625 1 0.5423378056640625
0 0.16468656640625 0.6327806982421875 0.160940232421875 0.62829751953125 0.1672322080078125 0.603369876953125 0.1657134814453125 0.592563576171875 0.153748361328125 0.5739586748046875 0.1402794892578125 0.5573181103515625 0.1265204013671875 0.53545776171875 0.106018642578125 0.516299609375 0.0892739501953125 0.5048782431640625 0.07601324609375 0.4992281650390625 0.0646828310546875 0.497814736328125 0.0547789794921875 0.5002085703125 0.034385505859375 0.5103375546875 0.0268482802734375 0.51690671484375 0.021885314453125 0.5196080908203125 0.0092718125 0.5344044228515625 0.006940912109375 0.539992580078125 0.001643572265625 0.5434920078125 0.0231475556640625 0.696500802734375 0.028893728515625 0.6961949892578125 0.073473646484375 0.683918060546875 0.1195245048828125 0.6694321064453125 0.1368399931640625 0.6627415185546875 0.157085580078125 0.657892310546875 0.167253107421875 0.6542086015625 0.1700414921875 0.636034287109375 0.16468656640625 0.6327806982421875
1 0.0699187080078125 0.5318926875 0.07479044140625 0.531708189453125 0.078110240234375 0.5299903828125 0.0773729560546875 0.521578314453125 0.074546150390625 0.520471900390625 0.069548609375 0.5229272568359375 0.0678610654296875 0.5299271142578125 0.0699187080078125 0.5318926875