1 0.3770618994140625 0.1568132861328125 0.3736020361328125 0.1636432626953125 0.369306521484375 0.1752782158203125 0.36795308203125 0.1910942060546875 0.374080224609375 0.2030147138671875 0.3824327451171875 0.208018921875 0.385156056640625 0.2117445283203125 0.3990673720703125 0.2012268115234375 0.406576640625 0.1862814130859375 0.4091097646484375 0.17850323046875 0.4094173466796875 0.1741045966796875 0.4036287958984375 0.160881095703125 0.397100029296875 0.15114257421875 0.383771365234375 0.1533055830078125 0.3770618994140625 0.1568132861328125
1 0.3599889970703125 0.312086515625 0.368468400390625 0.3259383134765625 0.374439755859375 0.3329860849609375 0.3714414306640625 0.33675486328125 0.3758964501953125 0.3406015625 0.3851139638671875 0.3438978857421875 0.3936530078125 0.3533352783203125 0.3984157744140625 0.356320095703125 0.39931150390625 0.35417266015625 0.400233978515625 0.3374415654296875 0.405546609375 0.321900861328125 0.4081123017578125 0.3172184287109375 0.409346349609375 0.3102328076171875 0.402690974609375 0.295181888671875 0.3948684091796875 0.296844953125 0.392114361328125 0.2935588984375 0.391184341796875 0.28907372265625 0.3871635126953125 0.286140787109375 0.383513736328125 0.28500216796875 0.3757221806640625 0.289760873046875 0.3689186728515625 0.2910519296875 0.362551134765625 0.3003319208984375 0.3599889970703125 0.312086515625
1 0.405316162109375 0.4460857314453125 0.40268899609375 0.451647267578125 0.4015797255859375 0.460409984375 0.4021063994140625 0.4635402861328125 0.4056041083984375 0.4704150830078125 0.4190940009765625 0.4872705869140625 0.4320229287109375 0.494363177734375 0.434805716796875 0.4901376279296875 0.435111576171875 0.4822021328125 0.4387556943359375 0.46919809375 0.4402956025390625 0.4542769775390625 0.4338534951171875 0.4290755849609375 0.43233705078125 0.4258760712890625 0.4287181181640625 0.424296341796875 0.4116835908203125 0.4368072998046875 0.405316162109375 0.4460857314453125
1 0.3963445029296875 0.5992721171875 0.392204611328125 0.6122430546875 0.3951467412109375 0.6199624033203125 0.3959214111328125 0.626646787109375 0.4132184267578125 0.6495137568359375 0.4167451494140625 0.652412140625 0.425092392578125 0.6468073251953125 0.4310274619140625 0.6401504306640625 0.43381025 0.6359248798828125 0.4384118427734375 0.6234294951171875 0.438936521484375 0.6194877431640625 0.433117125 0.6067053525390625 0.4281355400390625 0.59972679296875 0.4223811708984375 0.5931374619140625 0.4170612666015625 0.590997087890625 0.410878201171875 0.594099900390625 0.404908732421875 0.5941257412109375 0.3963445029296875 0.5992721171875
1 0.37608072265625 0.49796493359375 0.372061890625 0.5021040517578125 0.369373251953125 0.5085446904296875 0.3700245947265625 0.513453646484375 0.374483333984375 0.5279092607421875 0.37835020703125 0.52950476171875 0.3867606455078125 0.526557703125 0.3904701728515625 0.523280357421875 0.3936510302734375 0.5098006572265625 0.3921328623046875 0.503064283203125 0.387429845703125 0.495663501953125 0.3890349453125 0.490472197265625 0.38878683984375 0.486919673828125 0.377872181640625 0.4936700625 0.37608072265625 0.49796493359375
1 0.5146513671875 0.482460552734375 0.5038343046875 0.4984997509765625 0.500034564453125 0.5101678046875 0.5000381181640625 0.517239966796875 0.502111865234375 0.5231317890625 0.5099090791015625 0.5325157412109375 0.519899267578125 0.53542439453125 0.523424158203125 0.5347874775390625 0.5275352001953125 0.5293297041015625 0.5293882412109375 0.5241541708984375 0.530529806640625 0.51495201171875 0.52956522265625 0.50029903125 0.525819408203125 0.4898717109375 0.5185797138671875 0.4831769501953125 0.5146513671875 0.482460552734375
1 0.4667714248046875 0.221430072265625 0.4625697880859375 0.231744919921875 0.4559852626953125 0.2405664697265625 0.455523998046875 0.2471628623046875 0.45914831640625 0.259350056640625 0.46895796875 0.2790416865234375 0.4736932802734375 0.286003025390625 0.4778063173828125 0.2876173056640625 0.482194205078125 0.2782004501953125 0.4859576591796875 0.2528277314453125 0.4858326083984375 0.247515443359375 0.4874069716796875 0.2427636904296875 0.4874359853515625 0.23878727734375 0.4891675302734375 0.235371619140625 0.489440712890625 0.2243419326171875 0.4847049638671875 0.2103086484375 0.4800311259765625 0.20246820703125 0.479721546875 0.199794787109375 0.475979560546875 0.199974822265625 0.471712896484375 0.2040966103515625 0.46701742578125 0.217912099609375 0.4667714248046875 0.221430072265625
1 0.4718397607421875 0.0494067685546875 0.4627777607421875 0.0474479892578125 0.4607693154296875 0.051284419921875 0.4608037705078125 0.0614537822265625 0.4662001845703125 0.1016092841796875 0.46941932421875 0.108906302734375 0.4735649296875 0.113616333984375 0.4792846259765625 0.1100394189453125 0.48917522265625 0.0965872080078125 0.4926982265625 0.0888766787109375 0.4936244189453125 0.082754498046875 0.4927848857421875 0.073413806640625 0.48835516015625 0.0549817802734375 0.485694990234375 0.0503756201171875 0.480157990234375 0.0477783642578125 0.4718397607421875 0.0494067685546875
1 0.4705562373046875 0.170866228515625 0.4680518544921875 0.1711328056640625 0.46607414453125 0.174529685546875 0.4660128359375 0.1789455400390625 0.4667564970703125 0.1825342822265625 0.469881431640625 0.18407790234375 0.4721069736328125 0.180698353515625 0.4725068740234375 0.174979505859375 0.4705562373046875 0.170866228515625
1 0.346986908203125 0.03581436328125 0.3423491923828125 0.0381418349609375 0.3384244013671875 0.044497599609375 0.33941616796875 0.051638865234375 0.3461637529296875 0.06537112890625 0.355198734375 0.078378375 0.3625000107421875 0.084192474609375 0.36512744921875 0.0821661318359375 0.36577135546875 0.0658572578125 0.364989466796875 0.045030107421875 0.3609036103515625 0.0359041123046875 0.35808808984375 0.03349716015625 0.3489338818359375 0.0328570361328125 0.346986908203125 0.03581436328125
1 0.5418847724609375 0.206793435546875 0.539101984375 0.2110189853515625 0.53431586328125 0.2261532392578125 0.534225541015625 0.2345455068359375 0.535928345703125 0.238641453125 0.536147328125 0.2461719482421875 0.5390281484375 0.25830715234375 0.5410402578125 0.2615413251953125 0.5471329462890625 0.263292470703125 0.5540902451171875 0.25980209765625 0.558970515625 0.2468829326171875 0.56199402734375 0.2285303857421875 0.557191419921875 0.2047687412109375 0.5543430576171875 0.195730845703125 0.5418847724609375 0.206793435546875
1 0.5542374970703124 0.3216912529296875 0.5491998798828125 0.329737572265625 0.548179646484375 0.33364310546875 0.546153177734375 0.3697459404296875 0.54745608203125 0.3795607353515625 0.5531797138671875 0.3865896171875 0.5575713203125 0.3877816767578125 0.565176625 0.382124978515625 0.57349102734375 0.36988921875 0.57379688671875 0.361953724609375 0.5806777841796875 0.3204466650390625 0.5768110205078125 0.31884960546875 0.574089267578125 0.315124107421875 0.57337634375 0.3110958134765625 0.57148912109375 0.3096371767578125 0.563017099609375 0.3134648984375 0.5580049423828125 0.3104626416015625 0.5557501142578125 0.31428341015625 0.5581025380859375 0.3197514521484375 0.5542374970703124 0.3216912529296875
1 0.663276955078125 0.47252269140625 0.653013748046875 0.4841804765625 0.651191552734375 0.4889148994140625 0.6510704931640625 0.49774671875 0.65247298828125 0.523922376953125 0.6538972236328126 0.528440544921875 0.6568125 0.5507451123046875 0.6584229853515625 0.5561612724609375 0.66241124609375 0.5559984580078124 0.671376935546875 0.5451333427734375 0.6736622275390625 0.537337830078125 0.6758878779296875 0.53395672265625 0.683699341796875 0.504005224609375 0.6856733330078125 0.4899994306640625 0.685917337890625 0.4794094052734375 0.6844932109375 0.4748896787109375 0.68034760546875 0.4701796474609375 0.672860078125 0.4634675556640625 0.6688394140625 0.4640713720703125 0.663276955078125 0.47252269140625
1 0.7514592998046875 0.345647732421875 0.743481384765625 0.34951000390625 0.7422455048828125 0.3529603232421875 0.742093544921875 0.3586949423828125 0.74419813671875 0.364145654296875 0.7500770107421875 0.36897688671875 0.7540327021484375 0.365718322265625 0.7579283154296875 0.3598022177734375 0.758451435546875 0.3558603564453125 0.756191220703125 0.34907366015625 0.7514592998046875 0.345647732421875
1 0.6114046279296875 0.126350064453125 0.60868853515625 0.136767224609375 0.606066810546875 0.1564745361328125 0.60622259765625 0.1613472724609375 0.61132723828125 0.1665660673828125 0.61893609765625 0.1679815322265625 0.6235736494140625 0.1621173095703125 0.6236025537109375 0.158142455078125 0.6271562939453125 0.1499923740234375 0.62743303125 0.146034849609375 0.6288844482421875 0.1430413037109375 0.6283885107421875 0.1394714501953125 0.623620466796875 0.125877609375 0.6186081455078125 0.1193386015625 0.6145874814453125 0.1199424169921875 0.6114046279296875 0.126350064453125
1 0.496920583984375 0.696913298828125 0.494973337890625 0.69633543359375 0.4921288037109375 0.69790489453125 0.491821220703125 0.7023035283203125 0.4955020078125 0.7065377890625 0.4978813408203125 0.7009589228515625 0.496920583984375 0.696913298828125
1 0.7381324853515625 0.5148834755859375 0.7363987802734375 0.507690328125 0.7316707421875 0.5184100673828125 0.7309307998046874 0.525430240234375 0.7353548095703125 0.5261812978515625 0.737548056640625 0.52324119140625 0.7381324853515625 0.5148834755859375
0 0.4134646015625 0 0.4131233017578125 0.0002176552734375 0.3979089736328125 0.00092213671875 0.391724349609375 0.0040248388671875 0.390272931640625 0.0070183857421875 0.3509114267578125 0.0259234052734375 0.3434909228515625 0.0324764267578125 0.3275311015625 0.02605686328125 0.3193666630859375 0.0254859501953125 0.316770234375 0.0306079345703125 0.317175685546875 0.0390333037109375 0.319562400390625 0.05113395703125 0.3250109091796875 0.0656587822265625 0.3262812451171875 0.072377826171875 0.3237936767578125 0.1186138056640625 0.32141434375 0.124192671875 0.3194783623046875 0.1554399912109375 0.3161435498046875 0.1675822568359375 0.31574548046875 0.17683640625 0.3169889072265625 0.1946023583984375 0.3135599443359375 0.20452953515625 0.3125125283203125 0.215946783203125 0.3132672900390625 0.247823958984375 0.31698436328125 0.265762884765625 0.3124424111328125 0.2738438642578125 0.311733205078125 0.280424484375 0.3131608857421875 0.292016375 0.3167221728515625 0.3050825634765625 0.3158611708984375 0.3209345556640625 0.3179060126953125 0.33080123046875 0.3218996591796875 0.341245880859375 0.321284494140625 0.3500431494140625 0.32376525 0.36436044921875 0.3306035947265625 0.376772390625 0.3308839951171875 0.379885470703125 0.3282892890625 0.3885443154296875 0.3292810556640625 0.3956855810546875 0.338073482421875 0.4192845205078125 0.3357574541015625 0.4275195859375 0.3356978681640625 0.4354723017578125 0.3381769013671875 0.446252740234375 0.3454352431640625 0.5024522060546875 0.3512223447265625 0.5156740390625 0.3534534365234375 0.52643870703125 0.3523442744140625 0.535199865234375 0.3540472431640625 0.5428325634765625 0.3666449609375 0.568907666015625 0.3684401376953125 0.575221708984375 0.368878048828125 0.5867443876953125 0.3705192705078125 0.59172099609375 0.3766772587890625 0.6032003935546875 0.3863925966796875 0.61714018359375 0.3894579453125 0.6266365185546875 0.3903282158203125 0.635537658203125 0.393143736328125 0.6379446103515625 0.409234158203125 0.6638206787109375 0.4157359072265625 0.6846076669921874 0.44556189453125 0.716747763671875 0.4546583486328125 0.72887590625 0.479933443359375 0.75141735546875 0.48782103515625 0.7559473505859375 0.491501822265625 0.760181611328125 0.4980285927734375 0.7628480791015625 0.5001023388671875 0.768739900390625 0.5335417080078125 0.7883155107421875 0.5459768017578125 0.798908744140625 0.555286525390625 0.800886412109375 0.565464904296875 0.80822680078125 0.570877017578125 0.80904851953125 0.5813633076171875 0.8190637783203125 0.6038209951171875 0.8321246630859375 0.6453904013671875 0.8456401337890626 0.6765968466796874 0.8509157744140625 0.70130542578125 0.8495500927734375 0.710705744140625 0.8466706875 0.729260162109375 0.84443296484375 0.7404843984375 0.84035599609375 0.75640766015625 0.829535701171875 0.763670818359375 0.818109833984375 0.7626485888671874 0.8149433125 0.7642245107421874 0.8101916689453125 0.7619645693359375 0.8069401650390625 0.7623336240234375 0.801662427734375 0.7554030703125 0.7905691416015626 0.7554628203125 0.786153177734375 0.761857431640625 0.76936303125 0.767703736328125 0.771098513671875 0.7721281845703125 0.7789215166015625 0.7764907216796875 0.780551677734375 0.779398724609375 0.7851751669921875 0.790186609375 0.7695756298828125 0.79655220703125 0.7567618955078125 0.8014360322265625 0.7509148935546875 0.8060391845703125 0.7384196171875 0.8100254482421875 0.7311847490234376 0.810550126953125 0.7272429970703125 0.80887816796875 0.722705939453125 0.8111019873046875 0.7157895302734375 0.8107273818359375 0.70692305078125 0.8121784169921875 0.7003958701171875 0.8125112939453125 0.681411908203125 0.81405637109375 0.677101375 0.81442170703125 0.66121472265625 0.81423162890625 0.649709375 0.8128674169921875 0.644310435546875 0.813578455078125 0.6412651171875 0.81295152734375 0.636007013671875 0.8136902998046875 0.6112184765625 0.8116147216796875 0.6017913525390625 0.8128506025390625 0.598341033203125 0.8108382197265624 0.5915716669921876 0.8105868330078125 0.584482173828125 0.809660203125 0.5835324091796875 0.8107404599609375 0.57874610546875 0.809808607421875 0.5707256279296875 0.8081996806640624 0.565309576171875 0.8061260986328125 0.562954505859375 0.806927787109375 0.558590423828125 0.8040468017578125 0.5429184677734376 0.803977947265625 0.5261180517578125 0.8023039921875 0.51450894140625 0.8032611943359375 0.51148240234375 0.7988967705078125 0.5027786279296875 0.799638435546875 0.49929531640625 0.7984605830078125 0.494792810546875 0.7987046962890625 0.4842012265625 0.7941536396484375 0.471065826171875 0.7920109287109375 0.4483751474609375 0.78854395703125 0.441060798828125 0.7894087861328125 0.4358161630859375 0.7877982998046875 0.4304000029296875 0.788446197265625 0.428235236328125 0.7873929580078125 0.42197307421875 0.7853501123046875 0.419178453125 0.78627813671875 0.41659157421875 0.7767073759765625 0.3792376474609375 0.77716875 0.3726396962890625 0.7741974423828125 0.3653600078125 0.771412658203125 0.3625135048828125 0.7647245498046875 0.340830083984375 0.762929537109375 0.3380527919921875 0.7620610986328125 0.3326869541015625 0.7628335 0.3287640908203125 0.7538834541015625 0.2967571123046875 0.7513447802734375 0.2903910791015625 0.74345535546875 0.28232578125 0.73509884375 0.2631774658203125 0.726829263671875 0.23210147265625 0.7175157138671875 0.2195164482421875 0.7137698994140625 0.2090891279296875 0.7000301787109375 0.1851442392578125 0.6930690517578125 0.1780272568359375 0.68963637109375 0.17734551953125 0.6870994189453125 0.1745163466796875 0.672679505859375 0.1531756669921875 0.6601758291015625 0.1293172109375 0.6573926044921875 0.1264708173828125 0.652691583984375 0.12614208984375 0.6488862919921875 0.1236659267578125 0.6245953095703125 0.08705103125 0.6188120361328125 0.0844365546875 0.6061565634765625 0.0698494697265625 0.600651859375 0.066812771484375 0.598979900390625 0.06227571484375 0.5947422490234375 0.06242108984375 0.589545291015625 0.0585225087890625 0.577047 0.0452715185546875 0.565077271484375 0.0422244423828125 0.5576219296875 0.0350744677734375 0.5508453310546875 0.0253186162109375 0.5472878720703125 0.022859783203125 0.54196969140625 0.02425626953125 0.5284817939453125 0.0144728193359375 0.5153087529296875 0.0179718134765625 0.504884208984375 0.01061264453125 0.4962856875 0.0091264091796875 0.486887201171875 0.0155411171875 0.48565315234375 0.02252673828125 0.480984591796875 0.0252953203125 0.466199341796875 0.01984129296875 0.4564895537109375 0.0200457197265625 0.4462477060546875 0.006512380859375 0.43944209375 0.0007329423828125 0.436659140625 0.0014217412109375 0.43317911328125 0 0.4134646015625 0
0 1 0.3470721025390625 0.9997301044921875 0.3470978857421875 0.9919982177734376 0.3456722509765625 0.981821587890625 0.3400987890625 0.9729422294921874 0.32842752734375 0.9678992265625 0.3258663818359375 0.954105578125 0.3240168681640625 0.927914845703125 0.328815646484375 0.919043197265625 0.341897408203125 0.9144707822265625 0.3539531328125 0.9094621787109375 0.3580230390625 0.9021990205078125 0.3694489072265625 0.8978111328125 0.3788657626953125 0.89094959765625 0.3881096435546875 0.883874521484375 0.4039688056640625 0.8812200654296874 0.417043615234375 0.877512642578125 0.427391455078125 0.8761862763671875 0.4356972900390625 0.8730036962890625 0.4456401298828125 0.866312603515625 0.49511734375 0.86394437109375 0.5289846435546876 0.86148937109375 0.5783163740234375 0.8624521240234375 0.5894340517578125 0.8623076015625 0.6163865 0.8574248916015625 0.7075366865234375 0.8581759345703125 0.728804947265625 0.8571032236328125 0.7548075224609375 0.8585906552734375 0.7619834482421876 0.86428344140625 0.7694534404296876 0.86641876953125 0.7744646005859375 0.8720479794921875 0.7757432021484375 0.8782327119140625 0.7726389404296875 0.882249712890625 0.76496451953125 0.8856206484375 0.7629901669921875 0.8881233095703125 0.7591867294921875 0.8963583251953126 0.7800949189453125 0.895585923828125 0.7840177822265625 0.8930832626953125 0.787821220703125 0.8929296357421875 0.7935572890625 0.89392123828125 0.797161802734375 0.8954684189453125 0.7999217646484374 0.9007575869140625 0.8025016904296876 0.9042227275390625 0.806280736328125 0.91529500390625 0.8079383876953125 0.9307860693359375 0.8032763828125 0.93560998046875 0.79830859375 0.94247351171875 0.7961367666015625 0.947977779296875 0.79210151953125 0.9518717255859375 0.786186865234375 0.9573436982421875 0.7825910615234375 0.964422328125 0.7738040615234375 0.967111076171875 0.7673618642578125 0.974281916015625 0.7572562099609375 0.9822755 0.7485331904296875 1 0.4950610302734375 1 0.3470721025390625
1 0.97744097265625 0.3671967216796875 0.9728339931640625 0.3690846416015625 0.9709795029296875 0.3742585068359375 0.9707659619140625 0.3808737880859375 0.972251669921875 0.3845128525390625 0.98001604296875 0.3872658623046875 0.983512029296875 0.3906037978515625 0.987190875 0.3913043154296875 0.9880881630859375 0.38915698828125 0.9875290302734375 0.3829293779296875 0.9838756982421875 0.374718595703125 0.97744097265625 0.3671967216796875
1 1 0.239133771484375 0.99740013671875 0.2382044716796875 0.9958240517578125 0.23941936328125 0.9912190673828125 0.2483793369140625 0.988192001953125 0.259659720703125 0.985287716796875 0.2656451455078125 0.9824470107421875 0.277821962890625 0.98047301953125 0.2918277568359375 0.9802305732421875 0.3024178916015625 0.98103581640625 0.3051259716796875 0.9854907275390625 0.3089742294921875 0.9931287646484375 0.3099500341796875 1 0.2985519111328125 1 0.239133771484375
1 0.60301410546875 0.079599326171875 0.6123662685546875 0.08025329296875 0.601313646484375 0.0591183173828125 0.5920704775390625 0.05690565625 0.5914165107421875 0.0662578193359375 0.60301410546875 0.079599326171875
0 0.743014626953125 1 0.743986193359375 0.9979200244140625 0.748596732421875 0.954385591796875 0.738786501953125 0.8706848740234375 0.73309669921875 0.8624554267578125 0.714174384765625 0.864264880859375 0.699960921875 0.8883320263671876 0.68549669921875 0.8935858505859375 0.6631734658203124 0.854433287109375 0.595789876953125 0.8324918974609375 0.520798037109375 0.784957439453125 0.4932865205078125 0.7752020693359375 0.4696446708984375 0.822104650390625 0.4650234501953125 0.932989900390625 0.4488480869140625 0.98511353515625 0.4510935185546875 0.9978010751953125 0.4825396083984375 1 0.743014626953125 1
1 0.577478076171875 0.870369298828125 0.5741099287109375 0.8513379892578125 0.5713522958984375 0.868374626953125 0.577478076171875 0.870369298828125
1 0.6617565380859375 0.874696306640625 0.6630644716796875 0.8559919814453125 0.6531673359375 0.8631314833984375 0.65385407421875 0.8757100283203125 0.6617565380859375 0.874696306640625
1 0.49637186328125 0.9774725126953125 0.49546713671875 0.96801135546875 0.4876736669921875 0.9674663828125 0.488687388671875 0.9753688466796875 0.49637186328125 0.9774725126953125