1 0.7114908544921875 0.478850822265625 0.7057081796875 0.4837648046875 0.7043009736328125 0.4880797783203125 0.7065466875 0.4926970458984375 0.71125215234375 0.493803912109375 0.71548570703125 0.4924748173828125 0.7257928486328125 0.4854191142578125 0.7315968212890624 0.4736787734375 0.7303664013671874 0.4673488115234375 0.7114908544921875 0.478850822265625
1 0.58663134375 0.36567388671875 0.582789701171875 0.3644007021484375 0.5718690322265625 0.3682918935546875 0.5698319560546875 0.373993146484375 0.573815810546875 0.3759979501953125 0.5807408828125 0.3746518525390625 0.58555566796875 0.3716944365234375 0.58663134375 0.36567388671875
1 0.5023912373046875 0.3297485439453125 0.4986376162109375 0.3312374365234375 0.4901634228515625 0.336168421875 0.4906839736328125 0.338846423828125 0.498562126953125 0.3400942529296875 0.50635379296875 0.3385797060546875 0.50953822265625 0.334170771484375 0.508544525390625 0.329058640625 0.5023912373046875 0.3297485439453125
1 0.4213881171875 0.335894142578125 0.4181141318359375 0.337541298828125 0.416618904296875 0.3390941953125 0.4181008564453125 0.342091494140625 0.419634869140625 0.34305556640625 0.4265128359375 0.34146712890625 0.42738591796875 0.3390228154296875 0.425904263671875 0.33602705078125 0.4213881171875 0.335894142578125
1 0.0847186103515625 0.38086941015625 0.0771162626953125 0.3833579150390625 0.0739857255859375 0.3857348583984375 0.0739170234375 0.39231734375 0.0751151474609375 0.3938544716796875 0.0788133408203125 0.3943978701171875 0.084825951171875 0.392976048828125 0.09358397265625 0.3895052333984375 0.095950748046875 0.385508322265625 0.0931241015625 0.3825209091796875 0.0847186103515625 0.38086941015625
1 0.1507447392578125 0.353128541015625 0.147038224609375 0.3548597724609375 0.145340701171875 0.359990439453125 0.147686177734375 0.36281988671875 0.149221724609375 0.36378366015625 0.1531649619140625 0.363270259765625 0.160529052734375 0.3595642216796875 0.160109798828125 0.3550981015625 0.1547338466796875 0.3528593115234375 0.1507447392578125 0.353128541015625
1 0.22289290234375 0.382309087890625 0.2165422734375 0.3843011962890625 0.214560921875 0.387971693359375 0.2165225087890625 0.3911272568359375 0.22108759375 0.3915037392578125 0.2291209365234375 0.38893145703125 0.2306158662109375 0.38737702734375 0.2306765458984375 0.383070705078125 0.22289290234375 0.382309087890625
1 0.3251815380859375 0.34701491796875 0.322090083984375 0.35191036328125 0.3179984443359375 0.35396954296875 0.3188976318359375 0.3585954609375 0.33718392578125 0.35099793359375 0.3389762568359375 0.3463550126953125 0.33638603515625 0.3445838974609375 0.3280685654296875 0.345694474609375 0.3251815380859375 0.34701491796875
1 0.4204363779296875 0.3957059033203125 0.4175084345703125 0.394506609375 0.412842052734375 0.3959182451171875 0.412876181640625 0.4007123134765625 0.4148919599609375 0.4018374189453125 0.41926589453125 0.4012387080078125 0.42153290625 0.3990296171875 0.4204363779296875 0.3957059033203125
1 0.566417296875 0.485825939453125 0.5539527607421875 0.491027986328125 0.5511063505859375 0.4948666337890625 0.5521068349609375 0.49770443359375 0.55364084765625 0.498668505859375 0.56983800390625 0.498805458984375 0.571630037109375 0.4941610029296875 0.56925073046875 0.486539021484375 0.566417296875 0.485825939453125
1 0.548877080078125 0.4371885400390625 0.545131482421875 0.43640126953125 0.542093921875 0.43926472265625 0.5432852578125 0.4430761826171875 0.5465983271484375 0.4439475283203125 0.5509334755859375 0.4408318486328125 0.548877080078125 0.4371885400390625
1 0.5924075341796875 0.4739533232421875 0.588031767578125 0.474550798828125 0.5858607998046875 0.4772458037109375 0.5866719658203124 0.47910964453125 0.58878225390625 0.4807209619140625 0.591811494140625 0.4801321376953125 0.5965791728515625 0.4769323828125 0.597112701171875 0.4750586552734375 0.5924075341796875 0.4739533232421875
1 0.5390361513671875 0.465124859375 0.5337953251953125 0.4658904853515625 0.5315301455078125 0.4681008115234375 0.532341013671875 0.469963119140625 0.5356543798828125 0.4708359990234375 0.539313490234375 0.46886089453125 0.5406193994140625 0.4663340400390625 0.5390361513671875 0.465124859375
1 0.5345088134765625 0.5157787451171875 0.53250135546875 0.51237901171875 0.524845115234375 0.5168995078125 0.526088810546875 0.5186792734375 0.5294034130859375 0.5195503212890625 0.5345088134765625 0.5157787451171875
1 0.68614524609375 0.341531232421875 0.6780170947265625 0.3436157685546875 0.6762721669921875 0.3485025625 0.6786730712890625 0.3492997197265625 0.683575876953125 0.349104380859375 0.689735654296875 0.34613861328125 0.6902303974609375 0.34174791796875 0.68614524609375 0.341531232421875
1 0.7005372412109375 0.3346906796875 0.6966888125 0.335691826171875 0.6957615400390625 0.34016659765625 0.6969119609375 0.3414583193359375 0.70272723046875 0.341338703125 0.705568685546875 0.3397756220703125 0.7042357333984375 0.335235611328125 0.7005372412109375 0.3346906796875
1 0.5724406015625 0.306532513671875 0.5672942861328125 0.3077843525390625 0.564500234375 0.3095913056640625 0.5651562109375 0.3152752578125 0.5702077177734375 0.313535673828125 0.5747873134765625 0.30936012890625 0.5754630546875 0.3082180205078125 0.5724406015625 0.306532513671875
1 0.713989431640625 0.320706005859375 0.7082887353515624 0.3144873076171875 0.705062154296875 0.3163783369140625 0.70481215625 0.319710701171875 0.7139814091796876 0.3229821689453125 0.713989431640625 0.320706005859375
1 0.178388419921875 0.4930337041015625 0.1741548662109375 0.494362798828125 0.1685205947265625 0.497731001953125 0.1686086162109375 0.5004930791015625 0.1761016435546875 0.50206885546875 0.179950072265625 0.5010677099609375 0.183648564453125 0.501612640625 0.1869832294921875 0.495659162109375 0.1860301494140625 0.4930652353515625 0.178388419921875 0.4930337041015625
1 0.064636826171875 0.663455599609375 0.0603084638671875 0.6642969482421875 0.055831400390625 0.6666825419921875 0.0563439287109375 0.6716367060546875 0.0595640205078125 0.6720215419921876 0.066684900390625 0.6693735380859375 0.067274154296875 0.6654690537109375 0.064636826171875 0.663455599609375
1 0.4506281767578125 0.56720215625 0.447031279296875 0.5648706396484375 0.4428922353515625 0.5666859462890625 0.44273551171875 0.5705063544921875 0.445183521484375 0.5715458505859375 0.4486468251953125 0.5708726533203125 0.450189158203125 0.569562095703125 0.4506281767578125 0.56720215625
1 0.4701990810546875 0.5639041318359375 0.4674065634765625 0.5657107880859376 0.465668125 0.5683217177734375 0.4681164326171875 0.569362748046875 0.47181616015625 0.56990584765625 0.4778340234375 0.566209994140625 0.4737097890625 0.5634748076171875 0.4701990810546875 0.5639041318359375
1 0.708490296875 0.548913734375 0.703202365234375 0.5494370205078125 0.7003070166015625 0.5530320927734375 0.7005369521484375 0.5565242548828125 0.7038029150390624 0.55715326171875 0.7135759326171875 0.55196821875 0.708490296875 0.548913734375
1 0.23512219921875 0.232633478515625 0.2309372841796875 0.2342046142578125 0.2291043359375 0.23632933203125 0.2312130908203125 0.237940947265625 0.2373137216796875 0.2392812041015625 0.2443333046875 0.238421318359375 0.2467409951171875 0.23694414453125 0.246896185546875 0.2331240341796875 0.24175665625 0.232101541015625 0.23512219921875 0.232633478515625
1 0.33626496875 0.242280521484375 0.3330857919921875 0.244415423828125 0.3324980732421875 0.248319609375 0.33494608203125 0.24935910546875 0.345947986328125 0.2505043212890625 0.34989122265625 0.249990921875 0.3518189794921875 0.2483539501953125 0.350242517578125 0.2448704384765625 0.3451568828125 0.2418159541015625 0.341025861328125 0.24135509765625 0.33626496875 0.242280521484375
1 0.296141501953125 0.2392160751953125 0.287256375 0.2374063115234375 0.281142169921875 0.240614716796875 0.27930951953125 0.24274096875 0.2936802158203125 0.2427267744140625 0.295702185546875 0.2415744814453125 0.296141501953125 0.2392160751953125
0 0 0.5365901025390625 0.002359013671875 0.54872617578125 0.012364349609375 0.593271427734375 0.0122497763671875 0.5996097412109375 0.0299962060546875 0.690907205078125 0.03573751953125 0.699644107421875 0.0426006767578125 0.7026061640625 0.048417181640625 0.7024847158203125 0.051392529296875 0.7039278828125 0.056186015625 0.707796826171875 0.0578098818359375 0.7115242099609375 0.0617447978515625 0.713285439453125 0.0666950078125 0.7133339736328125 0.069616462890625 0.7168091328125 0.08844416015625 0.72123387109375 0.0974321171875 0.721255216796875 0.100454869140625 0.7229422568359375 0.110882328125 0.7234414638671876 0.116204388671875 0.7277122451171875 0.120816876953125 0.7283326015625 0.1212900244140625 0.7307667294921875 0.1284518193359375 0.730638462890625 0.13273277734375 0.7295532421875 0.1453099072265625 0.73418380078125 0.148340681640625 0.7335946787109375 0.179908720703125 0.736553703125 0.18879384765625 0.738363466796875 0.1906609248046875 0.7410328173828125 0.1944065224609375 0.741820087890625 0.221857115234375 0.7397695947265625 0.2415696357421875 0.7372001220703125 0.244931642578125 0.73831504296875 0.253485833984375 0.738422296875 0.2579022177734375 0.740343025390625 0.269431458984375 0.741891912109375 0.2901998916015625 0.7401279501953125 0.2938999169921875 0.7406725830078125 0.2981334716796875 0.73934348828125 0.3076013623046875 0.7395246328125 0.3095682021484375 0.7404061630859375 0.3143290947265625 0.7394807392578125 0.316391978515625 0.7408481845703125 0.3213895927734375 0.741140591796875 0.325143212890625 0.73965169921875 0.3292283642578125 0.739868384765625 0.333942150390625 0.7387006220703125 0.33725521875 0.7395719677734375 0.3521597421875 0.737685580078125 0.357069037109375 0.735214376953125 0.36346058203125 0.7357420068359375 0.3913972978515625 0.731573912109375 0.39505670703125 0.729600341796875 0.40438691015625 0.727533646484375 0.422268744140625 0.72633078125 0.445356845703125 0.720327568359375 0.4543122080078125 0.7155545478515625 0.4603235830078125 0.7141345595703125 0.46345535546875 0.7117557841796875 0.46715384765625 0.7123007158203125 0.4836007041015625 0.7091037705078125 0.540307197265625 0.6958081337890625 0.5507965732421874 0.691999185546875 0.57070519921875 0.6881293408203125 0.5744117138671875 0.686398109375 0.585807361328125 0.68494228125 0.6181870126953125 0.673594525390625 0.6261338681640625 0.6682598681640625 0.6544692841796875 0.6592151650390625 0.67661881640625 0.6460659970703125 0.68197421484375 0.6389620576171875 0.6930937578125 0.63376836328125 0.7046510849609375 0.626216560546875 0.710778267578125 0.6184564267578125 0.7247442216796876 0.6094240849609375 0.725394154296875 0.6012132783203125 0.7158791572265625 0.600789794921875 0.7102729716796875 0.59505730859375 0.7190507578125 0.5847604326171875 0.727660078125 0.58283386328125 0.73900153515625 0.583408494140625 0.750422990234375 0.5890213642578125 0.753933697265625 0.5885920390625 0.76279271875 0.5833315712890625 0.786335390625 0.5542488359375 0.7925638701171875 0.54470058203125 0.799104263671875 0.527511810546875 0.799361986328125 0.5219017490234374 0.8029872666015625 0.5151341103515625 0.8082413671875 0.5098182890625 0.809269638671875 0.503553865234375 0.8060538037109375 0.47082872265625 0.787711333984375 0.38571007421875 0.7794613310546875 0.380239998046875 0.771340412109375 0.363879580078125 0.7646327421875 0.357098947265625 0.7539818359375 0.35083171484375 0.7376367216796875 0.3360699189453125 0.7309628828125 0.3340818203125 0.7000645400390625 0.3160859287109375 0.6962715380859374 0.31505478515625 0.687879322265625 0.3088530908203125 0.6824005390625 0.308402716796875 0.6798186376953125 0.30435697265625 0.6736296875 0.30025310546875 0.6693096455078125 0.2988198251953125 0.668051140625 0.301590552734375 0.66458937109375 0.302263453125 0.6559053046875 0.29687775 0.6564471533203124 0.2927293935546875 0.65168626171875 0.2936548173828125 0.6437607041015625 0.292163115234375 0.6309456162109375 0.286316556640625 0.627497123046875 0.2824392607421875 0.6230333349609375 0.2802746591796875 0.6002165302734375 0.276119150390625 0.591959740234375 0.2729234052734375 0.5880300771484375 0.2688881435546875 0.582890548828125 0.2678656513671875 0.579293353515625 0.2655326005859375 0.5052024765625 0.2587116748046875 0.4896484658203125 0.25263824609375 0.4855094208984375 0.254453552734375 0.4812417392578125 0.2509885791015625 0.475129365234375 0.2541982197265625 0.466141408203125 0.254176873046875 0.4535695322265625 0.24727228125 0.4448263193359375 0.2461926025390625 0.4394026650390625 0.2437084052734375 0.432436974609375 0.2425362998046875 0.4202695419921875 0.2446483212890625 0.4117156484375 0.2445426015625 0.4007676376953125 0.2413653935546875 0.386592748046875 0.240077681640625 0.38414473828125 0.2390381845703125 0.3694360224609375 0.239622666015625 0.3593936875 0.23879551171875 0.354340646484375 0.24053539453125 0.352122572265625 0.242988060546875 0.336981625 0.243658150390625 0.3327477724609375 0.2449857109375 0.3284342197265625 0.24127656640625 0.323435072265625 0.2409844560546875 0.320846681640625 0.2392145771484375 0.3027418310546875 0.2338900693359375 0.29918555078125 0.2340767568359375 0.291550609375 0.23177089453125 0.274339990234375 0.2333478720703125 0.2701668173828125 0.230369109375 0.2598270810546875 0.2326304462890625 0.243826029296875 0.23119312109375 0.234493564453125 0.2340179267578125 0.183212705078125 0.23362683984375 0.1711400810546875 0.2362266083984375 0.167495482421875 0.233649685546875 0.150392947265625 0.231164212890625 0 0.2391686298828125 0 0.5365901025390625
1 0.8534978701171875 0.4052635380859375 0.846660818359375 0.409371712890625 0.84164190625 0.4159056640625 0.842453072265625 0.4177695048828125 0.846854646484375 0.4242407275390625 0.854743076171875 0.4301599208984375 0.8562959853515625 0.4335222626953125 0.8597983720703125 0.43536756640625 0.866480234375 0.435079501953125 0.87558955078125 0.4264882041015625 0.88886569921875 0.4069793759765625 0.8895020576171875 0.4033172314453125 0.8877852158203124 0.3991033369140625 0.8794797861328125 0.39566555078125 0.8751055537109375 0.3962627275390625 0.868417203125 0.3988266572265625 0.8619652763671874 0.4026068837890625 0.8534978701171875 0.4052635380859375
0 0.77860085546875 0 0.771795267578125 0.0080489287109375 0.7654381494140625 0.0123169013671875 0.763157861328125 0.0190761875 0.7565507451171875 0.0266765244140625 0.741321033203125 0.040753626953125 0.7411984375 0.049368103515625 0.733238306640625 0.0592529560546875 0.7322258359375 0.0655986708984375 0.7283954365234375 0.071311060546875 0.7286108603515625 0.07935525 0.7246069443359375 0.08417497265625 0.724262734375 0.087022658203125 0.7198801806640625 0.08989446484375 0.7178040205078124 0.0930772158203125 0.7092481474609375 0.1091424169921875 0.709138828125 0.1132066982421875 0.7056083564453125 0.1204620830078125 0.70894183203125 0.1468483154296875 0.7036729208984375 0.156714630859375 0.705148806640625 0.1689340869140625 0.7014460810546875 0.1776125478515625 0.7002691083984375 0.185421216796875 0.703278583984375 0.1916584521484375 0.7037239443359375 0.2031948037109375 0.7138170029296875 0.2505005986328125 0.7164543310546875 0.252514052734375 0.7199176337890625 0.2518408544921875 0.7224604521484375 0.2533680966796875 0.727477384765625 0.26300506640625 0.7379996533203125 0.2639920185546875 0.7406304921875 0.268281337890625 0.742936587890625 0.2685907490234375 0.7995399521484375 0.2570819951171875 0.80718321484375 0.2571132275390625 0.825022169921875 0.25415026953125 0.8364584345703125 0.2552126455078125 0.8628596044921875 0.2500807783203125 0.8685341953125 0.2492292451171875 0.874923908203125 0.2497556396484375 0.88271557421875 0.2482410927734375 0.8984525615234376 0.2413921884765625 0.91287744921875 0.2393475361328125 0.9187481455078125 0.237195630859375 0.937791712890625 0.2334939365234375 0.95011280078125 0.2275621025390625 0.9529133408203125 0.223479283203125 0.955030416015625 0.2228162705078125 0.9327880498046875 0.108389216796875 0.929677576171875 0.1039416328125 0.9317469482421875 0.103033212890625 0.9305639326171875 0.0969471240234375 0.9276898828125 0.0937158388671875 0.929617341796875 0.0920773330078125 0.91551506640625 0.019527416015625 0.913208970703125 0.0192180048828125 0.91107936328125 0.008262125 0.913148736328125 0.007353705078125 0.9117193212890625 0 0.77860085546875 0
1 0.4905950517578125 0.1465904833984375 0.4845892294921875 0.14573797265625 0.4834806611328125 0.1469626220703125 0.4846704638671875 0.1507743798828125 0.492338 0.157874609375 0.503584947265625 0.15796302734375 0.50704825 0.1572898291015625 0.5093134306640625 0.1550795029296875 0.5088600478515625 0.1458193134765625 0.5027742265625 0.1399285634765625 0.499744986328125 0.140517388671875 0.4905950517578125 0.1465904833984375
1 0.8922308642578125 0.1377485556640625 0.8819779130859375 0.1427738017578125 0.8796111376953125 0.146770712890625 0.8810915556640625 0.149768310546875 0.887340888671875 0.1495643212890625 0.8949417021484375 0.147076115234375 0.89889821484375 0.14201251953125 0.897228478515625 0.1380409638671875 0.8922308642578125 0.1377485556640625
1 0.951007923828125 0.202122341796875 0.9488437431640625 0.2025430166015625 0.947781044921875 0.204011837890625 0.9497494189453125 0.2048930693359375 0.9514810712890625 0.204556470703125 0.951007923828125 0.202122341796875
1 0.9409652919921875 0.201293654296875 0.9344123662109375 0.206863533203125 0.931658931640625 0.2111886904296875 0.9329497333984375 0.2132107958984375 0.936933587890625 0.215215599609375 0.9437167470703125 0.213139416015625 0.944041935546875 0.2009487021484375 0.9409652919921875 0.201293654296875
1 0.823494357421875 0 0.8208793505859375 0.004066322265625 0.8216837294921875 0.008204494140625 0.8244632705078125 0.010949568359375 0.8276344248046875 0.0110908291015625 0.8314357470703125 0.0098473427734375 0.8345188798828125 0.00722652734375 0.8322631904296875 0 0.823494357421875 0
1 0.89236069140625 0.1106891259765625 0.8783212275390625 0.11240736328125 0.87514205078125 0.114542265625 0.8773403603515625 0.11891566015625 0.88444796484375 0.1208178505859375 0.88832898828125 0.1246110712890625 0.8910205068359375 0.124594068359375 0.8933804951171875 0.1228714873046875 0.896627138671875 0.114155931640625 0.89236069140625 0.1106891259765625
1 0.7933881416015625 0.0035986123046875 0.7872351513671875 0.004290048828125 0.78405567578125 0.0064234169921875 0.7822420458984375 0.017892697265625 0.7871937900390625 0.01794093359375 0.794071458984375 0.016350962890625 0.797729333984375 0.0143776904296875 0.79865630859375 0.0099013857421875 0.79583644921875 0.0046396416015625 0.7933881416015625 0.0035986123046875
0 0.68037523046875 0 0.6740403115234375 0.00658550390625 0.673067466796875 0.0108176376953125 0.689337537109375 0.0182656279296875 0.6952749560546875 0.0257021572265625 0.695584890625 0.03423255859375 0.6907552958984375 0.0417404677734375 0.6818352978515625 0.051305724609375 0.6533707978515625 0.07124076953125 0.6426379130859375 0.0761062177734375 0.6380109130859375 0.0800378896484375 0.626995734375 0.083442869140625 0.6221791171875 0.086399048828125 0.6213075693359374 0.0888430634765625 0.6247628505859375 0.0904460283203125 0.62918572265625 0.090090892578125 0.63092386328125 0.0874784287109375 0.6351103115234376 0.0859069951171875 0.63693523828125 0.0860584404296875 0.6393767587890625 0.08937380078125 0.6433671015625 0.089102740234375 0.649797431640625 0.092147337890625 0.6495003271484375 0.09523736328125 0.655309107421875 0.0973936123046875 0.6603340634765625 0.1047544189453125 0.6635180478515625 0.1165161064453125 0.6616179306640625 0.1252230107421875 0.6526553359375 0.148440984375 0.6500992421875 0.1514639375 0.6407587548828125 0.15656490625 0.632981154296875 0.169698046875 0.623194861328125 0.1794332861328125 0.6222543134765625 0.1884582529296875 0.624175283203125 0.1890956123046875 0.6287468564453125 0.18719623046875 0.63576673828125 0.18633787890625 0.649109609375 0.1764174853515625 0.6561359794921875 0.17328326953125 0.65942294140625 0.1670843837890625 0.6637513037109375 0.16624303515625 0.670493845703125 0.1616486484375 0.6742610400390625 0.1556110947265625 0.6844733740234376 0.14806764453125 0.6911830224609375 0.138677357421875 0.69735112109375 0.1334369609375 0.7097691435546875 0.0956497958984375 0.706705775390625 0.0914445517578125 0.7175141494140626 0.0777222880859375 0.7170948955078125 0.07325616796875 0.723796521484375 0.06614204296875 0.7245344755859375 0.0606933134765625 0.7290180283203125 0.0560318544921875 0.7354438486328125 0.0451813974609375 0.735274294921875 0.03738137890625 0.740583822265625 0.030033267578125 0.74219332421875 0.0221405234375 0.7411602451171875 0.014508357421875 0.74497484375 0.00871467578125 0.7455625634765625 0.004810490234375 0.745346787109375 0 0.68037523046875 0
0 0.4421889873046875 0.13326159375 0.43824575 0.133774994140625 0.4367979267578125 0.135571763671875 0.4377984111328125 0.1384095625 0.4501528837890625 0.1534408857421875 0.45874090625 0.1583406748046875 0.4634479052734375 0.1594472421875 0.4687634765625 0.165993888671875 0.4898759716796875 0.177554396484375 0.5005401533203125 0.1792714345703125 0.5173458828125 0.1848484658203125 0.5393708408203125 0.1964846962890625 0.549852193359375 0.19495191015625 0.5869471640625 0.1824360927734375 0.60852071875 0.1686412138671875 0.6226148203125 0.148721896484375 0.624273259765625 0.1410727265625 0.621332486328125 0.128253005859375 0.613622798828125 0.11863487109375 0.6016341318359375 0.0939310380859375 0.59957094921875 0.0925620595703125 0.5744134755859375 0.099473693359375 0.5601243115234374 0.1045258291015625 0.552807326171875 0.1084742060546875 0.5303345830078126 0.1176431669921875 0.5057708720703125 0.1345453720703125 0.4947260732421875 0.1470513388671875 0.4917916416015625 0.14812791015625 0.48679402734375 0.147835501953125 0.4813771591796875 0.143076974609375 0.4545374169921875 0.1343981591796875 0.45068898828125 0.1353993056640625 0.4421889873046875 0.13326159375
0 0 0.2368623173828125 0.0009993486328125 0.236706048828125 0.005482900390625 0.2320445908203125 0.0175065869140625 0.229201248046875 0.031492158203125 0.229515001953125 0.043597376953125 0.2317096005859375 0.067347943359375 0.229114474609375 0.09274862890625 0.2211448076171875 0.11338193359375 0.2163764287109375 0.1939680771484375 0.1895953232421875 0.221147818359375 0.1815329296875 0.254400849609375 0.16774239453125 0.3086575009765625 0.153406025390625 0.3552333408203125 0.1365196220703125 0.373764677734375 0.1278652978515625 0.3846853466796875 0.12397410546875 0.389744876953125 0.119958359375 0.391483017578125 0.1173458955078125 0.3847670263671875 0.1128398916015625 0.3816239580078125 0.10359794140625 0.3862152958984375 0.0948724990234375 0.3917615458984375 0.0887422197265625 0.3908149541015625 0.0838724287109375 0.4040026357421875 0.0777721455078125 0.407093791015625 0.0728751669921875 0.4200856650390625 0.068076791015625 0.4279835830078125 0.06249855859375 0.4305886142578125 0.0597191806640625 0.4320020107421875 0.05312680859375 0.436391052734375 0.0479791376953125 0.437122220703125 0.0448047392578125 0.4203638955078125 0.0394715810546875 0.40363969921875 0.0389324912109375 0.3976418984375 0.0358038173828125 0.3711792587890625 0.0290732177734375 0.3665750908203125 0.026178232421875 0.359514591796875 0.024518380859375 0.3544357431640625 0.0191895654296875 0 0.08808489453125 0 0.2368623173828125
0 0.5481445224609375 1 0.72654835546875 0.9653218076171876 0.7384927861328126 0.94127113671875 0.736477306640625 0.9401475654296875 0.7359093515625 0.93722569140625 0.7364970712890625 0.933321505859375 0.7415566005859375 0.9293057587890625 0.7390205693359375 0.925504185546875 0.7408061142578125 0.9231355947265625 0.7407484326171875 0.9182203564453125 0.7428955498046875 0.9154026484375 0.745635708984375 0.915627685546875 0.748718841796875 0.9130068701171875 0.7530472041015625 0.912165521484375 0.7553600859375 0.9102006015625 0.756868291015625 0.9040959755859375 0.75913376953125 0.9018871826171875 0.7695704404296875 0.867770515625 0.7679420654296875 0.8501480751953125 0.771804068359375 0.844598267578125 0.7715347509765625 0.8385860693359375 0.7759909619140625 0.8268562109375 0.7738886962890625 0.82296873046875 0.7716771103515625 0.8231455322265625 0.7695538447265625 0.8260859443359375 0.75747443359375 0.83096004296875 0.75477642578125 0.8332529111328125 0.7387488232421875 0.8409159765625 0.7167625029296875 0.8479688701171875 0.708539841796875 0.849567193359375 0.7020066806640625 0.8483110126953125 0.7016561298828125 0.8372624072265625 0.6972204267578125 0.8259971162109375 0.696388408203125 0.8147890107421875 0.700454240234375 0.8056611337890625 0.7000953681640625 0.7968871572265624 0.7047898349609375 0.78637483203125 0.7041338583984375 0.780690880859375 0.702984673828125 0.7793973271484375 0.69870371484375 0.7804825478515625 0.6936376962890625 0.7867741591796875 0.688870017578125 0.7899739140625 0.675764314453125 0.784941515625 0.6814115634765625 0.7770215830078125 0.682095625 0.773604845703125 0.6882163193359375 0.768120576171875 0.6942812880859375 0.7646670615234376 0.6993002001953125 0.758133111328125 0.7008558095703125 0.7522723583984375 0.7079440947265625 0.7448299873046875 0.7120831396484375 0.7430146806640625 0.712935666015625 0.7312276376953125 0.7014994013671875 0.7301652607421875 0.69769991015625 0.7314099814453126 0.694337904296875 0.7302950615234375 0.6567091064453126 0.744683072265625 0.6311058271484375 0.7562289765625 0.6250864296875 0.7599251279296875 0.6042982333984375 0.7685151513671875 0.559141833984375 0.792703939453125 0.5311637568359375 0.81052291796875 0.50810825 0.821320498046875 0.4918783515625 0.832561333984375 0.461735794921875 0.850799453125 0.454938125 0.8574276640625 0.4442523466796875 0.862535451171875 0.42758159765625 0.8761349921875 0.40952523828125 0.887224681640625 0.4029723134765625 0.892794560546875 0.39921839453125 0.8942819189453125 0.3188612958984375 0.9568964306640625 0.260303740234375 1 0.5481445224609375 1
0 0.8669064365234375 0.753851798828125 0.854734048828125 0.7582393876953125 0.8473207216796875 0.76170031640625 0.8447175224609375 0.7644809306640625 0.83865101953125 0.7679347421875 0.8326870498046876 0.7695986044921875 0.8235226044921875 0.7802237255859376 0.818518203125 0.7822056494140625 0.817496419921875 0.7861942080078125 0.815231240234375 0.78840453515625 0.7975516865234376 0.8014409052734375 0.7959489716796875 0.807059318359375 0.784060412109375 0.8129070771484375 0.781842337890625 0.8153597431640625 0.7790821171875 0.821959232421875 0.780224515625 0.8255271162109376 0.778513716796875 0.8352079794921875 0.7753683701171875 0.8421354169921875 0.7767000869140624 0.846677259765625 0.7760910693359375 0.8574078037109375 0.7742516318359375 0.8618083857421875 0.7721193017578125 0.883192515625 0.7636920673828125 0.90453799609375 0.7644019365234375 0.9081899560546876 0.762454712890625 0.916654521484375 0.740932328125 0.9607574189453125 0.741263560546875 0.9624614619140625 0.967194259765625 0.918544982421875 0.91144386328125 0.7911785166015625 0.9028695615234374 0.76555791015625 0.896303806640625 0.7595073623046875 0.8894865185546875 0.7567894775390624 0.8770500673828125 0.7528908349609374 0.8669064365234375 0.753851798828125
0 1 0.79474257421875 0.9953536279296875 0.7930585703125 0.9785156025390624 0.7826887060546875 0.9536572119140625 0.77033939453125 0.9471859658203124 0.76477505859375 0.931963486328125 0.7604072080078125 0.918647166015625 0.761227208984375 0.9167197080078126 0.76286571484375 0.9172402587890625 0.765543716796875 0.920168201171875 0.7667430107421875 0.925888216796875 0.7823062705078125 0.9308319384765625 0.784630669921875 0.9284583759765626 0.7909019130859375 0.924988583984375 0.7938509755859375 0.9334881396484375 0.8121593095703125 0.9371798447265625 0.8149785712890625 0.9387414970703125 0.823012576171875 0.943577134765625 0.8293994248046875 0.94404379296875 0.8341094189453125 0.9463905048828125 0.836937033203125 0.951409693359375 0.85352153125 0.9541175322265625 0.872070650390625 0.9612234560546875 0.8901452958984375 0.9611020966796875 0.89875794140625 0.968918333984375 0.904313923828125 0.973252740234375 0.917367333984375 1 0.912168193359375 1 0.79474257421875
0 1 0.6831737880859375 0.9799288466796875 0.6813509365234375 0.9325635849609375 0.6733765166015625 0.901828009765625 0.665454974609375 0.8783013359375 0.657647505859375 0.8746961181640625 0.6575906181640625 0.8636532998046875 0.6539256650390625 0.8613536923828125 0.651340388671875 0.8592843193359375 0.6522488095703125 0.855876443359375 0.6508897177734375 0.8516558662109375 0.6476670830078125 0.8356696240234375 0.641679263671875 0.82148824609375 0.642667416015625 0.8193794912109374 0.6410557998046875 0.81529433984375 0.640839115234375 0.808754392578125 0.6418572646484375 0.800286986328125 0.644513919921875 0.786281650390625 0.6510262255859375 0.771680572265625 0.6637188798828125 0.761596876953125 0.6765426103515625 0.7522496025390625 0.6839179091796875 0.7159323115234375 0.7258444462890625 0.7193188896484375 0.734029896484375 0.71052599609375 0.7488757314453125 0.702282037109375 0.7573004140625 0.698603162109375 0.766101578125 0.7002741337890624 0.7700713017578125 0.7068596533203125 0.7692957890625 0.7051082373046875 0.7764584482421875 0.7068118037109375 0.7852225390625 0.7019817646484375 0.8089010703125 0.699324671875 0.81371367578125 0.6986273349609375 0.821680609375 0.6996604140625 0.829312775390625 0.70461567578125 0.838624283203125 0.7042247548828126 0.8458583466796875 0.705997322265625 0.8480414853515625 0.708783052734375 0.84850916015625 0.72249128515625 0.84508687890625 0.7272115595703125 0.841643251953125 0.7393300537109375 0.8392876552734375 0.7504954677734375 0.8343381318359375 0.754783212890625 0.830978580078125 0.7611335439453125 0.8289849384765625 0.7687900830078125 0.8244659755859375 0.77727725390625 0.8149832607421875 0.7875776083984375 0.8102018876953125 0.7942792353515625 0.8030877626953125 0.7965515 0.7986046396484375 0.80911703515625 0.7916129404296876 0.8171245703125 0.7819719609375 0.8230965634765625 0.7780319365234375 0.832545134765625 0.7688685185546875 0.8579590966796875 0.75634865625 0.86383628125 0.7519208857421875 0.87302034375 0.7506418603515626 0.8941461142578125 0.757652171875 0.90183494921875 0.7579260419921875 0.910011740234375 0.7560835478515625 0.920960048828125 0.7592622890625 0.9378326484375 0.758255599609375 0.94867966015625 0.7632224599609375 0.9510263720703125 0.7660500751953125 0.9869617109375 0.7868584091796875 1 0.791781646484375 1 0.6831737880859375
1 0.8771156015625 0.79481898046875 0.87351191796875 0.7947617958984375 0.8699473173828125 0.7972231123046875 0.86945257421875 0.8016138076171875 0.871995392578125 0.80314105078125 0.8756006103515624 0.8031979375 0.8817213037109375 0.79771366796875 0.8771156015625 0.79481898046875
1 0.3853057216796875 0.4899548291015625 0.3827561171875 0.49070191796875 0.380105513671875 0.4932386591796875 0.380869275390625 0.494858626953125 0.384851595703125 0.4968637294921875 0.38826779296875 0.4959481923828125 0.3886187900390625 0.4908261748046875 0.3853057216796875 0.4899548291015625
1 0.40758795703125 0.51215162109375 0.4048003935546875 0.5116827109375 0.4006154794921875 0.513253845703125 0.4034408896484375 0.5162430908203125 0.4085819521484375 0.51726528515625 0.4118069990234375 0.5153745546875 0.40758795703125 0.51215162109375
0 0.81029414453125 0.4672252978515625 0.8092181708984375 0.473244314453125 0.810773333984375 0.48355418359375 0.8145939755859375 0.4916552607421875 0.820848263671875 0.489175705078125 0.83026226171875 0.4913888408203125 0.8376669697265625 0.4902010068359375 0.8463172060546875 0.4907941748046875 0.8584357001953125 0.488438578125 0.8730089912109374 0.484848146484375 0.88427044921875 0.4803845380859375 0.8899031865234375 0.4770166328125 0.898465103515625 0.4748461904296875 0.9059240029296876 0.4716278984375 0.9061672138671875 0.470569865234375 0.898140359375 0.4708662822265625 0.8952598203125 0.469910861328125 0.8918178154296875 0.463757701171875 0.8849143388671875 0.4582789736328125 0.8978098701171875 0.452993150390625 0.9035253759765625 0.4546613544921875 0.9076970146484376 0.4576404150390625 0.916218314453125 0.452951767578125 0.92709311328125 0.4488164052734375 0.9417351064453126 0.43864348828125 0.948511923828125 0.422671013671875 0.9527051591796875 0.41882525 0.9575412421875 0.4090414755859375 0.9589075322265626 0.4022067646484375 0.95792032421875 0.3948187705078125 0.959614751953125 0.3908268017578125 0.9700194990234375 0.383118611328125 0.9717644267578125 0.37823181640625 0.978080927734375 0.371445640625 0.9787714775390625 0.3657530380859375 0.971645 0.338335662109375 0.968061080078125 0.3314524169921875 0.9617317490234375 0.326618166015625 0.9584793603515624 0.321440498046875 0.956586177734375 0.311700916015625 0.9493318515625 0.2951720498046875 0.944016578125 0.2886269365234375 0.9387351357421875 0.2868743583984375 0.932317783203125 0.27927803125 0.9235404423828125 0.2734042841796875 0.9181087646484375 0.27319625 0.9102373984375 0.2696740908203125 0.899573216796875 0.2679570537109375 0.88704195703125 0.2635706650390625 0.8841679072265625 0.2603393798828125 0.875721798828125 0.25616967578125 0.8635694736328124 0.25373273828125 0.837891150390625 0.2579648359375 0.824393833984375 0.2555362509765625 0.801359625 0.25950747265625 0.7936707900390625 0.2592336025390625 0.757746302734375 0.266216615234375 0.743984177734375 0.2716708876953125 0.7368094052734375 0.2763508837890625 0.7270428759765625 0.2792600625 0.7255085654296874 0.27829445703125 0.7238049990234375 0.2695303662109375 0.717712390625 0.265913947265625 0.7151893369140625 0.25756064453125 0.71212596875 0.2533554013671875 0.708252177734375 0.2311172275390625 0.689087994140625 0.227262478515625 0.67353428125 0.221190583984375 0.666230572265625 0.220588765625 0.6618954228515626 0.2237044443359375 0.66284880078125 0.226299904296875 0.660372408203125 0.2343595634765625 0.6538862060546875 0.2495178779296875 0.650071607421875 0.25531155859375 0.644099615234375 0.2592515830078125 0.6441430556640625 0.2664028076171875 0.6383164951171875 0.2803361884765625 0.6454111220703125 0.2867901083984375 0.65583858203125 0.287289314453125 0.66587412890625 0.2903907998046875 0.6871220498046875 0.3049572578125 0.706279744140625 0.31108787109375 0.7115953154296875 0.317634517578125 0.720656484375 0.324968435546875 0.731124859375 0.32798737890625 0.743743841796875 0.335134310546875 0.752555310546875 0.3458021259765625 0.7668573056640625 0.3523704169921875 0.7781641884765625 0.3643216015625 0.7810708330078125 0.37234725390625 0.790013640625 0.3790722548828125 0.79017291796875 0.382200908203125 0.7924722255859376 0.384784650390625 0.7932636279296875 0.3934745517578125 0.800396892578125 0.4186175966796875 0.7998888740234374 0.42755848828125 0.802444521484375 0.4407061572265625 0.81029414453125 0.4672252978515625
1 0.7158240146484375 0.270070955078125 0.7129234130859375 0.275940060546875 0.7080138203125 0.2784097294921875 0.709298431640625 0.2827092333984375 0.71323334765625 0.2844704619140625 0.718955341796875 0.2838628017578125 0.72454067578125 0.2802510244140625 0.73300808203125 0.277594369140625 0.7435516484375 0.271754962890625 0.7380941630859374 0.2644782314453125 0.7282070185546875 0.259830966796875 0.7276947890625 0.2548783359375 0.7212561376953125 0.2541083671875 0.715724697265625 0.2556881533203125 0.7158240146484375 0.270070955078125
0 0.3919914814453125 0.0922343818359375 0.3844164755859375 0.10179128515625 0.3831040771484375 0.1065940048828125 0.384727943359375 0.1103213896484375 0.39916536328125 0.119895630859375 0.4067054970703125 0.12171374609375 0.4175999130859375 0.1269244794921875 0.422212103515625 0.1275433017578125 0.4272977392578125 0.1305977861328125 0.4419522646484375 0.1320437626953125 0.4482406806640625 0.134358275390625 0.4762915244140625 0.1400224892578125 0.488721486328125 0.1461969970703125 0.4930972529296875 0.145599521484375 0.511506142578125 0.1293875166015625 0.5360618310546875 0.1147614736328125 0.552665412109375 0.1077441201171875 0.5578653212890625 0.1044587568359375 0.57557068359375 0.098491083984375 0.586344185546875 0.09614383984375 0.596737814453125 0.09185051171875 0.62675901171875 0.082225037109375 0.638018935546875 0.0777617265625 0.6564068251953125 0.0683776142578125 0.6773585322265625 0.0536928525390625 0.6879153740234375 0.0433032509765625 0.693900642578125 0.03481303125 0.6935907080078125 0.02628262890625 0.6882751376953125 0.019735982421875 0.68088340625 0.0163720869140625 0.6615299052734375 0.0115433798828125 0.6576814755859375 0.0125445263671875 0.6469159970703126 0.012615607421875 0.6147386416015626 0.0203855927734375 0.589904376953125 0.0312774326171875 0.5855286103515625 0.031874908203125 0.5812556748046875 0.030683966796875 0.57764396875 0.0329029443359375 0.5748446640625 0.0369839306640625 0.5696432197265625 0.040269591796875 0.5688187783203125 0.0429559462890625 0.5645378203125 0.04404116796875 0.562650978515625 0.048197876953125 0.5586064443359375 0.050499396484375 0.5407724443359375 0.0511867880859375 0.5266529814453125 0.0478667861328125 0.5185774873046874 0.047921162109375 0.5092598310546875 0.0461954736328125 0.4897347958984375 0.0497376689453125 0.4646247255859375 0.0568931748046875 0.458518841796875 0.057826951171875 0.426090251953125 0.0689311328125 0.4012439482421875 0.0843713359375 0.3919914814453125 0.0922343818359375
0 0.45315749609375 0 0.3570324541015625 0.0186848154296875 0.357892259765625 0.0207906982421875 0.368259337890625 0.0255977607421875 0.3954842060546875 0.033948626953125 0.4140754794921875 0.037157068359375 0.4240233037109375 0.0374980107421875 0.4274311806640625 0.0388571025390625 0.4442024833984375 0.03963853125 0.4630908603515625 0.039756947265625 0.49477347265625 0.0363776572265625 0.516225966796875 0.03119695703125 0.5321522724609375 0.0253220107421875 0.5427219443359375 0.0265528359375 0.5452647626953125 0.028080078125 0.54964023046875 0.027481068359375 0.551385158203125 0.0225942744140625 0.5614490888671875 0.0165966044921875 0.56270576171875 0.013824640625 0.5692521982421875 0.010530626953125 0.5762459736328125 0.00260204296875 0.57729955078125 0 0.45315749609375 0