1 0.2378000869140625 0.49295026953125 0.253967546875 0.5017125244140626 0.27275759765625 0.5087479365234375 0.2805714443359375 0.5101564306640625 0.2893653994140625 0.506953875 0.2953855107421875 0.5062047822265625 0.3021259375 0.5020593583984375 0.3043286357421875 0.495935056640625 0.3026324169921875 0.4869533076171875 0.297194 0.480727166015625 0.2745331240234375 0.462217474609375 0.2679418671875 0.4592957275390625 0.2571076650390625 0.4572468349609375 0.25146875 0.45832934375 0.2390745986328125 0.46786553125 0.233308546875 0.4843887099609375 0.2336232802734375 0.489273388671875 0.2378000869140625 0.49295026953125
1 0.2854941376953125 0.4488272255859375 0.3033025517578125 0.460473361328125 0.3117923779296875 0.4650670029296875 0.32090106640625 0.466749126953125 0.3279378046875 0.4654557587890625 0.335952798828125 0.459552544921875 0.3381902568359375 0.4511529375 0.3352692705078125 0.4436871728515625 0.32448158203125 0.4350540693359375 0.310039310546875 0.4266601123046875 0.3015162529296875 0.4243421015625 0.294737455078125 0.4244219560546875 0.27380182421875 0.429607509765625 0.27071718359375 0.4335156416015625 0.2726344990234375 0.437218630859375 0.2750857919921875 0.4405287421875 0.2854941376953125 0.4488272255859375
1 0.4974587939453125 0.539521224609375 0.5164176953125 0.564850890625 0.52206087109375 0.5701062021484375 0.5301526083984375 0.57233412890625 0.539603796875 0.570285626953125 0.54622249609375 0.56459359765625 0.54813041015625 0.555617564453125 0.550957435546875 0.5529214189453125 0.551730931640625 0.549282404296875 0.5504125283203125 0.5406349501953125 0.5475302392578125 0.5372332275390626 0.540128642578125 0.53388525 0.509351875 0.5281038125 0.50198712109375 0.528821080078125 0.4985047158203125 0.5303619697265625 0.4974587939453125 0.539521224609375
1 0.1857083544921875 0.6319829873046875 0.1875736923828125 0.635930513671875 0.1929936884765625 0.6401240322265624 0.2084686005859375 0.643667314453125 0.2178149541015625 0.6421045048828125 0.2199107353515625 0.63012534375 0.218045072265625 0.626179345703125 0.2126269296875 0.621984623046875 0.2043101591796875 0.618696107421875 0.19732507421875 0.619746466796875 0.1907909345703125 0.622921384765625 0.1867911201171875 0.626888978515625 0.1857083544921875 0.6319829873046875
1 0.007115890625 0.443662841796875 0.02217669921875 0.449146810546875 0.03102351171875 0.4457031005859375 0.042681333984375 0.4438696455078125 0.0481988466796875 0.441239001953125 0.0518189931640625 0.4369383173828125 0.0521083115234375 0.433450375 0.04775844921875 0.428468369140625 0.0283130185546875 0.420277701171875 0.0191013486328125 0.41908006640625 0.01082294921875 0.4198571201171875 0.007944595703125 0.42279474609375 0.00683379296875 0.4228126259765625 0.0032242509765625 0.4397941845703125 0.004990759765625 0.4409300341796875 0.007115890625 0.443662841796875
1 0.4642598154296875 0.5684701220703124 0.4718876484375 0.572880541015625 0.480738396484375 0.5757761787109374 0.4851543974609375 0.576208451171875 0.488913490234375 0.5754851416015625 0.4881493388671875 0.568476228515625 0.490384943359375 0.56007782421875 0.4863114423828125 0.5559149267578125 0.4780146220703125 0.5546593583984375 0.4696833662109375 0.555677568359375 0.4609081572265625 0.5609112177734376 0.4603922763671875 0.56333824609375 0.4642598154296875 0.5684701220703124
1 0.4171422626953125 0.5759497802734375 0.4185581826171875 0.577773072265625 0.4247700966796875 0.58036019921875 0.4295654404296875 0.5811270908203126 0.4384294697265625 0.579714150390625 0.4484991962890625 0.5747556591796875 0.4509982060546875 0.5714834130859375 0.446493708984375 0.567228904296875 0.436296791015625 0.5643011171875 0.4322100087890625 0.5644467978515625 0.4283980595703125 0.5654112626953125 0.418018740234375 0.5718262763671875 0.4171422626953125 0.5759497802734375
1 0.6940397666015625 0.6304963564453125 0.703293744140625 0.64209891015625 0.710058056640625 0.6463257822265625 0.714461884765625 0.645402462890625 0.7266622470703125 0.6381908447265625 0.7280213740234375 0.6339159443359375 0.7265166328125 0.628271943359375 0.72166569921875 0.6214087119140626 0.713588447265625 0.6148740595703125 0.70628862890625 0.611039740234375 0.6984228046875 0.609875783203125 0.6946625087890625 0.6105972392578125 0.690078591796875 0.61520104296875 0.688443103515625 0.6186568359375 0.689444919921875 0.622420814453125 0.6940397666015625 0.6304963564453125
1 0.118999412109375 0.3414281611328125 0.12188323046875 0.3448302080078125 0.1293364794921875 0.3479351767578125 0.13456314453125 0.3487921513671875 0.139752642578125 0.345585408203125 0.1358337763671875 0.340695013671875 0.133072888671875 0.3388414248046875 0.126603359375 0.3374662841796875 0.1219810712890625 0.338004517578125 0.118999412109375 0.3414281611328125
1 0.1270691923828125 0.6385359814453125 0.1290178857421875 0.63996454296875 0.132745275390625 0.641517189453125 0.1354874150390625 0.64133968359375 0.1441925498046875 0.634316419921875 0.141483640625 0.632218294921875 0.134255099609375 0.6301754423828125 0.12699365234375 0.630406693359375 0.126065521484375 0.6347732060546875 0.1270691923828125 0.6385359814453125
1 0.385160814453125 0.223808455078125 0.3886302626953125 0.2265746162109375 0.3956525166015625 0.229587974609375 0.403363380859375 0.23148095703125 0.420436939453125 0.2275032001953125 0.430416640625 0.2187221474609375 0.4306322734375 0.20710371484375 0.4333191494140625 0.2008283408203125 0.4340041494140625 0.1933670888671875 0.431893828125 0.1863260263671875 0.4259915078125 0.182282376953125 0.415158833984375 0.18023380859375 0.390116470703125 0.1835320966796875 0.385081607421875 0.186011341796875 0.38301905859375 0.1957148720703125 0.371950802734375 0.2032517890625 0.3720909521484375 0.206831017578125 0.378809076171875 0.2176405712890625 0.385160814453125 0.223808455078125
1 0.6275267197265625 0.2796347236328125 0.6277897998046875 0.28476241015625 0.6323976025390625 0.28853090234375 0.653962701171875 0.293114705078125 0.667397365234375 0.2914065390625 0.668517298828125 0.2903762470703125 0.66747678515625 0.2825482265625 0.6606568828125 0.2722250146484375 0.6503385625 0.2677490927734375 0.6433863837890625 0.266525349609375 0.632988642578125 0.270907740234375 0.631629515625 0.2751826416015625 0.6275267197265625 0.2796347236328125
1 0.6550017216796875 0.04434290625 0.6579039609375 0.0497775771484375 0.661526515625 0.051815916015625 0.6675650478515625 0.0530994453125 0.674171115234375 0.0517129384765625 0.6784454384765625 0.0485656572265625 0.6806167587890625 0.044715783203125 0.6745410576171875 0.0393685361328125 0.6682778154296874 0.0370228896484375 0.6584989365234375 0.038493763671875 0.6550017216796875 0.04434290625
1 0.6002247431640625 0.096342 0.600745763671875 0.1002561728515625 0.606524828125 0.102752892578125 0.610510158203125 0.1030920244140625 0.614649796875 0.1027051884765625 0.61752662109375 0.0997672373046875 0.6166277861328125 0.09551876953125 0.6126756884765625 0.092904005859375 0.604654025390625 0.092465693359375 0.6002247431640625 0.096342
1 0.8307079130859375 0.33955825390625 0.856936404296875 0.354006888671875 0.865028140625 0.35623481640625 0.86777060546875 0.3560557822265625 0.890586384765625 0.3505095 0.8940503681640625 0.3469359873046875 0.8962346455078125 0.3387790634765625 0.8911719599609375 0.3265466640625 0.89161230078125 0.3159903486328125 0.885864615234375 0.311219201171875 0.87389205859375 0.3081679775390625 0.8702362724609375 0.30840526953125 0.862355962890625 0.3115480380859375 0.8495386318359375 0.3103443623046875 0.8395018125 0.3130287509765625 0.831378373046875 0.313076779296875 0.8192735400390625 0.3191250244140625 0.815912537109375 0.3222140478515625 0.817868224609375 0.329982607421875 0.8307079130859375 0.33955825390625
1 0.7815314697265625 0.246446046875 0.796542478515625 0.2521718203125 0.8068795458984375 0.2586788359375 0.816695267578125 0.2612732080078125 0.8219551640625 0.25985455078125 0.82888466015625 0.2527078515625 0.8330708125 0.2457368046875 0.8322918505859375 0.243036146484375 0.8271684921875 0.2416931552734375 0.8154910439453125 0.2414921337890625 0.789304861328125 0.23744841796875 0.7758886181640625 0.24118920703125 0.7815314697265625 0.246446046875
1 0.2445629072265625 0.2405773212890625 0.2624558798828125 0.249706345703125 0.276173900390625 0.2551572861328125 0.2822109052734375 0.2564404912109375 0.2864870810546875 0.2532920068359375 0.288619705078125 0.2453780908203125 0.28285359765625 0.2385743212890625 0.2675994580078125 0.2297538076171875 0.2604225703125 0.227467947265625 0.2512109013671875 0.2262703125 0.24752035546875 0.2287829111328125 0.2445629072265625 0.2405773212890625
1 0.11347128515625 0.19141470703125 0.116336681640625 0.1927841318359375 0.1235648974609375 0.19482851171875 0.1320695341796875 0.1951138994140625 0.1473843466796875 0.1930450048828125 0.15455576953125 0.1889911923828125 0.133386353515625 0.180434080078125 0.12776039453125 0.1772095380859375 0.1233440693359375 0.176778794921875 0.1195336484375 0.177743583984375 0.1195704921875 0.181808830078125 0.113190986328125 0.1842562509765625 0.1105889951171875 0.188012984375 0.11347128515625 0.19141470703125
1 0.1376607880859375 0.2239406962890625 0.134764013671875 0.22484569921875 0.1365780224609375 0.229034705078125 0.146601560546875 0.230658896484375 0.1519828603515625 0.230788373046875 0.1558965869140625 0.22933756640625 0.1529626435546875 0.2261788525390625 0.145303431640625 0.224042861328125 0.1376607880859375 0.2239406962890625
1 0.330678666015625 0.1620230068359375 0.33216466015625 0.1656359130859375 0.3344942255859375 0.1673994189453125 0.3419290537109375 0.1684717646484375 0.344479716796875 0.1649565107421875 0.3429933974609375 0.1613451328125 0.33914460546875 0.1582443525390625 0.334625298828125 0.15829809765625 0.330678666015625 0.1620230068359375
1 0.3545163232421875 0.208927548828125 0.3505512685546875 0.2106198359375 0.3563303330078125 0.2131165546875 0.36328251171875 0.214340298828125 0.36564530859375 0.2138281728515625 0.364711712890625 0.21185501171875 0.360328619140625 0.20914863671875 0.3545163232421875 0.208927548828125
1 0.31052025390625 0.2165643212890625 0.3088146904296875 0.2182304990234375 0.3106102783203125 0.2203868828125 0.3210820302734375 0.2241334541015625 0.3201315419921875 0.2201279951171875 0.3152642705078125 0.2175726923828125 0.31052025390625 0.2165643212890625
1 0.207636640625 0.174664248046875 0.2059827294921875 0.17608741796875 0.2072424873046875 0.1786378818359375 0.214903552734375 0.180772669921875 0.2210251171875 0.179538763671875 0.2193841630859375 0.1766548828125 0.2122076005859375 0.174367494140625 0.207636640625 0.174664248046875
1 0.2335094052734375 0.2204790361328125 0.22936944140625 0.2208674013671875 0.2311133759765625 0.22326679296875 0.2367209130859375 0.2244587119140625 0.2387544912109375 0.2233686328125 0.2377191181640625 0.2218818134765625 0.2335094052734375 0.2204790361328125
1 0.1862645478515625 0.173418517578125 0.184887 0.1756607958984375 0.1867342412109375 0.1775741708984375 0.1936347666015625 0.1790409228515625 0.196100544921875 0.17804430859375 0.19516694921875 0.1760711474609375 0.19192373828125 0.174367427734375 0.1862645478515625 0.173418517578125
1 0.172032556640625 0.1937203515625 0.169308837890625 0.19593048046875 0.1703970673828125 0.19717614453125 0.1781082578125 0.1990675986328125 0.18133272265625 0.1987402236328125 0.1792094443359375 0.1960062119140625 0.172032556640625 0.1937203515625
1 0.21693292578125 0.196671720703125 0.215656830078125 0.1984291845703125 0.2170730751953125 0.2002509482421875 0.2235426044921875 0.20162608984375 0.22643937890625 0.2007210869140625 0.22479875 0.197835677734375 0.21929572265625 0.1961595947265625 0.21693292578125 0.196671720703125
1 0.2659201328125 0.2228043564453125 0.2630233583984375 0.2237093603515625 0.2646639873046875 0.2265947685546875 0.275118845703125 0.2283090419921875 0.2779639677734375 0.2276470478515625 0.2761170517578125 0.22573214453125 0.2659201328125 0.2228043564453125
1 0.3334261689453125 0.261494498046875 0.3300980732421875 0.2623094189453125 0.33224009765625 0.2670745244140625 0.3383302841796875 0.2681150458984375 0.337860591796875 0.263959392578125 0.3334261689453125 0.261494498046875
0 0.3409785751953125 0.30442952734375 0.34375755859375 0.308317267578125 0.3502458349609375 0.3117235029296875 0.3670669169921875 0.31529893359375 0.3746560537109375 0.315645310546875 0.374153455078125 0.3137637607421875 0.3767906455078125 0.3109010693359375 0.391742568359375 0.30736050390625 0.3994866650390625 0.30697785546875 0.4084884365234375 0.3028051201171875 0.4141273515625 0.3017226103515625 0.418937830078125 0.2981797197265625 0.4207792822265625 0.2937549501953125 0.4113244814453125 0.2894625751953125 0.407855033203125 0.2866964140625 0.408628529296875 0.2830573994140625 0.401155330078125 0.2779194833984375 0.3940261591796875 0.269051265625 0.386229150390625 0.2463481201171875 0.3807593544921875 0.24239640625 0.3764224482421875 0.233107349609375 0.3760337041015625 0.220093708984375 0.37076866796875 0.2151711640625 0.3706100966796875 0.2095593134765625 0.3676746259765625 0.2064002744140625 0.36979429296875 0.2027934091796875 0.36437341796875 0.196484736328125 0.3649234091796875 0.19389723046875 0.35900266796875 0.1878209580078125 0.3418537275390625 0.1136870517578125 0.34330287890625 0.1132347119140625 0.3411409052734375 0.106436658203125 0.34356983984375 0.101374798828125 0.3418443271484375 0.101008029296875 0.3365092158203125 0.09429587109375 0.3366215419921875 0.083163455078125 0.334859185546875 0.0787314404296875 0.336772564453125 0.0760950810546875 0.33180383984375 0.0740245927734375 0.326829650390625 0.0656144306640625 0.315170298828125 0.067447560546875 0.308842447265625 0.06965197265625 0.284971669921875 0.0716769599609375 0.2787467998046875 0.0733968837890625 0.2504781181640625 0.07702375 0.217621908203125 0.0789135439453125 0.2076880703125 0.081113443359375 0.2005299287109375 0.080858677734375 0.175332931640625 0.084884462890625 0.16070673046875 0.085832982421875 0.1527880498046875 0.0849101806640625 0.1429720029296875 0.0823173369140625 0.1309520546875 0.0858469423828125 0.1287493564453125 0.091971244140625 0.1222704814453125 0.1012440302734375 0.112356974609375 0.1288022978515625 0.103566955078125 0.138344201171875 0.0947531064453125 0.1628407568359375 0.0876369482421875 0.1729924384765625 0.0780698212890625 0.1798324794921875 0.071075390625 0.1915307666015625 0.0668508671875 0.1944362431640625 0.0567216708984375 0.210285994140625 0.0557935400390625 0.2146525068359375 0.0595577724609375 0.2202703984375 0.0759886376953125 0.2341588125 0.1116480419921875 0.2445275263671875 0.115896451171875 0.249994345703125 0.1276110673828125 0.254259083984375 0.137187595703125 0.260098064453125 0.1593050927734375 0.2663216123046875 0.16491262890625 0.26751353125 0.169482060546875 0.2672164521484375 0.187493150390625 0.2715512060546875 0.1993768857421875 0.270781720703125 0.20368990625 0.2716984814453125 0.224757869140625 0.2807404072265625 0.2333823798828125 0.282573603515625 0.2453361904296875 0.2835937333984375 0.2546179345703125 0.286580982421875 0.2594335537109375 0.28937929296875 0.26422922265625 0.29014465625 0.2708718076171875 0.2928249228515625 0.2761501259765625 0.293438888671875 0.2810155439453125 0.2959953935546875 0.2854835234375 0.29618312890625 0.2936121025390625 0.3024763017578125 0.299078287109375 0.300087138671875 0.3167942685546875 0.301571689453125 0.319846001953125 0.29993766015625 0.3214814912109375 0.2964818681640625 0.3304684521484375 0.2966173857421875 0.3333836484375 0.297745005859375 0.3365954814453125 0.3017231533203125 0.3409785751953125 0.30442952734375
0 0 0.586731837890625 0.0017714443359375 0.58756183203125 0.0140070810546875 0.5957407431640624 0.0193551494140625 0.5981458515625 0.02315261328125 0.6014881123046875 0.0245356259765625 0.6055855068359375 0.0391857138671875 0.6130092841796875 0.0665150654296875 0.624398060546875 0.071277828125 0.6274375263671875 0.091947701171875 0.63411373828125 0.111894203125 0.6441856318359375 0.1239184130859375 0.6469938466796875 0.1368758935546875 0.651776751953125 0.1448830703125 0.6565217900390625 0.150643712890625 0.65698588671875 0.1642568984375 0.66292251953125 0.187155669921875 0.668296181640625 0.2088718857421875 0.6757011787109375 0.2438571630859375 0.682883541015625 0.246997068359375 0.6850732783203125 0.259125787109375 0.6873973291015625 0.2623689990234375 0.689101048828125 0.2774129140625 0.69255271875 0.29428412109375 0.6958848173828125 0.301114572265625 0.695561955078125 0.3049950673828125 0.696386779296875 0.3081881533203125 0.69833383203125 0.3203153447265625 0.70065755859375 0.33984566015625 0.7063295869140624 0.35750878515625 0.70805529296875 0.3656850810546875 0.7077661083984375 0.3706154345703125 0.70577102734375 0.380690625 0.707152208984375 0.3964422236328125 0.7115130703125 0.4003426689453125 0.7143708427734375 0.41571274609375 0.7183998173828124 0.47091333984375 0.7237929560546875 0.487263201171875 0.72321241015625 0.5103091533203125 0.72506791796875 0.5386995625 0.7229876572265626 0.5511873505859375 0.723614908203125 0.5626920673828125 0.722509275390625 0.5701265703125 0.7235831494140625 0.5858723798828125 0.7216058662109375 0.6080363896484375 0.7212452041015625 0.614900072265625 0.7186467109375 0.6354415498046875 0.717434791015625 0.6394081328125 0.7157428291015625 0.652102533203125 0.715398046875 0.674454083984375 0.7120357841796875 0.6793859658203125 0.71004102734375 0.715172181640625 0.7049705986328125 0.7277780859375 0.7008035791015625 0.7352458203125 0.699601822265625 0.7386068232421875 0.696512798828125 0.746711841796875 0.6944321474609375 0.7506600029296875 0.6907075625 0.7578513759765625 0.688686697265625 0.7613156845703125 0.6851116572265625 0.768505529296875 0.683090466796875 0.77055512109375 0.6776939873046876 0.774901046875 0.6763366455078125 0.7770708388671875 0.6724864462890625 0.7811591494140625 0.6723410908203125 0.78340021875 0.670282359375 0.7883266357421875 0.6619479296875 0.779737708984375 0.64085117578125 0.773455720703125 0.636474435546875 0.7700726845703125 0.631189958984375 0.76254783203125 0.62629505078125 0.7599748115234375 0.621438333984375 0.7526749931640625 0.6176040146484375 0.74549810546875 0.615318154296875 0.7390762919921875 0.60736065625 0.7357798994140625 0.60589962109375 0.7256310234375 0.5963879482421875 0.7230948447265625 0.5955964765625 0.7018498896484375 0.578910076171875 0.6978280419921875 0.574504169921875 0.6912884375 0.5713394150390625 0.6876456083984375 0.56726965625 0.6686828271484375 0.5589275908203125 0.663780240234375 0.5523073681640625 0.6560491005859375 0.5483829658203125 0.6518538720703125 0.542673462890625 0.65122593359375 0.5329044306640625 0.64734391015625 0.53207928125 0.6378226474609375 0.5323381689453125 0.6232629091796875 0.52873542578125 0.6175852978515625 0.525753892578125 0.6070567529296875 0.5159091279296875 0.5937712578125 0.5105501240234375 0.59254287890625 0.5057252314453125 0.57408237109375 0.499266244140625 0.5667308994140625 0.49567493359375 0.5644158193359375 0.4896047021484375 0.5468877041015625 0.4851170234375 0.5388802021484375 0.4803735126953125 0.5348583544921875 0.4759676064453125 0.5227640703125 0.47136977734375 0.5145838369140625 0.46531961328125 0.4552634990234375 0.43901930859375 0.451814 0.438286095703125 0.4481198427734375 0.4344578173828125 0.4281072021484375 0.428935658203125 0.3820022841796875 0.406204744140625 0.3596081005859375 0.3991636162109375 0.34043903125 0.3917920556640625 0.3379360849609375 0.388724953125 0.314383921875 0.3786470185546875 0.2727228271484375 0.3710600205078125 0.2668921103515625 0.368806310546875 0.263474314453125 0.365797140625 0.25612437109375 0.362206154296875 0.2499825322265625 0.3614086416015625 0.1810249921875 0.3401587646484375 0.1769883349609375 0.3400611123046875 0.1757267236328125 0.3375118515625 0.1736735205078125 0.3365674541015625 0.1140493779296875 0.3180618173828125 0.110115701171875 0.3174796767578125 0.10523547265625 0.3192314248046875 0.0982832939453125 0.318007681640625 0.0853789951171875 0.31298209375 0.079528328125 0.3086954345703125 0.0594637099609375 0.3034178125 0.04454305078125 0.301513072265625 0.0342999443359375 0.305167966796875 0.0317677021484375 0.31071584375 0.007171099609375 0.42643376171875 0.0056479931640625 0.4420840869140625 0.0027880615234375 0.4470543349609375 0 0.4601711328125 0 0.586731837890625
0 1 0.436610591796875 0.9971732880859375 0.432245349609375 0.995841927734375 0.4279049462890625 0.9978860556640625 0.4161687939453125 0.9947775283203125 0.41170462890625 0.9931145419921875 0.4004472490234375 0.9967146826171875 0.37078666796875 0.9927535078125 0.3554913544921875 0.9935031181640624 0.3434800439453125 0.991168087890625 0.3353768642578125 0.985195693359375 0.3295436005859375 0.984676201171875 0.3256297529296875 0.98718816796875 0.31805045703125 0.9927757548828124 0.317209427734375 0.9949467490234375 0.31336108203125 0.994989326171875 0.3004375234375 0.993412982421875 0.293003583984375 0.9907554013671875 0.290663978515625 0.993863873046875 0.2718011943359375 0.992790453125 0.2662472763671875 0.98766162890625 0.258564611328125 0.98805545703125 0.2545925048828125 0.9802693779296875 0.24456870703125 0.979481015625 0.2291890263671875 0.9767666416015625 0.2207512275390625 0.9781257685546875 0.2164763271484375 0.969326673828125 0.2133376806640625 0.9625490791015625 0.2134193876953125 0.9494976943359374 0.221801521484375 0.929251 0.2258651728515625 0.913799974609375 0.2306941865234375 0.90817915625 0.2338108466796875 0.91413312890625 0.23761148828125 0.9137060693359375 0.2438592255859375 0.8982824853515625 0.2400744638671875 0.8882420546875 0.236417974609375 0.8781665390625 0.2350383212890625 0.873995197265625 0.2377011142578125 0.843654890625 0.2383509599609375 0.8368443896484375 0.24070676953125 0.8035885615234375 0.2402305244140625 0.7896328759765625 0.2380245185546875 0.7788886982421875 0.2397981865234375 0.772592224609375 0.239728171875 0.757947927734375 0.2386425400390625 0.7387655771484375 0.23557955859375 0.679496947265625 0.2323631953125 0.6458892177734376 0.2229385537109375 0.6166132548828125 0.2164617685546875 0.60274212890625 0.211738650390625 0.596633521484375 0.208665505859375 0.5679963701171875 0.201310150390625 0.562749755859375 0.198420228515625 0.5368363232421876 0.188854744140625 0.52434274609375 0.18188934765625 0.514732986328125 0.1783259990234375 0.5077424365234375 0.173036685546875 0.4963041826171875 0.1695910556640625 0.4693354267578125 0.1565058046875 0.4471439189453125 0.1421532939453125 0.4318052197265625 0.1358498916015625 0.40728229296875 0.1197350791015625 0.395497927734375 0.1136791982421875 0.38985322265625 0.1084235625 0.369507427734375 0.0959841015625 0.359203591796875 0.0872014541015625 0.3437431650390625 0.079351447265625 0.3410707744140625 0.081320095703125 0.3386104609375 0.0886563828125 0.338328689453125 0.10482455078125 0.3408183544921875 0.112200232421875 0.3384927255859375 0.1167760751953125 0.3411370244140625 0.1234242587890625 0.341840501953125 0.1413225791015625 0.344882890625 0.1503364775390625 0.3485770478515625 0.154164755859375 0.3494300205078125 0.164994376953125 0.354872048828125 0.1775613955078125 0.3578588486328125 0.1804789541015625 0.3579473447265625 0.1843011904296875 0.3805859736328125 0.2410928095703125 0.3792640146484375 0.249431427734375 0.3845936611328125 0.2498039130859375 0.39046275 0.2561231943359375 0.3919490693359375 0.259734572265625 0.391490306640625 0.268258265625 0.4380591826171875 0.31213363671875 0.4418234150390625 0.317751529296875 0.449140451171875 0.3236166181640625 0.4634108701171875 0.330707302734375 0.47064455078125 0.3390913564453125 0.479532466796875 0.3460507119140625 0.5011712509765625 0.358765005859375 0.5069373583984375 0.365568775390625 0.520589240234375 0.3755694501953125 0.5287420703125 0.376796009765625 0.53499434375 0.3798996904296875 0.5542522333984375 0.391091958984375 0.5633461123046875 0.3970823369140625 0.564331361328125 0.3988124892578125 0.6107123154296875 0.4223640400390625 0.6153349287109375 0.4218242783203125 0.6268100263671875 0.4293351533203125 0.6360401171875 0.4325654111328125 0.72756128515625 0.4558206650390625 0.738207296875 0.46087421484375 0.74873223046875 0.4643781025390625 0.7647414443359375 0.4675269775390625 0.775124375 0.4674528408203125 0.779990119140625 0.4700078173828125 0.8151629375 0.474188580078125 0.8177836748046875 0.4724629404296875 0.8348623720703126 0.4748263857421875 0.846295486328125 0.4719308134765625 0.8468626962890625 0.4692623046875 0.866074341796875 0.4637103056640625 0.876803708984375 0.4662448916015625 0.904936177734375 0.46537814453125 0.9090558671875 0.4629583603515625 0.9181461337890625 0.462607861328125 0.9387259833984375 0.46546151171875 0.9646542255859375 0.4707187421875 0.9693798193359375 0.4696944912109375 0.9722581728515625 0.466756865234375 0.97682880859375 0.4664616396484375 0.995477181640625 0.4699174990234375 1 0.4700560908203125 1 0.436610591796875
0 0.2557071826171875 0 0.256286634765625 0.000923115234375 0.2730267685546875 0.0133565341796875 0.279706521484375 0.020100517578125 0.2873860087890625 0.0242679287109375 0.289284578125 0.0259398232421875 0.29051295703125 0.0307647158203125 0.2933768251953125 0.0321338154296875 0.2968646953125 0.0369325986328125 0.3176270009765625 0.053770396484375 0.325100201171875 0.0589083125 0.3363838203125 0.063081439453125 0.338628826171875 0.067362056640625 0.35300648828125 0.0803060732421875 0.3732160703125 0.095505654296875 0.3834298818359375 0.100465740234375 0.391179443359375 0.1064227646484375 0.393251068359375 0.10939978515625 0.4181865703125 0.1235735859375 0.42177774609375 0.1278863525390625 0.4289730556640625 0.1322048359375 0.4480904716796875 0.139819404296875 0.4499044814453125 0.14400841015625 0.469092296875 0.153411064453125 0.4785658427734375 0.1597345341796875 0.487968990234375 0.1642699169921875 0.5058438671875 0.1713647900390625 0.5077424365234375 0.173036685546875 0.5116244599609375 0.1738618349609375 0.51519721484375 0.176141978515625 0.5265137412109375 0.1780410029296875 0.53457104296875 0.1825427080078125 0.536714595703125 0.187308138671875 0.5585729482421875 0.19474334765625 0.566252435546875 0.1989107587890625 0.595771529296875 0.2084822841796875 0.6223570048828125 0.2148935673828125 0.6285157373046875 0.2177233779296875 0.6386939091796875 0.2186200712890625 0.655152541015625 0.2238931806640625 0.6691598798828124 0.2258561787109375 0.6728872685546875 0.2274088251953125 0.68327019921875 0.2273346884765625 0.687807927734375 0.2293135654296875 0.7055758876953125 0.2305535791015625 0.7116128916015625 0.2318367841796875 0.7207360654296875 0.2292121826171875 0.723220265625 0.23024819140625 0.7313440302734375 0.2301986337890625 0.7357267998046875 0.232906537109375 0.7461300048828124 0.2348638193359375 0.7536493935546875 0.2334190537109375 0.7582901025390625 0.2349134423828125 0.762686478515625 0.23331123828125 0.76636221484375 0.2351068935546875 0.7823859140625 0.2339490439453125 0.80555326953125 0.237352685546875 0.80877805859375 0.2370237822265625 0.813315787109375 0.2390026591796875 0.822302748046875 0.239138177734375 0.8291519462890625 0.24084641015625 0.837894248046875 0.23788686328125 0.85371166015625 0.23769951953125 0.8652661767578125 0.2363520810546875 0.875457630859375 0.2329401962890625 0.8776987001953125 0.23088146484375 0.89960476953125 0.2317343173828125 0.921332318359375 0.22494237109375 0.9358367919921875 0.22244724609375 0.949357544921875 0.21822229296875 0.95966526171875 0.21001733984375 0.9634258818359375 0.20929435546875 0.9643540126953125 0.20492784375 0.96356056640625 0.20653391015625 0.9592674970703124 0.20765009765625 0.956556734375 0.20555317578125 0.95100237890625 0.2041185732421875 0.944013357421875 0.198829583984375 0.9381811123046875 0.196575548828125 0.93481464453125 0.1933248984375 0.9309341494140625 0.19250007421875 0.9240653271484375 0.1887573662109375 0.9181590703125 0.1783743671875 0.912032041015625 0.1732686005859375 0.9035938681640625 0.168431951171875 0.90036361328125 0.162421181640625 0.895755810546875 0.158652689453125 0.8938717265625 0.1526740693359375 0.884293669921875 0.146834763671875 0.8782512001953126 0.1392118857421875 0.875833138671875 0.133626142578125 0.8694481689453125 0.129733890625 0.865022767578125 0.1166225966796875 0.8551170205078125 0.1102056640625 0.8532329365234375 0.1042270439453125 0.8399752080078124 0.090252734375 0.8329622998046875 0.07659144921875 0.8254377724609375 0.071695013671875 0.8224337548828125 0.066746685546875 0.817824423828125 0.062977869140625 0.8149597724609375 0.0573738759765625 0.5450369072265625 0 0.2557071826171875 0
0 0.6909313408203125 0.5327228681640624 0.6987784189453125 0.5318557314453125 0.7174781201171875 0.535070109375 0.7246550078125 0.5373559697265625 0.7318134736328125 0.5376092080078125 0.7330892451171875 0.535853271484375 0.7481464423828125 0.53499636328125 0.7455220927734375 0.530381126953125 0.723586671875 0.5148163046875 0.68565684765625 0.491794353515625 0.6753917080078125 0.487075748046875 0.6638631044921876 0.4798090849609375 0.6445723076171875 0.470890919921875 0.6278560595703125 0.4668297958984375 0.605931568359375 0.4639443212890625 0.598290453125 0.46384248046875 0.5202653291015625 0.4513135458984375 0.5025505517578125 0.44983084765625 0.49461344921875 0.446875423828125 0.4747738642578125 0.4426583896484375 0.469340912109375 0.4427719208984375 0.4669080400390625 0.4414944326171875 0.465357435546875 0.4424315849609375 0.46596148828125 0.443828322265625 0.47394871484375 0.4465404130859375 0.494932119140625 0.458099451171875 0.55979353125 0.4901429365234375 0.5725118173828125 0.49817044921875 0.616305265625 0.5211720087890624 0.617238861328125 0.523145169921875 0.621067703125 0.5242130029296875 0.62213751171875 0.5234260439453124 0.63855930078125 0.524633908203125 0.6909313408203125 0.5327228681640624
0 0.6558059697265625 0.5452882265625 0.6597764892578125 0.54993561328125 0.695774513671875 0.57356130078125 0.70343405078125 0.575695763671875 0.731603306640625 0.555567314453125 0.7449255888671875 0.541664615234375 0.7360231875 0.5390119853515625 0.72860710546875 0.5399707333984375 0.72186121484375 0.537776484375 0.713583140625 0.5385520107421875 0.7023695947265625 0.536168498046875 0.6976440009765625 0.5371927490234375 0.68267136328125 0.5355325458984375 0.6744449423828125 0.5360650634765625 0.6701835751953125 0.5349052939453125 0.6449294599609375 0.5328344150390625 0.6438466953125 0.537928423828125 0.6558059697265625 0.5452882265625
1 0.5388617802734375 0.4783408896484375 0.5461102705078125 0.482416689453125 0.5639334951171875 0.4897545712890625 0.5799423837890625 0.4929049755859375 0.5881174765625 0.4926139375 0.5982905087890625 0.4871694296875 0.59424838671875 0.4807321044921875 0.588918740234375 0.480359619140625 0.5513459560546875 0.4726272646484375 0.5411693125 0.471730896484375 0.539185859375 0.4725776416015625 0.5388617802734375 0.4783408896484375
1 0.6032501572265625 0.4765593681640625 0.598697619140625 0.4788887451171875 0.6000105576171875 0.481196525390625 0.6060475625 0.48247973046875 0.61072150390625 0.48169848828125 0.6128411708984375 0.478091623046875 0.6109426015625 0.476419728515625 0.6032501572265625 0.4765593681640625
1 0.607726943359375 0.512756130859375 0.609489625 0.5171866171875 0.615218564453125 0.519926669921875 0.6221707431640625 0.5211504130859375 0.62453201171875 0.520637962890625 0.626651353515625 0.5170326259765625 0.6203696904296875 0.5126543564453125 0.61184695703125 0.510334818359375 0.607726943359375 0.512756130859375
1 0.4537311484375 0.3720082373046875 0.4568897998046875 0.376229068359375 0.4641696689453125 0.3780304404296875 0.46874062890625 0.3777336865234375 0.4722762158203125 0.37595011328125 0.4717222880859375 0.3743100439453125 0.4681510615234375 0.372030224609375 0.458333486328125 0.369437056640625 0.4537311484375 0.3720082373046875
0 0.498677873046875 0.438357771484375 0.5038528857421875 0.43945775390625 0.514719994140625 0.4392325439453125 0.52237953125 0.4413670068359375 0.5382999248046875 0.440695173828125 0.565123390625 0.4438599951171875 0.5760218779296875 0.441360357421875 0.5785580556640625 0.4421518291015625 0.6036333251953125 0.4365794384765625 0.6109609111328125 0.431798453125 0.6112849892578125 0.426035205078125 0.5928193427734375 0.413235015625 0.5849003369140625 0.4123137421875 0.580176595703125 0.4133367900390625 0.572824798828125 0.4097470078125 0.5566902451171875 0.3987106494140625 0.54925027734375 0.3912971015625 0.52826719921875 0.3797365361328125 0.5205046806640625 0.3780865615234375 0.50504425390625 0.3702365546875 0.4935120390625 0.3566290146484375 0.4731843408203125 0.346223705078125 0.4652248798828125 0.3348963095703125 0.4583243544921875 0.3334295576171875 0.4493558154296875 0.335326662109375 0.4384240966796875 0.3401019306640625 0.4318198828125 0.341487234375 0.423096001953125 0.346479404296875 0.4169967958984375 0.35608528125 0.4139689482421875 0.3660916064453125 0.4167017431640625 0.37656202734375 0.42022131640625 0.37908485546875 0.4227958662109375 0.3839418974609375 0.4270055791015625 0.3853446748046875 0.429526947265625 0.390444400390625 0.4370517998046875 0.39533930859375 0.44071305078125 0.401441689453125 0.4482544716796875 0.408370423828125 0.48109384375 0.4277752802734375 0.487497234375 0.43370015625 0.498677873046875 0.438357771484375
1 0.448442169921875 0.3353864482421875 0.44465049609375 0.33838233203125 0.45501894140625 0.3426149208984375 0.4585729501953125 0.3428639697265625 0.4627129130859375 0.34247560546875 0.4625896572265625 0.3409286748046875 0.461381228515625 0.33813673046875 0.457480783203125 0.3352789580078125 0.4536504130859375 0.3342107998046875 0.448442169921875 0.3353864482421875
1 0.5090147734375 0.3748839404296875 0.5117753349609375 0.3767390576171875 0.5160883544921875 0.377655818359375 0.5162429892578125 0.3769283212890625 0.5152396435546875 0.373164017578125 0.5093056201171875 0.3713963232421875 0.50742547265625 0.3717570517578125 0.5090147734375 0.3748839404296875
1 0.4662286064453125 0.361986033203125 0.461657646484375 0.362282787109375 0.464817826171875 0.366503943359375 0.4683189775390625 0.3669941484375 0.4707663349609375 0.3639649111328125 0.4662286064453125 0.361986033203125
1 0.4271272509765625 0.36356433203125 0.4217646982421875 0.36546594921875 0.42126723828125 0.3699256005859375 0.4302729453125 0.372092212890625 0.4355841708984375 0.370432076171875 0.436306013671875 0.3670360693359375 0.4340277763671875 0.365031083984375 0.4271272509765625 0.36356433203125
0 0.4674044453125 1 0.4746989716796875 0.9722468466796875 0.4740122490234375 0.9529319931640625 0.466791287109375 0.9418126875 0.40539115625 0.900008357421875 0.3135938642578125 0.8884832763671875 0.2671524267578125 0.8514559228515625 0.1951867587890625 0.8217824833984375 0.151248263671875 0.780494923828125 0.1268905283203125 0.7673304912109375 0 0.7374305947265625 0 0.9048920166015625 0.4474478828125 1 0.4674044453125 1
1 0.3674481708984375 0.92069665625 0.354113787109375 0.90827790234375 0.3376267373046875 0.903176064453125 0.332067083984375 0.9067865458984375 0.3456303759765625 0.925643583984375 0.37216619140625 0.9360761669921875 0.3674481708984375 0.92069665625
1 0.1551836064453125 0.7845262216796876 0.1283229296875 0.775621994140625 0.132162318359375 0.7876199306640626 0.15203094140625 0.7918431376953124 0.1551836064453125 0.7845262216796876
0 0 0.716276154296875 0.0088452841796875 0.7214729072265625 0.01509166015625 0.737177279296875 0.037042408203125 0.74663527734375 0.1290686083984375 0.764598642578125 0.2013961357421875 0.815115291015625 0.2435403701171875 0.827268138671875 0.250953240234375 0.8224541640625 0.260182330078125 0.7940651318359375 0.2554273115234375 0.7563140556640625 0.206121072265625 0.702703697265625 0.1716186162109375 0.6921751591796875 0.1394271943359375 0.693319697265625 0.0321174384765625 0.6721077119140625 0.0131274462890625 0.6712660791015626 0.0001549228515625 0.6796905341796875 0 0.6796296259765625 0 0.716276154296875
1 0.1672405 0.7503486279296875 0.160898169921875 0.7426108955078125 0.1486713251953125 0.7400119990234375 0.1216187392578125 0.7470410517578125 0.1279610693359375 0.7547787841796875 0.1603813994140625 0.76007253125 0.1672405 0.7503486279296875
1 0.0947210625 0.715765259765625 0.0846722978515625 0.7104345146484375 0.0506276572265625 0.7127825458984375 0.063962041015625 0.7252012998046875 0.0768386103515625 0.724743484375 0.0947210625 0.715765259765625
1 0.24419009375 0.824211427734375 0.24002584375 0.813741845703125 0.222106392578125 0.800348505859375 0.1818153759765625 0.7869921640625 0.171345794921875 0.7911564150390625 0.2046817548828125 0.8222032998046875 0.240158796875 0.8281467705078125 0.24419009375 0.824211427734375
1 0.257834298828125 0.7600204912109375 0.2469069013671875 0.7513081728515625 0.234259240234375 0.7582042724609375 0.2352708251953125 0.7759907705078125 0.251757875 0.781092607421875 0.257834298828125 0.7600204912109375
0 0.5228086328125 0.8962128837890625 0.6222107041015625 0.8869907099609375 0.6280952197265625 0.881851873046875 0.616193236328125 0.87772462109375 0.552039298828125 0.8864519814453125 0.4852494658203125 0.8850346220703125 0.4464868056640625 0.872003142578125 0.39536434765625 0.8419678427734375 0.25939965234375 0.78271691796875 0.2539139970703125 0.8310705283203125 0.300030572265625 0.86962623828125 0.327769880859375 0.8819120390625 0.469028322265625 0.9087426337890625 0.5228086328125 0.8962128837890625
1 0.3543276533203125 0.8396348525390624 0.348996908203125 0.8496836181640625 0.3522825263671875 0.8567716259765625 0.361681568359375 0.8651590830078125 0.37094765625 0.859141615234375 0.3543276533203125 0.8396348525390624
1 0.465838658203125 0.893687984375 0.4536118134765625 0.8910890888671875 0.451662640625 0.90025922265625 0.46115763671875 0.9006800390625 0.465838658203125 0.893687984375
1 0.361814521484375 0.8795640078125 0.3547265126953125 0.882849626953125 0.366953357421875 0.8854485224609375 0.361814521484375 0.8795640078125
1 0.5289415927734376 0.1834754755859375 0.5093978310546875 0.1777239130859375 0.5132372197265626 0.1897218505859375 0.534959060546875 0.1927415634765625 0.5289415927734376 0.1834754755859375
1 0.984228533203125 0.1157167626953125 0.987706060546875 0.106871490234375 0.968907978515625 0.0900965771484375 0.939869220703125 0.08392419921875 0.9302782705078125 0.0914700224609375 0.945045056640625 0.1121802783203125 0.970702240234375 0.1192312890625 0.984228533203125 0.1157167626953125
1 0.9969871904296875 0.175935357421875 0.9880089658203125 0.158052904296875 0.971521916015625 0.15295106640625 0.98313603515625 0.1809782392578125 0.9938345244140625 0.1832522734375 0.9969871904296875 0.175935357421875
0 0.8683267900390625 0.7060828505859374 0.873753490234375 0.6880674453125 0.7803318876953125 0.684184142578125 0.7630991591796875 0.69010565625 0.7752080927734375 0.7533809619140625 0.7848360419921875 0.768206703125 0.7967380244140625 0.772333955078125 0.8683267900390625 0.7060828505859374
0 0.872837859375 0.662314306640625 0.8774818828125 0.6329506875 0.722202333984375 0.574386486328125 0.7108541201171875 0.5751691630859375 0.7232139189453125 0.592172984375 0.7785006279296875 0.6326778662109375 0.79710680078125 0.6653860595703125 0.8381434951171876 0.6677190498046875 0.872837859375 0.662314306640625
1 0.8004294189453125 0.6948456328125 0.789081205078125 0.695628310546875 0.7978305224609376 0.7070724775390625 0.80950359765625 0.7047614453125 0.8004294189453125 0.6948456328125
1 0.83558159765625 0.702317458984375 0.823029890625 0.7012469189453125 0.8250160615234375 0.714448349609375 0.8341861953125 0.7163975224609375 0.83558159765625 0.702317458984375
1 0.8080122412109375 0.7268081484375 0.792403822265625 0.7250878837890625 0.791983005859375 0.73458287890625 0.806063068359375 0.7359782822265625 0.8080122412109375 0.7268081484375