1 0.5013234375 0.638640625 0.4969140625 0.6411203125 0.491621875 0.64756875 0.49118125 0.652034375 0.4933859375 0.6579859375 0.4977953125 0.658978125 0.50573125 0.6587296875 0.5123453125 0.65699375 0.5220453125 0.6510421875 0.524690625 0.6470734375 0.52425 0.6421125 0.5211640625 0.639384375 0.5013234375 0.638640625
1 0.2989421875 0.464534375 0.28791875 0.4662703125 0.2791 0.4719734375 0.2671953125 0.4838796875 0.268078125 0.488590625 0.2804234375 0.4938 0.2905640625 0.493303125 0.305996875 0.4900796875 0.30731875 0.486359375 0.3064375 0.4806546875 0.3086421875 0.47495 0.305996875 0.4670140625 0.30246875 0.4650296875 0.2989421875 0.464534375
1 0.2477953125 0.5334828125 0.239859375 0.538690625 0.2372140625 0.54290625 0.236771875 0.548859375 0.239859375 0.5520828125 0.2579359375 0.5513390625 0.27336875 0.5473703125 0.2773375 0.5451390625 0.2711640625 0.5369546875 0.26058125 0.5322421875 0.25573125 0.5317453125 0.2513234375 0.53199375 0.2477953125 0.5334828125
1 0.193121875 0.618303125 0.18474375 0.616071875 0.1812171875 0.6188 0.180334375 0.626984375 0.1825390625 0.6354171875 0.189153125 0.6438484375 0.19268125 0.6450890625 0.197090625 0.6450890625 0.203703125 0.6421125 0.206790625 0.638640625 0.2081125 0.63194375 0.206790625 0.6267359375 0.193121875 0.618303125
1 0.420634375 0.6185515625 0.4241625 0.6192953125 0.4312171875 0.6188 0.4325390625 0.6143359375 0.429453125 0.6108625 0.4228390625 0.61011875 0.418871875 0.612103125 0.4175484375 0.615575 0.420634375 0.6185515625
1 0.35405625 0.5052078125 0.349646875 0.5109125 0.34920625 0.514384375 0.3509703125 0.516865625 0.3562609375 0.5186015625 0.3606703125 0.518353125 0.36860625 0.5138890625 0.372134375 0.5099203125 0.37345625 0.5052078125 0.368165625 0.502728125 0.3602296875 0.5029765625 0.35405625 0.5052078125
1 0.5401234375 0.7259421875 0.543209375 0.7291671875 0.5467375 0.730159375 0.5590828125 0.7286703125 0.5626109375 0.7244546875 0.56216875 0.7202375 0.5590828125 0.7172625 0.5449734375 0.7189984375 0.5401234375 0.7219734375 0.5401234375 0.7259421875
1 0.614196875 0.788690625 0.6164015625 0.794890625 0.623015625 0.7973703125 0.6300703125 0.79613125 0.63315625 0.7931546875 0.6300703125 0.7822421875 0.62654375 0.78050625 0.6194890625 0.7797625 0.6146390625 0.7817453125 0.614196875 0.788690625
1 0.505290625 0.790921875 0.50485 0.7946421875 0.508378125 0.7986109375 0.513228125 0.799603125 0.5216046875 0.7986109375 0.52336875 0.794146875 0.5216046875 0.789434375 0.51851875 0.78670625 0.51455 0.7857140625 0.510140625 0.7864578125 0.505290625 0.790921875
1 0.462521875 0.7157734375 0.4656078125 0.7130453125 0.462521875 0.7080859375 0.456790625 0.7083328125 0.453703125 0.7108140625 0.452821875 0.7135421875 0.4545859375 0.7162703125 0.462521875 0.7157734375
1 0.65564375 0.734375 0.6543203125 0.7358625 0.6547625 0.7423109375 0.6578484375 0.7452875 0.6618171875 0.7455359375 0.6675484375 0.7423109375 0.668871875 0.7400796875 0.6675484375 0.7368546875 0.6618171875 0.7333828125 0.6578484375 0.733134375 0.65564375 0.734375
1 0.7244265625 0.744046875 0.72575 0.7450390625 0.7372140625 0.7462796875 0.7477953125 0.7442953125 0.7513234375 0.73983125 0.7477953125 0.737103125 0.7380953125 0.7353671875 0.7283953125 0.737846875 0.725309375 0.741071875 0.7244265625 0.744046875
1 0.7248671875 0.685515625 0.7186953125 0.681546875 0.708553125 0.6803078125 0.707671875 0.685515625 0.7103171875 0.6879953125 0.71693125 0.688740625 0.7248671875 0.685515625
1 0.736771875 0.654265625 0.735009375 0.6505453125 0.7328046875 0.64930625 0.7279546875 0.64930625 0.7244265625 0.6510421875 0.7244265625 0.655009375 0.7332453125 0.6552578125 0.736771875 0.654265625
1 0.7755734375 0.7688484375 0.7768953125 0.7673609375 0.7751328125 0.763640625 0.7711640625 0.761409375 0.7658734375 0.7626484375 0.764990625 0.763640625 0.7676359375 0.7661203125 0.7755734375 0.7688484375
1 0.4823640625 0.638640625 0.4783953125 0.6356640625 0.4735453125 0.6369046875 0.4709 0.638640625 0.4739859375 0.640625 0.4783953125 0.6403765625 0.4823640625 0.638640625
1 0.15079375 0.494046875 0.1543203125 0.495784375 0.160934375 0.492559375 0.1693125 0.4915671875 0.1715171875 0.4900796875 0.1728390625 0.4861109375 0.169753125 0.48511875 0.164903125 0.4861109375 0.1525578125 0.4920640625 0.15079375 0.494046875
1 0.548059375 0.535465625 0.5445328125 0.5349703125 0.5401234375 0.5376984375 0.5396828125 0.540921875 0.5445328125 0.5416671875 0.547178125 0.540921875 0.548059375 0.535465625
1 0.329365625 0.6924609375 0.329365625 0.69618125 0.333775 0.6979171875 0.335096875 0.6932046875 0.333775 0.6919640625 0.329365625 0.6924609375
0 0.0542328125 0.7993546875 0.066578125 0.8100203125 0.0776015625 0.8139875 0.0855375 0.8189484375 0.093915625 0.821428125 0.1005296875 0.826140625 0.150353125 0.8494546875 0.1574078125 0.85069375 0.165784375 0.84995 0.1820984375 0.8568953125 0.188271875 0.858134375 0.2129625 0.859375 0.2332453125 0.8638390625 0.235890625 0.866815625 0.239859375 0.86805625 0.244709375 0.867559375 0.2477953125 0.868303125 0.2614640625 0.873015625 0.2676359375 0.8735125 0.27425 0.8717765625 0.2843921875 0.873015625 0.3139328125 0.8799609375 0.4118171875 0.8782234375 0.414903125 0.87425625 0.42813125 0.8725203125 0.4466484375 0.873759375 0.4589953125 0.87574375 0.46693125 0.87425625 0.4682546875 0.8702875 0.4739859375 0.8658234375 0.4797171875 0.86631875 0.490740625 0.86483125 0.49515 0.865575 0.51366875 0.863590625 0.5176359375 0.8603671875 0.5211640625 0.8616078125 0.52425 0.858134375 0.532628125 0.85391875 0.5454140625 0.85391875 0.56040625 0.8516859375 0.5679015625 0.8474703125 0.57010625 0.8439984375 0.5855375 0.839534375 0.5912703125 0.8400296875 0.599646875 0.8385421875 0.6049375 0.83506875 0.607584375 0.8291171875 0.61375625 0.82738125 0.62345625 0.826884375 0.6384484375 0.8231640625 0.6437390625 0.8182046875 0.641975 0.8154765625 0.646825 0.8129953125 0.6710765625 0.8107640625 0.6825390625 0.8048109375 0.6869484375 0.7973703125 0.708553125 0.7958828125 0.71605 0.7936515625 0.7191359375 0.79141875 0.7244265625 0.7904265625 0.7297171875 0.78745 0.7332453125 0.7829859375 0.7380953125 0.7817453125 0.7676359375 0.7822421875 0.7791 0.784721875 0.78306875 0.7869546875 0.787478125 0.7862109375 0.7905640625 0.78745 0.8007046875 0.78819375 0.81040625 0.78521875 0.81040625 0.78125 0.8064375 0.7787703125 0.8046734375 0.775296875 0.797178125 0.768353125 0.7910046875 0.719990625 0.7949734375 0.71875 0.796296875 0.715278125 0.7945328125 0.7068453125 0.7901234375 0.7016375 0.7949734375 0.6937 0.7949734375 0.6884921875 0.791446875 0.6822921875 0.7949734375 0.6681546875 0.7892421875 0.658978125 0.7918875 0.654265625 0.7905640625 0.64608125 0.787478125 0.641865625 0.7817453125 0.6391375 0.7791 0.63516875 0.7808640625 0.623759375 0.77821875 0.6185515625 0.7671953125 0.6108625 0.74911875 0.60540625 0.7477953125 0.603421875 0.6441796875 0.53670625 0.646825 0.533234375 0.640653125 0.53199375 0.6384484375 0.5275296875 0.6335984375 0.527034375 0.62345625 0.523065625 0.6150796875 0.521825 0.6119921875 0.51959375 0.6009703125 0.5173609375 0.6018515625 0.5126484375 0.607584375 0.50396875 0.6071421875 0.5014875 0.5454140625 0.4821421875 0.5370375 0.4771828125 0.519840625 0.47420625 0.514109375 0.470734375 0.48545 0.4692453125 0.476190625 0.4672625 0.4744265625 0.466021875 0.4700171875 0.466021875 0.4678125 0.464534375 0.451940625 0.4608140625 0.447090625 0.45858125 0.44268125 0.459078125 0.4356265625 0.4548609375 0.415784375 0.4546125 0.4131390625 0.4536203125 0.4118171875 0.4513890625 0.4069671875 0.4526296875 0.4043203125 0.4506453125 0.392415625 0.4508921875 0.3888890625 0.449653125 0.37048125 0.4484125 0.357584375 0.44618125 0.3373015625 0.44618125 0.3227515625 0.443453125 0.3130515625 0.44295625 0.3033515625 0.439484375 0.287478125 0.439484375 0.2482359375 0.444196875 0.208553125 0.446925 0.1948859375 0.451140625 0.164903125 0.455109375 0.114196875 0.4665171875 0.102734375 0.469990625 0.0864203125 0.4779265625 0.0815703125 0.481646875 0.0679015625 0.4858625 0.060846875 0.4915671875 0.0533515625 0.494046875 0.0502640625 0.498015625 0.0449734375 0.4985125 0.0361546875 0.5017359375 0.01366875 0.5173609375 0.00485 0.525296875 0.004409375 0.537203125 0.009259375 0.5436515625 0.004409375 0.555803125 0.0026453125 0.5701890625 0.0022046875 0.740575 0.00485 0.763640625 0.0110234375 0.766865625 0.013228125 0.7713296875 0.0202828125 0.77505 0.023809375 0.7787703125 0.0313046875 0.78199375 0.0348328125 0.7869546875 0.0436515625 0.7943953125 0.0542328125 0.7993546875
0 0 0.946925 0.0022046875 0.9479171875 0.005290625 0.9526296875 0.009259375 0.95386875 0.0255734375 0.9692453125 0.028659375 0.970734375 0.0308640625 0.9858625 0.03306875 0.98834375 0.0396828125 0.9915671875 0.0449734375 0.9923109375 0.0546734375 0.9908234375 0.0784828125 0.98983125 0.089065625 0.9923109375 0.0970015625 0.9955359375 0.119046875 0.9975203125 0.12169375 0.9967765625 0.1238984375 0.9997515625 0.4400359375 0.9997515625 0.4404765625 0.9977671875 0.4462078125 0.9967765625 0.456790625 0.992559375 0.4656078125 0.9868546875 0.4739859375 0.98511875 0.4828046875 0.9771828125 0.4876546875 0.9759421875 0.5017640625 0.9670140625 0.532628125 0.9345234375 0.53791875 0.9241078125 0.537478125 0.91790625 0.5537921875 0.888640625 0.55246875 0.8802078125 0.5551140625 0.871528125 0.55246875 0.8596234375 0.53306875 0.8598703125 0.52821875 0.8611109375 0.5211640625 0.86631875 0.5176359375 0.866071875 0.51455 0.867559375 0.4880953125 0.8678078125 0.4806 0.8688 0.4797171875 0.8697921875 0.3549375 0.8797125 0.32980625 0.876984375 0.325396875 0.8802078125 0.3209875 0.881696875 0.3095234375 0.8821921875 0.2905640625 0.8779765625 0.2870375 0.87574375 0.2795421875 0.8745046875 0.2751328125 0.8740078125 0.2676359375 0.87574375 0.25088125 0.8752484375 0.235890625 0.87103125 0.2323640625 0.86631875 0.2288359375 0.865328125 0.222221875 0.8658234375 0.2050265625 0.8611109375 0.1966484375 0.8618546875 0.1913578125 0.8598703125 0.1851859375 0.859375 0.16534375 0.8516859375 0.15564375 0.8521828125 0.1490296875 0.8509421875 0.1058203125 0.8306046875 0.0930328125 0.82266875 0.083775 0.8209328125 0.0692234375 0.8125 0.0648140625 0.811259375 0.0595234375 0.805803125 0.0388 0.792659375 0.0255734375 0.7822421875 0.0211640625 0.78199375 0.018959375 0.7829859375 0.01851875 0.78745 0.01455 0.792659375 0.0119046875 0.7953875 0.0070546875 0.796875 0.0022046875 0.80233125 0 0.805803125 0 0.946925
1 0.15079375 0.930059375 0.147265625 0.9330359375 0.1485890625 0.9392359375 0.1538796875 0.941715625 0.1622578125 0.941715625 0.169753125 0.9375 0.1715171875 0.9352671875 0.1741625 0.928075 0.173721875 0.9236109375 0.170634375 0.9223703125 0.16534375 0.923115625 0.15079375 0.930059375
1 0.4686953125 0.934771875 0.46605 0.9384921875 0.46605 0.9459328125 0.4695765625 0.9508921875 0.4748671875 0.9533734375 0.4823640625 0.9541171875 0.4938265625 0.940971875 0.4938265625 0.930803125 0.489859375 0.929315625 0.4823640625 0.9290671875 0.4744265625 0.9310515625 0.4686953125 0.934771875
1 0.165784375 0.891865625 0.170634375 0.8923609375 0.1772484375 0.8903765625 0.1776890625 0.8883921875 0.1693125 0.88516875 0.1618171875 0.8849203125 0.160934375 0.886409375 0.16049375 0.888640625 0.165784375 0.891865625
1 0.2235453125 0.9942953125 0.216490625 0.9938 0.2129625 0.9967765625 0.21208125 0.9997515625 0.2306 0.9997515625 0.2306 0.998015625 0.2235453125 0.9942953125
1 0.37169375 0.9997515625 0.3708109375 0.9935515625 0.36860625 0.9915671875 0.3611109375 0.99131875 0.3567015625 0.9928078125 0.34435625 0.998015625 0.34435625 0.9997515625 0.37169375 0.9997515625
1 0.0410046875 0.984375 0.046296875 0.982390625 0.0445328125 0.97743125 0.032628125 0.9766859375 0.0308640625 0.9791671875 0.0304234375 0.982390625 0.032628125 0.9841265625 0.0410046875 0.984375
0 0.9074078125 0.985615625 0.915784375 0.9947921875 0.9223984375 0.998015625 0.9223984375 0.9997515625 0.999559375 0.9997515625 0.999559375 0.730903125 0.9973546875 0.73040625 0.9973546875 0.719990625 0.9938265625 0.7142859375 0.9929453125 0.716021875 0.9885359375 0.71800625 0.98148125 0.7170140625 0.9788359375 0.7150296875 0.97575 0.7170140625 0.9704578125 0.7177578125 0.961640625 0.722965625 0.9554671875 0.72891875 0.9510578125 0.7296625 0.9417984375 0.737846875 0.9351859375 0.7390875 0.9312171875 0.7420640625 0.9215171875 0.7517359375 0.910934375 0.7591765625 0.895503125 0.7755453125 0.854496875 0.8063 0.830246875 0.8338296875 0.8284828125 0.8415171875 0.82186875 0.8494546875 0.81525625 0.8712796875 0.829365625 0.890625 0.830246875 0.90005 0.8328921875 0.904265625 0.8381828125 0.9064984375 0.8452375 0.9216265625 0.863315625 0.939484375 0.86860625 0.949653125 0.89594375 0.9813984375 0.9074078125 0.985615625
1 0.9806 0.830853125 0.9880953125 0.834821875 0.999559375 0.836309375 0.999559375 0.8154765625 0.9925046875 0.818453125 0.985009375 0.819940625 0.9797171875 0.8251484375 0.9792765625 0.8298609375 0.9806 0.830853125
1 0.8787484375 0.8544140625 0.87654375 0.8571421875 0.877425 0.863590625 0.880953125 0.866071875 0.8884484375 0.866815625 0.896384375 0.862846875 0.901234375 0.8563984375 0.89594375 0.851934375 0.8888890625 0.850446875 0.8844796875 0.850446875 0.8787484375 0.8544140625
1 0.9581125 0.7829859375 0.9510578125 0.7817453125 0.9462078125 0.7822421875 0.942240625 0.783234375 0.9506171875 0.78819375 0.9550265625 0.78819375 0.9581125 0.7829859375
1 0.53395 0.3561515625 0.5361546875 0.3623515625 0.555996875 0.3692953125 0.56525625 0.3700390625 0.5758375 0.365328125 0.57495625 0.3616078125 0.5630515625 0.3556546875 0.5586421875 0.3514390625 0.5445328125 0.3482140625 0.5410046875 0.3482140625 0.53395 0.3561515625
0 0.4043203125 0.4437 0.4078484375 0.4451890625 0.4126984375 0.4451890625 0.419753125 0.4513890625 0.4320984375 0.4508921875 0.4514984375 0.4546125 0.5586421875 0.4806546875 0.5648140625 0.486359375 0.589946875 0.49454375 0.6071421875 0.4985125 0.619046875 0.5079359375 0.6402109375 0.51636875 0.642415625 0.5193453125 0.647265625 0.52108125 0.6534390625 0.527034375 0.6693125 0.5314984375 0.68783125 0.5411703125 0.6913578125 0.5443953125 0.697971875 0.5473703125 0.7006171875 0.5525796875 0.7041453125 0.5553078125 0.7186953125 0.56175625 0.72575 0.563740625 0.7372140625 0.56944375 0.7403 0.5731640625 0.739859375 0.5798609375 0.7429453125 0.584325 0.7482359375 0.58680625 0.75396875 0.5922625 0.760140625 0.5952375 0.7663140625 0.6071421875 0.7716046875 0.6091265625 0.778659375 0.6140875 0.788359375 0.6267359375 0.788359375 0.6312 0.7861546875 0.6349203125 0.7985015625 0.6498015625 0.796296875 0.6619546875 0.8007046875 0.6708828125 0.798059375 0.677828125 0.798059375 0.685515625 0.80246875 0.6872515625 0.81701875 0.68675625 0.820546875 0.6817953125 0.833775 0.6763390625 0.8355375 0.6733625 0.8403875 0.6701390625 0.8430328125 0.6646828125 0.8738984375 0.6485609375 0.8756609375 0.6421125 0.8805109375 0.6401296875 0.896825 0.6245046875 0.9171078125 0.59375 0.9210765625 0.5907734375 0.9232796875 0.576140625 0.9219578125 0.5682046875 0.919753125 0.5672125 0.9118171875 0.5669640625 0.9047625 0.564484375 0.892415625 0.566715625 0.8888890625 0.5701890625 0.8805109375 0.571925 0.8747796875 0.5744046875 0.873015625 0.5763890625 0.858465625 0.5771328125 0.8514109375 0.5763890625 0.8500875 0.5751484375 0.84920625 0.571925 0.85890625 0.5560515625 0.86375625 0.540675 0.85890625 0.53670625 0.8553796875 0.5297625 0.8553796875 0.513640625 0.849646875 0.5106640625 0.8456796875 0.5099203125 0.8412703125 0.504215625 0.8417109375 0.4858625 0.829365625 0.4811515625 0.829365625 0.472221875 0.8315703125 0.4657734375 0.830246875 0.46329375 0.825396875 0.4610609375 0.8240734375 0.459078125 0.825396875 0.447171875 0.8187828125 0.439484375 0.8183421875 0.4313 0.8139328125 0.4221234375 0.8134921875 0.41493125 0.81701875 0.4015375 0.81701875 0.3883921875 0.8187828125 0.3821921875 0.82186875 0.3807046875 0.8209875 0.3688 0.8227515625 0.36483125 0.8143734375 0.36483125 0.80731875 0.3685515625 0.8007046875 0.369046875 0.8002640625 0.3717765625 0.7755734375 0.37103125 0.769840625 0.372271875 0.7597 0.3717765625 0.7372140625 0.37574375 0.731921875 0.3787203125 0.7063484375 0.379215625 0.692240625 0.375 0.669753125 0.3829359375 0.6543203125 0.38665625 0.6380078125 0.386409375 0.6305109375 0.38516875 0.622575 0.3891375 0.6106703125 0.391865625 0.603615625 0.39459375 0.588625 0.4025296875 0.576278125 0.4032734375 0.5709875 0.4017859375 0.566578125 0.3990578125 0.5630515625 0.393353125 0.5634921875 0.3745046875 0.569665625 0.373015625 0.576278125 0.3732640625 0.576278125 0.368303125 0.5687828125 0.3725203125 0.5630515625 0.3717765625 0.56040625 0.3697921875 0.55555625 0.369046875 0.5546734375 0.366815625 0.5485015625 0.366071875 0.5440921875 0.362103125 0.54761875 0.358134375 0.54761875 0.353175 0.5445328125 0.3489578125 0.5410046875 0.347221875 0.5268953125 0.34771875 0.5026453125 0.352678125 0.489859375 0.3571421875 0.485890625 0.3571421875 0.4783953125 0.359375 0.4691359375 0.3650796875 0.457671875 0.369046875 0.4462078125 0.3759921875 0.44268125 0.376984375 0.4320984375 0.3841765625 0.428571875 0.3891375 0.42019375 0.3955859375 0.4096125 0.4017859375 0.401675 0.404265625 0.392415625 0.4119546875 0.3902109375 0.4161703125 0.36860625 0.4392359375 0.372134375 0.44295625 0.3756609375 0.4397328125 0.3800703125 0.440228125 0.3840390625 0.4439484375 0.3893296875 0.443453125 0.391975 0.44444375 0.401234375 0.4446921875 0.4043203125 0.4437
0 0.84435625 0.5064484375 0.84920625 0.5091765625 0.862875 0.549603125 0.858465625 0.556546875 0.858025 0.561259375 0.852734375 0.565971875 0.853175 0.57266875 0.8611109375 0.575396875 0.8650796875 0.5749015625 0.869046875 0.572171875 0.872575 0.571925 0.88624375 0.5669640625 0.95723125 0.5629953125 0.9589953125 0.5647328125 0.96693125 0.564484375 0.9709 0.5627484375 0.9748671875 0.56324375 0.9880953125 0.560515625 0.9920640625 0.558284375 0.9973546875 0.5525796875 0.99603125 0.5404265625 0.9973546875 0.51959375 0.999559375 0.5141375 0.999559375 0.5091765625 0.9973546875 0.50868125 0.99603125 0.479496875 0.9969140625 0.4751984375 0.999559375 0.4732140625 0.999559375 0.4608140625 0.9973546875 0.4568453125 0.999559375 0.4561015625 0.999559375 0.436259375 0.9973546875 0.4357640625 0.9969140625 0.4283234375 0.999559375 0.426090625 0.999559375 0.4064984375 0.9973546875 0.40625 0.9973546875 0.4010421875 0.999559375 0.4005453125 0.999559375 0.381696875 0.9973546875 0.3812 0.9973546875 0.3608625 0.999559375 0.3603671875 0.999559375 0.3469734375 0.9969140625 0.341021875 0.9969140625 0.325396875 0.9938265625 0.3236609375 0.989859375 0.3263890625 0.9779546875 0.3286203125 0.9594359375 0.334325 0.94268125 0.33755 0.9351859375 0.3422625 0.900353125 0.34920625 0.8897703125 0.357390625 0.880953125 0.3591265625 0.8796296875 0.3603671875 0.868165625 0.3576390625 0.8650796875 0.3549109375 0.8606703125 0.3571421875 0.858465625 0.361359375 0.8522921875 0.361359375 0.849646875 0.3596234375 0.8417109375 0.3611109375 0.832671875 0.366815625 0.82980625 0.3670640625 0.8280421875 0.373015625 0.830246875 0.376240625 0.82495625 0.382440625 0.820546875 0.384671875 0.8183421875 0.3908734375 0.815696875 0.417659375 0.819665625 0.4271109375 0.819665625 0.4372515625 0.82980625 0.478421875 0.833775 0.4821421875 0.843475 0.4838796875 0.8465609375 0.4868546875 0.8430328125 0.4935515625 0.8417109375 0.5024796875 0.84435625 0.5064484375
0 0.50088125 0 0.5 0.0084328125 0.46208125 0.005953125 0.458553125 0.0032234375 0.4545859375 0.004215625 0.4532625 0.006696875 0.4466484375 0.0099203125 0.443121875 0.0133921875 0.4448859375 0.0280265625 0.442240625 0.0317453125 0.439153125 0.0327375 0.4409171875 0.038359375 0.438271875 0.0486109375 0.4387125 0.05704375 0.4404765625 0.0602671875 0.447971875 0.0615078125 0.4506171875 0.0649796875 0.447090625 0.0669640625 0.44268125 0.072171875 0.4409171875 0.0756453125 0.442240625 0.079365625 0.4356265625 0.08506875 0.4312171875 0.091765625 0.430334375 0.1150796875 0.4356265625 0.1227671875 0.444003125 0.1252484375 0.4466484375 0.1272328125 0.444003125 0.137153125 0.4435625 0.14756875 0.447090625 0.1612109375 0.4541453125 0.1654265625 0.4598765625 0.1748515625 0.4607578125 0.184771875 0.4691359375 0.19618125 0.4686953125 0.201140625 0.4709 0.2088296875 0.476190625 0.212796875 0.4783953125 0.2328875 0.4938265625 0.2638890625 0.4973546875 0.265625 0.5013234375 0.2713296875 0.51058125 0.275296875 0.5123453125 0.2790171875 0.5202828125 0.28199375 0.52336875 0.295634375 0.527778125 0.2991078125 0.5295421875 0.3025796875 0.536596875 0.305059375 0.5445328125 0.3162203125 0.5467375 0.326140625 0.5485015625 0.3278765625 0.5542328125 0.3296125 0.5564375 0.334325 0.560846875 0.3365578125 0.5630515625 0.34995 0.5709875 0.3571421875 0.581128125 0.3603671875 0.5771609375 0.3745046875 0.5709875 0.376984375 0.569665625 0.3923609375 0.5723109375 0.39756875 0.57980625 0.39930625 0.589065625 0.3990578125 0.598765625 0.39459375 0.703703125 0.376240625 0.712521875 0.3782234375 0.717371875 0.3782234375 0.72178125 0.376984375 0.731921875 0.376240625 0.744709375 0.3720234375 0.772928125 0.36631875 0.7791 0.36805625 0.7870375 0.36805625 0.7945328125 0.366815625 0.920634375 0.341765625 0.9272484375 0.33978125 0.9312171875 0.33680625 0.9351859375 0.3365578125 0.9413578125 0.3325890625 0.9638453125 0.3256453125 0.9695765625 0.3271328125 0.9748671875 0.3266375 0.9841265625 0.3201890625 0.989859375 0.319196875 0.99426875 0.3169640625 0.9964734375 0.3142359375 0.9964734375 0.2673609375 0.99515 0.2641375 0.9964734375 0.228421875 0.99603125 0.2202375 0.9929453125 0.21255 0.9938265625 0.196925 0.9964734375 0.185515625 0.99603125 0.082340625 0.9973546875 0.066715625 0.994709375 0.05853125 0.9969140625 0.05084375 0.9964734375 0 0.716490625 0 0.713403125 0.0029765625 0.7098765625 0.0029765625 0.702821875 0 0.5445328125 0 0.542328125 0.0047125 0.5352734375 0.0076890625 0.53306875 0.0106640625 0.528659375 0.0119046875 0.5255734375 0.021578125 0.51455 0.029265625 0.5079359375 0.029265625 0.50881875 0.0173609375 0.5070546875 0.013640625 0.5079359375 0.0052078125 0.5061734375 0 0.50088125 0
1 0.876984375 0.0500984375 0.87169375 0.0545640625 0.8699296875 0.056546875 0.8699296875 0.0602671875 0.872575 0.063740625 0.87654375 0.0649796875 0.8844796875 0.0642359375 0.891534375 0.05704375 0.891975 0.0515875 0.890653125 0.0498515625 0.8844796875 0.048115625 0.876984375 0.0500984375
0 0.6150796875 0.9697421875 0.617725 0.9689984375 0.623015625 0.96949375 0.6261015625 0.9682546875 0.63315625 0.96800625 0.637125 0.9650296875 0.656084375 0.9704859375 0.6547625 0.9744546875 0.6582890625 0.9766859375 0.6618171875 0.9771828125 0.665784375 0.97495 0.668871875 0.9672625 0.6772484375 0.964534375 0.689153125 0.9583328125 0.7041453125 0.944940625 0.7089953125 0.943453125 0.7142859375 0.935515625 0.716490625 0.934771875 0.7244265625 0.9255953125 0.7283953125 0.91790625 0.7288359375 0.8955859375 0.7209 0.8772328125 0.7142859375 0.8670640625 0.7014984375 0.852678125 0.6710765625 0.831596875 0.656525 0.824653125 0.6538796875 0.821428125 0.646384375 0.8216765625 0.6446203125 0.823909375 0.6102296875 0.8298609375 0.607584375 0.83755 0.604496875 0.8400296875 0.5917109375 0.84300625 0.583775 0.8422625 0.5758375 0.84375 0.5731921875 0.8454859375 0.571428125 0.8494546875 0.560846875 0.853421875 0.56040625 0.8549109375 0.5564375 0.8568953125 0.5564375 0.86483125 0.56525625 0.902778125 0.57186875 0.9563484375 0.5780421875 0.96180625 0.5824515625 0.9630453125 0.5912703125 0.9635421875 0.599646875 0.96800625 0.6150796875 0.9697421875
1 0.098325 0.969990625 0.1022921875 0.96949375 0.10405625 0.965278125 0.1014109375 0.9610609375 0.1000875 0.9603171875 0.0952375 0.960565625 0.0925921875 0.9637890625 0.093475 0.9685015625 0.098325 0.969990625
1 0.415784375 0.8916171875 0.4074078125 0.894096875 0.405203125 0.8963296875 0.4047625 0.90079375 0.415784375 0.903521875 0.4193125 0.900296875 0.415784375 0.8916171875
1 0.8377421875 0.87574375 0.8408296875 0.876984375 0.844796875 0.8767359375 0.848325 0.873015625 0.8456796875 0.8645828125 0.8417109375 0.86483125 0.834215625 0.87103125 0.833775 0.8732640625 0.8377421875 0.87574375
1 0.2804234375 0.8484625 0.2751328125 0.84771875 0.2720453125 0.8489578125 0.2724875 0.853421875 0.2808640625 0.853421875 0.2821875 0.8494546875 0.2804234375 0.8484625
1 0.78306875 0.61805625 0.7905640625 0.6111109375 0.7896828125 0.607390625 0.786596875 0.60540625 0.7821875 0.6046625 0.7791 0.601934375 0.777778125 0.605159375 0.7773375 0.61483125 0.78306875 0.61805625
1 0.7654328125 0.4327875 0.77336875 0.4350203125 0.783509375 0.4357640625 0.78306875 0.4313 0.7768953125 0.4263390625 0.7702828125 0.4248515625 0.764109375 0.4270828125 0.76366875 0.4317953125 0.7654328125 0.4327875
1 0.9316578125 0.3712796875 0.9228390625 0.370784375 0.911375 0.3717765625 0.901234375 0.3752484375 0.8985890625 0.3779765625 0.8977078125 0.380953125 0.8999125 0.3834328125 0.9171078125 0.3901296875 0.9263671875 0.3896328125 0.9360671875 0.387153125 0.944003125 0.3876484375 0.947090625 0.3856640625 0.9448859375 0.38045625 0.9365078125 0.373015625 0.9316578125 0.3712796875
1 0.80246875 0.6341765625 0.798059375 0.6374015625 0.7954140625 0.6416171875 0.7949734375 0.6463296875 0.798059375 0.65005 0.7985015625 0.6540171875 0.80246875 0.65079375 0.8064375 0.650296875 0.81040625 0.6515375 0.816578125 0.6463296875 0.81701875 0.6421125 0.8134921875 0.637153125 0.80246875 0.6341765625
1 0.630953125 0.4640375 0.642415625 0.4650296875 0.646384375 0.46329375 0.646825 0.45858125 0.6428578125 0.4561015625 0.6349203125 0.4553578125 0.6305109375 0.4578375 0.6296296875 0.46255 0.630953125 0.4640375
1 0.4938265625 0.9657734375 0.4973546875 0.967509375 0.5017640625 0.9672625 0.5061734375 0.959078125 0.505290625 0.955109375 0.49911875 0.953125 0.49426875 0.9541171875 0.489859375 0.9528765625 0.4889765625 0.95386875 0.4938265625 0.9657734375
1 0.203703125 0.955109375 0.206790625 0.951140625 0.2014984375 0.9494046875 0.197090625 0.949653125 0.1948859375 0.9508921875 0.19444375 0.9548609375 0.1966484375 0.9556046875 0.203703125 0.955109375