1 0.397191236328125 0.6400793173828125 0.388877396484375 0.64114456640625 0.3817763603515625 0.647040501953125 0.3672014482421875 0.6508549833984375 0.356617267578125 0.6573025947265625 0.3558061982421875 0.66345838671875 0.3621567919921875 0.669734390625 0.3746132470703125 0.672281189453125 0.3858198193359375 0.6697532216796875 0.3946243349609375 0.663335947265625 0.41063805078125 0.65452233984375 0.4138984697265625 0.649737767578125 0.414186884765625 0.645925400390625 0.4101217548828125 0.64280256640625 0.4012259296875 0.6401933056640625 0.397191236328125 0.6400793173828125
1 0.5506846083984375 0.6396229833984375 0.5476064716796875 0.6370984287109375 0.5388658583984375 0.635469140625 0.5306312890625 0.63702490234375 0.5052865478515625 0.643298177734375 0.4973440048828125 0.652341060546875 0.4960115791015625 0.660838490234375 0.5029998779296875 0.66550744921875 0.5165998359375 0.6696307119140625 0.528163880859375 0.6665430576171875 0.5326826083984375 0.66406978515625 0.54224117578125 0.6567800595703125 0.550261447265625 0.6482279345703125 0.5506846083984375 0.6396229833984375
1 0.4585704150390625 0.5879212841796875 0.4566035576171875 0.583963048828125 0.4391241181640625 0.5807057705078125 0.4198463720703125 0.583004462890625 0.4107702958984375 0.587707171875 0.4069583291015625 0.591826080078125 0.421091681640625 0.6021437265625 0.426860291015625 0.604745220703125 0.4340608203125 0.6051108115234375 0.4409511689453125 0.6035180009765625 0.4553874794921875 0.5931950712890625 0.4585704150390625 0.5879212841796875
1 0.34451578515625 0.5921735244140625 0.33086853515625 0.590568349609375 0.32607824609375 0.591327056640625 0.318985638671875 0.594459525390625 0.3159665869140625 0.5979513623046875 0.3193855859375 0.6054447060546875 0.3343131533203125 0.6151334921875 0.3412423662109375 0.613786060546875 0.3605466943359375 0.6031951826171875 0.35949064453125 0.59934422265625 0.353052595703125 0.5953427158203125 0.34451578515625 0.5921735244140625
1 0.332595564453125 0.6832058916015625 0.33062870703125 0.67924765625 0.3242696845703125 0.675735119140625 0.318607453125 0.676631927734375 0.31356761328125 0.681448380859375 0.3111402734375 0.6858494736328125 0.32102284765625 0.68905546875 0.329218796875 0.6872558720703125 0.332595564453125 0.6832058916015625
1 0.523009240234375 0.431067513671875 0.514869009765625 0.4275855576171875 0.5098848896484375 0.42712045703125 0.5034297412109375 0.4286443388671875 0.498833529296875 0.430628396484375 0.4938323095703125 0.435688685546875 0.494453158203125 0.4396085732421875 0.505158841796875 0.445194798828125 0.513143859375 0.447696783203125 0.5170637470703126 0.44707593359375 0.5248326796875 0.442580255859375 0.523009240234375 0.431067513671875
1 0.6690998232421875 0.431785248046875 0.660951166015625 0.4310667578125 0.6546123662109375 0.433325232421875 0.6450317890625 0.4348426474609375 0.641665236328125 0.436130458984375 0.6387622890625 0.440355345703125 0.644040224609375 0.4483088662109375 0.652219318359375 0.452036201171875 0.66621561328125 0.4558451552734375 0.67460539453125 0.455269365234375 0.677973734375 0.4539828515625 0.6817064296875 0.4493734296875 0.6795945751953125 0.4416730546875 0.675537873046875 0.4357867548828125 0.6690998232421875 0.431785248046875
1 0.7692892353515625 0.5457385625 0.76237712109375 0.54156060546875 0.745052650390625 0.539281755859375 0.7416083701171875 0.540078810546875 0.73491209765625 0.5428969716796875 0.73026705078125 0.5473993623046876 0.729457279296875 0.5535533662109375 0.73450940234375 0.557274478515625 0.7597206962890625 0.5557919990234375 0.7796374462890625 0.551884474609375 0.7799644814453125 0.548315943359375 0.7692892353515625 0.5457385625
1 0.821412708984375 0.454869025390625 0.814810775390625 0.45264946875 0.806341966796875 0.4527362880859375 0.79901641796875 0.4543980283203125 0.80225001171875 0.4579040986328125 0.8137197177734375 0.459854162109375 0.8215579501953125 0.4586127080078125 0.821412708984375 0.454869025390625
1 0.4869015673828125 0.6854731533203124 0.48603408984375 0.67999611328125 0.4743423291015625 0.68184790625 0.475209806640625 0.6873249462890625 0.4869015673828125 0.6854731533203124
1 0.689016994140625 0.6091563740234375 0.6877784736328125 0.60133666015625 0.6752842158203125 0.6033155556640625 0.676522736328125 0.61113526953125 0.689016994140625 0.6091563740234375
1 0.7260070908203125 0.4768645537109375 0.724516564453125 0.4674537353515625 0.7060159267578126 0.4703839482421875 0.7075064541015625 0.4797947666015625 0.7260070908203125 0.4768645537109375
1 0.4288375556640625 0.417105439453125 0.4244604580078125 0.41202290625 0.408843322265625 0.4205237490234375 0.390397357421875 0.422440748046875 0.3863138291015625 0.4248450908203125 0.3865383427734375 0.429079287109375 0.3938383642578125 0.43570640234375 0.39529075 0.4392430537109375 0.3971494423828125 0.4397016875 0.4024526591796875 0.43936480859375 0.4156038349609375 0.43502122265625 0.4254342080078125 0.42944760546875 0.4288495947265625 0.4256414609375 0.4288375556640625 0.417105439453125
1 0.8229515087890625 0.5020703681640625 0.82217740234375 0.4971828544921875 0.8105489150390625 0.4990246259765625 0.811323021484375 0.5039121396484375 0.8229515087890625 0.5020703681640625
1 0.70421536328125 0.4139188779296875 0.7040261025390625 0.398630572265625 0.6994771826171875 0.39809654296875 0.692586833984375 0.399689353515625 0.682360125 0.4055772783203125 0.6801171357421875 0.413968974609375 0.682169904296875 0.415652958984375 0.689641994140625 0.4177331142578125 0.69862373046875 0.418068123046875 0.7015553271484375 0.416850783203125 0.70421536328125 0.4139188779296875
0 0.5768485712890625 0.3735748564453125 0.5726957421875 0.3727249765625 0.554646357421875 0.3743292099609375 0.533742859375 0.3776399990234375 0.529581603515625 0.3795535849609375 0.5270770244140625 0.383467005859375 0.5253732998046875 0.3839868017578125 0.4837703515625 0.38907001953125 0.480479740234375 0.3908472900390625 0.4761246513671875 0.391537068359375 0.466410626953125 0.397845279296875 0.4349686982421875 0.4050858359375 0.424701826171875 0.410730169921875 0.4221970029296875 0.414642046875 0.415655943359375 0.4184401806640625 0.40979120703125 0.42087510546875 0.3905525693359375 0.4234207197265625 0.38722463671875 0.4249523681640625 0.386693310546875 0.4300577158203125 0.3803936181640625 0.43256311328125 0.365781384765625 0.436131970703125 0.358564001953125 0.4412933134765625 0.3635688330078125 0.4475325126953125 0.3642089921875 0.451574318359375 0.362438666015625 0.454490283203125 0.357127265625 0.457592171875 0.352772177734375 0.45828194921875 0.3503701201171875 0.454392642578125 0.3475635439453125 0.4535826533203125 0.344709431640625 0.4552892080078125 0.3398805234375 0.4558040791015625 0.3371041396484375 0.4580013916015625 0.3287043876953125 0.461340892578125 0.3219996875 0.46692251953125 0.31892491796875 0.47569591015625 0.2982745830078125 0.4862484404296875 0.2941051435546875 0.4909270361328125 0.2987149375 0.497478755859375 0.2980370703125 0.498842208984375 0.281704501953125 0.508459337890625 0.2745646025390625 0.51410989453125 0.2725338427734375 0.5181982216796875 0.27560225390625 0.5234880302734375 0.2730115185546875 0.52967416015625 0.262852568359375 0.538816552734375 0.2598552822265625 0.5480791572265625 0.2638830908203125 0.5509563671875 0.2665735634765625 0.551033306640625 0.2687426806640625 0.5534518837890625 0.265559990234375 0.55872721484375 0.265969908203125 0.5669486845703126 0.2716996533203125 0.5693047998046875 0.273946498046875 0.572214134765625 0.2756656279296875 0.5915283056640624 0.2798082421875 0.5951403525390625 0.284794150390625 0.595606751953125 0.29064048828125 0.59869900390625 0.2889587734375 0.604991111328125 0.29043316796875 0.61430007421875 0.2887719189453125 0.626364736328125 0.289905453125 0.63070491015625 0.29211343359375 0.6333688662109375 0.302314859375 0.63577133984375 0.303409529296875 0.639866134765625 0.303288365234375 0.6531944951171875 0.2956695849609375 0.672731556640625 0.2962515693359375 0.6764060654296875 0.308117611328125 0.6780418212890625 0.3087773251953125 0.6822070888671875 0.3068240498046875 0.6867846298828125 0.299325134765625 0.6929951181640625 0.292089353515625 0.70368363671875 0.2781501708984375 0.71995199609375 0.2551806611328125 0.7384052216796875 0.2531499013671875 0.742493548828125 0.2563735244140625 0.7487633291015625 0.26207462109375 0.7481118984375 0.27617392578125 0.7441212119140626 0.2790277939453125 0.7424131142578125 0.3091339306640625 0.7323720419921875 0.316545390625 0.72843605078125 0.340786791015625 0.7208299033203125 0.354575671875 0.7148792724609375 0.357778828125 0.7153764970703125 0.3660538046875 0.7140658701171875 0.369342873046875 0.7122888427734375 0.384788185546875 0.70833650390625 0.387556142578125 0.708902658203125 0.3898027431640625 0.71181044921875 0.397158484375 0.71315601171875 0.4185749111328125 0.7102670517578125 0.4350069716796875 0.7069114482421875 0.452455974609375 0.707159880859375 0.4553791435546875 0.7087060068359375 0.4584102333984375 0.7137501923828125 0.46853571875 0.71566320703125 0.50748705859375 0.7107484287109375 0.5157149873046875 0.711957431640625 0.528179869140625 0.7117407646484375 0.5668596484375 0.7051114208984375 0.58145502734375 0.7070694951171875 0.589450015625 0.7068077685546875 0.605920697265625 0.7036960009765625 0.61570377734375 0.700640470703125 0.638147115234375 0.698591837890625 0.667652869140625 0.6904034326171875 0.6823341591796875 0.690087255859375 0.7177890166015625 0.6771899189453126 0.7313281015625 0.675295490234375 0.73583840234375 0.6755856845703125 0.7430476025390625 0.6731893515625 0.7621105625 0.6638912099609375 0.7879291240234375 0.6577928408203125 0.8022409033203125 0.649500328125 0.8084326748046875 0.6434968720703125 0.8130677509765625 0.6417581923828125 0.828744216796875 0.6392752841796875 0.8346089521484376 0.636840359375 0.839959216796875 0.6339838505859375 0.8490066435546875 0.6262735947265625 0.8548309716796875 0.6235935361328125 0.86090639453125 0.616855486328125 0.872876990234375 0.6106913564453125 0.8768053056640625 0.607307041015625 0.8777227529296875 0.604649552734375 0.8819614931640625 0.603225181640625 0.888705056640625 0.5978889326171875 0.9002181982421875 0.5860198779296875 0.9062077099609375 0.581556080078125 0.910674236328125 0.5703031943359375 0.916780095703125 0.566573990234375 0.9191683271484375 0.5619259755859375 0.922700306640625 0.55885596875 0.924855841796875 0.552738767578125 0.929219357421875 0.5492855234375 0.9324797763671875 0.5445009501953125 0.935127529296875 0.53303148046875 0.939896052734375 0.5265020048828125 0.9407035107421875 0.509046724609375 0.9454042763671875 0.49926278125 0.9431152001953125 0.484810123046875 0.9439904169921876 0.470609310546875 0.9394933603515625 0.4534926962890625 0.9373242431640625 0.4510741201171875 0.9325827900390625 0.4493144951171875 0.9058702744140625 0.4497786552734375 0.881065287109375 0.4481831162109375 0.8654442958984375 0.445382927734375 0.849813578125 0.4453479931640625 0.8285405703125 0.4406824462890625 0.8246595458984375 0.4415486748046875 0.8093862998046875 0.4409540537109375 0.79847811328125 0.436905943359375 0.7890223125 0.436394484375 0.7792560859375 0.43392308203125 0.76809834765625 0.4339327177734375 0.75956023828125 0.430765314453125 0.747810544921875 0.4298641513671875 0.7277789912109375 0.433036837890625 0.7174141689453125 0.4324194013671875 0.706052384765625 0.4339673974609375 0.6913611240234375 0.43704728515625 0.6824873076171875 0.4402103359375 0.680630158203125 0.4397514580078125 0.67901258984375 0.4379985458984375 0.67914579296875 0.4332062060546875 0.6861235966796875 0.4293388994140625 0.687952095703125 0.42679023046875 0.69187044140625 0.4261696259765625 0.6956821640625 0.422049173828125 0.7017880234375 0.4183199697265625 0.7032286142578125 0.413322142578125 0.702577328125 0.4063934091796875 0.7073253857421875 0.3940913779296875 0.7053585283203125 0.390133142578125 0.7065273154296875 0.38341920703125 0.7159104482421875 0.3693784970703125 0.712521642578125 0.364892455078125 0.695507595703125 0.3645735498046875 0.6860433671875 0.366825556640625 0.6658734560546875 0.3634913388671875 0.65783984765625 0.36350923046875 0.6500016142578126 0.3647506845703125 0.643305341796875 0.367568845703125 0.6372467744140625 0.368779962890625 0.634797669921875 0.367410287109375 0.6106994423828125 0.367460384765625 0.602822345703125 0.3684564599609375 0.5959792880859375 0.3675311826171875 0.587626828125 0.368352595703125 0.5768485712890625 0.3735748564453125
1 0.863800474609375 0 0.8547121923828125 0.0083989892578125 0.8566992705078125 0.0181282373046875 0.8614338408203125 0.0226510830078125 0.8652678173828126 0.0243044853515625 0.8729897021484375 0.0223284384765625 0.8835365615234375 0.0156352041015625 0.890288552734375 0.00753548828125 0.8946906875 0.004326080078125 0.8971568916015625 0.0001703671875 0.897068462890625 0 0.863800474609375 0
1 0.7724125673828125 0.0440340888671875 0.770028908203125 0.03461760546875 0.7679761396484375 0.03293362109375 0.7594311455078125 0.032529439453125 0.7486329482421875 0.04327912109375 0.7342404111328125 0.06514512890625 0.738258494140625 0.0707875927734375 0.7460105712890625 0.07181884765625 0.7574971318359375 0.068241978515625 0.7615417958984375 0.0655922568359375 0.771650087890625 0.047670005859375 0.7724125673828125 0.0440340888671875
1 0.8435073447265625 0.236421650390625 0.8400242001953125 0.236973326171875 0.83587137109375 0.2361234462890625 0.8333752197265625 0.237273400390625 0.82888668359375 0.242753974609375 0.8295279990234375 0.25244641796875 0.8355310927734375 0.2565183974609375 0.8431279580078125 0.2565696806640625 0.849871521484375 0.251233431640625 0.852347451171875 0.24431246484375 0.847854005859375 0.2384953388671875 0.8435073447265625 0.236421650390625
1 0.5830934697265625 0.18751979296875 0.5798583330078125 0.184013966796875 0.5668587578125 0.178038037109375 0.5590205244140625 0.1792794912109375 0.5558375888671875 0.184553279296875 0.5555105546875 0.188121810546875 0.5587052841796875 0.191382501953125 0.5600242216796875 0.19970994921875 0.5701699287109375 0.2073939765625 0.575270642578125 0.2085952138671875 0.5818117021484375 0.204797080078125 0.5835624736328126 0.2017576533203125 0.58438221484375 0.1928399384765625 0.5830934697265625 0.18751979296875
1 0.55270966015625 0.1225242265625 0.5589402958984375 0.1167661494140625 0.554438421875 0.1137124892578125 0.5495704052734375 0.1139804384765625 0.5445694296875 0.1190422705078125 0.5487897724609375 0.123145076171875 0.55270966015625 0.1225242265625
1 0.6803371787109375 0.1306843486328125 0.6852220498046875 0.124889466796875 0.6836919365234375 0.1208620576171875 0.679297984375 0.12130645703125 0.675524880859375 0.1256707451171875 0.6766602021484375 0.130012216796875 0.6803371787109375 0.1306843486328125
1 0.8891394599609375 0.0961072744140625 0.8879182275390625 0.0940400537109375 0.884676451171875 0.0932989931640625 0.880359982421875 0.094232607421875 0.8803045078125 0.0995157041015625 0.88133012109375 0.100357818359375 0.8852500087890625 0.09973696875 0.8891394599609375 0.0961072744140625
0 0.4606491455078125 0 0.4531372421875 0.0011897685546875 0.454223484375 0.008048029296875 0.461623244140625 0.0209382138671875 0.4579664892578125 0.0260370947265625 0.45734949609375 0.03341823828125 0.462126541015625 0.049485951171875 0.4686625400390625 0.059749228515625 0.4694774658203125 0.0648944677734375 0.4657345546875 0.072266056640625 0.48270010546875 0.1004654921875 0.483847220703125 0.113341443359375 0.50348277734375 0.13584526171875 0.5054309921875 0.145329130859375 0.50771645703125 0.1484823017578125 0.533586259765625 0.17652753125 0.53917283203125 0.1864396962890625 0.5656294365234374 0.20409648046875 0.5775647783203125 0.2089864609375 0.5805440498046875 0.213703474609375 0.584134826171875 0.2335580712890625 0.5872047802734375 0.2388476357421875 0.590050220703125 0.23990300390625 0.594029439453125 0.2453000888671875 0.59944033203125 0.2484597265625 0.6104480126953125 0.2587693623046875 0.618947501953125 0.2616929306640625 0.623323056640625 0.2667757080078125 0.6380176845703125 0.2749937646484375 0.6434592587890625 0.281163791015625 0.6483947890625 0.2841487666015625 0.69817846875 0.30815329296875 0.7265106201171875 0.3207417783203125 0.730187841796875 0.321415453125 0.7378724052734374 0.319193783203125 0.7409676416015625 0.3161929482421875 0.746358068359375 0.3135800302734375 0.7510404365234375 0.309323263671875 0.754144099609375 0.3035589638671875 0.7599699716796875 0.30087866015625 0.7653302060546875 0.2952584404296875 0.7742124501953125 0.289331923828125 0.796392654296875 0.2828052587890625 0.809572724609375 0.28147076171875 0.8249791728515625 0.2772730439453125 0.833011482421875 0.2772569404296875 0.8385473955078125 0.278389248046875 0.8542640244140625 0.2761499306640625 0.8670393310546874 0.2778932080078125 0.87798792578125 0.2821864521484375 0.886019990234375 0.2821688056640625 0.8907243671875 0.2836843505859375 0.8932593837890626 0.2827797744140625 0.902551544921875 0.2850747275390625 0.906510296875 0.2846992568359375 0.911553748046875 0.2911822919921875 0.921367265625 0.291135607421875 0.9287923076171875 0.2957353935546875 0.94124876171875 0.2982821923828125 0.9449173115234375 0.3017177900390625 0.9683087783203125 0.300022056640625 0.9700984140625 0.2972280087890625 0.966916927734375 0.2771408974609375 0.968207310546875 0.2699062158203125 0.9679743701171875 0.268435486328125 0.9668274052734375 0.2681156611328125 0.9648596357421875 0.2585083310546875 0.930270998046875 0.040124265625 0.9305342255859375 0.03204771484375 0.929105677734375 0.02995005078125 0.9238727734375 0.0110041513671875 0.9128579775390625 0 0.4606491455078125 0
1 0.543614068359375 0.3159108134765625 0.5523080986328125 0.320861720703125 0.567985158203125 0.3199606953125 0.5791091181640625 0.31028894921875 0.570170658203125 0.3037947783203125 0.545234021484375 0.306162376953125 0.543614068359375 0.3159108134765625
1 0.564946603515625 0.2508349775390625 0.5764827314453125 0.2537537646484375 0.5794015185546875 0.2422176376953125 0.5701419404296875 0.2436842099609375 0.564946603515625 0.2508349775390625
0 0.4779152490234375 0.1807746220703125 0.4439634619140625 0.186152056640625 0.4520152548828125 0.207024453125 0.445521083984375 0.215962912109375 0.447567564453125 0.2488602939453125 0.4536639267578125 0.2573865849609375 0.4532661171875 0.2748513359375 0.4712340849609375 0.308390955078125 0.4993482978515625 0.3260857763671875 0.5039013974609375 0.33485649609375 0.5801922412109375 0.3670685634765625 0.692208205078125 0.3651467451171875 0.710727361328125 0.3622135986328125 0.7187647958984374 0.3530307099609375 0.729476587890625 0.330768431640625 0.723135796875 0.320698876953125 0.6463560947265625 0.2854002841796875 0.598577271484375 0.253418287109375 0.562732384765625 0.206890326171875 0.530798359375 0.18505457421875 0.5163290859375 0.163616630859375 0.49033804296875 0.1693151845703125 0.4779152490234375 0.1807746220703125