1 0.6219251083984375 0.3614817900390625 0.629842521484375 0.3626123271484375 0.635659478515625 0.3577521689453125 0.63616219140625 0.3542885400390625 0.6340054521484375 0.351522353515625 0.6243199091796875 0.3506094287109375 0.61724464453125 0.3517267431640625 0.615852171875 0.3556702294921875 0.6219251083984375 0.3614817900390625
1 0.840274517578125 0.408454353515625 0.8482785107421875 0.4046247099609375 0.854143052734375 0.397038404296875 0.853357162109375 0.39156760546875 0.848114955078125 0.3887475615234375 0.836225087890625 0.38779459765625 0.8287136005859375 0.388655822265625 0.8215820517578125 0.392997646484375 0.8188749873046876 0.3964227978515625 0.818326224609375 0.4026141640625 0.8200380703125 0.405621060546875 0.8270440712890625 0.408471890625 0.840274517578125 0.408454353515625
1 0.66293957421875 0.437110671875 0.6678018427734375 0.4364501171875 0.6731652353515625 0.4323274677734375 0.6728199013671875 0.426864359375 0.666254458984375 0.42402121875 0.6560980625 0.4248362763671875 0.6502708984375 0.43019164453125 0.654601693359375 0.43473198046875 0.66293957421875 0.437110671875
1 0.517762892578125 0.3413077109375 0.5160482734375 0.3385492412109375 0.510316333984375 0.338449189453125 0.506322228515625 0.33986719921875 0.50539780859375 0.34233269140625 0.50800377734375 0.3446097685546875 0.51684280859375 0.343524802734375 0.517762892578125 0.3413077109375
1 0.507501666015625 0.37337569921875 0.5123033154296875 0.376188052734375 0.5172304853515625 0.371809314453125 0.51727809765625 0.3690816044921875 0.51245048828125 0.3677565244140625 0.50801148828125 0.3694152431640625 0.507501666015625 0.37337569921875
1 0.4639275791015625 0.368645755859375 0.4631141376953125 0.364663765625 0.4618141162109375 0.363400259765625 0.45872275 0.363594775390625 0.4573924326171875 0.3640669423828125 0.4577637255859375 0.36804277734375 0.4625913623046875 0.3693662958984375 0.4639275791015625 0.368645755859375
1 0.5540622900390625 0.4091640576171875 0.550570896484375 0.4071184375 0.5466070869140625 0.4068007734375 0.54304209375 0.40897169921875 0.5464902099609374 0.41349662890625 0.5508989140625 0.4135735830078125 0.553582791015625 0.41138727734375 0.5540622900390625 0.4091640576171875
1 0.3001634775390625 0.377693744140625 0.298880744140625 0.375439763671875 0.2931488046875 0.375339712890625 0.29135627734375 0.3770446259765625 0.292639009765625 0.37929860546875 0.2970347060546875 0.3801207587890625 0.29881581640625 0.379159509765625 0.3001634775390625 0.377693744140625
1 0.34347076953125 0.3977979345703125 0.3438420625 0.4017737705078125 0.3473350185546875 0.4038194169921875 0.3526508251953125 0.402422916015625 0.3518460556640625 0.3979441259765625 0.34347076953125 0.3977979345703125
1 0.2857705771484375 0.3938137587890625 0.2808693681640625 0.3967052236328125 0.285204470703125 0.40099872265625 0.29054190234375 0.39836334765625 0.29057653515625 0.3963792744140625 0.2857705771484375 0.3938137587890625
1 0.208597513671875 0.49491355078125 0.2143337890625 0.4947652021484375 0.2188074208984375 0.4911224111328125 0.2175837177734375 0.4853970576171875 0.2087749833984375 0.484746349609375 0.2052359775390625 0.485428439453125 0.2038348330078125 0.489868724609375 0.2055423427734375 0.4931240205078125 0.208597513671875 0.49491355078125
1 0.6577517568359375 0.48166910546875 0.6541635771484375 0.4850788779296875 0.6562986640625 0.4890855 0.66154954296875 0.4914087451171875 0.6664031123046875 0.4912465517578125 0.6677436650390625 0.4902776123046875 0.6687156962890625 0.4850844111328125 0.66655462109375 0.4825666240234375 0.663050248046875 0.481264640625 0.6577517568359375 0.48166910546875
1 0.73235896875 0.502319638671875 0.7284038037109375 0.50150673828125 0.721777767578125 0.502134943359375 0.7212593017578125 0.5065906357421875 0.72429715625 0.5093722021484375 0.732233447265625 0.5095107314453124 0.73358541796875 0.5077981279296875 0.73235896875 0.502319638671875
1 0.6577541982421875 0.5320236923828126 0.663052662109375 0.5316207900390625 0.6657365400390625 0.529434484375 0.664890056640625 0.5274350322265625 0.6605116494140625 0.525622404296875 0.6565450654296875 0.52555316796875 0.65431041796875 0.52725036328125 0.654707671875 0.52973892578125 0.6577541982421875 0.5320236923828126
1 0.716778291015625 0.4348249384765625 0.7141896376953125 0.4315558251953125 0.7097636455078125 0.4324693447265625 0.7061900078125 0.4351355078125 0.710101869140625 0.4384292802734375 0.7140684521484375 0.438498517578125 0.7162987646484374 0.4370497216796875 0.716778291015625 0.4348249384765625
1 0.9312804072265625 0.525388560546875 0.9391978466796875 0.52651753515625 0.9423151728515625 0.5248357470703126 0.9428163232421874 0.5213720908203126 0.9388957900390625 0.5185751171875 0.9353827451171876 0.5177699326171875 0.9300697119140625 0.5189180078125 0.9278236455078125 0.5213588681640625 0.9312804072265625 0.525388560546875
1 0.89249065234375 0.5244630068359375 0.888570119140625 0.521666033203125 0.881516505859375 0.521542912109375 0.8786854833984376 0.53215918359375 0.880436296875 0.532933607421875 0.8830941865234375 0.5322361376953125 0.8911371201171875 0.5261755830078125 0.89249065234375 0.5244630068359375
1 0.908116779296875 0.5639276689453125 0.90820333203125 0.558969048828125 0.902084345703125 0.5558852255859374 0.8848873154296875 0.5558335263671875 0.8760396123046875 0.557415291015625 0.87380062890625 0.55936088671875 0.8741676142578125 0.5635835595703125 0.879804328125 0.569139029296875 0.885059515625 0.5712154365234375 0.892989908203125 0.571602337890625 0.900073845703125 0.5699882236328125 0.908116779296875 0.5639276689453125
1 0.4554933955078125 0.599188359375 0.4616729755859375 0.5988008369140625 0.4652351953125 0.596878337890625 0.46360990234375 0.588912822265625 0.4614228671875 0.58788230859375 0.453043271484375 0.587982955078125 0.44853934375 0.593361419921875 0.4493641748046875 0.59660130859375 0.4554933955078125 0.599188359375
1 0.432910693359375 0.5791990048828125 0.4310819716796875 0.5828879638671876 0.434535986328125 0.587164521484375 0.43804903125 0.587969705078125 0.4420258212890625 0.5875437314453125 0.4469313671875 0.5844038671875 0.4465687177734375 0.579932794921875 0.444390326171875 0.5784070439453125 0.4377945869140625 0.577299576171875 0.432910693359375 0.5791990048828125
1 0.5798409619140625 0.675527962890625 0.5788862734375 0.67972756640625 0.580589474609375 0.68322969921875 0.5853867880859375 0.686290453125 0.590659291015625 0.6873748232421875 0.601243265625 0.687311091796875 0.611405533203125 0.6862492236328125 0.6238052490234375 0.683240169921875 0.6309411064453125 0.678651509765625 0.6305957734375 0.673188400390625 0.6271114619140625 0.6706475166015625 0.6165794365234375 0.667735138671875 0.6082155673828125 0.666845283203125 0.5958028984375 0.6705964111328125 0.5860827236328126 0.67166755859375 0.5798409619140625 0.675527962890625
1 0.6261970068359375 0.5967109208984375 0.6217666513671875 0.5978744033203125 0.6251990146484375 0.603391396484375 0.6340380732421875 0.6023048681640625 0.6332289677734375 0.598074478515625 0.6261970068359375 0.5967109208984375
1 0.4850984267578125 0.6463403447265625 0.484064267578125 0.6550033037109375 0.4870993486328125 0.658033296875 0.4954616552734375 0.658923125 0.499015203125 0.65749742578125 0.5012715029296875 0.6545597939453125 0.5026797568359375 0.649622681640625 0.500540333984375 0.6458644580078124 0.4930634794921875 0.644741611328125 0.4850984267578125 0.6463403447265625
1 0.7109173115234375 0.6190272685546875 0.7082031650390626 0.6229476845703125 0.714768607421875 0.6257908251953125 0.716994583984375 0.6245904287109375 0.7157449482421875 0.6203507861328125 0.7109173115234375 0.6190272685546875
1 0.233211623046875 0.6764223330078125 0.2411608935546875 0.675817224609375 0.2425042197265625 0.6745998583984375 0.2412950869140625 0.668129333984375 0.233363130859375 0.6677424052734375 0.2311371279296875 0.6689443642578125 0.233211623046875 0.6764223330078125
1 0.0580180244140625 0.6582323251953125 0.057944423828125 0.66244887109375 0.065822896484375 0.665810318359375 0.077250580078125 0.667994466796875 0.08078250390625 0.6678076416015625 0.0843734306640625 0.6641510048828125 0.082700552734375 0.6589116357421875 0.07656855859375 0.65657301171875 0.063804658203125 0.6551094033203125 0.0580180244140625 0.6582323251953125
1 0.026769423828125 0.629409134765625 0.01962923046875 0.6342461953125 0.019115099609375 0.63845348828125 0.0229836845703125 0.6442265712890625 0.0304691845703125 0.644854181640625 0.03494281640625 0.641211390625 0.03630779296875 0.638753587890625 0.03509866015625 0.6322830625 0.0320434892578125 0.6304935322265625 0.026769423828125 0.629409134765625
1 0.332328642578125 0.581411130859375 0.3366968154296875 0.5837205302734375 0.3420531259765625 0.5800931455078125 0.3425412958984375 0.5773731259765625 0.3395164208984375 0.5738479228515625 0.3360148212890625 0.5722975126953125 0.3329077021484375 0.573484091796875 0.3310789794921875 0.57717305078125 0.332328642578125 0.581411130859375
1 0.2503109853515625 0.631574865234375 0.2538125859375 0.633125275390625 0.258705150390625 0.6307290478515625 0.258349583984375 0.6257627109375 0.253508994140625 0.6251812666015625 0.2508380966796875 0.626623935546875 0.2503109853515625 0.631574865234375
0 1 0.4240738369140625 0.999199841796875 0.42387876953125 0.9988761328125 0.417176787109375 0.9971556435546876 0.4146651279296875 0.987945291015625 0.4117758203125 0.9848425068359375 0.4127139990234375 0.9783073603515625 0.408135185546875 0.9726072802734375 0.40629948828125 0.9602839375 0.4048435693359375 0.9541519423828125 0.4025049453125 0.9413923779296876 0.4007929365234375 0.9383458515625 0.398508169921875 0.9317630927734375 0.3966570654296875 0.9305323349609375 0.3914254140625 0.923543650390625 0.387582546875 0.9082084130859375 0.3818577880859375 0.8950054892578125 0.3803880791015625 0.887548724609375 0.378024767578125 0.870844201171875 0.3750046484375 0.8520478671875 0.36549859765625 0.8357622490234375 0.3637266044921875 0.822162072265625 0.3597683330078125 0.80411699609375 0.3577171533203125 0.7856573505859376 0.354169447265625 0.783530908203125 0.349667587890625 0.771248068359375 0.3459807861328125 0.76693458984375 0.3404484130859375 0.7542025478515625 0.337249158203125 0.7511674658203125 0.3342191650390625 0.7401948818359375 0.33129909765625 0.7393295205078125 0.3302916533203125 0.734031029296875 0.330696119140625 0.731407771484375 0.329409515625 0.7278455517578125 0.3313320146484375 0.7226163251953125 0.327768333984375 0.7217914931640625 0.3245284453125 0.7200406796875 0.323754021484375 0.7142670263671875 0.326133306640625 0.7129697509765625 0.3246229365234375 0.7063350712890625 0.32574637890625 0.7045929013671876 0.3244767177734375 0.53234193359375 0.3145236953125 0.529234814453125 0.3157102744140625 0.524394197265625 0.3151303935546875 0.5217319990234375 0.3160747001953125 0.513355150390625 0.315928482421875 0.4899380107421875 0.31849675 0.4598747470703125 0.3229336875 0.4576747314453125 0.322646810546875 0.4546482939453125 0.319121580078125 0.4431875400390625 0.31892153125 0.425915375 0.323084787109375 0.4245634052734375 0.324797390625 0.411324314453125 0.3253101650390625 0.402897080078125 0.3281400830078125 0.3799075185546875 0.331459677734375 0.376345298828125 0.33338217578125 0.362186125 0.33611204296875 0.3599558125 0.3375608388671875 0.35207733984375 0.3341993916015625 0.346744244140625 0.3365863671875 0.3299271806640625 0.340013703125 0.320220013671875 0.34033965234375 0.25470965234375 0.35432815625 0.24223636328125 0.361552193359375 0.2364697919921875 0.36343621484375 0.2275241181640625 0.3707202626953125 0.222638662109375 0.3726196640625 0.2194709501953125 0.3772775888671875 0.2080172783203125 0.3765822763671875 0.2049144951171875 0.3775204560546875 0.19521597265625 0.37735116796875 0.17708434375 0.380258607421875 0.172178798828125 0.38339847265625 0.1576093896484375 0.3843834130859375 0.151827064453125 0.387259498046875 0.13144778125 0.3926093330078125 0.1265595791015625 0.394755599609375 0.1247524814453125 0.3972056845703125 0.1123701083984375 0.399221138671875 0.0590560068359375 0.421856626953125 0.039420900390625 0.43515659765625 0.03365158203125 0.437287484375 0.0055530458984375 0.45540141796875 0.0029461435546875 0.478425052734375 0.002387775390625 0.5104139306640625 0.0012964560546875 0.51089183203125 0.0012055673828125 0.5160988515625 0.0026508642578125 0.5205888212890625 0.0020674697265625 0.528764259765625 0.000980486328125 0.52899376171875 0 0.5851657685546875 0 0.6508159990234375 0.0191747314453125 0.6602844169921875 0.0660686689453125 0.67697724609375 0.1244811787109375 0.6906472041015626 0.1460436083984375 0.69325673046875 0.1592047900390625 0.6972073388671876 0.1983501123046875 0.7030992294921875 0.218101134765625 0.708405677734375 0.2357186328125 0.70970553125 0.24236909375 0.707588462890625 0.2494270146484375 0.70746474609375 0.282880927734375 0.7110241396484375 0.2996243916015625 0.7118133486328125 0.30713154296875 0.7112005234375 0.3159186533203125 0.7130901044921875 0.334875140625 0.7134209912109375 0.4085443505859375 0.7119783515625 0.4138731376953125 0.709838212890625 0.4244456669921875 0.7105197080078125 0.4280020166015625 0.70884401953125 0.4359367451171875 0.708982521484375 0.43906705078125 0.706557095703125 0.442610392578125 0.7056266064453125 0.4871147705078125 0.7076442470703125 0.5113783935546875 0.707075431640625 0.514044955078125 0.705881162109375 0.5179957841796875 0.706942462890625 0.5233245439453125 0.70480388671875 0.531714400390625 0.70420490625 0.5660926787109375 0.7053019326171875 0.5965488876953124 0.70360039453125 0.608967455078125 0.69960089453125 0.6160903330078125 0.6957558701171875 0.651833587890625 0.69439509375 0.6748404375 0.6900850244140625 0.68329796875 0.68551943359375 0.685139671875 0.681086837890625 0.6873656748046875 0.67988487890625 0.706339478515625 0.6792237294921875 0.7226943330078125 0.6770291396484375 0.7382357734375 0.67085099609375 0.740949947265625 0.666929017578125 0.745384611328125 0.66551869921875 0.7476322666015625 0.6630763037109375 0.76882340234375 0.661709994140625 0.7843274365234375 0.6577643515625 0.789237291015625 0.6543776494140625 0.7932255263671875 0.6532064501953125 0.7968093974609375 0.650043515625 0.826822248046875 0.64858427734375 0.8418582021484375 0.6461181904296875 0.855183873046875 0.640645234375 0.859211048828125 0.637243125 0.858818130859375 0.6345061630859375 0.863261439453125 0.632600607421875 0.8646193076171875 0.6306396318359375 0.9062184609375 0.622187787109375 0.9138121923828125 0.616614779296875 0.9186874140625 0.615212150390625 0.9223232333984375 0.6090731064453125 0.9334185654296875 0.6050505087890625 0.9533124521484375 0.6021722666015625 0.962207767578125 0.59786279296875 0.97862321484375 0.5921968564453125 0.9817649658203125 0.589026205078125 0.9839779619140625 0.5885694443359375 0.985381880859375 0.583880732421875 0.989358669921875 0.583454759765625 0.99693077734375 0.5791206259765626 0.9986945712890625 0.5791514130859375 0.998820091796875 0.5719603212890625 0.9970562978515625 0.5719295341796875 0.996201142578125 0.570426880859375 0.996080890625 0.5520688603515626 0.99868568359375 0.428087625 1 0.4263058779296875 1 0.4240738369140625
0 0.0102141064453125 0 0.0059469775390625 0.244463666015625 0.0498266611328125 0.2374158994140625 0.1536994970703125 0.195472341796875 0.3510547236328125 0.0801491015625 0.365469583984375 0.060085119140625 0.3500651181640625 0.0473143291015625 0.3502014658203125 0.03950301953125 0.2576302373046875 0 0.0102141064453125 0
1 0.1454985087890625 0.128131458984375 0.146869884765625 0.1390945625 0.162437966796875 0.1424917802734375 0.1703310849609375 0.1379413408203125 0.170494701171875 0.1285677685546875 0.1454985087890625 0.128131458984375
1 0.2648497109375 0.0051957001953125 0.267728810546875 0.01931059765625 0.286448685546875 0.021200091796875 0.283515046875 0.01020971875 0.2648497109375 0.0051957001953125