1 0.557052607421875 0.3465255712890625 0.5687851982421875 0.35012109765625 0.5801687021484375 0.3519584453125 0.592199853515625 0.3498571015625 0.601745017578125 0.344646390625 0.6024705966796875 0.3392206796875 0.59703128125 0.333470314453125 0.587953296875 0.3297666962890625 0.57961413671875 0.3288336669921875 0.563684603515625 0.329488376953125 0.5567940478515625 0.33459099609375 0.5538408798828125 0.34039595703125 0.5540861943359375 0.3441342314453125 0.557052607421875 0.3465255712890625
1 0.588580681640625 0.3936276748046875 0.591001740234375 0.3979759677734375 0.5964800625 0.4029820419921875 0.6044700537109375 0.4021584521484375 0.624699064453125 0.403716166015625 0.6322490341796875 0.402869515625 0.6496933369140625 0.3985687734375 0.65587131640625 0.39864376953125 0.6572692294921875 0.3972274892578125 0.6592515849609375 0.3931084052734375 0.647518994140625 0.38951287890625 0.632808224609375 0.375331353515625 0.59837387890625 0.3752650458984375 0.594798662109375 0.3760712255859375 0.5906032802734374 0.3803215439453125 0.588580681640625 0.3936276748046875
1 0.680128326171875 0.390725869140625 0.6682140302734375 0.3905974599609375 0.66103915234375 0.392706095703125 0.6609093759765625 0.395182384765625 0.655793466796875 0.40012923046875 0.6591594150390625 0.4032862802734375 0.6709050087890625 0.406633708984375 0.687636734375 0.40751058203125 0.6984516767578125 0.4033584013671875 0.6982972138671875 0.3978865693359375 0.680128326171875 0.390725869140625
1 0.659385703125 0.4663814677734375 0.676518525390625 0.4680241318359375 0.68987130078125 0.4659920517578125 0.69958401171875 0.4660035166015625 0.7059550546875 0.46236477734375 0.7066303486328125 0.4579284140625 0.6959984287109375 0.4501691611328125 0.677155888671875 0.447443345703125 0.66434698828125 0.447516830078125 0.661679296875 0.4478745791015625 0.656201216796875 0.4513129033203125 0.6505025078125 0.4589610751953125 0.6494131962890625 0.46287818359375 0.659385703125 0.4663814677734375
1 0.6421151328125 0.42524152734375 0.651840763671875 0.425006455078125 0.6581728818359375 0.4221104462890625 0.658341666015625 0.4188898662109375 0.65541573828125 0.4157558779296875 0.6435143642578125 0.415380931640625 0.6344999912109375 0.418882705078125 0.6347323857421875 0.422867515625 0.6421151328125 0.42524152734375
1 0.64434945703125 0.475278599609375 0.6503194853515625 0.4708725078125 0.6386387392578124 0.46628771484375 0.625493671875 0.4643564833984375 0.6114036337890625 0.4636180556640625 0.607052228515625 0.462396458984375 0.5976902470703125 0.4641416953125 0.59750854296875 0.4676088115234375 0.599632359375 0.469209658203125 0.627927974609375 0.476901076171875 0.636759001953125 0.4768678984375 0.64434945703125 0.475278599609375
1 0.4833145419921875 0.4308272646484375 0.4901518525390625 0.4351597890625 0.5010693310546875 0.43747026953125 0.5068186494140625 0.4372755859375 0.5157680927734375 0.43501273828125 0.51986126171875 0.4327425966796875 0.5259999921875 0.4251174853515625 0.5267012099609375 0.4201864892578125 0.52250550390625 0.4159939697265625 0.514979978515625 0.4163443447265625 0.486385884765625 0.414348234375 0.48237220703125 0.415131435546875 0.47822719140625 0.4183908447265625 0.4787826689453125 0.4246300283203125 0.4833145419921875 0.4308272646484375
1 0.4518439716796875 0.4500409287109375 0.4532549697265625 0.4483749912109375 0.451248009765625 0.444544392578125 0.4397113603515625 0.428790896484375 0.434583767578125 0.4255415234375 0.42450740625 0.42401989453125 0.404642044921875 0.4239723447265625 0.3920540166015625 0.4282803798828125 0.38094183203125 0.42968511328125 0.3677191572265625 0.4376837412109375 0.360076775390625 0.4402638681640625 0.356826365234375 0.4433213828125 0.357888353515625 0.4483447841796875 0.36387006640625 0.452134912109375 0.37177068359375 0.4530465234375 0.3806017919921875 0.45301178515625 0.399148326171875 0.4445473974609375 0.4187671357421875 0.4492994296875 0.4236120498046875 0.4495533408203125 0.42660282421875 0.45144996484375 0.4336219208984375 0.4523138125 0.442000005859375 0.452504111328125 0.4518439716796875 0.4500409287109375
1 0.423746533203125 0.3964125517578125 0.42353882421875 0.4003758623046875 0.429509095703125 0.4044141689453125 0.440892599609375 0.4062515166015625 0.444907755859375 0.40546995703125 0.448119322265625 0.40315361328125 0.44793885546875 0.398177974609375 0.44410540234375 0.395492416015625 0.429601265625 0.394236294921875 0.423746533203125 0.3964125517578125
1 0.5366332314453125 0.4244324228515625 0.5352077529296875 0.426344814453125 0.5373315693359375 0.42794566015625 0.5558768671875 0.427924029296875 0.5603191240234375 0.4274120673828125 0.566185298828125 0.4249876318359375 0.5669254404296875 0.419313904296875 0.5638940166015625 0.4181630498046875 0.54473999609375 0.421380640625 0.5366332314453125 0.4244324228515625
1 0.5758592451171874 0.43418778515625 0.5802625771484375 0.4344185537109375 0.5825276123046875 0.433294931640625 0.583124974609375 0.4303455908203125 0.58015848046875 0.4279558115234375 0.568697126953125 0.42760392578125 0.566794263671875 0.4302360703125 0.567997552734375 0.4325334443359375 0.5758592451171874 0.43418778515625
1 0.72986553125 0.4358016259765625 0.72197939453125 0.434643560546875 0.71620251171875 0.43533435546875 0.7151277626953125 0.4390034482421875 0.7193753955078125 0.442205140625 0.7281804990234375 0.4426665966796875 0.730926041015625 0.4408233857421875 0.72986553125 0.4358016259765625
1 0.7466349453125 0.4443785234375 0.7436180849609375 0.4429796533203125 0.740120798828125 0.4422988115234375 0.7369482392578125 0.4438708642578125 0.7398870859375 0.44675831640625 0.7434103759765625 0.44694296484375 0.7456899736328125 0.4455713271484375 0.7466349453125 0.4443785234375
1 0.625373185546875 0.500362021484375 0.623275373046875 0.4982649814453125 0.6157773310546875 0.4981208046875 0.6130447919921875 0.49971591796875 0.615582625 0.5018360185546875 0.623494765625 0.5024978896484374 0.624855314453125 0.5018244228515625 0.625373185546875 0.500362021484375
1 0.65282512890625 0.5241516611328125 0.6462719755859375 0.522816240234375 0.6383209912109375 0.5228955390625 0.6296703505859375 0.527905916015625 0.628024244140625 0.5340281552734375 0.6329960556640625 0.54025001171875 0.651838595703125 0.5429758271484375 0.6692974609375 0.5384270703125 0.6878165126953125 0.530457234375 0.6884383193359375 0.5270116181640625 0.685124216796875 0.5228653017578125 0.6774587900390625 0.517495828125 0.67262687890625 0.5169938193359375 0.662836318359375 0.51846781640625 0.6568273642578125 0.523616638671875 0.65282512890625 0.5241516611328125
1 0.501202212890625 0.519186087890625 0.508182302734375 0.5207942265625 0.51704089453125 0.5202649365234375 0.5180117880859375 0.5185774990234375 0.5101905810546875 0.5161805087890625 0.5089728115234375 0.51412958984375 0.500607728515625 0.5136911943359375 0.49951841796875 0.517608302734375 0.501202212890625 0.519186087890625
1 0.309160359375 0.5188083134765625 0.3202450615234375 0.5178981318359375 0.3288453349609375 0.5138786650390625 0.329984931640625 0.50897220703125 0.323043765625 0.506621337890625 0.3137451533203125 0.5071275673828125 0.2989684609375 0.51107212109375 0.3005354814453125 0.5148780986328125 0.309160359375 0.5188083134765625
1 0.391382150390625 0.5253516875 0.40417648828125 0.5255262177734376 0.4095247919921875 0.5245641826171875 0.4222817646484375 0.5254815263671875 0.44491858984375 0.523191232421875 0.445826197265625 0.5227412412109375 0.4423937587890625 0.5208230341796874 0.4332638486328125 0.518110244140625 0.4214274033203125 0.516496373046875 0.3923946064453125 0.50603288671875 0.3469635322265625 0.5135874365234375 0.35979555859375 0.5214619921875 0.370260013671875 0.5239975087890625 0.391382150390625 0.5253516875
1 0.3446188447265625 0.5077520400390625 0.3494752001953125 0.5077577724609375 0.3517417958984375 0.506634232421875 0.351871572265625 0.504157943359375 0.3497477568359375 0.5025570966796875 0.344438458984375 0.5027748408203125 0.340786953125 0.505066564453125 0.34114904296875 0.506576646484375 0.3446188447265625 0.5077520400390625
1 0.277010318359375 0.4667058681640625 0.2731118544921875 0.4652607958984375 0.2690836962890625 0.4662904521484375 0.2666628798828125 0.470386556640625 0.26921371484375 0.472258560546875 0.2723343486328125 0.4716773349609375 0.2750928916015625 0.46958602734375 0.277010318359375 0.4667058681640625
1 0.34953641796875 0.5402961943359375 0.3336720556640625 0.548156376953125 0.3303940810546875 0.55171000390625 0.33121075390625 0.5529951318359375 0.346581931640625 0.5545454716796875 0.362991728515625 0.544726775390625 0.364027552734375 0.5418004130859375 0.36231939453125 0.5407173427734375 0.3535387353515625 0.539759611328125 0.34953641796875 0.5402961943359375
1 0.2961154345703125 0.5486727734375 0.289237880859375 0.553527294921875 0.29575202734375 0.5556070068359374 0.298885662109375 0.5547776845703125 0.29957231640625 0.550094703125 0.2961154345703125 0.5486727734375
1 0.52664084765625 0.589811107421875 0.52921760546875 0.5911884765625 0.5327408955078125 0.591373125 0.53460639453125 0.58948379296875 0.532948603515625 0.5874098134765625 0.52862312109375 0.585693583984375 0.52664084765625 0.589811107421875
1 0.6262305703125 0.593540841796875 0.6227852119140626 0.5918691728515625 0.6201305224609375 0.59197882421875 0.6182130966796875 0.5948589833984375 0.620673080078125 0.5984645458984374 0.6223957998046875 0.5992996005859375 0.6264240400390625 0.5982683837890626 0.6262305703125 0.593540841796875
1 0.448397763671875 0.557894314453125 0.444526865234375 0.5559531298828125 0.4401494560546875 0.5552277275390625 0.4360693701171875 0.5572482109375 0.4402909990234375 0.5609460966796875 0.446028875 0.5609995927734375 0.44784088671875 0.5601010068359376 0.448397763671875 0.557894314453125
1 0.4478008857421875 0.577732451171875 0.4465182685546875 0.5769188974609375 0.4400041220703125 0.574839185546875 0.4364174638671875 0.5758935439453124 0.43545801171875 0.577332802734375 0.4371547265625 0.5786640517578125 0.447151677734375 0.5816710595703125 0.4478008857421875 0.577732451171875
1 0.657433203125 0.217176818359375 0.665605140625 0.2213305087890625 0.66791066015625 0.21946423828125 0.6689334814453125 0.21678597265625 0.665400068359375 0.2084051875 0.6633279365234375 0.1973691162109375 0.659172798828125 0.1924323876953125 0.654472224609375 0.189454171875 0.647427205078125 0.1890849580078125 0.6390981689453125 0.19634806640625 0.6409234248046874 0.20364578125 0.6497287705078125 0.2125516357421875 0.657433203125 0.217176818359375
1 0.496083337890625 0.2208906328125 0.4898549921875 0.221806546875 0.4830552880859375 0.225175607421875 0.473690509765625 0.235363517578125 0.4766943681640625 0.237010484375 0.4882464921875 0.2356303720703125 0.497195935546875 0.2333675234375 0.504719982421875 0.2330155068359375 0.5139419814453124 0.2255519833984375 0.5150686572265625 0.2208920625 0.496083337890625 0.2208906328125
1 0.7221939765625 0.262046376953125 0.7191626357421875 0.2608939619140625 0.71429327734375 0.2611363271484375 0.71245534375 0.2625295458984375 0.711794611328125 0.2667178935546875 0.7146816953125 0.270593052734375 0.7172584541015625 0.271970421875 0.7212347666015625 0.271930033203125 0.7248862734375 0.269638310546875 0.7259220966796875 0.2667119482421875 0.7221939765625 0.262046376953125
1 0.558611580078125 0.6200476396484375 0.562587892578125 0.62000725 0.5644533916015625 0.6181179189453125 0.5650491123046875 0.615170056640625 0.563352396484375 0.6138388076171875 0.557137052734375 0.614506625 0.558611580078125 0.6200476396484375
0 0.6421565087890625 0.1801171337890625 0.6234863828125 0.1403949521484375 0.6177383828125 0.132145318359375 0.6087512509765625 0.126708142578125 0.60612256640625 0.1263216005859375 0.6033770244140625 0.128164810546875 0.5998537353515625 0.1279801630859375 0.593922630859375 0.1316435234375 0.587211224609375 0.15016609765625 0.56862337109375 0.18470624609375 0.5684156630859375 0.188669556640625 0.5619781298828125 0.1935471396484375 0.549558802734375 0.194636154296875 0.5418142080078125 0.1991964580078125 0.538498869140625 0.2034928974609375 0.5335127373046875 0.2059634541015625 0.5292638681640625 0.2112045185546875 0.51981531640625 0.2187813408203125 0.513294009765625 0.2210478359375 0.4933897236328125 0.221743015625 0.4892836337890625 0.224259693359375 0.4852959599609375 0.224546701171875 0.484323423828125 0.2262356171875 0.4811898701171875 0.22706337890625 0.4796605380859375 0.2309574267578125 0.473107708984375 0.2380648427734375 0.463924634765625 0.24478563671875 0.45677576171875 0.246398078125 0.4453533330078125 0.2453034619140625 0.436910400390625 0.24635052734375 0.4017203564453125 0.2690931162109375 0.3914897744140625 0.2705440517578125 0.3816213642578125 0.2735035107421875 0.3675559296875 0.280714765625 0.312070869140625 0.3200272783203125 0.30350976171875 0.331748412109375 0.3003502041015625 0.3330723681640625 0.291490294921875 0.342045974609375 0.2837066943359375 0.3473505693359375 0.2709616474609375 0.36307384375 0.2604195849609375 0.370468185546875 0.2453040888671875 0.38929665625 0.23353125390625 0.3948881767578125 0.2289838251953125 0.405826109375 0.2295539462890625 0.41181571875 0.22644335546875 0.4205946416015625 0.221807953125 0.4248218994140625 0.2209380341796875 0.4329719150390625 0.223630572265625 0.4490082470703125 0.22293834765625 0.4622166826171875 0.2198726572265625 0.470168697265625 0.2183903037109375 0.51529201953125 0.2257312470703125 0.52685299609375 0.2257444912109375 0.535049296875 0.227348794921875 0.5381140224609375 0.24091964453125 0.5487591669921875 0.2592572333984375 0.5527008466796876 0.2682702880859375 0.5576433896484375 0.276559 0.559568888671875 0.315096880859375 0.5740055908203126 0.3390802578125 0.588177080078125 0.3442727802734375 0.5901875283203125 0.3523668681640625 0.5958266806640625 0.3644875537109375 0.600436095703125 0.371195087890625 0.6072449091796875 0.37509346875 0.60869154296875 0.3831743115234375 0.60613439453125 0.3945590517578125 0.5995289853515625 0.414671046875 0.594870494140625 0.4197337919921875 0.5993572314453125 0.42834575 0.6035339833984374 0.4325413740234375 0.6077280634765625 0.4441311865234375 0.6140479755859375 0.472400796875 0.6222355888671876 0.48861465234375 0.6245748623046875 0.5176877734375 0.6258497421875 0.5376455478515625 0.6241638154296875 0.546892232421875 0.6246484140625 0.55846880078125 0.622772025390625 0.5704236630859375 0.6221562255859375 0.6248803876953125 0.6108548447265625 0.6378710732421875 0.6073126826171875 0.673045236328125 0.59326242578125 0.6877064736328125 0.583101748046875 0.703106451171875 0.5757132197265625 0.7183360859375 0.5715451904296875 0.7371942646484375 0.5571342763671875 0.7500041591796875 0.540173638671875 0.754082765625 0.5381515126953125 0.75931553125 0.5309749140625 0.768964630859375 0.5237809873046875 0.778821357421875 0.5126253095703125 0.80563546875 0.4559149951171875 0.806726015625 0.443555130859375 0.8110641767578125 0.4365804267578125 0.8107942568359375 0.4248924697265625 0.8083342734375 0.421286908203125 0.8139175263671875 0.4074226123046875 0.8142160048828125 0.4017273037109375 0.7982278095703125 0.35295651953125 0.797750181640625 0.3452318740234375 0.7923237861328125 0.3392349716796875 0.78735057421875 0.3414589921875 0.7805651904296875 0.3361356396484375 0.7709719716796875 0.3170057900390625 0.7680847275390625 0.3046846728515625 0.7262335771484375 0.2607685419921875 0.71809044140625 0.2476759833984375 0.7037940947265625 0.242454990234375 0.6995335419921875 0.2394998349609375 0.6658790146484375 0.207685517578125 0.6630943056640625 0.201827060546875 0.6633019326171875 0.197865310546875 0.6590040146484375 0.1956529677734375 0.64627296484375 0.1942409912109375 0.6424697685546875 0.1909781005859375 0.6421565087890625 0.1801171337890625
1 0.5806047685546875 0.3773144541015625 0.5827545078125 0.378420666015625 0.5867438232421875 0.3781321806640625 0.588531390625 0.3777298701171875 0.588299078125 0.3737434990234375 0.5825871240234375 0.3731953701171875 0.5806047685546875 0.3773144541015625
1 0.7017436474609375 0.3826695244140625 0.7000598525390626 0.3810917392578125 0.696525203125 0.3811537099609375 0.6942196826171875 0.38301998046875 0.69531903515625 0.3873005703125 0.69926942578125 0.3877548154296875 0.70154894140625 0.38638473828125 0.7017436474609375 0.3826695244140625
1 0.5595721083984375 0.6017196669921875 0.5551833388671875 0.6012408828125 0.551142095703125 0.6025201962890625 0.5509344697265625 0.6064819462890625 0.5561659169921875 0.6077496640625 0.5584065078125 0.6071223173828125 0.559857908203125 0.6047152919921875 0.5595721083984375 0.6017196669921875
1 0.6621582431640625 0.4471549091796875 0.6687762431640625 0.4472529658203125 0.67061573828125 0.445859828125 0.670719591796875 0.4438781728515625 0.6659670908203125 0.44189078515625 0.661433982421875 0.4441363046875 0.6621582431640625 0.4471549091796875
1 0.282470447265625 0.5057357431640624 0.2765004189453125 0.5101418349609375 0.27905125390625 0.512013837890625 0.2844384013671875 0.5103106328125 0.2850731279296875 0.5066184794921875 0.282470447265625 0.5057357431640624
1 0.5234775771484375 0.6249124091796875 0.526908455078125 0.6268305341796875 0.5305225966796875 0.625281623046875 0.5303032861328125 0.6210471552734375 0.52687084765625 0.6191289482421874 0.524565328125 0.6209952197265625 0.5234775771484375 0.6249124091796875
1 0.3903942998046875 0.552620169921875 0.39341116015625 0.5540190400390625 0.3992513310546875 0.5520907978515625 0.398113052734375 0.548552939453125 0.3932697001953125 0.5482991103515625 0.3896165517578125 0.5505923115234375 0.3903942998046875 0.552620169921875
0 0.9716184912109375 1 0.9861490029296875 0.777385720703125 0.9786743095703125 0.7707354111328125 0.9190469462890625 0.7441408095703125 0.832893486328125 0.716156033203125 0.7677672978515625 0.704919693359375 0.6210118095703125 0.6987932080078125 0.5531804140625 0.70932011328125 0.5468638388671875 0.7402819619140625 0.5609203369140625 0.800475115234375 0.5534522783203125 0.82355339453125 0.5384277509765625 0.841541724609375 0.5448393701171875 0.8684766962890625 0.5899394912109375 0.933426064453125 0.6346241025390625 0.9764486376953125 0.66623211328125 1 0.9716184912109375 1
0 0.55918310546875 1 0.556360845703125 0.977040966796875 0.5682646552734375 0.958889087890625 0.547639623046875 0.90461026953125 0.5199554072265625 0.8656079384765625 0.514783681640625 0.874724765625 0.4877669345703125 0.8826967431640625 0.4550060380859375 0.9107080595703125 0.4472042451171875 0.9102991845703124 0.4112275859375 0.880250130859375 0.3731999189453125 0.859481453125 0.33097519140625 0.7993767099609375 0.3071609365234375 0.8059518798828125 0.289097466796875 0.82221630078125 0.2440990263671875 0.8448923408203125 0.1455577412109375 0.874150185546875 0.1249526142578125 0.909057134765625 0.1093622978515625 0.967696564453125 0.11026845703125 0.9802612080078125 0.4869070390625 1 0.55918310546875 1
0 0 0.88416492578125 0.060562400390625 0.88377756640625 0.1870265908203125 0.859112388671875 0.262080720703125 0.8301882783203125 0.3250608564453125 0.79280817578125 0.3265328046875 0.764721720703125 0.3374486806640625 0.7355655556640625 0.3916390888671875 0.68677229296875 0.422021876953125 0.6742827890625 0.42136104296875 0.657037068359375 0.394582986328125 0.6305993818359374 0.3175397177734375 0.5780577421875 0.2376276923828125 0.55040006640625 0.122897126953125 0.5303054931640625 0 0.5316386044921875 0 0.88416492578125
0 1 0.1396933671875 0.952424388671875 0.1669716591796875 0.8727775927734375 0.2238186748046875 0.83977137109375 0.25651106640625 0.872300212890625 0.2926380048828125 0.907307123046875 0.3909595595703125 0.873374146484375 0.4413354951171875 0.9524874208984375 0.4493932568359375 1 0.4506637958984375 1 0.1396933671875
0 0.7009989755859375 0.6951619365234375 0.816138416015625 0.7074547158203125 0.9177319130859375 0.7393779580078125 0.9286544228515625 0.7399503828125 0.9354682822265625 0.7293549716796875 0.95131055859375 0.6957630556640625 0.953354931640625 0.65675408984375 0.946282478515625 0.6125733984375 0.8937960732421875 0.569141951171875 0.8064977646484375 0.5630021962890625 0.80238911328125 0.5518343603515625 0.7825133251953125 0.5429694931640625 0.7798832578125 0.533443791015625 0.7639525712890625 0.5388674765625 0.727743857421875 0.5729566767578125 0.67321971484375 0.59826278515625 0.607936611328125 0.6198757509765624 0.5370662724609375 0.6286787490234375 0.517449080078125 0.6745899833984375 0.517782814453125 0.698077138671875 0.532732201171875 0.7113777568359375 0.5976064296875 0.697566583984375 0.7009989755859375 0.6951619365234375
1 0.947794236328125 0.7628584775390626 0.9533814716796875 0.775668447265625 0.9658643408203125 0.776322646484375 0.9665185400390625 0.76383977734375 0.947794236328125 0.7628584775390626
1 0.6656544560546875 0.9217476748046874 0.6603191806640625 0.9339852197265625 0.6695995576171875 0.9360362275390625 0.6703355322265625 0.921993 0.6656544560546875 0.9217476748046874
1 0.7095765986328125 1 0.7089488935546875 0.9912963447265625 0.699750291015625 0.9876849775390625 0.6931817568359375 0.9935993125 0.695536572265625 1 0.7095765986328125 1
1 0.9695088828125 0.915766990234375 0.9788710341796875 0.9162576396484375 0.9796070087890625 0.902214412109375 0.9699995322265625 0.9064048388671875 0.9695088828125 0.915766990234375
1 0.4613358828125 0.9392033896484375 0.463468666015625 0.928362654296875 0.4499978623046875 0.9167041689453125 0.4261018330078125 0.924839697265625 0.4272533173828125 0.9327232646484375 0.4393273115234375 0.9411792578125 0.4613358828125 0.9392033896484375
1 0.5128210830078125 0.912173373046875 0.506007224609375 0.9227687841796876 0.523007619140625 0.926789025390625 0.5249768525390625 0.9190690068359375 0.5128210830078125 0.912173373046875
1 0.537711681640625 0.9447707197265625 0.5342638642578125 0.9508486044921876 0.54338069140625 0.956020330078125 0.545268150390625 0.949860669921875 0.537711681640625 0.9447707197265625
1 0.5390333505859375 0.97926216015625 0.5432237763671875 0.98886963671875 0.5525041533203126 0.99092064453125 0.5547187119140625 0.97851955078125 0.5390333505859375 0.97926216015625
1 0.3185807314453125 0.8268907412109375 0.319486890625 0.8394553857421875 0.336977935546875 0.8341134755859375 0.333114609375 0.818264564453125 0.3185807314453125 0.8268907412109375
1 0.312113876953125 0.9204304853515625 0.3323985390625 0.9214935595703125 0.345290283203125 0.9143459658203125 0.3461898076171875 0.8971820205078125 0.3048845087890625 0.9090991005859375 0.312113876953125 0.9204304853515625
1 0.28393901171875 0.8907903056640625 0.287468603515625 0.8831520625 0.27679141796875 0.8778985625 0.259300373046875 0.88324047265625 0.2541286474609375 0.8923572998046875 0.274249759765625 0.8965410908203125 0.28393901171875 0.8907903056640625
1 0.263660984375 0.9194558212890624 0.26785141015625 0.9290632978515625 0.2804160546875 0.928157138671875 0.2823852880859375 0.9204371201171875 0.263660984375 0.9194558212890624
1 0.178243498046875 0.8774278173828125 0.1810371162109375 0.8838328017578125 0.1873603251953125 0.88259954296875 0.18932955859375 0.8748795244140625 0.178243498046875 0.8774278173828125
1 0.1903373974609375 0.975069578125 0.1932127900390625 0.9799142041015625 0.213661001953125 0.977856560546875 0.2127548427734375 0.965291916015625 0.20019019921875 0.9661980751953125 0.1903373974609375 0.975069578125
1 0.2690913046875 0.9651150966796875 0.2702427880859375 0.9729986650390625 0.281165298828125 0.97357108984375 0.284776666015625 0.9643724873046875 0.2690913046875 0.9651150966796875
1 0.3398798681640625 0.9578724580078125 0.33889193359375 0.9468681728515626 0.3276423232421875 0.9525371826171875 0.3398798681640625 0.9578724580078125
1 0.3544004755859375 0.8897891025390625 0.3554701845703125 0.899233029296875 0.364914111328125 0.8981633203125 0.3669651201171875 0.888882943359375 0.3544004755859375 0.8897891025390625
1 0.8247380537109374 0.603074236328125 0.805931974609375 0.6036532958984375 0.817842419921875 0.615230005859375 0.828846705078125 0.6142420712890625 0.8247380537109374 0.603074236328125
1 0.77925559765625 0.664841017578125 0.7816403408203125 0.679047794921875 0.7972439267578125 0.679865544921875 0.794940958984375 0.664098408203125 0.77925559765625 0.664841017578125
1 0.570828373046875 0.671128896484375 0.5782212919921875 0.679339564453125 0.5956305615234375 0.6755580126953125 0.5914401357421875 0.6659505361328125 0.575836548828125 0.665132787109375 0.570828373046875 0.671128896484375
1 0.5869977490234375 0.631295546875 0.5832228330078125 0.643614865234375 0.5941453427734374 0.6441872900390625 0.5961963515625 0.6349069130859375 0.5869977490234375 0.631295546875
1 0.6771780859375 0.6720085166015625 0.6798899287109375 0.679973859375 0.6922910234375 0.6821884169921875 0.69614771484375 0.6683087392578125 0.6853069794921876 0.6661759560546875 0.6771780859375 0.6720085166015625
1 0.7241523955078125 0.671341046875 0.7234164208984375 0.6853842744140625 0.734338931640625 0.68595669921875 0.7349113564453125 0.6750341884765625 0.7241523955078125 0.671341046875
1 0.7490297236328125 0.64448121484375 0.74533658203125 0.65524017578125 0.7529748251953124 0.658769767578125 0.7608583935546875 0.6576182841796875 0.76134904296875 0.6482561318359376 0.7490297236328125 0.64448121484375
1 0.95838516796875 0.381640318359375 0.96553276171875 0.3945320625 0.976618822265625 0.39198376953125 0.977027697265625 0.3841819765625 0.95838516796875 0.381640318359375
1 0.959264787109375 0.27529060546875 0.960498046875 0.281613814453125 0.9823430673828125 0.2827586640625 0.9827519423828125 0.27495687109375 0.959264787109375 0.27529060546875
1 0.9298566630859375 0.239327216796875 0.93724958203125 0.247537884765625 0.943572791015625 0.2463046259765625 0.9456237998046875 0.2370242490234375 0.93494661328125 0.231770748046875 0.9298566630859375 0.239327216796875
1 0.8803406962890625 0.25863721484375 0.87968649609375 0.271120083984375 0.8891304228515625 0.270050375 0.8912632060546875 0.2592096396484375 0.8803406962890625 0.25863721484375
1 0.9125557080078125 0.3604627666015625 0.9121468330078125 0.3682645595703125 0.924547927734375 0.3704791181640625 0.9250385771484375 0.3611169658203125 0.9125557080078125 0.3604627666015625
1 0.0028578251953125 0.6413628212890625 0.0136167861328125 0.6450559638671876 0.028068888671875 0.63799014453125 0.026917404296875 0.630106576171875 0.014516310546875 0.6278920185546875 0.0028578251953125 0.6413628212890625
1 0 0.7415346171875 0.00706815625 0.74015606640625 0.0106795234375 0.7309574638671875 0 0.734764443359375 0 0.7415346171875
1 0.11785362109375 0.7459620859375 0.1204836884765625 0.7554877880859375 0.130009390625 0.752857720703125 0.1289396806640625 0.7434137939453125 0.11785362109375 0.7459620859375
1 0.0106397138671875 0.5525859287109375 0.007191896484375 0.5586638134765625 0.0164722734375 0.5607148212890625 0.0213986748046875 0.5562790703125 0.0106397138671875 0.5525859287109375
0 1 0.0504958203125 0.99189746484375 0.0407395234375 0.9941937978515625 0.0267780703125 0.6961652958984375 0.01115905859375 0.6593775224609375 0.0264421806640625 0.6478008125 0.038352625 0.60641373828125 0.0518300634765625 0.5559098369140625 0.0601357763671875 0.529465515625 0.057185244140625 0.508771978515625 0.063923962890625 0.555834697265625 0.0914247236328125 0.5624098662109375 0.115238978515625 0.5774410283203125 0.12697923828125 0.588281763671875 0.129112021484375 0.609057076171875 0.120812943359375 0.6181739033203125 0.1259846689453125 0.6300025732421874 0.13912173828125 0.6481610869140625 0.18075413671875 0.66623119140625 0.1942183056640625 0.7511071875 0.201795755859375 0.78720319140625 0.2146399775390625 0.832542001953125 0.245179681640625 0.8517569560546875 0.236798828125 0.892810294921875 0.1998342353515625 0.93493334375 0.1723135693359375 0.94560389453125 0.14783848046875 0.9690092744140625 0.1490651044921875 1 0.13402578515625 1 0.0504958203125
1 0.658245943359375 0.1077443798828125 0.6619390849609375 0.0969854189453125 0.64617194921875 0.0992883876953125 0.658245943359375 0.1077443798828125
1 0.62621438671875 0.09198387890625 0.62366609375 0.080897818359375 0.60789895703125 0.0832007861328125 0.62621438671875 0.09198387890625
1 0.7903658740234375 0.0348716337890625 0.7885601904296875 0.0394709345703125 0.7991556015625 0.0462847939453125 0.8028487431640625 0.0355258330078125 0.7903658740234375 0.0348716337890625
1 0.897206236328125 0.0263891005859375 0.9031205712890625 0.0329576357421875 0.9126462734375 0.0303275673828125 0.9146155068359375 0.022607548828125 0.897206236328125 0.0263891005859375
1 0.889914998046875 0.105803841796875 0.884825046875 0.113360310546875 0.890657607421875 0.121489203125 0.8974714658203125 0.11089379296875 0.889914998046875 0.105803841796875
1 0.7929539765625 0.2243292294921875 0.793778361328125 0.238454232421875 0.8077398134765625 0.2407505654296875 0.809709046875 0.233030546875 0.7929539765625 0.2243292294921875
0 0.8811164794921875 0.4229655224609375 0.896713431640625 0.3940546826171875 0.8993302294921875 0.3441232060546875 0.8764088642578125 0.3038058408203125 0.835090294921875 0.2562657412109375 0.7594438359375 0.2069265947265625 0.6925119638671875 0.2002895546875 0.6735423349609375 0.20398933203125 0.6789660205078125 0.219920017578125 0.7183087216796875 0.2454515458984375 0.751989046875 0.289462052734375 0.7701409267578125 0.3013658623046875 0.7826304306640625 0.3317486513671875 0.7917472578125 0.336920376953125 0.80029166015625 0.35301461328125 0.798158876953125 0.3638553486328125 0.8098239970703125 0.380113134765625 0.8173937353515625 0.444660263671875 0.8630530107421875 0.439229943359375 0.8811164794921875 0.4229655224609375