1 0.76566062890625 0.5018906669921875 0.7718190068359375 0.4887708759765625 0.77419436328125 0.4809941767578125 0.7732617373046875 0.479538337890625 0.7656757802734375 0.4770734580078125 0.7554720791015626 0.4754441943359375 0.74798844140625 0.4759541171875 0.7338021884765625 0.4866244609375 0.73350028515625 0.490604609375 0.7390387451171875 0.4976093369140625 0.748439603515625 0.50149924609375 0.7559909326171875 0.5029725439453125 0.76566062890625 0.5018906669921875
1 0.9675583173828125 0.42138299609375 0.969451142578125 0.4250394775390625 0.973072328125 0.427642810546875 0.9880451513671875 0.426871359375 0.9976094052734376 0.4228147880859375 0.9967784697265625 0.3990199169921875 0.995015482421875 0.399081482421875 0.9902809326171875 0.40247221875 0.978021064453125 0.405134515625 0.97067744140625 0.4096091552734375 0.967773626953125 0.414923109375 0.9675583173828125 0.42138299609375
1 0.863637912109375 0.4649660029296875 0.8674815166015625 0.4613577900390625 0.8682685810546875 0.458600517578125 0.86785311328125 0.44670308203125 0.8575007265625 0.44086081640625 0.8472796845703126 0.43873498046875 0.8432268125 0.436395310546875 0.83615913671875 0.4361465048828125 0.832220322265625 0.4370282548828125 0.8194935927734375 0.451617236328125 0.8196667265625 0.4565751513671875 0.81761917578125 0.4611134365234375 0.80756265234375 0.4636987919921875 0.793884888671875 0.463679251953125 0.781071673828125 0.4757916181640625 0.7697368291015625 0.492317578125 0.76947822265625 0.497537595703125 0.7718374150390624 0.5019235576171875 0.7762527197265625 0.5020163974609375 0.7905948193359374 0.495808958984375 0.8137848701171875 0.4902837724609375 0.815884333984375 0.487232080078125 0.825793734375 0.48043366796875 0.84316081640625 0.4723820361328125 0.863637912109375 0.4649660029296875
1 0.920444626953125 0.436677181640625 0.9239359755859375 0.43556246875 0.9260613955078125 0.43325407421875 0.9254810244140625 0.4293047353515625 0.9218353896484375 0.4259564892578125 0.9131172763671875 0.4289922841796875 0.911501412109375 0.43326690625 0.914266279296875 0.436644345703125 0.920444626953125 0.436677181640625
1 0.9244580869140625 0.5010607099609375 0.93195744921875 0.5010458515625 0.93496363671875 0.498708263671875 0.9344453564453125 0.4964921884765625 0.931715115234375 0.49410633203125 0.92815607421875 0.49323782421875 0.924198412109375 0.4936246181640625 0.9224700517578125 0.494677765625 0.9217451318359375 0.4991698642578125 0.9244580869140625 0.5010607099609375
1 0.955258982421875 0.4860875908203125 0.9752275908203125 0.4893614404296875 0.9866138544921875 0.4869782392578125 0.986458060546875 0.4825168955078125 0.9785864189453125 0.471871064453125 0.9740931904296874 0.4695467724609375 0.9670341298828125 0.46954469140625 0.9625841982421875 0.4684602685546875 0.9546790517578125 0.469480525390625 0.948580189453125 0.4716790869140625 0.94687778515625 0.4734755322265625 0.9471028330078125 0.479920041015625 0.955258982421875 0.4860875908203125
1 0.841227951171875 0.5054555771484375 0.84612691015625 0.506772908203125 0.8540407265625 0.5060009375 0.8539108896484375 0.5022828916015625 0.8511200654296875 0.498162154296875 0.8471191064453125 0.4973090791015625 0.8423153037109375 0.4987166484375 0.8397668125 0.501535431640625 0.841227951171875 0.5054555771484375
1 0.881233431640625 0.5392987724609375 0.8936058505859374 0.539859509765625 0.8980557822265625 0.5409439326171875 0.8993167626953125 0.526506755859375 0.89787296484375 0.5230831826171874 0.89200669921875 0.5193168681640625 0.877672201171875 0.5131164833984375 0.8701728388671875 0.5131313408203125 0.8605306611328125 0.5149564599609375 0.842929861328125 0.516315296875 0.835492150390625 0.53072114453125 0.8321219677734375 0.5353056181640625 0.8278018193359375 0.5379376796875 0.8340667060546875 0.5404486923828125 0.8508717705078125 0.5415988427734375 0.8587509599609375 0.5398352890625 0.881233431640625 0.5392987724609375
1 0.7387655615234375 0.552958837890625 0.7427665205078126 0.5538119140625 0.7466982255859375 0.5526818232421875 0.748262177734375 0.546920607421875 0.7459809091796875 0.54476609765625 0.741574220703125 0.544919982421875 0.7376684716796875 0.5467933701171875 0.73685701171875 0.5488072919921875 0.7387655615234375 0.552958837890625
1 0.8830407841796875 0.5531331865234375 0.8900651630859375 0.552142123046875 0.8948602958984375 0.5504862666015625 0.895144859375 0.5460095458984375 0.891117943359375 0.544413173828125 0.87924646484375 0.5455719375 0.8766633466796875 0.5473991376953125 0.8772335400390625 0.551101806640625 0.8830407841796875 0.5531331865234375
1 0.84213462109375 0.506168119140625 0.84612691015625 0.506772908203125 0.8540407265625 0.5060009375 0.8539022197265626 0.50203460546875 0.8511200654296875 0.498162154296875 0.8471191064453125 0.4973090791015625 0.8423153037109375 0.4987166484375 0.8397668125 0.501535431640625 0.84213462109375 0.506168119140625
1 0.858152046875 0.4847632666015625 0.861253390625 0.485150580078125 0.870455212890625 0.4833408388671875 0.8703340458984375 0.4798710791015625 0.8653917900390625 0.4773138779296875 0.8600697607421876 0.476506935546875 0.8568991640625 0.4741364560546875 0.85335584765625 0.473763013671875 0.858152046875 0.4847632666015625
0 0.9803212021484375 0.3067802646484375 0.94171791796875 0.3130907197265625 0.925819578125 0.3126546728515625 0.9040300283203125 0.3203635634765625 0.8864465693359375 0.32221897265625 0.87946537890625 0.3244467822265625 0.8751987587890625 0.3285669443359375 0.8633257177734375 0.329725763671875 0.851956794921875 0.3326055380859375 0.840319033203125 0.34045709765625 0.8352118203125 0.3458464326171875 0.8291389150390625 0.348788291015625 0.823003865234375 0.34999532421875 0.8182953271484374 0.3541309189453125 0.80872240234375 0.3579392041015625 0.806640224609375 0.36148590625 0.8018537626953125 0.363390048828125 0.7989341689453126 0.3682073759765625 0.79203090234375 0.3726666376953125 0.7872184833984375 0.3738274833984375 0.77943299609375 0.3783191171875 0.769213076171875 0.3888509521484375 0.7631125986328126 0.3910480068359375 0.76191275 0.3945654619140625 0.7488571474609375 0.39973674609375 0.73427378125 0.4116607744140625 0.7259959697265626 0.4146796298828125 0.7097362099609374 0.4291449609375 0.7032213876953125 0.432102251953125 0.69466768359375 0.4398461142578125 0.6926114619140625 0.44413611328125 0.6891563017578125 0.44624235546875 0.6845083466796875 0.452112830078125 0.6797392255859375 0.454513544921875 0.6772859443359375 0.460058791015625 0.67213543359375 0.4642082568359375 0.6485418427734375 0.496054185546875 0.6432122119140625 0.50765506640625 0.6409748681640625 0.53205426171875 0.6425831298828125 0.5401874638671875 0.650903744140625 0.551064642578125 0.6528398115234375 0.555959431640625 0.6323378271484374 0.57528827734375 0.6316734912109375 0.581515255859375 0.6345509091796875 0.5881157314453125 0.6429742822265625 0.5893099873046875 0.644659400390625 0.58701853125 0.6440372939453125 0.58182926953125 0.6469568876953125 0.5770119423828125 0.6499197236328125 0.5734329228515626 0.657316822265625 0.570444822265625 0.6919461708984375 0.57668069921875 0.7021168076171875 0.5773183251953125 0.728063109375 0.574923853515625 0.7310606279296875 0.5723379794921875 0.7349923330078125 0.571207888671875 0.77197108203125 0.5689237705078125 0.797563568359375 0.569022853515625 0.8016164404296875 0.5713625224609375 0.8143599619140625 0.569924716796875 0.817521943359375 0.5720484716796875 0.8342073486328125 0.5697272451171875 0.844393763671875 0.570861498046875 0.8460702119140625 0.568321755859375 0.8526267158203125 0.566602828125 0.8566190048828125 0.5672076171875 0.8719991728515625 0.5654307119140625 0.8789803095703125 0.5632013408203125 0.8970199033203125 0.5618271806640625 0.9062130546875 0.5597691533203125 0.9273555546875 0.558782251953125 0.93743098046875 0.5566934150390624 0.941862064453125 0.5572828818359375 0.945785099609375 0.5559045048828125 0.9580969345703125 0.5547303623046875 0.977356841796875 0.5503352119140625 0.98474370703125 0.5470988798828125 0.9891764072265625 0.547689853515625 0.997893013671875 0.5446556748046875 0.9977355244140625 0.5022243857421875 0.99622247265625 0.496817646484375 0.99985120703125 0.4870115947265625 0.9996435009765625 0.481063658203125 0.996308384765625 0.4739819873046875 0.9957024970703126 0.4566316259765625 0.9986740576171875 0.4533024541015625 0.998613474609375 0.45156757421875 0.9963755029296875 0.45065293359375 0.995684142578125 0.4434805048828125 0.995908068359375 0.4372673427734375 0.9980941259765626 0.4366953896484375 0.99787775 0.4304991669921875 0.995657064453125 0.430079537109375 0.9950825625 0.426253505859375 0.9976094052734376 0.4228147880859375 0.99599077734375 0.376463353515625 0.9932259091796874 0.3730859140625 0.992689275390625 0.35771871875 0.992852671875 0.3497722373046875 0.9950300048828125 0.3489504365234375 0.994978091796875 0.3474638427734375 0.9921612568359375 0.3425982470703125 0.9916505791015625 0.3279743486328125 0.9880034365234375 0.32462771875 0.9912437822265625 0.31632519921875 0.98700910546875 0.308779328125 0.9803212021484375 0.3067802646484375
1 0.45038855078125 0.3679697353515625 0.468861447265625 0.3663334189453125 0.474036298828125 0.3629257431640625 0.475651041015625 0.3459934501953125 0.473352486328125 0.3433439287109375 0.460366630859375 0.33784221484375 0.4495478779296875 0.3312704677734375 0.4307472294921875 0.336146759765625 0.4260213515625 0.3397857822265625 0.4235161572265625 0.3438444345703125 0.4311550947265625 0.3604520185546875 0.4352253076171875 0.3632882607421875 0.45038855078125 0.3679697353515625
1 0.567003767578125 0.359430658203125 0.5886217451171875 0.346763798828125 0.59157596484375 0.3429380546875 0.5909538583984375 0.3377487919921875 0.5855885322265625 0.3357019794921875 0.5811645576171875 0.3353608544921875 0.5632272822265625 0.3397098173828125 0.5589504306640625 0.3435817490234375 0.557405380859375 0.349839482421875 0.553620798828125 0.3551826298828125 0.5564809306640625 0.3612880947265625 0.5604645498046875 0.36164459765625 0.567003767578125 0.359430658203125
1 0.4578949423828125 0.330234779296875 0.4689274443359375 0.330346693359375 0.4807209990234375 0.3269564765625 0.48037478515625 0.31704220703125 0.4671216533203125 0.316512224609375 0.4586880478515625 0.315069736328125 0.4410714697265625 0.3159319462890625 0.440336373046875 0.320177375 0.4466964697265625 0.3254148515625 0.44911619140625 0.3315341318359375 0.4578949423828125 0.330234779296875
1 0.561528134765625 0.379476154296875 0.5663405537109375 0.37831530859375 0.5684486875 0.3755119033203125 0.56637405859375 0.3666492197265625 0.559219841796875 0.3639222373046875 0.5483069462890625 0.3672801376953125 0.5408422099609375 0.3682865791015625 0.5387426923828125 0.371336708984375 0.5393231171875 0.375287609375 0.5434263955078125 0.37911548828125 0.561528134765625 0.379476154296875
1 0.66202901953125 0.3516455205078125 0.66091302734375 0.3449835341796875 0.662053908203125 0.33973270703125 0.6566626259765626 0.33694259765625 0.64478253125 0.3378546376953125 0.635365400390625 0.3461242666015625 0.6218261435546875 0.35007105859375 0.620141080078125 0.352364076171875 0.6204526669921875 0.36128676171875 0.6223368212890625 0.36469495703125 0.6268041484375 0.366277513671875 0.631677150390625 0.3668515478515625 0.63866695703125 0.364870462890625 0.6537079658203125 0.353426068359375 0.66202901953125 0.3516455205078125
1 0.4176813740234375 0.442073529296875 0.437908533203125 0.4401257998046875 0.44222712109375 0.4374937919921875 0.4394449130859375 0.4336197802734375 0.4335959873046875 0.4303500380859375 0.4247999501953125 0.4311543798828125 0.42181971875 0.434235265625 0.4223755166015625 0.437525685546875 0.4176813740234375 0.442073529296875
1 0.541759169921875 0.5082195078125 0.5575002099609375 0.5041958271484375 0.56175110546875 0.499580599609375 0.557188623046875 0.4952731416015625 0.54876525 0.4940788857421875 0.5417840595703125 0.4963066953125 0.5348808466796875 0.5007675185546875 0.5337053388671875 0.5050267626953125 0.535537580078125 0.5069483642578125 0.5377842216796875 0.508111291015625 0.541759169921875 0.5082195078125
1 0.606352896484375 0.2354631259765625 0.61153641796875 0.2323037373046875 0.6136099248046875 0.228508748046875 0.613013775390625 0.2240627822265625 0.60976525390625 0.2194608505859375 0.605746953125 0.218111203125 0.585979052734375 0.220540072265625 0.5825569033203125 0.2236363896484375 0.579248919921875 0.22995725 0.57775422265625 0.2377016318359375 0.5831108779296875 0.239500158203125 0.594542 0.2383567705078125 0.606352896484375 0.2354631259765625
1 0.5692670087890624 0.1968026044921875 0.571427056640625 0.1954857919921875 0.5725923330078125 0.19097831640625 0.5715125283203125 0.185307859375 0.5692486005859375 0.183649921875 0.5648332958984374 0.18355708203125 0.5613348388671875 0.1844234541015625 0.5579040732421875 0.187273046875 0.5558392353515625 0.191316322265625 0.5581723623046875 0.1949558642578125 0.561767591796875 0.196815900390625 0.5692670087890624 0.1968026044921875
1 0.52482573828125 0.2633738232421875 0.5284469248046875 0.26597715625 0.533302640625 0.2660561796875 0.5339756474609375 0.2600774873046875 0.5290333916015625 0.257520287109375 0.526018533203125 0.25960958984375 0.52482573828125 0.2633738232421875
1 0.6361189267578125 0.2540278037109375 0.649736107421875 0.252312462890625 0.6561643359375 0.2468754345703125 0.657312326171875 0.241872947265625 0.6444043408203125 0.2386011240234375 0.629431462890625 0.239371013671875 0.6260093681640625 0.242468892578125 0.6214739638671875 0.2515624033203125 0.62372055078125 0.2527237685546875 0.6361189267578125 0.2540278037109375
1 0.4534258974609375 0.3097094931640625 0.4619613203125 0.3094114296875 0.461758521484375 0.3036040322265625 0.4532230986328125 0.303902095703125 0.4534258974609375 0.3097094931640625
1 0.5155761015625 0.3940543623046875 0.522660845703125 0.3938069580078125 0.5225582197265625 0.3908681240234375 0.5154734755859375 0.391115529296875 0.5155761015625 0.3940543623046875
1 0.4707583466796875 0.436905521484375 0.4772403330078125 0.4366791650390625 0.4771438134765625 0.433915224609375 0.4706618271484375 0.4341415810546875 0.4707583466796875 0.436905521484375
1 0.4752402421875 0.439666412109375 0.480268427734375 0.43949082421875 0.480197974609375 0.4374733037109375 0.4751697890625 0.4376488916015625 0.4752402421875 0.439666412109375
1 0.606428228515625 0.465014396484375 0.610444912109375 0.466362537109375 0.620381884765625 0.4603089287109375 0.6254615263671875 0.4541747900390625 0.617970779296875 0.454436373046875 0.6101160390625 0.45694483984375 0.60458731640625 0.4628445087890625 0.606428228515625 0.465014396484375
0 0.717169517578125 0.3261446728515625 0.7263355908203125 0.3106856767578125 0.729134017578125 0.30239858984375 0.7271194521484375 0.26996007421875 0.718779935546875 0.2585863779296875 0.716213091796875 0.2482540400390625 0.7126453798828125 0.24713724609375 0.7103121982421875 0.243496142578125 0.70777992578125 0.234153826171875 0.7050843125 0.232759552734375 0.70091021875 0.2269485615234375 0.6946815205078125 0.2254290771484375 0.69142169921875 0.2079228037109375 0.6805612646484375 0.2001126943359375 0.6780376630859375 0.1910186650390625 0.671547728515625 0.1820631416015625 0.6630551015625 0.1788857197265625 0.65954690625 0.1668476962890625 0.6528416630859375 0.164352060546875 0.650525822265625 0.161207529296875 0.646110462890625 0.1611131279296875 0.6426368935546874 0.1500666865234375 0.6349628359375 0.14512368359375 0.6341491865234375 0.1218238232421875 0.629692146484375 0.120491060546875 0.6217594814453125 0.1207680751953125 0.6110472373046875 0.1298271328125 0.5604259794921875 0.158397130859375 0.55489575 0.164298416015625 0.5499199345703125 0.1734057421875 0.5439147216796875 0.1783308212890625 0.5351284228515625 0.1920395595703125 0.529055517578125 0.19498141796875 0.5191980302734375 0.203266423828125 0.5139956064453125 0.2059292958984375 0.5078621181640625 0.2071362734375 0.4987641767578125 0.2119207646484375 0.494927681640625 0.215777318359375 0.4845519677734375 0.221847810546875 0.476265486328125 0.2246183798828125 0.4672887666015625 0.2328741923828125 0.4496371220703125 0.245402544921875 0.4385364892578125 0.2559651357421875 0.435045140625 0.2570798486328125 0.429904861328125 0.2614775458984375 0.427831353515625 0.26527253515625 0.4204617744140625 0.2690038779296875 0.4103095458984375 0.28151893359375 0.405143310546875 0.285173333984375 0.40181642578125 0.29099767578125 0.3897729345703125 0.299856197265625 0.38554799609375 0.3052147216796875 0.3830687587890625 0.3100166708984375 0.382041990234375 0.3184904794921875 0.3761319873046875 0.326142021484375 0.372062841796875 0.3359618896484375 0.3669832001953125 0.3420960283203125 0.3672266015625 0.361691658203125 0.3638218466796875 0.3652861103515625 0.362760451171875 0.3727683349609375 0.3655518486328125 0.4022013466796875 0.369130859375 0.416222482421875 0.38280052734375 0.4413060107421875 0.39297933984375 0.4548480869140625 0.397515865234375 0.458412248046875 0.39897700390625 0.4623323935546875 0.4396305478515625 0.5021081474609375 0.4676698330078125 0.5217274794921875 0.4765697509765625 0.52389788671875 0.483188455078125 0.523915345703125 0.484301763671875 0.5179197138671875 0.4907819599609375 0.5139708408203125 0.4947482919921875 0.5138323330078125 0.5068274775390625 0.518621505859375 0.5109913388671875 0.524184265625 0.514543271484375 0.5248044326171875 0.5151221357421875 0.52875538671875 0.5201855576171875 0.53478234765625 0.5212047783203125 0.5387179248046875 0.523875998046875 0.5393688466796875 0.52808315625 0.5461714755859375 0.5307441435546875 0.5465741669921875 0.53214469921875 0.548759431640625 0.530485591796875 0.55179574609375 0.5391355732421875 0.55943445703125 0.5397306552734376 0.5512243125 0.5350469521484374 0.5434455322265626 0.5318763544921875 0.541075052734375 0.53121962109375 0.5348942080078125 0.5293700927734375 0.532477595703125 0.53222043359375 0.5256771025390625 0.546208662109375 0.5219616572265625 0.552697529296875 0.5182610693359375 0.5578291376953125 0.5136150859375 0.57466065234375 0.5028523681640625 0.576742830078125 0.499305666015625 0.5845440966796875 0.4953106591796875 0.588337294921875 0.490214236328125 0.5935122001953125 0.486808123046875 0.5951280107421875 0.482531939453125 0.6016066455078125 0.4785831201171875 0.6134353212890625 0.463528322265625 0.616484751953125 0.462429041015625 0.6216250302734375 0.45803134375 0.62621240234375 0.4504259892578125 0.6336338955078125 0.448181240234375 0.6378501630859374 0.4425744287109375 0.6443044033203125 0.4378822587890625 0.6446495498046875 0.43514041796875 0.657488775390625 0.42377291015625 0.68321651171875 0.3898684345703125 0.7145935087890625 0.3282202138671875 0.717169517578125 0.3261446728515625
1 0.2984811298828125 0.7050750205078125 0.307128482421875 0.70005767578125 0.3113966640625 0.695937458984375 0.3109216806640625 0.6949612529296875 0.3086144560546875 0.6920634462890625 0.298721328125 0.6867023212890625 0.289812740234375 0.6842836279296876 0.2664928525390625 0.6860907685546875 0.2459133837890625 0.690530435546875 0.2469326044921875 0.694466013671875 0.251512427734375 0.6992700439453124 0.261906548828125 0.7063522333984374 0.27039206640625 0.709281314453125 0.285347603515625 0.7080148525390625 0.2984811298828125 0.7050750205078125
1 0.25291079296875 0.67614152734375 0.26606871484375 0.673945046875 0.266812482421875 0.669947904296875 0.265394640625 0.66726762890625 0.2573250302734375 0.6635782568359375 0.246705421875 0.6627092841796876 0.23615657421875 0.663821861328125 0.2336080830078125 0.66664064453125 0.2394570087890625 0.66991038671875 0.2426709033203125 0.6735207353515625 0.25291079296875 0.67614152734375
1 0.17568926171875 0.75155120703125 0.1832232509765625 0.7525279326171875 0.185823708984375 0.7511973046875 0.185244845703125 0.747246349609375 0.1785482724609375 0.744999 0.173321453125 0.7469185205078125 0.172933009765625 0.7484204921875 0.17568926171875 0.75155120703125
1 0.25146491796875 0.786377890625 0.2645984453125 0.78343805859375 0.283018251953125 0.7676559150390625 0.28249135546875 0.765193115234375 0.2806677841796875 0.76351980078125 0.2771433701171875 0.7636428759765626 0.2735221845703125 0.76103954296875 0.2581089501953125 0.7618248095703125 0.2533744560546875 0.7652171083984375 0.245441791015625 0.765494123046875 0.2364650166015625 0.773748373046875 0.2349546494140625 0.780999251953125 0.2386261865234375 0.7850892333984375 0.2448477763671875 0.786360376953125 0.25146491796875 0.786377890625
1 0.1347832109375 0.843559857421875 0.1545094853515625 0.8398941865234375 0.15707526171875 0.8375704140625 0.1569107978515625 0.83286078515625 0.149229630859375 0.82766944140625 0.1464199052734375 0.8230521875 0.142895490234375 0.8231752626953125 0.130748119140625 0.829059033203125 0.11479887890625 0.83979094140625 0.1192401943359375 0.8406286396484375 0.12048339453125 0.8383526162109375 0.123948732421875 0.836493044921875 0.1261867041015625 0.837407685546875 0.1290035390625 0.84227328125 0.1347832109375 0.843559857421875
1 0.310345521484375 0.6026641982421875 0.3143291396484375 0.6030207021484375 0.316497857421875 0.6019521767578125 0.3158757509765625 0.5967629140625 0.310957890625 0.594949064453125 0.308357486328125 0.59628125390625 0.3066912705078125 0.5990692275390626 0.310345521484375 0.6026641982421875
0 0.520046095703125 0.657133623046875 0.5272512119140625 0.6486926513671875 0.529661689453125 0.62925137109375 0.5290028212890625 0.5977583056640625 0.525494625 0.58572028125 0.51942770703125 0.57625280859375 0.51177249609375 0.5718047626953126 0.4989424345703125 0.5707643916015624 0.488270859375 0.5684072626953125 0.4814357783203125 0.5621935810546875 0.4575630380859375 0.5607946259765625 0.45274194921875 0.5617071845703125 0.4438506474609375 0.5597835029296875 0.4209640068359375 0.5613269248046875 0.4103616845703125 0.560952962890625 0.4044657158203125 0.5626488251953125 0.38661878125 0.5632720537109375 0.371715158203125 0.566025109375 0.3406616962890625 0.5738104775390624 0.3289113837890625 0.578439001953125 0.303086302734375 0.584304794921875 0.29779023046875 0.5842411494140625 0.284656703125 0.5871809814453125 0.25892683203125 0.5957732373046875 0.22789221875 0.6040535615234375 0.2218452705078125 0.607738716796875 0.201324876953125 0.6139148798828125 0.19835180859375 0.61724566796875 0.1935566767578125 0.6189015244140625 0.1619876181640625 0.6371284345703125 0.158574138671875 0.6404730380859375 0.1529243037109375 0.6429045078125 0.145710517578125 0.6510971943359375 0.1396100947265625 0.6532958095703125 0.1340814267578125 0.6591970400390625 0.1320511611328125 0.6642303369140625 0.1290001689453125 0.665329671875 0.1245253486328125 0.6761580625 0.1215365009765625 0.67899222265625 0.12052545703125 0.6879610966796875 0.11591212890625 0.694823154296875 0.07127885546875 0.85694521875 0.0755135322265625 0.86449108984375 0.0813018740234375 0.8660259521484375 0.084204181640625 0.8607136142578125 0.0964483251953125 0.8575562509765625 0.1006472529296875 0.8514528681640625 0.105917369140625 0.850773216796875 0.1086043125 0.851919205078125 0.1116624140625 0.8510682099609375 0.11286387890625 0.8475522626953125 0.1114892802734375 0.846110294921875 0.116655515625 0.84245589453125 0.121478166015625 0.8415432802734375 0.12429387890625 0.8337512041015624 0.1342552470703125 0.828440947265625 0.138264822265625 0.829540748046875 0.1416940263671875 0.8266912099609375 0.1510343544921875 0.82884780078125 0.1538684765625 0.83420840625 0.15272915625 0.8394591796875 0.1546133115234375 0.842867375 0.1585261689453125 0.841242328125 0.1902017919921875 0.8386477841796875 0.1936569521484375 0.83654154296875 0.1971655869140625 0.8359218408203125 0.200516921875 0.8308424111328125 0.2083629921875 0.828085658203125 0.211317212890625 0.8242599140625 0.2166306259765625 0.8248201328125 0.23632221875 0.820161318359375 0.2513286005859375 0.80772533984375 0.2595631142578125 0.803466615234375 0.2642543662109375 0.798836009765625 0.273412890625 0.7957863984375 0.278967515625 0.7906284658203125 0.2907437841796875 0.78674323828125 0.29541775 0.78161762109375 0.3023555888671875 0.778148380859375 0.305301138671875 0.7740743505859375 0.31693028515625 0.76597606640625 0.3273421865234375 0.7608971025390625 0.3494254091796875 0.73630205078125 0.3564930849609375 0.736550857421875 0.35726991796875 0.7335453525390625 0.3694172900390625 0.7276615810546875 0.3728134287109375 0.7238204052734375 0.4293182939453125 0.6995132939453125 0.431538923828125 0.6999313623046876 0.4341307119140625 0.6983524482421875 0.4463732939453125 0.695195140625 0.455186671875 0.6948873701171875 0.4573207626953125 0.69282726171875 0.46136501953125 0.6949202060546875 0.46620339453125 0.694502658203125 0.4709206025390625 0.6906153486328125 0.474410390625 0.6895006904296875 0.4775565927734375 0.691127818359375 0.496806267578125 0.686484435546875 0.5062061123046875 0.677719796875 0.5073815654296875 0.6734589912109376 0.5125650869140626 0.6702996015625 0.5141896220703125 0.666273265625 0.5188808740234375 0.66164266015625 0.520046095703125 0.657133623046875
1 0.2599434462890625 0.6023652109375 0.268111904296875 0.6020799619140625 0.267989919921875 0.598586779296875 0.2598214609375 0.59887202734375 0.2599434462890625 0.6023652109375
1 0.4111938193359375 0.6191218564453125 0.4213188974609375 0.61876828125 0.421189060546875 0.6150502353515624 0.411063982421875 0.615403810546875 0.4111938193359375 0.6191218564453125
1 0.4313628330078125 0.5998390341796875 0.438806732421875 0.599579087890625 0.4387164306640625 0.5969931640625 0.4312725302734375 0.5972531103515625 0.4313628330078125 0.5998390341796875
1 0.041657587890625 0.539333943359375 0.0546439365234375 0.5321794931640625 0.057615443359375 0.528848759765625 0.0579086767578125 0.5246203251953125 0.0454410478515625 0.5213331240234375 0.0299932412109375 0.5211283701171875 0.02649322265625 0.521994796875 0.0222077001953125 0.52561844140625 0.0087463671875 0.5317966865234375 0.002420109375 0.5332589853515625 0.0028009501953125 0.544164837890625 0.0268578447265625 0.545061748046875 0.0311779931640625 0.5424296865234375 0.041657587890625 0.539333943359375
1 0.06602265234375 0.5422056767578125 0.0695140009765625 0.5410909638671875 0.0715875087890625 0.537295974609375 0.0706375419921875 0.535343564453125 0.057797248046875 0.5340549609375 0.055749697265625 0.5385932470703125 0.0571934951171875 0.5420168193359375 0.06602265234375 0.5422056767578125
1 0.0969993115234375 0.5448465283203126 0.106216857421875 0.5435318515625 0.1083855751953125 0.542463326171875 0.1091380126953125 0.538714470703125 0.0972665341796875 0.5398732353515625 0.094744 0.5434353154296875 0.0969993115234375 0.5448465283203126
1 0.175556548828125 0.5582333876953125 0.1834789814453125 0.557708140625 0.1887057998046875 0.55578862109375 0.1877818447265625 0.554581068359375 0.1837548740234375 0.5529831337890625 0.1758064853515625 0.552765083984375 0.1741820048828125 0.55679298046875 0.175556548828125 0.5582333876953125
1 0.111502564453125 0.505377265625 0.120333228515625 0.5055645068359375 0.130684546875 0.498750662109375 0.1325747421875 0.489751087890625 0.130709435546875 0.486837849609375 0.126673849609375 0.4849931904296875 0.118734130859375 0.48502342578125 0.1135230361328125 0.48743801171875 0.1096794873046875 0.4910477861328125 0.1076405517578125 0.4958327958984375 0.1083492529296875 0.503501796875 0.111502564453125 0.505377265625
1 0.243714765625 0.48859978125 0.2515160322265625 0.4846047744140625 0.2570707109375 0.4794484033203125 0.2565091337890625 0.475992458984375 0.2532779521484375 0.471887099609375 0.2429444140625 0.4665397900390625 0.227011392578125 0.4651105986328125 0.219191279296875 0.4686106494140625 0.224973580078125 0.4825532802734375 0.2326374599609375 0.48724961328125 0.23664708984375 0.4883509755859375 0.243714765625 0.48859978125
1 0.331129306640625 0.528232576171875 0.33449948828125 0.5236481025390625 0.3343350244140625 0.5189384736328125 0.332502783203125 0.5170168720703125 0.3229114501953125 0.5076724755859375 0.316171580078125 0.5041852568359375 0.2948299892578125 0.4994709453125 0.2896031708984375 0.5013904658203125 0.2875296630859375 0.5051854541015625 0.2876768408203125 0.509400072265625 0.3083612041015625 0.520589703125 0.312457373046875 0.5241692412109376 0.3272235576171875 0.530105962890625 0.331129306640625 0.528232576171875
1 0.1219458359375 0.4633199931640625 0.135994703125 0.4613409892578125 0.1385864365234375 0.459760513671875 0.1384133564453125 0.45480416015625 0.1329961171875 0.45127075390625 0.125893814453125 0.450030365234375 0.1091666201171875 0.45111010546875 0.102168142578125 0.452842904296875 0.10530416796875 0.4542233623046875 0.1112671513671875 0.4607145244140625 0.1219458359375 0.4633199931640625
1 0.0003341015625 0.4735235224609375 0.00081015234375 0.487155837890625 0.0089686513671875 0.4876151396484375 0.0105239326171875 0.4816056376953125 0.0077330537109375 0.47748333984375 0.0009758974609375 0.4735011103515625 0.0003341015625 0.4735235224609375
1 0.2109803525390625 0.4773056279296875 0.216516041015625 0.4771123173828125 0.2163915478515625 0.473547302734375 0.210855859375 0.47374061328125 0.2109803525390625 0.4773056279296875
1 0.1926413193359375 0.4565392509765625 0.2001976513671875 0.4562753779296875 0.2000795380859375 0.452893064453125 0.19252320703125 0.4531569375 0.1926413193359375 0.4565392509765625
1 0.0626732841796875 0.461066890625 0.0794802265625 0.460479978515625 0.0791978681640625 0.4523942822265625 0.0623909248046875 0.4529811943359375 0.0626732841796875 0.461066890625
0 0 0.4639561171875 0.000775525390625 0.4861642548828125 0.002445158203125 0.49032414453125 0.0020567685546875 0.491827677734375 0.00099190234375 0.4923604775390625 0.0013295 0.5020280224609375 0.002428939453125 0.5024852431640625 0.0014852939453125 0.506489365234375 0.0018055517578125 0.515660337890625 0.002904990234375 0.51611755859375 0.004028091796875 0.5230278857421875 0.0021863916015625 0.5265661904296876 0.002705740234375 0.541438375 0.005732630859375 0.54654366015625 0.0040561826171875 0.54908340234375 0.0029827001953125 0.549369478515625 0.00357997265625 0.566473115234375 0.0087322841796875 0.569270005859375 0.09641347265625 0.5786172333984375 0.1017960849609375 0.5811590556640625 0.1142463740234375 0.5839496845703125 0.1283731640625 0.5842021328125 0.1532666875 0.589536611328125 0.16740209375 0.5900357841796875 0.217212466796875 0.588791982421875 0.223865796875 0.5898010244140625 0.2472549384765625 0.5899770498046875 0.2564551435546875 0.58816580078125 0.264439775390625 0.58937694140625 0.305695376953125 0.5832208916015625 0.318310623046875 0.5780649853515625 0.32490337109375 0.5773391474609375 0.33273059375 0.5740874375 0.336705595703125 0.574197216796875 0.346269849609375 0.5701406455078125 0.3752309013671875 0.565653748046875 0.3791106943359375 0.5630370634765625 0.388312515625 0.561227322265625 0.3953975322265625 0.5619727001953125 0.406343439453125 0.559604876953125 0.417403404296875 0.5604584716796875 0.4213351103515625 0.559328380859375 0.426234123046875 0.5606472744140625 0.4350128740234375 0.5593479208984375 0.4358589609375 0.5583255830078125 0.4316762509765625 0.5522678671875 0.422699970703125 0.547865953125 0.42173115625 0.5454185859375 0.42599066796875 0.5410500830078125 0.43463958203125 0.53603268359375 0.43534721484375 0.53104557421875 0.433930935546875 0.528365244140625 0.4284775078125 0.5238403095703125 0.39122067578125 0.5055356533203125 0.3845327734375 0.50353658984375 0.3611165537109375 0.489959595703125 0.3580238251953125 0.4898190078125 0.357056572265625 0.4873715859375 0.3431018486328125 0.4794209423828125 0.3407860078125 0.4762764111328125 0.310258814453125 0.4612107421875 0.300417599609375 0.4573362109375 0.28840761328125 0.454528642578125 0.272008279296875 0.4523715322265625 0.258200732421875 0.4486355078125 0.0618094736328125 0.4468071005859375 0.0596580966796875 0.4483721982421875 0.0522279326171875 0.4503686611328125 0.038567509765625 0.450845693359375 0.0363295380859375 0.449931052734375 0.02709314453125 0.4507507724609375 0.019749521484375 0.455225412109375 0.0039030400390625 0.4562743974609375 0.000940203125 0.4598534169921875 0 0.4601025947265625 0 0.4639561171875
1 0.0450239970703125 0.6104394599609375 0.049793173828125 0.608040306640625 0.0509583955078125 0.60353126953125 0.04826278125 0.60213699609375 0.0425436923828125 0.6025852998046874 0.038637943359375 0.6044586865234375 0.03742780859375 0.60772634765625 0.04061730859375 0.6105933447265625 0.0450239970703125 0.6104394599609375
1 0.07799749609375 0.65768154296875 0.0866204541015625 0.6519208466796875 0.0908005341796875 0.6453225068359375 0.0902043291015625 0.6408749794921875 0.084173654296875 0.63240059765625 0.0651912021484375 0.6320706875 0.0555490234375 0.6338958056640625 0.049362060546875 0.6336162451171875 0.0420357783203125 0.63858745703125 0.0300257919921875 0.6357798896484375 0.0185860537109375 0.6366765517578125 0.0120452734375 0.638890544921875 0.010412068359375 0.6426685947265625 0.0183631416015625 0.6555442626953125 0.0228721494140625 0.6583651806640625 0.03567781640625 0.658662201171875 0.0465474150390625 0.654064431640625 0.05230980078125 0.6548559970703125 0.0546343115234375 0.658248814453125 0.06968505859375 0.6597088154296875 0.07799749609375 0.65768154296875
1 0.0753922529296875 0.7220476123046875 0.0951169111328125 0.7183804345703125 0.0984351259765625 0.712307806640625 0.0974057275390625 0.7081255595703125 0.094209119140625 0.7050102216796875 0.0871241572265625 0.7042664052734375 0.078759751953125 0.7048055224609375 0.0739819599609375 0.706957951171875 0.0718565390625 0.709266345703125 0.067874427734375 0.7089082265625 0.063528322265625 0.7107969912109375 0.0618173017578125 0.7123467119140625 0.062396111328125 0.7162961044921875 0.0669499775390625 0.720356837890625 0.0753922529296875 0.7220476123046875
1 0.0682504833984375 0.7828495205078125 0.068586958984375 0.7798593935546875 0.072388828125 0.7750112568359375 0.0718186337890625 0.771308587890625 0.066443130859375 0.76901510546875 0.04963806640625 0.7678649560546875 0.042475125 0.7648881259765625 0.0358391357421875 0.76437565625 0.0296969765625 0.7653343486328125 0.0231735380859375 0.7680449140625 0.0223706943359375 0.770305560546875 0.0269576259765625 0.775357931640625 0.0245216318359375 0.7813981884765625 0.0171260947265625 0.784386234375 0.0112142373046875 0.7850898583984375 0.0119066650390625 0.8049183974609375 0.0319279736328125 0.8039706484375 0.0476446181640625 0.7992036171875 0.053675787109375 0.7950218349609375 0.06037840234375 0.7848614150390625 0.0682504833984375 0.7828495205078125
1 0.061577216796875 0.86969312890625 0.063909275390625 0.8606765615234375 0.071442251953125 0.84899873828125 0.0704663291015625 0.8463030302734375 0.0686340869140625 0.8443814287109375 0.0637870419921875 0.84455069140625 0.0468791640625 0.85308190234375 0.04351765234375 0.8579146611328125 0.045401806640625 0.8613228564453125 0.0539479619140625 0.86598837890625 0.0580685263671875 0.87031126953125 0.061577216796875 0.86969312890625
0 0.1438090224609375 0.6471924267578125 0.146763296875 0.643368244140625 0.148698296875 0.6356069228515625 0.147661791015625 0.6311763349609375 0.1449228798828125 0.6285421923828125 0.14197620703125 0.61995855078125 0.128072328125 0.6008383916015625 0.121772869140625 0.5973373564453125 0.1139098974609375 0.5869398115234375 0.0983495400390625 0.5835120224609375 0.09075340625 0.5808004716796875 0.0788040029296875 0.5797277841796875 0.071226716796875 0.577511189453125 0.028768583984375 0.574527076171875 0.0096822509765625 0.5712224169921875 0.00660686328125 0.571578400390625 0.0038482626953125 0.5741559326171874 0.0131443974609375 0.84036241796875 0.01806416796875 0.84912574609375 0.0336504814453125 0.85329683203125 0.04083932421875 0.8570153984375 0.0456950400390625 0.857094421875 0.04755323828125 0.8597593203125 0.0574983330078125 0.8666086005859375 0.061679974609375 0.86001020703125 0.0655510966796875 0.857145236328125 0.06761593359375 0.8531019619140625 0.06893700390625 0.8530558291015625 0.0785348173828125 0.83733473046875 0.0853082470703125 0.829157421875 0.0834083134765625 0.8252526005859375 0.084892779296875 0.817259986328125 0.09140653515625 0.8016465859375 0.091786748046875 0.7872386025390625 0.0963222060546875 0.7781466533203125 0.09504175 0.7667750390625 0.106576125 0.7432925654296875 0.1080433046875 0.7348049404296875 0.1117326220703125 0.7267337685546875 0.1090532265625 0.7131783955078125 0.1107469609375 0.7111336650390625 0.1128540283203125 0.6956741494140625 0.11829615625 0.6872947421875 0.119324486328125 0.67882087890625 0.128334765625 0.6589005400390625 0.1330087314453125 0.653774923828125 0.1438090224609375 0.6471924267578125
1 1 0.659562626953125 0.98545033203125 0.6684278173828125 0.9872566171875 0.66960612109375 0.998774279296875 0.6709409111328125 1 0.6706115634765625 1 0.659562626953125
0 1 0.5737320078125 0.995363998046875 0.57328325 0.980848818359375 0.5745343349609375 0.9699186357421875 0.577397224609375 0.9442493486328125 0.5877243603515625 0.931245658203125 0.59438223828125 0.918451291015625 0.606989560546875 0.911565365234375 0.61194539453125 0.904351578125 0.6201380810546875 0.899720470703125 0.63916129296875 0.8950465048828125 0.6442869091796875 0.8952022978515625 0.648748251953125 0.8906495537109375 0.6573451904296875 0.8832107197265625 0.6590933662109375 0.8791405615234374 0.6562586865234376 0.8756507744140625 0.6573733447265625 0.86713924609375 0.653699404296875 0.8631917607421875 0.6543328681640626 0.8627931396484375 0.655588169921875 0.8588802822265625 0.657213216796875 0.8085765185546875 0.644328130859375 0.796713708984375 0.645735181640625 0.784911484375 0.6488771123046875 0.7728231337890625 0.656495818359375 0.770749626953125 0.660290806640625 0.772176138671875 0.6632193681640625 0.7715031865234375 0.6691996220703125 0.785759265625 0.6858247197265624 0.792852953125 0.6868183837890625 0.798349623046875 0.6925816259765625 0.80597020703125 0.69603808984375 0.8147993642578125 0.696226947265625 0.8409895615234375 0.7007719404296875 0.9085030517578125 0.70114410546875 0.927546087890625 0.703208896484375 0.94340985546875 0.7026549208984375 0.9540452431640625 0.7040205205078125 0.98272334765625 0.7040118515625 1 0.70692211328125 1 0.5737320078125
1 0.9184151796875 0.6610690771484375 0.93708192578125 0.6604172197265625 0.93686233203125 0.654128865234375 0.9181955849609374 0.65478072265625 0.9184151796875 0.6610690771484375
1 0.792058263671875 0.682238640625 0.8130767021484375 0.6815046611328125 0.8129008955078125 0.6764702294921875 0.79188245703125 0.6772042099609376 0.792058263671875 0.682238640625
1 0.5720562080078125 0.8704781474609375 0.583789234375 0.8653546123046875 0.5858886982421875 0.862302919921875 0.5849474013671875 0.8605987958984375 0.5821824794921875 0.8572197939453124 0.5678480361328125 0.8510209697265625 0.5571937470703126 0.8491588525390625 0.54267856640625 0.8504099375 0.5120151103515626 0.856693279296875 0.4828706923828125 0.855974029296875 0.4773419697265625 0.861873697265625 0.4774978173828125 0.8663366025390625 0.48482516796875 0.8740215 0.4982356552734375 0.879012771484375 0.5190920302734375 0.8825026455078125 0.537892732421875 0.877627916015625 0.5506378154296875 0.8761900556640625 0.5575929951171875 0.8732173876953125 0.5720562080078125 0.8704781474609375
1 0.4647364609375 0.879934 0.469143150390625 0.879780115234375 0.47349792578125 0.87813963671875 0.47204701953125 0.87446772265625 0.4613494873046875 0.8713672978515625 0.456606267578125 0.874509748046875 0.45806740625 0.8784298935546875 0.4647364609375 0.879934
1 0.6053942158203125 0.8018134638671875 0.6146306103515625 0.800993744140625 0.62460059375 0.7959302119140625 0.6248434755859374 0.79021512890625 0.618491994140625 0.7852243779296875 0.6149227763671875 0.78410919921875 0.6087287041015625 0.7835812978515625 0.589815451171875 0.7852329921875 0.5846146435546875 0.78789737109375 0.5831372861328125 0.7961383251953125 0.59079249609375 0.8005863720703125 0.6053942158203125 0.8018134638671875
1 0.5589518359375 0.77315901171875 0.5820380068359375 0.7646590751953125 0.58971810546875 0.7571943095703125 0.5906079287109375 0.7447541142578125 0.58549259375 0.7372405595703125 0.582381017578125 0.7366050146484375 0.552832376953125 0.736891109375 0.537287798828125 0.7339599462890625 0.521926533203125 0.736233369140625 0.5184438544921876 0.7375963681640625 0.5176150537109375 0.7391137177734375 0.5170286416015625 0.7475721484375 0.522558431640625 0.75432858984375 0.530213587890625 0.7587750751953125 0.5313626455078125 0.7664286982421875 0.554104791015625 0.7733282744140625 0.5589518359375 0.77315901171875
1 0.6804837919921874 0.7537761123046876 0.6815451875 0.7462938876953125 0.6844663427734375 0.741476505859375 0.6838859716796875 0.7375271669921875 0.6807413310546875 0.7358999853515625 0.6723092880859375 0.7344574423828125 0.6507162001953125 0.735211490234375 0.640089427734375 0.734092615234375 0.6352683388671875 0.7350051748046875 0.6296948125 0.73966658984375 0.630396404296875 0.74708725 0.6346468056640625 0.7551281865234375 0.644091015625 0.7602595263671875 0.6606028466796875 0.765638111328125 0.6645778486328126 0.7657478896484375 0.6715676552734375 0.7637668046875 0.675454501953125 0.7613968994140625 0.6804837919921874 0.7537761123046876
1 0.6463154765625 0.8239597607421875 0.6502645224609375 0.8233262431640626 0.6528302998046875 0.821002470703125 0.6517765068359375 0.8160768720703125 0.6499615517578125 0.81465028125 0.6419958212890625 0.813935658203125 0.637667056640625 0.81632099609375 0.63652617578125 0.8215718232421875 0.6463154765625 0.8239597607421875
1 0.732399208984375 0.8507342919921875 0.7358905576171875 0.8496195791015625 0.7531002841796876 0.8371066591796875 0.7525214208984375 0.8331557041015625 0.7483473818359375 0.8273462744140625 0.7447883408203125 0.8264777666015625 0.739518224609375 0.8271574169921875 0.73596629296875 0.82653725 0.725469412109375 0.8291379833984375 0.7203189013671875 0.8332874482421875 0.717407978515625 0.8383530615234375 0.7189643271484375 0.844999669921875 0.723076220703125 0.8490742734375 0.732399208984375 0.8507342919921875
1 0.73854941015625 0.8247100498046875 0.7478637275390625 0.826121783203125 0.74916040234375 0.825332298828125 0.74855558203125 0.820638046875 0.7458323955078126 0.81849896875 0.739646994140625 0.818219353515625 0.737530189453125 0.82077447265625 0.73854941015625 0.8247100498046875
1 0.7714595078125 0.819589634765625 0.778362775390625 0.815130373046875 0.7791411689453125 0.812124814453125 0.7777839111328125 0.81117941796875 0.770206625 0.80896282421875 0.763156234375 0.809209029296875 0.754611146484375 0.8171996162109375 0.7560117021484375 0.819384880859375 0.7635717021484375 0.82110646484375 0.7714595078125 0.819589634765625
1 0.792374251953125 0.76153373046875 0.8004178515625 0.764478244140625 0.8033476767578125 0.7599091484375 0.8031659267578125 0.7547045087890625 0.8004010048828125 0.7513255068359375 0.794127501953125 0.7485677685546875 0.7919068173828125 0.748148138671875 0.7884343154296874 0.74975780859375 0.789203599609375 0.759161689453125 0.792374251953125 0.76153373046875
1 0.827383814453125 0.753361623046875 0.83615389453125 0.751813984375 0.839574482421875 0.748717720703125 0.83903024609375 0.745758349609375 0.829170623046875 0.728731134765625 0.8269153115234374 0.727319921875 0.8229489794921875 0.7274584296875 0.8112073916015625 0.7323368017578125 0.801989791015625 0.733649916015625 0.802559984375 0.7373525849609375 0.807122521484375 0.7416616044921875 0.809082984375 0.7472997451171876 0.8189935068359375 0.7531590048828125 0.827383814453125 0.753361623046875
1 0.709235001953125 0.71802905859375 0.713581107421875 0.7161402939453125 0.7156892421875 0.7133368876953124 0.7151709619140625 0.7111208134765625 0.7128810771484375 0.7087195791015625 0.708966658203125 0.7103446796875 0.7051317236328125 0.7142011787109375 0.7052615615234376 0.7179192255859375 0.709235001953125 0.71802905859375
1 0.9708065498046875 0.817592244140625 0.974849189453125 0.8196836826171875 0.97880690625 0.8192984501953126 0.9790914150390625 0.81482016796875 0.9781587890625 0.8133643291015625 0.971566095703125 0.8140917294921876 0.9708065498046875 0.817592244140625
1 0.8837513525390625 0.8767180078125 0.89383383203125 0.87487594921875 0.8959333505859375 0.8718258193359375 0.8949747138671875 0.8696251220703125 0.879187748046875 0.8597528779296875 0.873909015625 0.8601858037109374 0.8652254755859375 0.8642116201171876 0.872596123046875 0.8731363876953125 0.8784552802734376 0.876654361328125 0.8837513525390625 0.8767180078125
1 0.8448122197265625 0.9113324248046875 0.845209279296875 0.910077177734375 0.847040453125 0.8993426689453125 0.846003892578125 0.89491051953125 0.839713048828125 0.891656208984375 0.820756607421875 0.8920711572265625 0.8084533876953125 0.8934920244140625 0.807711181640625 0.897489111328125 0.824023482421875 0.9098242099609375 0.8324830439453125 0.912009994140625 0.8413310478515625 0.9126938076171875 0.8448122197265625 0.9113324248046875
1 0.3009815966796875 0.9030239658203125 0.3178721884765625 0.893997744140625 0.320783111328125 0.888932130859375 0.3193148642578125 0.8847636455078125 0.3093524833984375 0.877419353515625 0.3035452392578125 0.8753879736328125 0.290758474609375 0.8755874716796875 0.2771412939453125 0.8773028115234375 0.2736759013671875 0.8791608212890625 0.2694611943359375 0.884767578125 0.2700660146484375 0.889461830078125 0.28064188671875 0.90174866015625 0.2891101728515625 0.9041842919921875 0.3009815966796875 0.9030239658203125
1 0.3637307509765625 0.842761404296875 0.365934095703125 0.8426844619140625 0.381115173828125 0.8352063447265625 0.3813391533203125 0.8289947431640625 0.3776054169921875 0.823168375 0.36728921875 0.8183176376953125 0.3487990361328125 0.819458943359375 0.34532658984375 0.821070173828125 0.3277950439453125 0.8244121767578125 0.3226374794921875 0.82831486328125 0.3267422646484375 0.832141126953125 0.33661816015625 0.837008802734375 0.3499145341796875 0.83877709375 0.3637307509765625 0.842761404296875
1 0.3594301328125 0.8712038203125 0.365175177734375 0.8714988134765626 0.3682088837890625 0.869904466796875 0.3677323388671875 0.86892831640625 0.3631627470703125 0.864372517578125 0.35871276171875 0.863286533203125 0.3538657158203125 0.8634557958984375 0.3526556357421875 0.8667250185546875 0.3594301328125 0.8712038203125
0 1 0.7109560888671875 0.9966505 0.7112176904296875 0.9939202587890625 0.708831833984375 0.9819103271484375 0.7060258271484375 0.9469861826171875 0.704018439453125 0.927166314453125 0.7049591533203124 0.90277529296875 0.701344123046875 0.8776231640625 0.7012296630859375 0.8541821103515626 0.6995670439453125 0.8485062646484375 0.7012536552734375 0.8418962314453124 0.701484482421875 0.817910939453125 0.6968624912109375 0.810420193359375 0.69712407421875 0.8014942646484375 0.69420880859375 0.7910741865234375 0.686383322265625 0.7834607109375 0.68317519921875 0.77391267578125 0.6750706708984375 0.7703623056640625 0.67445044921875 0.7677272744140625 0.6747910556640625 0.7668882421875 0.6760601728515625 0.7708805859375 0.6766665244140625 0.7723503408203125 0.6808333935546875 0.7631485185546875 0.6826431357421875 0.7551466552734375 0.6809385458984375 0.7507588134765625 0.68158738671875 0.7355344931640625 0.6878271962890625 0.729537896484375 0.692999 0.727464388671875 0.6967939892578126 0.723560201171875 0.6986673212890625 0.7154468544921875 0.706395806640625 0.710894109375 0.714992744140625 0.7062039794921875 0.732281021484375 0.7025059375 0.740102345703125 0.697814685546875 0.7447329521484375 0.697970533203125 0.7491958564453125 0.702257123046875 0.7582283212890625 0.7076483515625 0.761016869140625 0.7106815634765625 0.7720786875 0.7148642724609375 0.7781364033203125 0.679670255859375 0.8694499697265625 0.6710473525390624 0.8752122275390625 0.6679372841796875 0.87457506640625 0.6614830439453125 0.8792672373046875 0.6628658193359375 0.89361365625 0.6678773291015625 0.8981540224609375 0.6732166435546875 0.8994559765625 0.67597445703125 0.9025866376953126 0.682532029296875 0.9135238193359375 0.6861705556640625 0.916623724609375 0.692331068359375 0.9288161533203125 0.7105107314453125 0.931408271484375 0.7321195439453125 0.9311492890625 0.734858455078125 0.9337834326171875 0.74912369921875 0.9380006513671875 0.75817946484375 0.944633962890625 0.7630611376953125 0.945456283203125 0.767226505859375 0.9510174267578125 0.7730841015625 0.954535455078125 0.7797547724609375 0.9560410693359375 0.784152791015625 0.9556388984375 0.7896738564453125 0.9621454921875 0.7959733701171875 0.9656480888671874 0.7994112451171875 0.9630468359375 0.803852560546875 0.9638845341796874 0.8090966650390625 0.962460025390625 0.813132251953125 0.96430468359375 0.81461778515625 0.9689681806640625 0.8181611015625 0.969341623046875 0.8234311630859374 0.96866041015625 0.830818029296875 0.965424078125 0.8400285205078125 0.963862623046875 0.85060488671875 0.9634932880859375 0.854474447265625 0.960628373046875 0.8580004228515625 0.9605052431640625 0.864100845703125 0.958306626953125 0.8701044970703125 0.9533816025390625 0.8736304736328125 0.95325847265625 0.8763174716796875 0.954406021484375 0.8846715908203125 0.953617111328125 0.8906854736328125 0.948940318359375 0.9042160595703125 0.9447452392578125 0.907178951171875 0.9411677822265625 0.9159317451171874 0.9391251318359375 0.9223773154296875 0.93418467578125 0.9342303857421875 0.919873228515625 0.94457147265625 0.91281115234375 0.9525290263671875 0.9006213251953125 0.9798823642578125 0.875346623046875 1 0.8500526552734375 1 0.7109560888671875
0 0.7333051923828126 0.687160841796875 0.736129576171875 0.6796170517578125 0.738688244140625 0.6770449384765626 0.7381425 0.67408718359375 0.7332088603515625 0.67177670703125 0.7270061181640625 0.67100051953125 0.721337435546875 0.672937033203125 0.7191254208984375 0.672765689453125 0.715316443359375 0.6773654853515625 0.7039286181640625 0.6797487421875 0.60090519921875 0.7111414560546875 0.5928859404296875 0.708938732421875 0.5876072080078125 0.709371658203125 0.5841087509765625 0.7102380302734375 0.5767636201171875 0.7147142861328125 0.5671127724609375 0.716291119140625 0.561808083984375 0.7159807490234374 0.5546624833984375 0.713500490234375 0.547154396484375 0.7132655009765625 0.5177254150390626 0.7170229716796875 0.509759685546875 0.7163083486328125 0.486491765625 0.71960364453125 0.4707664501953125 0.724122390625 0.450852439453125 0.7349927509765625 0.4403712841796875 0.738088548828125 0.4378401337890625 0.7414039052734375 0.4214072392578125 0.7509113212890625 0.4095790576171875 0.753309955078125 0.4052329521484375 0.7551987197265625 0.399201783203125 0.759380501953125 0.3983903232421875 0.761394423828125 0.39401826171875 0.7625398916015625 0.3871322802734375 0.7674941640625 0.2905035859375 0.8051159375 0.286096896484375 0.8052698232421875 0.28309937890625 0.807855697265625 0.277871052734375 0.809776833984375 0.2753658046875 0.8138339248046875 0.2665783837890625 0.8148849912109375 0.265792935546875 0.817643771484375 0.260272544921875 0.81957354296875 0.2552787138671875 0.819747931640625 0.240839841796875 0.8232289609375 0.2356736611328125 0.8268849228515625 0.219974302734375 0.8321469658203124 0.217011466796875 0.8357259853515625 0.2091496171875 0.837986111328125 0.1992818974609375 0.8460228857421875 0.1554269599609375 0.866167234375 0.1529461611328125 0.87096923828125 0.140211255859375 0.87265376953125 0.13848289453125 0.8737069169921875 0.137291662109375 0.877471095703125 0.13860518359375 0.8898343486328125 0.1443691298828125 0.890625859375 0.149112294921875 0.88748184765625 0.1675835751953125 0.8858440244140625 0.1764488662109375 0.88702284765625 0.179602177734375 0.88889831640625 0.183525267578125 0.887521501953125 0.1857718544921875 0.8886828671875 0.1906362412109375 0.8890101767578125 0.2003476181640625 0.889166662109375 0.2029653623046875 0.888331044921875 0.2109586103515625 0.88978891015625 0.21056155078125 0.8910441572265625 0.21234893359375 0.891725943359375 0.2198483505859375 0.8917126474609375 0.2243329091796875 0.8937886533203125 0.2457534912109375 0.9133905263671875 0.2506784609375 0.9154527158203125 0.2607278759765625 0.9126190205078125 0.265911451171875 0.9094611923828125 0.27391180859375 0.9111673984375 0.285273623046875 0.9080392841796875 0.3064854306640625 0.9090371103515625 0.313069453125 0.9080614248046875 0.320905345703125 0.9050580009765625 0.3323364677734375 0.9039146142578125 0.3397493447265625 0.901423140625 0.34767333984375 0.90089783984375 0.3559495888671875 0.8978790390625 0.3793213896484375 0.8975584921875 0.385525693359375 0.898334625 0.395202498046875 0.89750108984375 0.418253546875 0.900665734375 0.4223554970703125 0.9044107978515625 0.4229026240234375 0.907452931640625 0.4264112587890625 0.9068332294921875 0.42715351953125 0.902837703125 0.4333145263671875 0.9023739677734375 0.4378077548828125 0.904698259765625 0.450145546875 0.9042674140625 0.457670919921875 0.9049974150390625 0.4612748203125 0.9071057373046875 0.470518322265625 0.9065343583984375 0.4772148955078125 0.90878170703125 0.4833932431640625 0.9088145439453125 0.50121752734375 0.9139002705078125 0.5118371904296874 0.9147708046875 0.527856751953125 0.9186781728515625 0.5358138115234375 0.919144509765625 0.5403590078125 0.92295695703125 0.54518004296875 0.9220428359375 0.5527227568359375 0.9232694091796875 0.55945395703125 0.926508341796875 0.5655787744140625 0.9250530771484375 0.5762157236328125 0.9264186220703124 0.57923058203125 0.9243293203125 0.5871978740234375 0.925043888671875 0.594472189453125 0.918584521484375 0.6022907958984375 0.9150860869140625 0.6155443671875 0.90295834375 0.6221371142578125 0.9022325048828125 0.6256009453125 0.9003745498046875 0.631321595703125 0.89992619140625 0.6343363994140625 0.897835328125 0.665552189453125 0.869447369140625 0.6690160205078125 0.8675894140625 0.6983476015625 0.83579169921875 0.69688695703125 0.8192153896484375 0.7026569453125 0.807599130859375 0.702371314453125 0.7994197412109375 0.70816769921875 0.7758890537109375 0.707261029296875 0.77517651171875 0.7050749716796875 0.77574846484375 0.700080802734375 0.7717046708984375 0.701263365234375 0.7676922060546875 0.6978504345703125 0.7583822060546875 0.692372556640625 0.7531123583984375 0.6929763095703125 0.7451505 0.6963897890625 0.741805896484375 0.69797808203125 0.736786470703125 0.702263603515625 0.733162826171875 0.7021250966796875 0.729196494140625 0.705961591796875 0.7253399404296875 0.70536544140625 0.720893974609375 0.702609244140625 0.7177648203125 0.7029024228515625 0.71353482421875 0.709382619140625 0.709585951171875 0.71271661328125 0.70400994921875 0.7183593935546875 0.7013317001953125 0.722582716796875 0.69597166796875 0.7333051923828126 0.687160841796875
1 0.912075240234375 0.704493353515625 0.912347892578125 0.71230109375 0.9296339833984375 0.71482435546875 0.9372236025390625 0.7083055107421875 0.9339369150390625 0.7037299267578125 0.912075240234375 0.704493353515625
1 1 0.5821575380859375 0.99710276171875 0.5873921005859375 1 0.590765234375 1 0.5821575380859375
1 0.3105966591796875 0.941253880859375 0.3078007451171875 0.9507322314453125 0.3250868359375 0.9532554921875 0.3215820263671875 0.9424337158203125 0.3105966591796875 0.941253880859375
1 0.5575393916015625 0.9388842607421874 0.5547980078125 0.9499241591796875 0.57219316015625 0.9555705166015624 0.5781667001953125 0.9475446533203125 0.574825482421875 0.941407521484375 0.5575393916015625 0.9388842607421874
1 0.1401301162109375 0.850272654296875 0.135827185546875 0.8613670830078125 0.16237350390625 0.8604400654296875 0.169963123046875 0.8539212197265625 0.1634442783203125 0.8463316015625 0.1401301162109375 0.850272654296875
1 0.6591837783203125 0.894684998046875 0.648362001953125 0.8981898076171875 0.6521394638671875 0.91681932421875 0.664904501953125 0.9241908212890625 0.6733120771484375 0.94109519921875 0.6887639677734375 0.93586525 0.680029208984375 0.9095915830078125 0.6591837783203125 0.894684998046875
1 0.6114846806640625 0.916675568359375 0.60249710546875 0.927933587890625 0.6090159501953125 0.93552320703125 0.6215628662109375 0.93664851171875 0.633728068359375 0.926842978515625 0.6302777890625 0.9175827509765625 0.6114846806640625 0.916675568359375
0 0.4639561123046875 1 0.7391350576171875 0.9903905390625 0.73740991796875 0.98576042578125 0.5869906845703124 0.9316019892578125 0.43119774609375 0.9026464453125 0.36232603515625 0.9003611416015626 0.275151990234375 0.911222587890625 0.199379720703125 0.890416828125 0.1076300927734375 0.9045649619140625 0.0513052978515625 0.903404962890625 0.0590783427734375 0.946910189453125 0.0963499111328125 1 0.4639561123046875 1
0 0.4632862041015625 0.0306828974609375 0.517885859375 0.027212783203125 0.574790654296875 0.0002103857421875 0.39978819921875 0.003194701171875 0.4632862041015625 0.0306828974609375
1 0.5010132216796875 0 0.4848206962890625 0.0205501826171875 0.489668931640625 0.0250712353515625 0.5067914306640625 0.0229098515625 0.519471630859375 0 0.5010132216796875 0
1 0.4437296689453125 0.007914041015625 0.4565492373046875 0.0168470859375 0.470385048828125 0.010110119140625 0.468496318359375 0.0007953603515625 0.4435115478515625 0.00166784765625 0.4437296689453125 0.007914041015625
1 0.760724080078125 0.9818193720703124 0.778064701171875 0.985904181640625 0.77628503125 0.97971251953125 0.760724080078125 0.9818193720703124
1 0.0828206142578125 1 0.0825214013671875 0.99143166015625 0.0705544853515625 0.9621439580078125 0.0578439775390625 0.9563340087890625 0.0617364990234375 1 0.0828206142578125 1
1 0.7114733193359375 0.7802904326171874 0.712291275390625 0.8037136552734375 0.7246200693359375 0.798592767578125 0.7225677470703125 0.7845933642578125 0.7114733193359375 0.7802904326171874