1 0.7244265625 0.476934375 0.736771875 0.4744546875 0.7420640625 0.466765625 0.7403 0.46329375 0.7376546875 0.46255 0.7292765625 0.46329375 0.7182546875 0.466021875 0.7178125 0.4709828125 0.7244265625 0.476934375
1 0.5030859375 0.4704859375 0.5017640625 0.4744546875 0.5097 0.475446875 0.52425 0.4794140625 0.533509375 0.4771828125 0.5388 0.4709828125 0.536596875 0.46800625 0.5211640625 0.4642859375 0.5163140625 0.4640375 0.5097 0.465278125 0.5030859375 0.4704859375
1 0.4642859375 0.5022328125 0.4651671875 0.5079359375 0.4695765625 0.51016875 0.485890625 0.514384375 0.489859375 0.5138890625 0.495590625 0.509671875 0.4920640625 0.5024796875 0.4823640625 0.49925625 0.4691359375 0.498759375 0.4656078125 0.4997515625 0.4642859375 0.5022328125
1 0.46693125 0.54290625 0.4704578125 0.5411703125 0.4700171875 0.538690625 0.467371875 0.53745 0.4589953125 0.539434375 0.458553125 0.5419140625 0.4607578125 0.54290625 0.46693125 0.54290625
1 0.4387125 0.5322421875 0.439153125 0.53745 0.442240625 0.5369546875 0.448853125 0.533234375 0.447090625 0.5317453125 0.4387125 0.5322421875
1 0.423721875 0.5473703125 0.4241625 0.5520828125 0.429453125 0.5525796875 0.43298125 0.548115625 0.42813125 0.5458828125 0.423721875 0.5473703125
1 0.277778125 0.517609375 0.2791 0.513640625 0.2773375 0.512153125 0.2755734375 0.511409375 0.2702828125 0.512153125 0.2707234375 0.5173609375 0.27425 0.518353125 0.277778125 0.517609375
1 0.24603125 0.515625 0.2513234375 0.5153765625 0.255290625 0.513640625 0.255290625 0.509425 0.25396875 0.508928125 0.2477953125 0.508928125 0.2438265625 0.5106640625 0.2433859375 0.5141375 0.24603125 0.515625
1 0.26366875 0.4548609375 0.2671953125 0.4568453125 0.2755734375 0.457340625 0.2791 0.455853125 0.2817453125 0.4513890625 0.2791 0.448909375 0.2702828125 0.44766875 0.2676359375 0.4481640625 0.264990625 0.4506453125 0.26366875 0.4548609375
1 0.3258375 0.5049609375 0.3320109375 0.501984375 0.326278125 0.49925625 0.32186875 0.4990078125 0.320546875 0.5002484375 0.3192234375 0.5024796875 0.32186875 0.50545625 0.3258375 0.5049609375
1 0.4263671875 0.470734375 0.428571875 0.470734375 0.430334375 0.469990625 0.4312171875 0.4665171875 0.4272484375 0.465278125 0.42504375 0.4665171875 0.42504375 0.4689984375 0.4263671875 0.470734375
1 0.302028125 0.5962296875 0.30731875 0.595734375 0.31216875 0.5920140625 0.3130515625 0.58755 0.3112875 0.5853171875 0.3064375 0.5858140625 0.2989421875 0.591021875 0.2998234375 0.5954859375 0.302028125 0.5962296875
1 0.2045859375 0.5424109375 0.2089953125 0.54141875 0.208553125 0.53670625 0.2045859375 0.5357140625 0.197090625 0.53670625 0.197090625 0.5391859375 0.1992953125 0.5411703125 0.2045859375 0.5424109375
1 0.1538796875 0.4536203125 0.1618171875 0.4536203125 0.164903125 0.4494046875 0.1631390625 0.4451890625 0.1587296875 0.4437 0.1547625 0.4437 0.1525578125 0.446428125 0.151675 0.4513890625 0.1538796875 0.4536203125
1 0.1635796875 0.4794140625 0.164021875 0.4779265625 0.1618171875 0.4766859375 0.1543203125 0.47569375 0.15079375 0.4796625 0.150353125 0.482390625 0.1543203125 0.484375 0.1635796875 0.4794140625
1 0.1851859375 0.48363125 0.1900359375 0.48363125 0.192240625 0.482390625 0.193121875 0.478421875 0.1917984375 0.476934375 0.189153125 0.47569375 0.183421875 0.478421875 0.18298125 0.482390625 0.1851859375 0.48363125
1 0.2345671875 0.459325 0.2323640625 0.4541171875 0.227071875 0.4553578125 0.221340625 0.4588296875 0.2244265625 0.46329375 0.231921875 0.462053125 0.2345671875 0.459325
1 0.08465625 0.5205859375 0.0952375 0.5220734375 0.1018515625 0.521825 0.104496875 0.5208328125 0.104496875 0.51488125 0.103615625 0.5133921875 0.099646875 0.5119046875 0.0912703125 0.5119046875 0.0824515625 0.516865625 0.08465625 0.5205859375
1 0.382715625 0.3169640625 0.369046875 0.3187 0.3646390625 0.32118125 0.3602296875 0.326140625 0.35890625 0.3318453125 0.3615515625 0.3380453125 0.3694890625 0.3422625 0.3805109375 0.34300625 0.3844796875 0.3420140625 0.391975 0.337796875 0.3985890625 0.3256453125 0.396825 0.3216765625 0.39109375 0.3182046875 0.382715625 0.3169640625
1 0.1807765625 0.3435015625 0.180334375 0.3459828125 0.1851859375 0.3487109375 0.19444375 0.3514390625 0.2010578125 0.351934375 0.2054671875 0.3494546875 0.20723125 0.341021875 0.2045859375 0.33829375 0.1909171875 0.33829375 0.1856265625 0.33978125 0.1807765625 0.3435015625
1 0.2323640625 0.3807046875 0.2336859375 0.376240625 0.231921875 0.3745046875 0.2244265625 0.3745046875 0.2209 0.376240625 0.22178125 0.3812 0.225309375 0.38194375 0.2323640625 0.3807046875
1 0.3179015625 0.3318453125 0.321428125 0.3271328125 0.319665625 0.322171875 0.3139328125 0.3209328125 0.310846875 0.32415625 0.311728125 0.3306046875 0.3143734375 0.33209375 0.3179015625 0.3318453125
1 0.2799828125 0.3154765625 0.286596875 0.315971875 0.2910046875 0.3142359375 0.2901234375 0.310515625 0.286596875 0.30853125 0.2821875 0.3077875 0.278659375 0.309028125 0.277778125 0.311259375 0.2799828125 0.3154765625
1 0.282628125 0.4109625 0.291446875 0.4084828125 0.302028125 0.40699375 0.311728125 0.400296875 0.311728125 0.3963296875 0.30246875 0.3923609375 0.28306875 0.39136875 0.2768953125 0.3936015625 0.25573125 0.3931046875 0.2420640625 0.3953375 0.2403 0.3963296875 0.2403 0.39930625 0.2438265625 0.402034375 0.2469140625 0.4012890625 0.2517640625 0.403521875 0.2561734375 0.4030265625 0.2623453125 0.404265625 0.268959375 0.4060015625 0.2711640625 0.4079859375 0.282628125 0.4109625
1 0.456790625 0.3521828125 0.458553125 0.3494546875 0.4541453125 0.347965625 0.442240625 0.3501984375 0.4400359375 0.35243125 0.4404765625 0.3544140625 0.444003125 0.3561515625 0.456790625 0.3521828125
1 0.5396828125 0.321428125 0.538359375 0.322171875 0.5410046875 0.3258921875 0.552028125 0.3298609375 0.5612875 0.330109375 0.5679015625 0.32886875 0.5687828125 0.3258921875 0.56525625 0.324653125 0.555996875 0.3234125 0.5485015625 0.3209328125 0.5396828125 0.321428125
1 0.5833328125 0.334078125 0.58950625 0.3338296875 0.5679015625 0.3298609375 0.5643734375 0.3338296875 0.57186875 0.337053125 0.5758375 0.33680625 0.5833328125 0.334078125
1 0.57495625 0.3650796875 0.580246875 0.3650796875 0.5758375 0.3625984375 0.57495625 0.3650796875
1 0.4435625 0.4109625 0.4466484375 0.41170625 0.4510578125 0.4109625 0.451940625 0.4079859375 0.4506171875 0.4067453125 0.447090625 0.40550625 0.4417984375 0.4072421875 0.4409171875 0.408234375 0.4435625 0.4109625
1 0.4307765625 0.4032734375 0.42813125 0.4015375 0.424603125 0.4030265625 0.4241625 0.404265625 0.4276890625 0.4072421875 0.4307765625 0.405009375 0.4307765625 0.4032734375
1 0.43959375 0.4040171875 0.439153125 0.4092265625 0.4404765625 0.4092265625 0.4448859375 0.4079859375 0.443121875 0.40550625 0.43959375 0.4040171875
1 0.6578484375 0.389384375 0.6587296875 0.3950890625 0.660934375 0.396578125 0.665784375 0.397321875 0.664903125 0.3923609375 0.6578484375 0.389384375
1 0.298059375 0.446428125 0.2985015625 0.44915625 0.30246875 0.4513890625 0.3042328125 0.447171875 0.302909375 0.44618125 0.298059375 0.446428125
1 0.4828046875 0.618303125 0.4828046875 0.6202875 0.485890625 0.6235125 0.4903 0.62425625 0.4982359375 0.6227671875 0.500440625 0.6192953125 0.499559375 0.611359375 0.4973546875 0.6108625 0.49118125 0.615328125 0.48633125 0.6158234375 0.4828046875 0.618303125
1 0.499559375 0.587796875 0.5013234375 0.58358125 0.49911875 0.5803578125 0.4938265625 0.5786203125 0.490740625 0.582340625 0.4920640625 0.5873015625 0.4964734375 0.58829375 0.499559375 0.587796875
1 0.533509375 0.675346875 0.53791875 0.675346875 0.5392421875 0.673115625 0.537478125 0.669890625 0.5304234375 0.669146875 0.528659375 0.6696421875 0.5299828125 0.6736109375 0.533509375 0.675346875
1 0.41534375 0.6701390625 0.419753125 0.6708828125 0.4219578125 0.669890625 0.4219578125 0.665675 0.419753125 0.663690625 0.4118171875 0.66319375 0.410053125 0.6641859375 0.4096125 0.6661703125 0.41534375 0.6701390625
1 0.3403875 0.710565625 0.339946875 0.7130453125 0.3430328125 0.7157734375 0.34920625 0.7182546875 0.3571421875 0.7185015625 0.363315625 0.71478125 0.3646390625 0.7088296875 0.35890625 0.707340625 0.3452375 0.7075890625 0.3412703125 0.7088296875 0.3403875 0.710565625
1 0.292328125 0.7016375 0.2949734375 0.7053578125 0.301146875 0.705109375 0.3064375 0.7026296875 0.307759375 0.701140625 0.3064375 0.696925 0.2989421875 0.6946921875 0.2945328125 0.69444375 0.29276875 0.6974203125 0.292328125 0.7016375
1 0.2235453125 0.6790671875 0.22178125 0.68204375 0.226190625 0.6860125 0.2323640625 0.6879953125 0.2403 0.6877484375 0.2477953125 0.683284375 0.25 0.67733125 0.2477953125 0.6743546875 0.2403 0.6736109375 0.2279546875 0.6765875 0.2235453125 0.6790671875
1 0.1525578125 0.6654265625 0.1543203125 0.6723703125 0.160934375 0.669890625 0.16534375 0.6661703125 0.1622578125 0.6626984375 0.1525578125 0.6654265625
1 0.631834375 0.71478125 0.6340390625 0.7135421875 0.630953125 0.70858125 0.62654375 0.7083328125 0.623015625 0.7108140625 0.623015625 0.7135421875 0.6261015625 0.715278125 0.631834375 0.71478125
1 0.239859375 0.76959375 0.23941875 0.7713296875 0.250440625 0.7864578125 0.2517640625 0.7876984375 0.2561734375 0.787946875 0.2724875 0.7755453125 0.27336875 0.77108125 0.2711640625 0.7661203125 0.2663140625 0.763640625 0.259259375 0.7633921875 0.239859375 0.76959375
1 0.6962078125 0.6049109375 0.7014984375 0.6044140625 0.703703125 0.602678125 0.703703125 0.5987109375 0.697090625 0.5952375 0.693121875 0.59449375 0.69268125 0.5962296875 0.693121875 0.6041671875 0.6962078125 0.6049109375
1 0.060846875 0.275296875 0.0639328125 0.277034375 0.071428125 0.278521875 0.0758375 0.277778125 0.0806875 0.275296875 0.07980625 0.2713296875 0.076278125 0.2705859375 0.0643734375 0.2713296875 0.061728125 0.273809375 0.060846875 0.275296875
1 0.4691359375 0.1423609375 0.467371875 0.137153125 0.4598765625 0.137153125 0.4603171875 0.142609375 0.462521875 0.144096875 0.466490625 0.1436015625 0.4691359375 0.1423609375
1 0.8844796875 0.2495046875 0.895503125 0.2475203125 0.901234375 0.2442953125 0.900353125 0.23983125 0.892415625 0.23983125 0.880953125 0.243303125 0.87654375 0.247271875 0.8761015625 0.248015625 0.8844796875 0.2495046875
1 0.9272484375 0.1547625 0.92989375 0.1505453125 0.9290125 0.148809375 0.9241625 0.1453375 0.919753125 0.1450890625 0.9193125 0.1510421875 0.923721875 0.155009375 0.9272484375 0.1547625
1 0.916225 0.2686015625 0.919753125 0.2693453125 0.924603125 0.26636875 0.925484375 0.2631453125 0.9223984375 0.2611609375 0.91534375 0.2606640625 0.91049375 0.2624015625 0.9096125 0.2638890625 0.916225 0.2686015625
1 0.792328125 0.511409375 0.791446875 0.514384375 0.7945328125 0.516865625 0.8183421875 0.5166171875 0.8223109375 0.5158734375 0.82495625 0.5138890625 0.82186875 0.5091765625 0.8134921875 0.5049609375 0.8086421875 0.5052078125 0.7949734375 0.50868125 0.792328125 0.511409375
1 0.7791 0.47271875 0.777778125 0.4739578125 0.777778125 0.482390625 0.7799828125 0.484375 0.778659375 0.4853671875 0.7791 0.4920640625 0.78306875 0.482390625 0.7910046875 0.4806546875 0.793209375 0.478421875 0.7940921875 0.4739578125 0.7910046875 0.4712296875 0.7791 0.47271875
1 0.7676359375 0.6716265625 0.7658734375 0.6728671875 0.7671953125 0.6783234375 0.7716046875 0.6798109375 0.778659375 0.677828125 0.787478125 0.673115625 0.82010625 0.665921875 0.8064375 0.6609625 0.791446875 0.6612109375 0.78791875 0.6619546875 0.7711640625 0.6713796875 0.7676359375 0.6716265625
1 0.47575 0.904265625 0.4783953125 0.9057546875 0.4841265625 0.9045140625 0.490740625 0.90550625 0.4938265625 0.9047625 0.49603125 0.900296875 0.4925046875 0.8978171875 0.4841265625 0.896578125 0.476190625 0.9015375 0.47575 0.904265625
1 0.5956796875 0.907490625 0.59920625 0.9094734375 0.60405625 0.9092265625 0.6067015625 0.90699375 0.6058203125 0.90228125 0.599646875 0.90005 0.594796875 0.9012890625 0.593915625 0.905009375 0.5956796875 0.907490625
1 0.6335984375 0.8563984375 0.6397703125 0.8568953125 0.641975 0.853421875 0.64109375 0.8494546875 0.6380078125 0.84771875 0.63315625 0.84771875 0.6300703125 0.8489578125 0.6305109375 0.855159375 0.6335984375 0.8563984375
1 0.632715625 0.873015625 0.6340390625 0.8685515625 0.631834375 0.8665671875 0.62654375 0.865328125 0.6247796875 0.8673109375 0.6261015625 0.8725203125 0.6296296875 0.8735125 0.632715625 0.873015625
1 0.760140625 0.939484375 0.7597 0.9432046875 0.76366875 0.9454359375 0.7711640625 0.947171875 0.7791 0.946925 0.7813046875 0.9437 0.7791 0.939484375 0.7716046875 0.9392359375 0.7676359375 0.9379953125 0.763228125 0.9379953125 0.760140625 0.939484375
1 0.8571421875 0.94915625 0.85890625 0.9474203125 0.8571421875 0.9399796875 0.84920625 0.9392359375 0.8456796875 0.9419640625 0.8470015625 0.946925 0.849646875 0.9484125 0.8571421875 0.94915625
1 0.7857140625 0.8625984375 0.7870375 0.867559375 0.7905640625 0.8685515625 0.7945328125 0.867559375 0.8015875 0.8611109375 0.80246875 0.8571421875 0.801146875 0.855903125 0.7989421875 0.8549109375 0.7940921875 0.85540625 0.786596875 0.8603671875 0.7857140625 0.8625984375
1 0.7403 0.7904265625 0.7464734375 0.79141875 0.749559375 0.790675 0.7517640625 0.7859625 0.7486765625 0.7827375 0.7403 0.783978125 0.7385359375 0.78521875 0.7376546875 0.787203125 0.7403 0.7904265625
1 0.7112 0.841765625 0.7112 0.83755 0.7089953125 0.8358140625 0.7050265625 0.83506875 0.7032625 0.836309375 0.7032625 0.841765625 0.7089953125 0.8432546875 0.7112 0.841765625
1 0.872575 0.798115625 0.8743390625 0.7946421875 0.87169375 0.7916671875 0.8650796875 0.79141875 0.862434375 0.7931546875 0.8611109375 0.7951390625 0.8646390625 0.798859375 0.872575 0.798115625
1 0.81040625 0.7720734375 0.811728125 0.7705859375 0.810846875 0.7658734375 0.802909375 0.7646328125 0.8002640625 0.7658734375 0.7993828125 0.7686015625 0.8007046875 0.7708328125 0.81040625 0.7720734375
1 0.83465625 0.7678578125 0.833775 0.766865625 0.8289234375 0.7671125 0.8284828125 0.7713296875 0.833775 0.77256875 0.8355375 0.7713296875 0.83465625 0.7678578125
1 0.8853609375 0.8591265625 0.86860625 0.8598703125 0.864196875 0.8608625 0.8597890625 0.8650796875 0.8606703125 0.86954375 0.85890625 0.8727671875 0.8562609375 0.8735125 0.853175 0.8727671875 0.843915625 0.8826890625 0.8425921875 0.884425 0.843915625 0.8874015625 0.8461203125 0.889384375 0.849646875 0.88988125 0.8738984375 0.875 0.8805109375 0.873759375 0.8884484375 0.869046875 0.89109375 0.865328125 0.890653125 0.8608625 0.8853609375 0.8591265625
1 0.9387125 0.80853125 0.9413578125 0.806546875 0.93959375 0.8015875 0.9351859375 0.801090625 0.930334375 0.8025796875 0.9307765625 0.8077875 0.93474375 0.809028125 0.9387125 0.80853125
0 0.1596125 0.6825390625 0.1587296875 0.6852671875 0.16534375 0.6875 0.1710765625 0.7088296875 0.178571875 0.7157734375 0.1812171875 0.72495 0.1887125 0.728421875 0.197971875 0.7400796875 0.2151671875 0.751984375 0.2182546875 0.758928125 0.2235453125 0.7638890625 0.2425046875 0.771825 0.250440625 0.7807546875 0.2535265625 0.7869546875 0.2579359375 0.7891859375 0.2597 0.7943953125 0.2654328125 0.7986109375 0.2707234375 0.80853125 0.2755734375 0.8120046875 0.2821875 0.813740625 0.2861546875 0.8229171875 0.2896828125 0.841765625 0.2949734375 0.845734375 0.30246875 0.8467265625 0.31040625 0.8435015625 0.324515625 0.8306046875 0.3364203125 0.8229171875 0.3474421875 0.82118125 0.3571421875 0.8209328125 0.3655203125 0.81795625 0.369046875 0.813740625 0.3888890625 0.8122515625 0.4735453125 0.795634375 0.4779546875 0.7921625 0.48941875 0.790921875 0.4933859375 0.7889390625 0.4977953125 0.7891859375 0.5030859375 0.7869546875 0.50573125 0.78745 0.509259375 0.7827375 0.5123453125 0.7817453125 0.5171953125 0.7822421875 0.5224875 0.7787703125 0.55246875 0.767609375 0.5546734375 0.7658734375 0.5679015625 0.762896875 0.583775 0.753471875 0.5873015625 0.7490078125 0.5917109375 0.7485125 0.594796875 0.7442953125 0.599646875 0.743303125 0.6155203125 0.732390625 0.617725 0.7286703125 0.623015625 0.7264390625 0.6261015625 0.722965625 0.6305109375 0.7209828125 0.6305109375 0.71949375 0.6261015625 0.7182546875 0.6243390625 0.7162703125 0.6256609375 0.7135421875 0.6243390625 0.70858125 0.62830625 0.7046125 0.632715625 0.7061015625 0.6344796875 0.70858125 0.6393296875 0.7110609375 0.646384375 0.710565625 0.6499125 0.7028765625 0.6543203125 0.7013890625 0.6578484375 0.6959328125 0.6618171875 0.6946921875 0.664021875 0.6879953125 0.67813125 0.6852671875 0.679453125 0.6795640625 0.6820984375 0.676090625 0.6851859375 0.674603125 0.6887125 0.6681546875 0.693121875 0.665178125 0.6966484375 0.6564984375 0.7094359375 0.6540171875 0.717371875 0.6361609375 0.7178125 0.6307046875 0.726190625 0.6220234375 0.7275125 0.6029265625 0.7306 0.601190625 0.735890625 0.5947421875 0.73941875 0.5939984375 0.741621875 0.5915171875 0.745590625 0.580109375 0.744709375 0.57415625 0.7477953125 0.57266875 0.7482359375 0.5627484375 0.7469140625 0.5602671875 0.7477953125 0.559028125 0.7517640625 0.559028125 0.75573125 0.5575390625 0.754409375 0.5520828125 0.760140625 0.5384421875 0.763228125 0.5369546875 0.764109375 0.5287703125 0.769840625 0.521825 0.772928125 0.5057046875 0.7711640625 0.4771828125 0.7671953125 0.47420625 0.764109375 0.4692453125 0.7610234375 0.4682546875 0.758378125 0.460565625 0.7574953125 0.454365625 0.7597 0.44295625 0.754409375 0.415921875 0.749559375 0.4072421875 0.7477953125 0.3901296875 0.741621875 0.38194375 0.740740625 0.3764875 0.73545 0.3727671875 0.7323640625 0.367559375 0.727071875 0.3643359375 0.72575 0.3611109375 0.7244265625 0.36011875 0.7200171875 0.3603671875 0.7151671875 0.353421875 0.708553125 0.3514390625 0.7045859375 0.3516859375 0.7010578125 0.350446875 0.6935625 0.34995 0.6865078125 0.3514390625 0.609346875 0.3390375 0.607584375 0.337053125 0.583775 0.3358140625 0.565696875 0.3373015625 0.56040625 0.336309375 0.551146875 0.3365578125 0.543209375 0.337796875 0.5251328125 0.34375 0.508378125 0.3454859375 0.4806 0.3544140625 0.4351859375 0.365575 0.4312171875 0.3685515625 0.4272484375 0.3688 0.4223984375 0.3725203125 0.4078484375 0.377728125 0.4043203125 0.3759921875 0.400353125 0.376240625 0.39594375 0.376984375 0.390653125 0.3797125 0.3844796875 0.3807046875 0.37654375 0.38665625 0.369046875 0.3891375 0.3664015625 0.3921125 0.362434375 0.3938484375 0.3571421875 0.3936015625 0.348765625 0.3978171875 0.33950625 0.400296875 0.3320109375 0.4060015625 0.3223109375 0.4084828125 0.316578125 0.4139390625 0.305996875 0.4193953125 0.3046734375 0.4223703125 0.29761875 0.4270828125 0.2813046875 0.4350203125 0.2791 0.4342765625 0.27336875 0.4379953125 0.2667546875 0.439484375 0.2623453125 0.4454359375 0.2517640625 0.4516375 0.2420640625 0.459821875 0.231921875 0.4662703125 0.2323640625 0.46800625 0.235890625 0.4685015625 0.2385359375 0.470734375 0.2283953125 0.4739578125 0.2200171875 0.48363125 0.2138453125 0.486359375 0.197090625 0.5004953125 0.170634375 0.529265625 0.1719578125 0.5310015625 0.1578484375 0.5491078125 0.1569671875 0.553571875 0.1543203125 0.5563 0.1543203125 0.5610125 0.146384375 0.5796125 0.146384375 0.5845734375 0.151234375 0.59375 0.146384375 0.6111109375 0.151234375 0.636409375 0.1494703125 0.6619546875 0.155203125 0.669890625 0.156084375 0.677828125 0.1596125 0.6825390625
0 0.146825 0.294146875 0.15564375 0.29761875 0.1741625 0.3018359375 0.2112 0.3053078125 0.2522046875 0.305059375 0.268078125 0.30381875 0.27336875 0.30233125 0.292328125 0.3018359375 0.2985015625 0.303571875 0.3209875 0.305059375 0.333775 0.3045640625 0.339946875 0.30555625 0.420634375 0.3063 0.4497359375 0.30555625 0.4977953125 0.3063 0.5440921875 0.302828125 0.598765625 0.29613125 0.619046875 0.28670625 0.623015625 0.2829859375 0.6102296875 0.2790171875 0.6111109375 0.274553125 0.614196875 0.271578125 0.618165625 0.2728171875 0.6199296875 0.272321875 0.6203703125 0.2671125 0.6305109375 0.2666171875 0.6305109375 0.25 0.6203703125 0.228421875 0.5917109375 0.2033734375 0.5877421875 0.2016375 0.58465625 0.196925 0.5789234375 0.194196875 0.5736328125 0.188740625 0.5273375 0.157490625 0.5202828125 0.1552578125 0.4603171875 0.12574375 0.4514984375 0.1227671875 0.4492953125 0.1192953125 0.4404765625 0.116071875 0.4320984375 0.110615625 0.420634375 0.1071421875 0.4144625 0.103421875 0.406084375 0.1014390625 0.3941796875 0.095734375 0.37654375 0.0927578125 0.3708109375 0.087796875 0.3597890625 0.086309375 0.3456796875 0.08209375 0.3417109375 0.0798609375 0.2791 0.0629953125 0.2671953125 0.0620046875 0.2385359375 0.05555625 0.1715171875 0.050346875 0.1574078125 0.0505953125 0.1353609375 0.048115625 0.1018515625 0.0466265625 0.07980625 0.048115625 0.0639328125 0.0478671875 0.0507046875 0.04613125 0.037478125 0.046875 0.032628125 0.049603125 0.0176359375 0.05233125 0.01366875 0.051090625 0.0070546875 0.051090625 0.0026453125 0.05555625 0.0022046875 0.2829859375 0.005290625 0.2857140625 0.027778125 0.2876984375 0.076278125 0.2876984375 0.079365625 0.288690625 0.0965609375 0.2891859375 0.09920625 0.290178125 0.123015625 0.2904265625 0.12654375 0.2919140625 0.146825 0.294146875
0 0.8853609375 0 0.8522921875 0.017609375 0.8328921875 0.03125 0.826278125 0.037946875 0.8139328125 0.0446421875 0.8090828125 0.051090625 0.7910046875 0.0654765625 0.7848328125 0.074653125 0.7751328125 0.080853125 0.760140625 0.10069375 0.75573125 0.103421875 0.7438265625 0.1188 0.74118125 0.127728125 0.7341265625 0.134671875 0.731921875 0.14136875 0.7244265625 0.1515375 0.712521875 0.17733125 0.7059078125 0.19766875 0.702821875 0.219990625 0.7032625 0.240575 0.7063484375 0.2485125 0.712521875 0.2571921875 0.7244265625 0.2651296875 0.7341265625 0.2687671875 0.7345671875 0.27256875 0.7389765625 0.2795140625 0.7597 0.280009375 0.763228125 0.2790171875 0.764990625 0.275296875 0.768959375 0.27430625 0.7791 0.2740578125 0.7852734375 0.27256875 0.7945328125 0.27505 0.7958546875 0.2728171875 0.8033515625 0.271825 0.8112875 0.2673609375 0.8179015625 0.2658734375 0.8602296875 0.2509921875 0.8650796875 0.2504953125 0.8756609375 0.243303125 0.8880078125 0.237103125 0.89594375 0.2358625 0.8994703125 0.230903125 0.9047625 0.2279265625 0.9118171875 0.2259421875 0.9210765625 0.2197421875 0.9276890625 0.2185015625 0.9316578125 0.2155265625 0.9373890625 0.215278125 0.93959375 0.2182546875 0.944003125 0.2162703125 0.9457671875 0.212796875 0.9510578125 0.211309375 0.9550265625 0.2115578125 0.958553125 0.2140375 0.96208125 0.212796875 0.9638453125 0.2095734375 0.96693125 0.2088296875 0.962521875 0.207340625 0.962521875 0.2048609375 0.9678125 0.20386875 0.971340625 0.2006453125 0.981921875 0.195684375 0.9903 0.196428125 0.9938265625 0.194940625 0.9969140625 0.1875 0.9973546875 0.176984375 0.999559375 0.1748515625 0.9969140625 0.1713796875 0.9969140625 0.1537703125 0.99426875 0.1436015625 0.99515 0.1297125 0.9982359375 0.1212796875 0.999559375 0.1212796875 0.999559375 0.09375 0.9969140625 0.0920140625 0.9964734375 0.072171875 0.9929453125 0.0634921875 0.994709375 0.0615078125 0.99426875 0.0540671875 0.9969140625 0.0505953125 0.999559375 0.0500984375 0.999559375 0.0404265625 0.9973546875 0.03993125 0.995590625 0.0267859375 0.9973546875 0.013640625 0.9969140625 0 0.8853609375 0
0 0 0.6088796875 0.0026453125 0.61244375 0.0030859375 0.6783234375 0.00573125 0.6865078125 0.0877421875 0.677828125 0.0956796875 0.678075 0.1009703125 0.67584375 0.1022921875 0.673859375 0.123015625 0.6733625 0.1349203125 0.6703875 0.1388890625 0.66790625 0.142415625 0.662203125 0.141534375 0.6572421875 0.1450625 0.654265625 0.1450625 0.646825 0.147265625 0.6401296875 0.14594375 0.6264875 0.141975 0.6227671875 0.14109375 0.6188 0.14109375 0.6098703125 0.146825 0.596478125 0.141975 0.5866078125 0.1582890625 0.544146875 0.164021875 0.53745 0.16534375 0.5295140625 0.1684296875 0.52505 0.1865078125 0.508928125 0.1909171875 0.50074375 0.2050265625 0.4890875 0.2151671875 0.4826390625 0.221340625 0.4751984375 0.2244265625 0.4685015625 0.2477953125 0.450396875 0.2522046875 0.4486609375 0.25881875 0.443453125 0.2610234375 0.4389875 0.2694 0.435515625 0.2711640625 0.4313 0.2671953125 0.42881875 0.264109375 0.4241078125 0.2522046875 0.4196421875 0.2433859375 0.41493125 0.24118125 0.41245 0.239859375 0.404265625 0.2323640625 0.400296875 0.2226625 0.3983140625 0.2089953125 0.3908734375 0.2041453125 0.3903765625 0.1887125 0.3859125 0.1816578125 0.3812 0.1776890625 0.373015625 0.1728390625 0.3717765625 0.1631390625 0.36631875 0.1569671875 0.3616078125 0.1538796875 0.357390625 0.1437390625 0.355159375 0.1261015625 0.3484625 0.1146390625 0.3469734375 0.098325 0.3467265625 0.083775 0.34300625 0.005290625 0.33978125 0 0.341021875 0 0.351190625 0.0022046875 0.3516859375 0.0022046875 0.35540625 0 0.355903125 0 0.3578875 0.0026453125 0.361234375 0.0022046875 0.3643359375 0 0.36483125 0 0.366071875 0.0022046875 0.3665671875 0.0022046875 0.387153125 0 0.3876484375 0 0.3888890625 0.0030859375 0.391865625 0.0026453125 0.394096875 0 0.3955859375 0.0026453125 0.4072421875 0.0022046875 0.4265875 0 0.42733125 0 0.4337796875 0.0022046875 0.4342765625 0.0026453125 0.43824375 0.0013234375 0.4427078125 0 0.4427078125 0 0.4717265625 0.0017640625 0.4719734375 0.0022046875 0.4737109375 0.0017640625 0.4751984375 0 0.475446875 0 0.4875984375 0.0022046875 0.48834375 0 0.4923109375 0 0.5037203125 0.0022046875 0.5047125 0.0030859375 0.512896875 0 0.5186015625 0 0.52256875 0.0022046875 0.523065625 0.0026453125 0.537946875 0.0022046875 0.543403125 0 0.544146875 0 0.54613125 0.0022046875 0.546875 0.0026453125 0.5553078125 0.0026453125 0.6009421875 0.0013234375 0.6044140625 0 0.6044140625 0 0.6088796875
0 0.3046734375 0.9516375 0.305996875 0.9481640625 0.31040625 0.946428125 0.3183421875 0.9352671875 0.329365625 0.9047625 0.326278125 0.856646875 0.3223109375 0.8454859375 0.3183421875 0.8432546875 0.3143734375 0.8435015625 0.3051140625 0.84920625 0.3015875 0.8501984375 0.2945328125 0.84995 0.2905640625 0.847965625 0.2843921875 0.841765625 0.2795421875 0.81795625 0.2711640625 0.8134921875 0.2579359375 0.810515625 0.25573125 0.8045640625 0.2530859375 0.805059375 0.2477953125 0.798859375 0.2438265625 0.801090625 0.2403 0.79761875 0.2376546875 0.7983625 0.23545 0.8015875 0.23545 0.8053078125 0.2372140625 0.806546875 0.23633125 0.8107640625 0.2288359375 0.8122515625 0.2244265625 0.8120046875 0.2204578125 0.8139875 0.226190625 0.82118125 0.22575 0.82266875 0.2204578125 0.8224203125 0.2178125 0.823909375 0.21208125 0.82415625 0.197090625 0.8278765625 0.1887125 0.831596875 0.1675484375 0.837796875 0.16049375 0.8415171875 0.152115625 0.8420140625 0.1485890625 0.8412703125 0.146384375 0.8469734375 0.1402109375 0.84771875 0.1349203125 0.8501984375 0.127865625 0.85069375 0.09435625 0.8712796875 0.0881828125 0.87896875 0.07980625 0.8812 0.0776015625 0.884425 0.07010625 0.8901296875 0.0674609375 0.8943453125 0.055996875 0.9040171875 0.057759375 0.9084828125 0.046296875 0.9181546875 0.0467375 0.9221234375 0.0321875 0.9508921875 0.037478125 0.9536203125 0.037478125 0.957340625 0.032628125 0.959821875 0.0304234375 0.962796875 0.0308640625 0.9764390625 0.02821875 0.990328125 0.0370375 0.997271875 0.037478125 0.9997515625 0.2671953125 0.9997515625 0.272928125 0.9868546875 0.2817453125 0.9751984375 0.2870375 0.9704859375 0.291446875 0.96329375 0.3046734375 0.9516375
0 0.5216046875 0.9379953125 0.5251328125 0.9446921875 0.5313046875 0.9481640625 0.538359375 0.949653125 0.5537921875 0.9556046875 0.5564375 0.95858125 0.561728125 0.9608140625 0.57980625 0.96329375 0.585096875 0.96800625 0.589946875 0.9697421875 0.6194890625 0.9704859375 0.6340390625 0.976190625 0.6631390625 0.9764390625 0.67019375 0.97891875 0.6772484375 0.9799109375 0.75573125 0.9811515625 0.7707234375 0.9771828125 0.7870375 0.9759421875 0.810846875 0.9697421875 0.8187828125 0.9697421875 0.833775 0.9677578125 0.843915625 0.9630453125 0.84920625 0.96180625 0.8549375 0.9583328125 0.8650796875 0.95709375 0.869046875 0.955109375 0.8800703125 0.9528765625 0.90564375 0.9392359375 0.9320984375 0.923115625 0.9360671875 0.921875 0.9387125 0.9193953125 0.967371875 0.90699375 0.994709375 0.888640625 0.999559375 0.8772328125 0.9973546875 0.876240625 0.99603125 0.87103125 0.9969140625 0.7835640625 0.999559375 0.7802578125 0.9969140625 0.7673609375 0.9938265625 0.7651296875 0.90564375 0.766865625 0.860846875 0.765625 0.8328921875 0.7641375 0.802909375 0.7576890625 0.78306875 0.756696875 0.7702828125 0.758184375 0.7522046875 0.7552078125 0.739859375 0.757440625 0.697090625 0.7576890625 0.689153125 0.759425 0.6578484375 0.7619046875 0.6344796875 0.7666171875 0.6247796875 0.769096875 0.6159609375 0.77505 0.6150796875 0.7775296875 0.6106703125 0.7767859375 0.6097890625 0.779265625 0.612875 0.7834828125 0.608465625 0.7859625 0.6009703125 0.794146875 0.597884375 0.8005953125 0.5952375 0.8015875 0.5917109375 0.801090625 0.585096875 0.8087796875 0.584215625 0.814484375 0.5806875 0.81944375 0.5758375 0.82266875 0.561728125 0.8271328125 0.5582015625 0.8338296875 0.5551140625 0.835565625 0.551146875 0.8412703125 0.5449734375 0.8435015625 0.5405640625 0.8435015625 0.52425 0.8578875 0.5070546875 0.866815625 0.5022046875 0.87103125 0.4788359375 0.8759921875 0.462521875 0.8874015625 0.462521875 0.889384375 0.4695765625 0.8963296875 0.4731046875 0.898065625 0.4731046875 0.904265625 0.4783953125 0.9099703125 0.481921875 0.91245 0.4969140625 0.9186515625 0.5 0.92881875 0.5171953125 0.9372515625 0.5216046875 0.9379953125
0 0.6856265625 0.757440625 0.6992953125 0.7552078125 0.7248671875 0.755953125 0.731040625 0.7549609375 0.73633125 0.7562 0.7420640625 0.7537203125 0.7469140625 0.7529765625 0.763228125 0.754215625 0.768078125 0.7564484375 0.788359375 0.7552078125 0.80246875 0.7564484375 0.8368609375 0.762896875 0.853175 0.7641375 0.869046875 0.7633921875 0.872134375 0.76165625 0.8796296875 0.751984375 0.890653125 0.742559375 0.8990296875 0.7299109375 0.9074078125 0.7095734375 0.9122578125 0.677828125 0.9118171875 0.669146875 0.901675 0.653521875 0.8994703125 0.6463296875 0.89594375 0.6436015625 0.892415625 0.6428578125 0.887565625 0.646578125 0.87654375 0.650296875 0.8747796875 0.6532734375 0.8619921875 0.65699375 0.852734375 0.6564984375 0.8373015625 0.660465625 0.8139328125 0.6688984375 0.793209375 0.671875 0.7751328125 0.6803078125 0.76851875 0.6850203125 0.7389765625 0.690228125 0.7239859375 0.688740625 0.7103171875 0.6912203125 0.701940625 0.6904765625 0.6816578125 0.6932046875 0.6715171875 0.69618125 0.6693125 0.6974203125 0.6569671875 0.716021875 0.641975 0.720734375 0.6393296875 0.7244546875 0.630953125 0.728421875 0.6150796875 0.7428078125 0.6111109375 0.7442953125 0.6097890625 0.7482640625 0.6053796875 0.751984375 0.6062609375 0.7557046875 0.613315625 0.7584328125 0.61860625 0.7631453125 0.622575 0.76488125 0.637565625 0.7646328125 0.6525578125 0.7606640625 0.6807765625 0.7571921875 0.6856265625 0.757440625
0 0.2751328125 0.430803125 0.278659375 0.431546875 0.282628125 0.430803125 0.2958546875 0.4241078125 0.3033515625 0.41790625 0.3134921875 0.4119546875 0.3187828125 0.40625 0.3417109375 0.3955859375 0.349646875 0.3936015625 0.367725 0.38665625 0.3738984375 0.38368125 0.3787484375 0.3794640625 0.38624375 0.376240625 0.4087296875 0.3725203125 0.4210765625 0.3692953125 0.430334375 0.3638390625 0.443121875 0.3588796875 0.453703125 0.3578875 0.4589953125 0.3556546875 0.52821875 0.3387890625 0.533509375 0.3390375 0.5546734375 0.33358125 0.5582015625 0.331596875 0.5687828125 0.3328375 0.584215625 0.3298609375 0.5370375 0.31646875 0.5308640625 0.3172125 0.514109375 0.315228125 0.50485 0.3120046875 0.49426875 0.3102671875 0.43783125 0.3107640625 0.4316578125 0.3095234375 0.4272484375 0.3107640625 0.41534375 0.3092765625 0.4122578125 0.3102671875 0.3999125 0.309771875 0.39594375 0.3115078125 0.3844796875 0.3095234375 0.3800703125 0.310515625 0.3703703125 0.3095234375 0.3646390625 0.3102671875 0.34435625 0.3100203125 0.3373015625 0.309028125 0.3187828125 0.3102671875 0.30555625 0.309771875 0.3033515625 0.310515625 0.297178125 0.309028125 0.2945328125 0.305059375 0.2910046875 0.306546875 0.286596875 0.3063 0.2773375 0.308284375 0.2707234375 0.30704375 0.264109375 0.309028125 0.2517640625 0.3087796875 0.2482359375 0.3110125 0.244709375 0.3100203125 0.2275125 0.3100203125 0.2032625 0.3125 0.197090625 0.3115078125 0.189153125 0.3122515625 0.1816578125 0.3102671875 0.179453125 0.3060515625 0.1772484375 0.30555625 0.1732796875 0.306546875 0.164021875 0.3025796875 0.1591703125 0.30233125 0.146825 0.298859375 0.137125 0.298859375 0.130953125 0.296875 0.1194890625 0.2951390625 0.102734375 0.2946421875 0.1000875 0.295634375 0.1000875 0.2998515625 0.109346875 0.3075390625 0.1102296875 0.3189484375 0.1194890625 0.3256453125 0.1291890625 0.3298609375 0.130953125 0.3390375 0.18474375 0.38194375 0.1935625 0.3856640625 0.2014984375 0.3874015625 0.2751328125 0.430803125
0 0.58465625 0.325396875 0.5877421875 0.32738125 0.5917109375 0.32738125 0.5956796875 0.3303578125 0.6450625 0.3405265625 0.655203125 0.34375 0.6578484375 0.3459828125 0.665784375 0.3442453125 0.6776890625 0.33978125 0.6887125 0.3338296875 0.6851859375 0.321428125 0.6820984375 0.319196875 0.6763671875 0.310515625 0.646825 0.2958828125 0.6300703125 0.2891859375 0.623015625 0.2876984375 0.608025 0.2951390625 0.5864203125 0.301090625 0.5321875 0.3063 0.53306875 0.3107640625 0.5467375 0.3122515625 0.5507046875 0.3142359375 0.5546734375 0.318453125 0.55731875 0.3187 0.5612875 0.3174609375 0.5643734375 0.319940625 0.5767203125 0.3229171875 0.580246875 0.3249015625 0.58465625 0.325396875
0 0.9903 0.3172125 0.9973546875 0.3110125 0.999559375 0.3107640625 0.999559375 0.22891875 0.9977953125 0.22891875 0.9973546875 0.230159375 0.9880953125 0.23511875 0.9783953125 0.2435515625 0.9739859375 0.2497515625 0.962521875 0.259671875 0.942240625 0.2822421875 0.9263671875 0.305059375 0.9210765625 0.3177078125 0.920634375 0.3271328125 0.925484375 0.330853125 0.9241625 0.3325890625 0.920634375 0.3338296875 0.9276890625 0.337053125 0.9356265625 0.3358140625 0.947971875 0.3298609375 0.9589953125 0.3286203125 0.9744265625 0.3244046875 0.9903 0.3172125
0 0.999559375 0.3283734375 0.99603125 0.326884375 0.9929453125 0.326884375 0.96693125 0.336309375 0.9594359375 0.3427578125 0.9462078125 0.3454859375 0.9453265625 0.3489578125 0.9409171875 0.353421875 0.952821875 0.355903125 0.953703125 0.357390625 0.9589953125 0.359375 0.9704578125 0.3616078125 0.981921875 0.3608625 0.985890625 0.362103125 0.999559375 0.361359375 0.999559375 0.3283734375
0 0.5348328125 0 0.5158734375 0.013640625 0.51058125 0.02108125 0.510140625 0.0411703125 0.52425 0.0763890625 0.5273375 0.080109375 0.52821875 0.084078125 0.5542328125 0.1150796875 0.57980625 0.1388890625 0.585096875 0.1421125 0.5877421875 0.1463296875 0.5925921875 0.148809375 0.5974421875 0.1545140625 0.6402109375 0.1857640625 0.6477078125 0.1889875 0.650353125 0.191715625 0.6569671875 0.194940625 0.664021875 0.1966765625 0.666225 0.1999015625 0.669753125 0.1999015625 0.67504375 0.2036203125 0.6851859375 0.206596875 0.6904765625 0.210565625 0.7010578125 0.212053125 0.706790625 0.1865078125 0.72575 0.144840625 0.73545 0.13045625 0.7403 0.1264875 0.74118125 0.122271875 0.778659375 0.076884375 0.78306875 0.074653125 0.7958546875 0.058284375 0.8042328125 0.052828125 0.80731875 0.0483625 0.8139328125 0.045634375 0.8187828125 0.039434375 0.825396875 0.03670625 0.8377421875 0.0248015625 0.8461203125 0.022321875 0.8509703125 0.0173609375 0.8597890625 0.0131453125 0.868165625 0.00694375 0.876984375 0.00545625 0.88139375 0.001984375 0.88139375 0 0.5348328125 0
0 0 0.7651296875 0.005290625 0.7728171875 0.024690625 0.7762890625 0.03306875 0.7767859375 0.112434375 0.79290625 0.1538796875 0.798115625 0.1772484375 0.7978671875 0.18474375 0.79613125 0.19268125 0.7971234375 0.198853125 0.7963796875 0.21693125 0.7919140625 0.2232515625 0.785465625 0.2323640625 0.7849703125 0.241621875 0.7891859375 0.2438265625 0.7896828125 0.245590625 0.7889390625 0.2469140625 0.787203125 0.245590625 0.783234375 0.23633125 0.7802578125 0.2323640625 0.7740578125 0.2244265625 0.767609375 0.2182546875 0.7651296875 0.2089953125 0.7495046875 0.2006171875 0.747271875 0.1856265625 0.7306546875 0.179453125 0.726934375 0.1776890625 0.72495 0.1772484375 0.7189984375 0.1715171875 0.7155265625 0.1631390625 0.7041171875 0.1618171875 0.6981640625 0.1574078125 0.6966765625 0.1547625 0.6892359375 0.150353125 0.68675625 0.14594375 0.680803125 0.1300703125 0.6770828125 0.1119921875 0.6768359375 0.0260140625 0.6813 0.0211640625 0.680803125 0.0167546875 0.68204375 0.013228125 0.681546875 0.00573125 0.68353125 0.0030859375 0.6852671875 0.0022046875 0.6932046875 0 0.6937 0 0.7651296875
0 0 0.953125 0.0013234375 0.953125 0.00396875 0.976934375 0.0022046875 0.982390625 0.0035265625 0.9866078125 0.00573125 0.98834375 0.0114640625 0.9873515625 0.014109375 0.987846875 0.0158734375 0.99131875 0.0220453125 0.993303125 0.0251328125 0.99305625 0.0268953125 0.9915671875 0.0268953125 0.9853671875 0.0295421875 0.9796625 0.02821875 0.966021875 0.0352734375 0.959325 0.0357140625 0.9508921875 0.0405640625 0.9419640625 0.041446875 0.9350203125 0.0502640625 0.9169140625 0.0630515625 0.8998015625 0.07186875 0.892609375 0.0758375 0.8869046875 0.1106703125 0.862103125 0.1199296875 0.85863125 0.1432984375 0.8459828125 0.156525 0.8415171875 0.1631390625 0.837796875 0.151234375 0.8365578125 0.13624375 0.83755 0.047178125 0.8494546875 0.0418875 0.851190625 0.0260140625 0.8529265625 0.01366875 0.8556546875 0.0026453125 0.8608625 0.0022046875 0.8702875 0 0.870784375 0 0.953125
0 0.7711640625 0.9799109375 0.7658734375 0.9821421875 0.6710765625 0.980159375 0.6618171875 0.9764390625 0.6349203125 0.976190625 0.626984375 0.97495 0.622575 0.972221875 0.619046875 0.971478125 0.58950625 0.969990625 0.5758375 0.9630453125 0.556878125 0.959078125 0.548059375 0.953125 0.53395 0.9501484375 0.528659375 0.9508921875 0.52821875 0.9630453125 0.532628125 0.9997515625 0.754409375 0.9997515625 0.758378125 0.9942953125 0.7671953125 0.9900796875 0.769840625 0.986359375 0.77425 0.9841265625 0.78306875 0.982390625 0.7791 0.9799109375 0.7711640625 0.9799109375
0 0.914021875 0.3400296875 0.916225 0.330109375 0.914021875 0.321925 0.92019375 0.318453125 0.92504375 0.3067953125 0.9356265625 0.29141875 0.9744265625 0.2502484375 0.977071875 0.24454375 0.98148125 0.2400796875 0.980159375 0.235615625 0.9779546875 0.234375 0.977071875 0.22569375 0.967371875 0.2202375 0.958553125 0.21875 0.9492953125 0.2204859375 0.906525 0.235615625 0.900353125 0.2400796875 0.825396875 0.2653765625 0.8126109375 0.27505 0.806878125 0.2829859375 0.802909375 0.294890625 0.796296875 0.2986109375 0.7945328125 0.3025796875 0.7949734375 0.3102671875 0.7998234375 0.3129953125 0.8143734375 0.3303578125 0.826278125 0.341765625 0.8606703125 0.36631875 0.8659609375 0.36631875 0.873015625 0.36334375 0.8893296875 0.353175 0.9087296875 0.3439984375 0.914021875 0.3400296875
0 0.961640625 0.3702875 0.966490625 0.369046875 0.967371875 0.3650796875 0.96605 0.3638390625 0.9603171875 0.36334375 0.958553125 0.3611109375 0.9351859375 0.357390625 0.9316578125 0.357390625 0.92504375 0.3616078125 0.9223984375 0.36483125 0.923721875 0.3883921875 0.9276890625 0.3911203125 0.9351859375 0.3928578125 0.94268125 0.3883921875 0.944003125 0.3841765625 0.9497359375 0.3807046875 0.951940625 0.376984375 0.9589953125 0.3735125 0.961640625 0.3702875
0 0.9351859375 0.5701890625 0.9400359375 0.5734125 0.951940625 0.5771328125 0.9612 0.5838296875 0.9709 0.5873015625 0.986771875 0.58829375 0.999559375 0.58680625 0.999559375 0.527034375 0.9969140625 0.5238921875 0.9969140625 0.423859375 0.995590625 0.423115625 0.9889765625 0.4236109375 0.98545 0.4255953125 0.9841265625 0.4283234375 0.985890625 0.4330359375 0.98148125 0.4379953125 0.97663125 0.4372515625 0.9704578125 0.4384921875 0.9629625 0.43824375 0.95723125 0.4392359375 0.9550265625 0.4407234375 0.952821875 0.449653125 0.9501765625 0.45386875 0.94753125 0.455109375 0.9466484375 0.459821875 0.9387125 0.466021875 0.939153125 0.4709828125 0.93474375 0.476934375 0.9312171875 0.47891875 0.929453125 0.48363125 0.9215171875 0.4938 0.919753125 0.5002484375 0.91534375 0.5017359375 0.9135796875 0.5064484375 0.910934375 0.50868125 0.9087296875 0.513640625 0.91049375 0.517609375 0.905203125 0.525296875 0.900353125 0.525296875 0.8950625 0.5290171875 0.882715625 0.5322421875 0.8752203125 0.5376984375 0.8747796875 0.552828125 0.876984375 0.5548109375 0.8805109375 0.5560515625 0.8844796875 0.5545640625 0.8888890625 0.5553078125 0.892415625 0.5577875 0.89594375 0.55853125 0.920634375 0.560515625 0.92989375 0.5687 0.9351859375 0.5701890625
0 0.88139375 0.95858125 0.876984375 0.956596875 0.8611109375 0.95858125 0.84920625 0.9635421875 0.8430328125 0.96800625 0.83675 0.9692453125 0.8099640625 0.9704859375 0.7985015625 0.9737109375 0.786596875 0.9794140625 0.7791 0.9846234375 0.7513234375 0.9967765625 0.750440625 0.9997515625 0.933421875 0.9997515625 0.933421875 0.998015625 0.9276890625 0.9935515625 0.9228390625 0.9923109375 0.914903125 0.9868546875 0.9082890625 0.978421875 0.8888890625 0.96800625 0.882275 0.9615578125 0.88139375 0.95858125
0 0.70480625 0.6608390625 0.6984125 0.6654265625 0.68474375 0.681546875 0.6812171875 0.6889875 0.68298125 0.6897328125 0.693121875 0.6889875 0.6966484375 0.6875 0.7081125 0.6884921875 0.7200171875 0.6872515625 0.7420640625 0.6877484375 0.75573125 0.6857640625 0.863315625 0.6545140625 0.867284375 0.654265625 0.872134375 0.6463296875 0.880953125 0.644840625 0.8849203125 0.6423609375 0.89594375 0.640625 0.9038796875 0.6376484375 0.91534375 0.6279765625 0.92813125 0.6227671875 0.947090625 0.60863125 0.951940625 0.6068953125 0.9589953125 0.6016859375 0.962521875 0.59449375 0.966490625 0.5920140625 0.966490625 0.587053125 0.961640625 0.586309375 0.9510578125 0.57738125 0.938271875 0.573909375 0.9351859375 0.568453125 0.9312171875 0.569940625 0.9232796875 0.5649796875 0.919753125 0.561259375 0.9078484375 0.5610125 0.9038796875 0.5592765625 0.90079375 0.5595234375 0.882275 0.532490625 0.887565625 0.530009375 0.8880078125 0.526703125 0.8977078125 0.521825 0.897265625 0.5171125 0.90079375 0.513640625 0.897265625 0.5057046875 0.8840390625 0.50396875 0.8844796875 0.4995046875 0.891534375 0.49925625 0.895503125 0.498015625 0.89594375 0.492559375 0.901675 0.49131875 0.9038796875 0.4848703125 0.9082890625 0.482390625 0.906525 0.475446875 0.9122578125 0.4732140625 0.9135796875 0.46949375 0.919753125 0.46875 0.9219578125 0.466765625 0.9219578125 0.46255 0.92019375 0.4610609375 0.9118171875 0.46006875 0.9043203125 0.45709375 0.8932984375 0.4575890625 0.8884484375 0.4553578125 0.880953125 0.45386875 0.877865625 0.454365625 0.873015625 0.4526296875 0.8417109375 0.4521328125 0.826278125 0.455109375 0.7998234375 0.462796875 0.7918875 0.4682546875 0.7791 0.4702375 0.7817453125 0.5032234375 0.777778125 0.5104171875 0.7667546875 0.5463796875 0.759259375 0.5563 0.7574953125 0.5803578125 0.749559375 0.5880453125 0.7477953125 0.59375 0.741621875 0.6029265625 0.7403 0.6108625 0.70480625 0.6608390625
0 0.98545 0.9412203125 0.97663125 0.9526296875 0.97575 0.9553578125 0.981040625 0.959821875 0.981921875 0.9677578125 0.985890625 0.97271875 0.98941875 0.9811515625 0.9925046875 0.983134375 0.999559375 0.984375 0.999559375 0.9270828125 0.9889765625 0.93353125 0.98545 0.9412203125
1 0.43959375 0.8650796875 0.4435625 0.86334375 0.444003125 0.857390625 0.43959375 0.8544140625 0.4351859375 0.855903125 0.43474375 0.860615625 0.4369484375 0.8638390625 0.43959375 0.8650796875
1 0.2751328125 0.3467265625 0.2791 0.3415171875 0.2751328125 0.339534375 0.2711640625 0.339534375 0.2694 0.3405265625 0.2694 0.345734375 0.2711640625 0.3469734375 0.2751328125 0.3467265625
1 0.7610234375 0.600446875 0.7610234375 0.5989578125 0.75881875 0.5984625 0.75396875 0.601934375 0.75573125 0.60540625 0.7579359375 0.6014390625 0.7610234375 0.600446875
1 0.9612 0.5954859375 0.9594359375 0.592509375 0.953703125 0.5907734375 0.9457671875 0.5915171875 0.943121875 0.595734375 0.943121875 0.607390625 0.9550265625 0.605159375 0.9612 0.5954859375
1 0.2138453125 0.4392359375 0.2094359375 0.4370046875 0.203703125 0.4389875 0.2010578125 0.443453125 0.2089953125 0.4466765625 0.213403125 0.444196875 0.2138453125 0.4392359375
1 0.8602296875 0.603421875 0.8655203125 0.6044140625 0.8699296875 0.603175 0.8703703125 0.59920625 0.8650796875 0.59449375 0.8606703125 0.59449375 0.857584375 0.597221875 0.8571421875 0.600446875 0.8602296875 0.603421875
1 0.4029984375 0.2549609375 0.4029984375 0.2502484375 0.400353125 0.2485125 0.396384375 0.248759375 0.3950625 0.2502484375 0.396384375 0.2571921875 0.400353125 0.258184375 0.4029984375 0.2549609375
1 0.8139328125 0.634425 0.81525625 0.630953125 0.8139328125 0.6279765625 0.8090828125 0.6279765625 0.8037921875 0.6299609375 0.8042328125 0.634671875 0.8064375 0.63665625 0.8139328125 0.634425
1 0.821428125 0.62896875 0.8236328125 0.62425625 0.8223109375 0.6212796875 0.8179015625 0.622271875 0.8143734375 0.6294640625 0.8143734375 0.6312 0.8183421875 0.6312 0.821428125 0.62896875
1 0.872575 0.6225203125 0.872575 0.623759375 0.8747796875 0.6282234375 0.8844796875 0.6307046875 0.8893296875 0.6254953125 0.88624375 0.621528125 0.8805109375 0.61805625 0.877865625 0.620784375 0.872575 0.6225203125
1 0.892415625 0.625 0.892415625 0.621528125 0.8902109375 0.6225203125 0.8897703125 0.6245046875 0.892415625 0.625
1 0.518078125 0.572171875 0.51455 0.5701890625 0.5110234375 0.57118125 0.51058125 0.576140625 0.514109375 0.5771328125 0.5171953125 0.5758921875 0.518078125 0.572171875
1 0.952821875 0.534721875 0.951940625 0.540921875 0.953703125 0.544890625 0.9554671875 0.5453875 0.9589953125 0.5443953125 0.962521875 0.540675 0.963403125 0.5357140625 0.96208125 0.5334828125 0.9589953125 0.532490625 0.9550265625 0.5327375 0.952821875 0.534721875
1 0.962521875 0.5451390625 0.96208125 0.5369546875 0.9594359375 0.5359625 0.953703125 0.5364578125 0.9510578125 0.53993125 0.9510578125 0.54613125 0.9589953125 0.5478671875 0.962521875 0.5451390625
1 0.9581125 0.52579375 0.9612 0.52728125 0.96693125 0.527034375 0.9704578125 0.5280265625 0.9739859375 0.525296875 0.9709 0.51959375 0.967371875 0.5173609375 0.9656078125 0.513640625 0.9589953125 0.513640625 0.9581125 0.52579375
1 0.8937390625 0.5208328125 0.892415625 0.5181046875 0.8897703125 0.516865625 0.880953125 0.516865625 0.877425 0.5205859375 0.8805109375 0.528521875 0.892415625 0.52579375 0.8937390625 0.5208328125
1 0.8452375 0.498015625 0.8403875 0.4975203125 0.8373015625 0.498759375 0.8373015625 0.503471875 0.8421515625 0.5049609375 0.8456796875 0.5022328125 0.8452375 0.498015625
1 0.966490625 0.4484125 0.95723125 0.4513890625 0.9563484375 0.4640375 0.957671875 0.4657734375 0.9629625 0.46800625 0.963403125 0.466765625 0.966490625 0.4650296875 0.9700171875 0.46478125 0.97178125 0.462796875 0.9726625 0.451140625 0.9709 0.4494046875 0.966490625 0.4484125
1 0.8602296875 0.568453125 0.8650796875 0.570684375 0.86860625 0.5704359375 0.872134375 0.5669640625 0.8712515625 0.56175625 0.8646390625 0.5602671875 0.85890625 0.5629953125 0.858025 0.564484375 0.8602296875 0.568453125
1 0.86860625 0.544146875 0.8655203125 0.5419140625 0.8606703125 0.544146875 0.864196875 0.552828125 0.869046875 0.5545640625 0.8708109375 0.5483625 0.86860625 0.544146875
1 0.7768953125 0.9188984375 0.783509375 0.919146875 0.7861546875 0.9174109375 0.786596875 0.9154265625 0.782628125 0.9112109375 0.774690625 0.9114578125 0.7724875 0.9141859375 0.772928125 0.9171625 0.7768953125 0.9188984375
1 0.8280421875 0.6634421875 0.83465625 0.6634421875 0.858465625 0.6584828125 0.8606703125 0.6540171875 0.8571421875 0.650296875 0.8522921875 0.650296875 0.8306875 0.657490625 0.8258375 0.662203125 0.8280421875 0.6634421875
1 0.9484125 0.8588796875 0.953703125 0.8576390625 0.9559078125 0.853421875 0.9541453125 0.8521828125 0.9466484375 0.850446875 0.94268125 0.850446875 0.9409171875 0.8521828125 0.943121875 0.858134375 0.9484125 0.8588796875
1 0.62345625 0.784721875 0.6344796875 0.787203125 0.642415625 0.7869546875 0.64594375 0.7859625 0.6481484375 0.7837296875 0.647265625 0.7797625 0.642415625 0.77579375 0.63139375 0.777034375 0.62169375 0.782490625 0.62345625 0.784721875
1 0.75396875 0.6557546875 0.759259375 0.6577375 0.763228125 0.6567453125 0.7671953125 0.6540171875 0.76851875 0.6505453125 0.7671953125 0.6470734375 0.759259375 0.6463296875 0.754409375 0.647321875 0.7530859375 0.6485609375 0.75396875 0.6557546875
1 0.8646390625 0.6552578125 0.87654375 0.652778125 0.8796296875 0.650296875 0.88139375 0.6463296875 0.877865625 0.6436015625 0.873015625 0.643353125 0.8650796875 0.64756875 0.8606703125 0.6540171875 0.8646390625 0.6552578125
1 0.892415625 0.4967765625 0.8884484375 0.495784375 0.8840390625 0.498015625 0.881834375 0.501984375 0.8844796875 0.5029765625 0.890653125 0.501984375 0.892415625 0.4967765625
1 0.8840390625 0.9317953125 0.887565625 0.9342765625 0.892415625 0.9350203125 0.895503125 0.931546875 0.8946203125 0.9265875 0.892415625 0.923859375 0.885803125 0.926090625 0.8835984375 0.9275796875 0.8840390625 0.9317953125
1 0.6300703125 0.1202875 0.636684375 0.1205359375 0.6428578125 0.1232640625 0.6437390625 0.119046875 0.641975 0.1170640625 0.6380078125 0.1145828125 0.6287484375 0.1118546875 0.627865625 0.116071875 0.6300703125 0.1202875
1 0.6432984375 0.0567953125 0.6481484375 0.0575390625 0.655203125 0.0560515625 0.656084375 0.0525796875 0.652115625 0.0505953125 0.64594375 0.0500984375 0.6428578125 0.0515875 0.641975 0.0553078125 0.6432984375 0.0567953125
1 0.5352734375 0.826140625 0.536596875 0.8311015625 0.5410046875 0.8311015625 0.5489421875 0.8330859375 0.5542328125 0.830109375 0.5542328125 0.8256453125 0.55246875 0.823909375 0.5449734375 0.8216765625 0.5370375 0.822171875 0.5352734375 0.826140625
1 0.962521875 0.5744046875 0.9682546875 0.571925 0.9704578125 0.5696921875 0.9695765625 0.5615078125 0.966490625 0.5595234375 0.9510578125 0.5602671875 0.9501765625 0.561259375 0.9501765625 0.57266875 0.962521875 0.5744046875
1 0.966490625 0.8645828125 0.975309375 0.8616078125 0.9792765625 0.855159375 0.9783953125 0.84995 0.9744265625 0.850446875 0.9700171875 0.8529265625 0.963403125 0.8591265625 0.9629625 0.8616078125 0.966490625 0.8645828125
1 0.626984375 0.069940625 0.630953125 0.0657234375 0.630953125 0.0627484375 0.62654375 0.0607640625 0.62169375 0.06324375 0.6212515625 0.0682046875 0.623015625 0.069940625 0.626984375 0.069940625
1 0.9977953125 0.06646875 0.9964734375 0.07118125 0.9973546875 0.0724203125 0.999559375 0.0724203125 0.999559375 0.06646875 0.9977953125 0.06646875
1 0.589946875 0.0647328125 0.5961203125 0.0639875 0.598765625 0.060515625 0.5952375 0.055803125 0.5877421875 0.0533234375 0.583775 0.055803125 0.5828921875 0.0580359375 0.583775 0.0639875 0.589946875 0.0647328125
1 0.4466484375 0.821925 0.4462078125 0.8258921875 0.4545859375 0.830109375 0.463403125 0.830109375 0.4656078125 0.8182046875 0.4612 0.8157234375 0.4594359375 0.8102671875 0.457671875 0.810515625 0.4581125 0.8147328125 0.4510578125 0.815971875 0.4466484375 0.821925
1 0.7658734375 0 0.7658734375 0.0017359375 0.759259375 0.0047125 0.759259375 0.009425 0.7614640625 0.012153125 0.7663140625 0.0141375 0.7724875 0.0141375 0.782628125 0.0099203125 0.7848328125 0 0.7658734375 0
1 0.9744265625 0.2110609375 0.9739859375 0.214534375 0.977071875 0.217509375 0.9823640625 0.2177578125 0.9880953125 0.2162703125 0.9938265625 0.2177578125 0.999559375 0.2083328125 0.9938265625 0.2080859375 0.990740625 0.209078125 0.981921875 0.2083328125 0.9744265625 0.2110609375
1 0.9532625 0.1540171875 0.9554671875 0.150296875 0.9501765625 0.1490578125 0.947090625 0.15005 0.943121875 0.153521875 0.9435625 0.15550625 0.9484125 0.1560015625 0.9532625 0.1540171875
1 0.6150796875 0.1165671875 0.61375625 0.1173109375 0.6115515625 0.121528125 0.607584375 0.122271875 0.6071421875 0.1232640625 0.6097890625 0.1274796875 0.6150796875 0.1302078125 0.61860625 0.13045625 0.62654375 0.1267359375 0.630953125 0.1188 0.62654375 0.1165671875 0.6150796875 0.1165671875
1 0.708553125 0.9221234375 0.7010578125 0.9186515625 0.6966484375 0.9208828125 0.6966484375 0.925346875 0.7050265625 0.92881875 0.7094359375 0.923859375 0.708553125 0.9221234375
1 0.892415625 0.5634921875 0.895503125 0.5607640625 0.8941796875 0.5587796875 0.8893296875 0.55704375 0.88315625 0.55853125 0.882715625 0.560515625 0.8884484375 0.5629953125 0.892415625 0.5634921875
1 0.6953265625 0.9997515625 0.7288359375 0.9997515625 0.727071875 0.987103125 0.7288359375 0.982390625 0.7129625 0.980159375 0.6997359375 0.980159375 0.683421875 0.9821421875 0.6953265625 0.997271875 0.6953265625 0.9997515625
1 0.9709 0.0880453125 0.9744265625 0.0900296875 0.9779546875 0.08978125 0.9806 0.08755 0.981921875 0.0828375 0.9783953125 0.0811015625 0.971340625 0.0833328125 0.9700171875 0.0838296875 0.9709 0.0880453125
1 0.857584375 0.4900796875 0.8650796875 0.4928078125 0.876984375 0.4908234375 0.877425 0.48983125 0.872134375 0.487103125 0.8655203125 0.48511875 0.8619921875 0.4861109375 0.8606703125 0.4890875 0.857584375 0.4900796875
1 0.967371875 0.3489578125 0.943121875 0.3487109375 0.939153125 0.3494546875 0.9387125 0.350446875 0.93783125 0.353421875 0.94444375 0.355903125 0.9550265625 0.3583828125 0.9594359375 0.3583828125 0.9642859375 0.361359375 0.9704578125 0.362103125 0.9735453125 0.3611109375 0.9695765625 0.3576390625 0.9704578125 0.3529265625 0.967371875 0.3489578125
1 0.65079375 0.3251484375 0.6534390625 0.32266875 0.650353125 0.3182046875 0.646384375 0.31795625 0.64109375 0.3209328125 0.64109375 0.3231640625 0.64594375 0.325396875 0.65079375 0.3251484375
1 0.5921515625 0.3291171875 0.5952375 0.3313484375 0.6058203125 0.3338296875 0.6150796875 0.3338296875 0.6146390625 0.3286203125 0.6102296875 0.3234125 0.597884375 0.320684375 0.59435625 0.321925 0.5925921875 0.32415625 0.5921515625 0.3291171875
1 0.72663125 0.025296875 0.7209 0.013640625 0.712521875 0.0126484375 0.7107578125 0.013640625 0.7094359375 0.01959375 0.7089953125 0.0260421875 0.716490625 0.0297625 0.72663125 0.025296875
1 0.9744265625 0.783978125 0.971340625 0.78670625 0.9709 0.7951390625 0.9735453125 0.7986109375 0.9783953125 0.800346875 0.9836859375 0.7998515625 0.98633125 0.798115625 0.9872140625 0.7943953125 0.990740625 0.790921875 0.9885359375 0.78670625 0.9828046875 0.783978125 0.9744265625 0.783978125
1 0.981921875 0.0560515625 0.985890625 0.05555625 0.98941875 0.053075 0.9885359375 0.048859375 0.985890625 0.0463796875 0.980159375 0.048859375 0.9775125 0.0513390625 0.9779546875 0.0540671875 0.981921875 0.0560515625
1 0.977071875 0.9521328125 0.976190625 0.9553578125 0.98148125 0.9630453125 0.981921875 0.9672625 0.9903 0.972965625 0.9929453125 0.9766859375 0.999559375 0.9786703125 0.999559375 0.94295625 0.985890625 0.943453125 0.9823640625 0.944940625 0.977071875 0.9521328125
1 0.5683421875 0.8772328125 0.5709875 0.873015625 0.5687828125 0.8697921875 0.5612875 0.8688 0.557759375 0.8712796875 0.55731875 0.876984375 0.56040625 0.8779765625 0.5683421875 0.8772328125