1 0.647036318359375 0.8220694833984376 0.638841529296875 0.8030958486328125 0.6314241259765625 0.7929938076171875 0.62349750390625 0.792578390625 0.6178776015625 0.7971405205078125 0.6150705166015625 0.7969934072265625 0.6109456181640625 0.7998689677734375 0.6092294697265624 0.8041928896484375 0.6089756396484375 0.8090362431640625 0.61138696875 0.8246166064453125 0.6142844560546875 0.8309503671875 0.6160296103515625 0.8403139091796875 0.6178251396484375 0.8439394111328125 0.62375565234375 0.872948921875 0.6274463759765625 0.8925689677734375 0.6297208203125 0.9107911005859375 0.6297769765625 0.919183666015625 0.6353975029296876 0.94464396484375 0.63822998046875 0.9474413505859375 0.6578603271484375 0.9520031005859375 0.6672939111328124 0.9520562646484375 0.6696852509765625 0.9490898515625 0.674161953125 0.934754498046875 0.6745830205078125 0.9219730810546874 0.6761450380859375 0.915873033203125 0.6767450205078125 0.904424681640625 0.67531714453125 0.8937540791015625 0.670399091796875 0.8833417939453125 0.6656065400390625 0.8799988896484375 0.656190154296875 0.8653766591796875 0.650748673828125 0.860234828125 0.6503808896484375 0.8482945283203125 0.6486357353515625 0.838930986328125 0.649137662109375 0.8341006357421875 0.647036318359375 0.8220694833984376
1 0.5122547578125 0.673718501953125 0.508096763671875 0.6677614755859375 0.5010975205078125 0.6638616943359374 0.496416099609375 0.66317512109375 0.4889321767578125 0.6685235859375 0.476686185546875 0.6842182509765625 0.476068875 0.6912502685546875 0.47950719921875 0.6967283486328125 0.481188904296875 0.7025555986328125 0.49111294921875 0.7074911220703125 0.498549109375 0.7030241787109375 0.50604880078125 0.7020919677734375 0.5085538828125 0.6969253671875 0.5111471171875 0.6948535595703125 0.512397505859375 0.6852057783203125 0.5122547578125 0.673718501953125
1 0.5402341279296875 0.4146872109375 0.5336387548828125 0.412575078125 0.53060430078125 0.4088846474609375 0.5261232958984375 0.4090910380859375 0.521565734375 0.4154753251953125 0.5132483984375 0.42254503125 0.5107878779296875 0.4268315068359375 0.5080981474609375 0.435521396484375 0.5066862529296875 0.4482508857421875 0.5113893046875 0.4674827568359375 0.519685140625 0.4608531533203125 0.535900173828125 0.4405098408203125 0.54369981640625 0.4338542333984375 0.5456641435546875 0.42954175390625 0.5455617841796875 0.4220307900390625 0.5402341279296875 0.4146872109375
1 0.4979822685546875 0.9365598779296875 0.498507255859375 0.931289505859375 0.4953171103515625 0.9258228671875 0.4913306572265625 0.926056740234375 0.4885774775390625 0.931210337890625 0.48827752734375 0.9369337333984376 0.4904537841796875 0.9427884658203125 0.4941459375 0.943423193359375 0.4979822685546875 0.9365598779296875
1 0.544782982421875 0.5032294365234375 0.5481246796875 0.4963401982421875 0.546506505859375 0.4940476796875 0.5425431953125 0.4938399716796875 0.5410965615234375 0.497738353515625 0.540704287109375 0.5052233935546875 0.544782982421875 0.5032294365234375
1 0.943132318359375 0.171771615234375 0.93716728125 0.1529148369140625 0.9344890166015625 0.151892015625 0.922392935546875 0.155232283203125 0.9117361953125 0.159530443359375 0.894334171875 0.174070869140625 0.8944438232421875 0.17672555859375 0.890001646484375 0.1809081796875 0.8822136005859375 0.1968364765625 0.8849783759765625 0.2009555693359375 0.8960244013671875 0.20815760546875 0.903835638671875 0.2107746884765625 0.922271703125 0.21438982421875 0.930359912109375 0.21172197265625 0.932012611328125 0.2038617587890625 0.941743484375 0.184061083984375 0.943132318359375 0.171771615234375
1 0.9392036796875 0.25148149609375 0.93745279296875 0.2469743095703125 0.932552068359375 0.2409783583984375 0.9246716484375 0.2396813388671875 0.92065640234375 0.2452115888671875 0.917247083984375 0.2534209716796875 0.9161278466796875 0.26528333984375 0.916957087890625 0.2684185361328125 0.9236548203125 0.2780416318359375 0.92792819921875 0.2817969921875 0.931194900390625 0.2810857333984375 0.93685711328125 0.272551625 0.9388675615234375 0.2673591025390625 0.9392036796875 0.25148149609375
1 1 0.3250898408203125 0.9994574697265625 0.324400494140625 0.9893272275390625 0.30444140234375 0.980578576171875 0.296036076171875 0.977157580078125 0.294974330078125 0.9750836826171875 0.296630560546875 0.973707873046875 0.299207400390625 0.9735793818359375 0.311123255859375 0.976625431640625 0.324086376953125 0.9830636025390626 0.3434091806640625 0.9871580654296875 0.3458314755859375 0.998944078125 0.3389435556640625 1 0.3367212763671875 1 0.3250898408203125
1 0.8856619755859375 0.2826720849609375 0.8841129833984375 0.27905950390625 0.880289677734375 0.2762101904296875 0.8755836357421874 0.275963556640625 0.87206310546875 0.2815181689453125 0.8715149755859375 0.287230123046875 0.8725693349609375 0.29081678125 0.8774080888671875 0.2932780830078125 0.881958357421875 0.2917500693359375 0.884324994140625 0.28922515625 0.8856619755859375 0.2826720849609375
1 0.262773203125 0.6098694560546875 0.2566279033203125 0.6086633701171875 0.2498782353515625 0.6047782333984375 0.24539723046875 0.604984623046875 0.2382999306640625 0.607702841796875 0.2298902705078125 0.6165341923828125 0.227268162109375 0.6239039365234375 0.227193248046875 0.63008035546875 0.2361538291015625 0.64865289453125 0.2565817158203125 0.6806298935546875 0.2619843671875 0.6817954931640625 0.269443587890625 0.676888529296875 0.2739723564453125 0.6758006181640624 0.2776240390625 0.6724605927734375 0.2897431806640625 0.6686803037109375 0.2953130693359375 0.66190783984375 0.30003213671875 0.6524418447265625 0.2991163046875 0.6462119384765626 0.2951660185546875 0.6362916005859375 0.2826387041015625 0.6241552763671875 0.276383669921875 0.6202960625 0.2692243994140625 0.619479630859375 0.262773203125 0.6098694560546875
0 0.2789119794921875 0.4204185205078125 0.2527613046875 0.42655362109375 0.2513665244140625 0.4247156044921875 0.2397031884765625 0.4245455849609375 0.208034478515625 0.43171675 0.1967446591796875 0.4386306748046875 0.19298332421875 0.4393160107421875 0.1876037333984375 0.4377103896484375 0.181250724609375 0.440467615234375 0.1742918701171875 0.440544146484375 0.145204796875 0.436370814453125 0.1417319482421875 0.4410454658203125 0.137901349609375 0.44305242578125 0.1366105712890625 0.44872389453125 0.1353023828125 0.4499805888671875 0.13226071875 0.45114487109375 0.128932046875 0.44832148046875 0.127100431640625 0.45484862890625 0.127814369140625 0.4601839296875 0.1269546943359375 0.46234658984375 0.12715085546875 0.4680975498046875 0.121665998046875 0.4779646416015625 0.118895490234375 0.4787019052734375 0.116769576171875 0.486097654296875 0.1146033544921875 0.489515529296875 0.113422146484375 0.497843248046875 0.1070273203125 0.515609478515625 0.069034423828125 0.662411333984375 0.0667182109375 0.6781851669921874 0.0674940380859375 0.6870566787109375 0.0640254921875 0.7058602939453125 0.0620193466796875 0.7251817802734375 0.063879884765625 0.7323436552734375 0.063441408203125 0.740710298828125 0.0647984599609375 0.752702443359375 0.064358634765625 0.780052845703125 0.0695521494140625 0.8041670751953125 0.07638259375 0.8160048388671876 0.075928349609375 0.8199552294921875 0.0775465234375 0.822247748046875 0.0829808408203125 0.85123125390625 0.0848009912109375 0.85441681640625 0.087950748046875 0.8559071416015624 0.089253203125 0.859506802734375 0.0957101318359375 0.8642606220703125 0.1010766162109375 0.87558043359375 0.10298908984375 0.8770043505859375 0.1044788544921875 0.8912111640625 0.105781228515625 0.8948123857421875 0.109962283203125 0.900329390625 0.116442271484375 0.9046431884765626 0.119332466796875 0.91583322265625 0.1280523251953125 0.92953492578125 0.1312482841796875 0.9301436484375 0.13334532421875 0.9280458359375 0.1370835986328125 0.927800521484375 0.14000987890625 0.9288379052734375 0.14277317578125 0.93295535546875 0.1538495537109375 0.93486109765625 0.156643203125 0.9336822529296875 0.1572316396484375 0.9319481728515625 0.2521958720703125 0.9254452421875 0.26079604296875 0.927219646484375 0.2706392294921875 0.9242041044921875 0.292342076171875 0.9271064208984375 0.2977981416015625 0.922535705078125 0.3197490048828125 0.9254525849609375 0.3231237978515625 0.92739593359375 0.32818745703125 0.911324857421875 0.3283158662109375 0.8994105625 0.3268361376953125 0.894476357421875 0.32876580859375 0.881331208984375 0.3324536591796875 0.86783697265625 0.334619880859375 0.8644190966796875 0.3365899404296875 0.85525026171875 0.337570732421875 0.846029580078125 0.363719947265625 0.716709958984375 0.36458952734375 0.7048345068359375 0.3707032431640625 0.6782211259765625 0.3785677626953125 0.6561164921875 0.379069689453125 0.6512861416015625 0.381212931640625 0.6483067265625 0.3835695341796875 0.6365092060546875 0.3767678818359375 0.61937506640625 0.3747645947265625 0.6007259140625 0.3731232783203125 0.5988749775390625 0.34771687890625 0.5339641640625 0.3420719453125 0.5279276455078125 0.3340098681640625 0.5111686787109375 0.3332497275390625 0.50671498046875 0.328480236328125 0.5029320546875 0.325076568359375 0.5062866435546876 0.3212286416015625 0.5038772685546875 0.3145078486328125 0.4946941943359375 0.3071004814453125 0.4938647607421875 0.299993146484375 0.4873103720703125 0.2967524951171875 0.4685963720703125 0.2974836298828125 0.459362607421875 0.296182734375 0.4557630283203125 0.2977678125 0.449222958984375 0.2974793271484375 0.4452336435546875 0.2919108671875 0.4330207880859375 0.2905695830078125 0.425444896484375 0.2873793564453125 0.419979818359375 0.2789119794921875 0.4204185205078125
0 0.73148944140625 1 0.7317303828125 0.9594058681640625 0.735054669921875 0.9481018564453125 0.735741244140625 0.9397482158203125 0.7350301650390625 0.8964422763671875 0.7356244150390625 0.8898502802734375 0.7373406455078125 0.8855247978515625 0.738475650390625 0.8780786826171875 0.7394362412109375 0.831327384765625 0.7408712783203125 0.8181563134765625 0.7433836533203125 0.808133439453125 0.743573951171875 0.7997553544921875 0.7418894541015625 0.7608122626953125 0.7403636044921875 0.756758099609375 0.738073310546875 0.7341212744140625 0.73954300390625 0.7297828720703124 0.7393237001953125 0.7244734931640625 0.740251078125 0.7209891279296875 0.73928630078125 0.7015119423828124 0.7405250947265625 0.682591470703125 0.738840515625 0.643649939453125 0.7347431787109375 0.6081133623046875 0.731691478515625 0.6000050361328125 0.728408796875 0.5773162021484375 0.7293895888671875 0.568095521484375 0.7162839892578124 0.5148663662109375 0.712512537109375 0.506280654296875 0.7096741953125 0.48935422265625 0.70580894140625 0.482528513671875 0.7032417568359375 0.4651750625 0.6991299658203125 0.45833643359375 0.6966882021484375 0.4480539248046875 0.6924840869140625 0.4429769404296875 0.6886549990234375 0.425997021484375 0.6784784716796874 0.4069210927734375 0.6756632734375 0.3895530791015625 0.6719091494140625 0.3853837021484375 0.66879391796875 0.37374064453125 0.6629255078125 0.3672511845703125 0.660224181640625 0.366668384765625 0.650333232421875 0.3705654482421875 0.6272761572265625 0.3697983076171875 0.6173637080078125 0.3741354736328125 0.6011470986328125 0.32339378515625 0.5970756962890625 0.32053146875 0.5977318349609375 0.31747568359375 0.6003250693359375 0.3154038759765625 0.5966848505859375 0.3090311904296875 0.5951185302734375 0.3010022744140625 0.5907125205078125 0.295030685546875 0.58449795703125 0.2951462236328125 0.574832044921875 0.299496310546875 0.5719691318359374 0.301996779296875 0.5700048857421876 0.30630769921875 0.564642623046875 0.309118412109375 0.5165121767578125 0.3697325283203125 0.4937507646484375 0.42019794921875 0.49005287890625 0.4244195771484375 0.488313587890625 0.4291850810546875 0.4633123876953125 0.470261037109375 0.45983224609375 0.479791962890625 0.4340709873046875 0.51641266015625 0.4209465634765625 0.5488389697265625 0.41232190234375 0.5664899052734375 0.4087740576171875 0.5773425361328125 0.4055116591796875 0.5921827578125 0.40104225 0.601661837890625 0.4005172626953125 0.6069322099609376 0.393787666015625 0.6215922890625 0.392970021484375 0.627729783203125 0.3851127119140625 0.644979703125 0.3755534619140625 0.670969716796875 0.3722060322265625 0.682715310546875 0.3715440791015625 0.69062901171875 0.3665020009765625 0.7062584248046875 0.362969923828125 0.7215273076171875 0.3619676318359375 0.731188091796875 0.3530142275390625 0.759858798828125 0.3515488369140625 0.7783261650390625 0.3498499345703125 0.787067982421875 0.3417546455078125 0.8135759482421875 0.33977729296875 0.8276010576171875 0.3410278134765625 0.8369386767578125 0.3355183837890625 0.8662326689453125 0.3331732470703125 0.868317478515625 0.3291466181640625 0.88355887890625 0.3277173134765625 0.8918735947265625 0.3301129560546875 0.903036146484375 0.329812923828125 0.9087611015625 0.326596646484375 0.9227212822265625 0.326862072265625 0.9271506181640625 0.32570973828125 0.9301803994140625 0.3246596826171875 0.9407227041015624 0.3213888095703125 0.946290400390625 0.3199176865234375 0.9696141220703125 0.322232470703125 0.972825607421875 0.3221170859375 0.9750272734375 0.3200200458984375 0.9771250849609375 0.324000685546875 0.9817491279296875 0.3235680224609375 0.98525785546875 0.3251861962890625 0.987550373046875 0.3287754765625 0.99014803125 0.3409119462890625 0.9907840771484375 0.34297333203125 0.98936658203125 0.344683830078125 0.989897455078125 0.3451217939453125 0.9910047060546875 0.358000994140625 0.99167967578125 0.3585538583984375 0.9906243515625 0.450711416015625 0.9950128955078125 0.4573193828125 0.996884732421875 0.464007080078125 0.9972352197265625 0.46480648046875 0.99619281640625 0.475750146484375 0.9958838896484375 0.479610666015625 0.99805296875 0.4811527978515625 0.997049490234375 0.48486801171875 0.9972441962890625 0.4853075361328125 0.998351529296875 0.48976548046875 0.99858516015625 0.490564880859375 0.9975427568359375 0.49504588671875 0.9973363662109375 0.49824340625 0.9979451708984375 0.4986813701171875 0.999052421875 0.5167622314453125 1 0.523297107421875 1 0.5235056123046875 0.999269107421875 0.5283270390625 0.99731407421875 0.5412266494140625 1 0.73148944140625 1
0 1 0.0285890185546875 0.9773176767578124 0.02653669921875 0.9650673828125 0.02810240234375 0.93197087890625 0.024601404296875 0.8254701591796875 0.0190199384765625 0.8196636376953125 0.0160666884765625 0.8091007822265625 0.01860328515625 0.772467896484375 0.01624220703125 0.7537533818359375 0.0179103642578125 0.745999861328125 0.0236859287109375 0.7416616044921875 0.0353795947265625 0.7373810146484375 0.0364789482421875 0.7359590029296875 0.039937390625 0.7290867392578125 0.0431086328125 0.7252504091796875 0.049971947265625 0.7114481328125 0.0669103056640625 0.7085795693359375 0.0742655693359375 0.7081237646484375 0.0782158779296875 0.7029619990234375 0.0819179931640625 0.694454283203125 0.0973673447265625 0.692080353515625 0.1047485302734375 0.6873671494140625 0.1283435712890625 0.6875617509765625 0.1340944501953125 0.68959964453125 0.1425893095703125 0.69229515625 0.148030025390625 0.69965640234375 0.1497395009765625 0.704177796875 0.1535094248046875 0.7031624794921875 0.172882837890625 0.6870396376953125 0.1724791044921875 0.6832090400390625 0.174486064453125 0.67908005078125 0.182216501953125 0.677627685546875 0.1909712392578125 0.6784338662109375 0.1945464560546875 0.6817164169921875 0.1982498896484375 0.6960666240234376 0.2277006572265625 0.6986309833984375 0.230926787109375 0.7032071865234375 0.2620730341796875 0.7065689541015625 0.2737290126953125 0.7063613271484375 0.2776907626953125 0.714655734375 0.2900464794921875 0.727291140625 0.30483741015625 0.7309140302734375 0.30679376171875 0.734756224609375 0.3140594912109375 0.7562325244140625 0.3354956640625 0.7647965283203125 0.3474242802734375 0.793433740234375 0.3696754052734375 0.8035293271484375 0.380801828125 0.820399201171875 0.39537344921875 0.831267953125 0.40124094140625 0.8839904677734375 0.4472726845703125 0.900400234375 0.4516656513671875 0.9071268408203125 0.4559908095703125 0.91203477734375 0.4571320478515625 0.925489470703125 0.4657840068359375 0.956204751953125 0.4815224638671875 0.9676850830078125 0.485214294921875 0.9734726337890625 0.483752689453125 0.982049744140625 0.485967115234375 0.985626513671875 0.4888035087890625 0.9847221953125 0.4918478525390625 0.985395744140625 0.4932068408203125 0.991494923828125 0.49529296875 0.99943897265625 0.4939428154296875 1 0.4832377763671875 1 0.0285890185546875
0 0.217395138671875 0 0.217113423828125 0.0025913037109375 0.2091176201171875 0.003495951171875 0.2014794833984375 0.007069849609375 0.199360943359375 0.0096077646484375 0.1948164072265625 0.0062794228515625 0.1892522509765625 0.00819553125 0.18532941015625 0.0119625751953125 0.1789820517578125 0.009865005859375 0.1754211328125 0.0114433046875 0.176273515625 0.0141369189453125 0.1747591796875 0.019357005859375 0.1759273623046875 0.0207419169921875 0.175719654296875 0.024705228515625 0.1709560263671875 0.03505134765625 0.1583868125 0.03792558984375 0.1567571728515625 0.045345783203125 0.15429665234375 0.0496322587890625 0.1479205830078125 0.052829505859375 0.145167322265625 0.0579846630859375 0.1413367236328125 0.059991623046875 0.1364634443359375 0.0676830537109375 0.1367734296875 0.0712322666015625 0.1329833017578125 0.0772139794921875 0.125493646484375 0.087418798828125 0.1215938662109375 0.090745822265625 0.0997078974609375 0.1434648359375 0.095963890625 0.1485665068359375 0.0948750068359375 0.155132580078125 0.079849787109375 0.1954061015625 0.0777296865234375 0.1979439345703125 0.07816665234375 0.2085641708984375 0.07175871875 0.236044591796875 0.069184373046875 0.242532814453125 0.068613265625 0.2486832294921875 0.069396384765625 0.2526984677734375 0.0497198505859375 0.320103240234375 0.045273501953125 0.3291422998046875 0.0448177783203125 0.3330910478515625 0.039655931640625 0.3367947236328125 0.0384286025390625 0.3460024833984375 0.039707916015625 0.3500437265625 0.043686994140625 0.3546676875 0.04726949609375 0.352647724609375 0.0513193984375 0.3559501435546875 0.055442654296875 0.3530760625 0.0588652109375 0.3541378896484375 0.061428091796875 0.357362376953125 0.073016431640625 0.3637103759765625 0.07701865234375 0.367892755859375 0.083094771484375 0.3704189052734375 0.0858999345703125 0.378514310546875 0.08915942578125 0.3826577646484375 0.0944928134765625 0.3851449892578125 0.0970325517578125 0.3888110576171875 0.0990011826171875 0.398627541015625 0.1069913349609375 0.402577689453125 0.106783626953125 0.406541 0.1079286669921875 0.4083674931640625 0.1106299931640625 0.40895029296875 0.1146336923828125 0.413134314453125 0.127620984375 0.416463892578125 0.128606080078125 0.4213721748046875 0.130943923828125 0.424143638671875 0.15284293359375 0.432796916015625 0.1780589375 0.435002455078125 0.1873860712890625 0.4323995322265625 0.196819654296875 0.4324526953125 0.2124305341796875 0.4284141708984375 0.2254769716796875 0.4211510771484375 0.251581525390625 0.4158960205078125 0.290082111328125 0.401577298828125 0.2963024072265625 0.3966054052734375 0.300829615234375 0.3955174130859375 0.3068494951171875 0.389652556640625 0.3171428359375 0.3875415 0.321383037109375 0.382465833984375 0.32974076171875 0.37937244140625 0.3359611396484375 0.3743989873046875 0.34120949609375 0.3737915830078125 0.3464851669921875 0.3678861591796875 0.3671235390625 0.35793076953125 0.3682990146484375 0.3544594072265625 0.372827701171875 0.353373056640625 0.379365357421875 0.347092541015625 0.387746224609375 0.3435575673828125 0.39426073828125 0.3377186337890625 0.3988110068359375 0.3361906201171875 0.402531953125 0.331528970703125 0.4055274970703125 0.33124473046875 0.4195490771484375 0.3196157509765625 0.42925955078125 0.3143855400390625 0.4330051171875 0.309283951171875 0.4378265439453125 0.3073289189453125 0.4869376171875 0.2706066796875 0.492601390625 0.2620726533203125 0.4929633115234375 0.2598839072265625 0.5029465029296875 0.254226759765625 0.5087010400390625 0.243931005859375 0.5130739541015625 0.2410700087890625 0.5377678291015625 0.21057528125 0.5492265283203125 0.195721814453125 0.55098887890625 0.1905162900390625 0.555136837890625 0.187200708984375 0.566076201171875 0.1727628193359375 0.5653161416015625 0.1683075595703125 0.5632478955078125 0.1651089951171875 0.5555766630859374 0.159850306640625 0.550893681640625 0.15916365234375 0.55170710546875 0.138895634765625 0.5636878017578125 0.137757033203125 0.567121822265625 0.129106150390625 0.57147167578125 0.126685173828125 0.5724047041015625 0.118346013671875 0.571962005859375 0.1125821328125 0.5732758447265625 0.1064706435546875 0.571167208984375 0.099295765625 0.5684270546875 0.0947367333984375 0.56760346484375 0.0867467431640625 0.5371621494140625 0.0136236669921875 0.5321056513671875 0.005853068359375 0.5242729140625 0.0036760888671875 0.47176528515625 0.00092428125 0.463430064453125 0 0.217395138671875 0
1 0.2886397861328125 0.064178482421875 0.2830829228515625 0.0612383173828125 0.2747309296875 0.0594753544921875 0.2702037216796875 0.0605633466796875 0.2620463310546875 0.0645512626953125 0.2595412490234375 0.0697178623046875 0.2591590107421875 0.0864755107421875 0.2607426591796875 0.0989207607421875 0.26788308984375 0.114307736328125 0.27076325 0.1162251630859375 0.2793156572265625 0.1188810888671875 0.287069177734375 0.1131055234375 0.29045699609375 0.1053362431640625 0.2914997587890625 0.099650212890625 0.2918776953125 0.0687636005859375 0.2886397861328125 0.064178482421875
1 0.23571541796875 0.585933056640625 0.2345644326171875 0.569979080078125 0.2329304912109375 0.5632703095703125 0.228494046875 0.5625965751953125 0.220942501953125 0.5692651845703125 0.2136952919921875 0.5843378017578125 0.21011709375 0.6004867265625 0.2112810234375 0.6067296357421875 0.214517453125 0.611313111328125 0.2201911796875 0.6120532529296875 0.2257380087890625 0.605720810546875 0.239573380859375 0.5976150390625 0.2373278603515625 0.5930819306640625 0.23571541796875 0.585933056640625
1 0.24176558203125 0.840126185546875 0.2347216962890625 0.8371080888671875 0.2304080107421875 0.8293748544921875 0.22174021875 0.8289205947265625 0.21441780078125 0.8311873505859375 0.21150884765625 0.83456630078125 0.209925330078125 0.8411064521484375 0.2080115087890625 0.85866629296875 0.2100378564453125 0.876875423828125 0.21535821875 0.88907527734375 0.2150120654296875 0.895680275390625 0.21881387109375 0.89896969140625 0.2352134716796875 0.8751046494140625 0.2441554921875 0.8561450927734375 0.2447019794921875 0.8504346171875 0.24176558203125 0.840126185546875
1 0.1408189990234375 0.894440923828125 0.14055357421875 0.890011587890625 0.13821573046875 0.887240123046875 0.1352201865234375 0.88752436328125 0.128774853515625 0.8920432333984375 0.126291271484375 0.89676973046875 0.1262855400390625 0.9016260859375 0.128307583984375 0.9057062529296875 0.13244816796875 0.907248505859375 0.138962763671875 0.90140801171875 0.1408189990234375 0.894440923828125
1 0.1191205068359375 0.763496169921875 0.1197666103515625 0.7511677763671875 0.1175672109375 0.745754625 0.1121400205078125 0.7450274033203125 0.096886939453125 0.7707205810546875 0.0957115458984375 0.7741903828125 0.0965408681640625 0.7773240185546875 0.10390047265625 0.77903497265625 0.1074384130859375 0.777895134765625 0.1123520810546875 0.774180017578125 0.1171561787109375 0.767808650390625 0.1191205068359375 0.763496169921875
1 0.2768739853515625 0.5351081015625 0.2731256748046875 0.5260808076171875 0.2698431240234375 0.522377375 0.2680634443359375 0.5231665654296875 0.260550728515625 0.5338114052734375 0.2590134130859375 0.5394699541015625 0.2578249130859375 0.5526539453125 0.26045132421875 0.5594131650390625 0.2677144326171875 0.567742201171875 0.27143537890625 0.5630805517578125 0.2744540654296875 0.56235473046875 0.2775995185546875 0.5497160927734375 0.27803799609375 0.54134944921875 0.2768739853515625 0.5351081015625
1 0.2350866123046875 0.4605079443359375 0.23136136328125 0.451040630859375 0.2275134365234375 0.448631255859375 0.2247659892578125 0.448928498046875 0.2216319189453125 0.4518559853515625 0.2211703818359375 0.4606626494140625 0.222390548828125 0.4752965634765625 0.225086142578125 0.4807357197265625 0.229094013671875 0.4800633037109375 0.2320507294921875 0.47580283203125 0.2350866123046875 0.4605079443359375
1 0.3203820732421875 0.49632573828125 0.3079542939453125 0.477573056640625 0.3037271181640625 0.47293609375 0.3024651328125 0.473311185546875 0.29844988671875 0.4788414345703125 0.29821919921875 0.48324320703125 0.300010474609375 0.4917267060546875 0.306902890625 0.5070991201171875 0.3123920517578125 0.5113609912109375 0.3173923115234375 0.510740583984375 0.3189931572265625 0.508616767578125 0.3206648271484375 0.5051714091796875 0.3203820732421875 0.49632573828125
1 0.058827736328125 0.95195678125 0.0590815654296875 0.947113427734375 0.0565417451171875 0.943448919921875 0.0515645458984375 0.9436293056640624 0.0490348427734375 0.9492358447265625 0.0491848837890625 0.9558668466796875 0.0515457880859375 0.9581982900390625 0.0568387880859375 0.956709201171875 0.058827736328125 0.95195678125
1 0.0690358173828125 0.8566823359375 0.072802966796875 0.851139083984375 0.0732183017578125 0.8432140224609375 0.0679715048828125 0.8438215087890625 0.065218326171875 0.8489751064453125 0.064987556640625 0.8533784384765625 0.06682920703125 0.8561238974609375 0.0690358173828125 0.8566823359375
1 0.8512962822265625 0.8720703359375 0.8465283515625 0.8682874931640625 0.827555705078125 0.8606700390625 0.8153499716796875 0.8613556171875 0.8128663896484375 0.8660821142578125 0.8114313525390625 0.879253185546875 0.81625708203125 0.8914271162109375 0.8278340390625 0.9074862666015625 0.835597513671875 0.9109848701171875 0.8442900087890625 0.9109976298828125 0.8479878125 0.9067775615234375 0.8508102548828125 0.9003023408203125 0.85289569921875 0.8889318388671875 0.8531798818359375 0.8787921904296875 0.8512962822265625 0.8720703359375
1 0.898906126953125 0.8308539951171875 0.8950250224609375 0.81961359375 0.8926394970703125 0.8177220908203126 0.8866730302734375 0.817850630859375 0.879644912109375 0.8192487861328125 0.8757220712890625 0.8230158310546875 0.874586984375 0.8304635068359375 0.868849857421875 0.8451740341796875 0.8686348564453125 0.853993619140625 0.869891109375 0.8584748818359375 0.874077896484375 0.8591355322265625 0.881467935546875 0.855548630859375 0.888911388671875 0.8462254140625 0.898806509765625 0.8374719140625 0.898906126953125 0.8308539951171875
1 0.9204329169921875 0.7944526083984375 0.909173451171875 0.79607023828125 0.905146609375 0.7923277978515625 0.90116023828125 0.7925601103515625 0.8997786962890625 0.7999933056640625 0.9004521640625 0.8013538544921875 0.9040751357421875 0.8033086455078124 0.9088042373046875 0.8031152568359375 0.911118939453125 0.806328302734375 0.918618630859375 0.8053960908203125 0.93458635546875 0.8205822763671875 0.9417996962890625 0.8322194921875 0.945353404296875 0.8354959072265625 0.9541077890625 0.839044876953125 0.9617631708984375 0.839888873046875 0.96543799609375 0.836107265625 0.967834986328125 0.82828605859375 0.968048427734375 0.819466392578125 0.9669957109375 0.8158782548828125 0.9559537763671875 0.8038213408203125 0.9204329169921875 0.7944526083984375
0 0 0.972917638671875 0.0949697763671875 0.9778947939453125 0.1003886279296875 0.9740043134765625 0.0981950419921875 0.96373324609375 0.0994858203125 0.95806177734375 0.095374029296875 0.9512231484375 0.0943788984375 0.9370422578125 0.09524274609375 0.9300231611328125 0.0936606572265625 0.9175779931640625 0.090740109375 0.91168425390625 0.084912087890625 0.909171107421875 0.082595744140625 0.9059595400390625 0.0817275927734375 0.8988496728515625 0.0824429599609375 0.88519965625 0.0832606044921875 0.879062162109375 0.0849553349609375 0.8751767822265625 0.0851456337890625 0.866798697265625 0.0749518603515625 0.8433048740234375 0.074370716796875 0.8401826806640625 0.07593265234375 0.834084193359375 0.07436633203125 0.82605527734375 0.06676436328125 0.8194749658203125 0.06401535546875 0.8197721259765625 0.0586300322265625 0.823022859375 0.054172087890625 0.822789228515625 0.0304674794921875 0.85333580078125 0.0250648291015625 0.8521702001953125 0.0217288642578125 0.8542030830078124 0.008740142578125 0.86985882421875 0 0.872855236328125 0 0.972917638671875
1 0.29167133984375 0.6745220341796875 0.2913844150390625 0.67053280078125 0.2897431806640625 0.6686803037109375 0.285958703125 0.6698072216796875 0.2815165263671875 0.6739898427734375 0.28106236328125 0.6779386728515625 0.285018380859375 0.6830026552734375 0.28927591015625 0.6823433232421875 0.29167133984375 0.6745220341796875
0 0.583424810546875 0.163958708984375 0.5802981142578125 0.1620283623046875 0.578501025390625 0.158402779296875 0.57768911328125 0.15968391796875 0.5761732978515625 0.1649023623046875 0.5740531162109375 0.167441755859375 0.5738685498046875 0.1709634853515625 0.577772763671875 0.200750826171875 0.58390369140625 0.2306532998046875 0.588612607421875 0.26401421484375 0.5899149814453125 0.2676154365234375 0.5902654375 0.27513940234375 0.596276677734375 0.293114578125 0.598268369140625 0.3024910400390625 0.602179744140625 0.3084367060546875 0.6043907392578125 0.323122546875 0.6074194609375 0.331669333984375 0.615503169921875 0.3669735986328125 0.6173001767578125 0.3706007421875 0.673447974609375 0.3607382744140625 0.6787655947265625 0.35880924609375 0.68176687109375 0.3536686513671875 0.6896053408203126 0.350989275390625 0.6947802138671875 0.337572970703125 0.697654509765625 0.3253613515625 0.7003846279296875 0.320647775390625 0.7020389697265625 0.31278608203125 0.703573541015625 0.29299865234375 0.700989029296875 0.2712288671875 0.6996650244140625 0.2490823486328125 0.6962570537109375 0.2383079736328125 0.69646476171875 0.234344662109375 0.692352970703125 0.227506033203125 0.68749107421875 0.2254863134765625 0.686155603515625 0.2130525048828125 0.678024263671875 0.197615162109375 0.673456666015625 0.194726841796875 0.6707842158203124 0.1888461044921875 0.6662396796875 0.1855177626953125 0.663499525390625 0.1809587314453125 0.6552628359375 0.1769956630859375 0.644503736328125 0.173782859375 0.6363290166015625 0.1733544404296875 0.63172689453125 0.1806188525390625 0.627809787109375 0.179529541015625 0.6238176015625 0.18461976953125 0.6158002978515625 0.18596451953125 0.6097702998046876 0.182558328125 0.6023125087890625 0.1684799736328125 0.59826260546875 0.1651775546875 0.593556564453125 0.164930921875 0.590250953125 0.161667509765625 0.583424810546875 0.163958708984375
0 0.583671462890625 0.1118721103515625 0.595610341796875 0.1257425146484375 0.5973915810546875 0.1249534052734375 0.599625505859375 0.1202138251953125 0.60095818359375 0.0995317900390625 0.6055041494140625 0.0838748125 0.6103370400390625 0.0722070693359375 0.61419069921875 0.069760087890625 0.6136555947265625 0.0657594130859375 0.618978947265625 0.0589740283203125 0.626517466796875 0.062018048828125 0.6311023916015625 0.069322703125 0.6305774052734375 0.0745930751953125 0.6318798603515625 0.078192736328125 0.6304909443359376 0.090483765625 0.631917259765625 0.101154287109375 0.6374237490234375 0.1098324921875 0.6374642197265625 0.1138072451171875 0.64446190234375 0.1177069453125 0.645468498046875 0.122175125 0.645669044921875 0.14205348828125 0.648042974609375 0.1346723017578125 0.6509519267578125 0.1312933515625 0.65211007421875 0.123405654296875 0.6541205224609375 0.1182131318359375 0.658763115234375 0.11492347265625 0.6581818896484375 0.11180283984375 0.660146216796875 0.107490359375 0.660038125 0.104835751953125 0.6669406923828125 0.07738125390625 0.670892408203125 0.0683162724609375 0.673991740234375 0.0565576767578125 0.6761810224609375 0.0526997802734375 0.682646623046875 0.0146250458984375 0.6787367255859375 0.008681021484375 0.538552544921875 0.0013342802734375 0.5367886328125 0.00653972265625 0.5409120205078125 0.0226510419921875 0.5683231357421875 0.0872256884765625 0.57283887890625 0.0958504072265625 0.5807985966796875 0.10509841015625 0.583671462890625 0.1118721103515625
0 0.9036588984375 1 0.9059485322265625 0.9950288115234375 0.9068181123046875 0.983153359375 0.91174488671875 0.969724052734375 0.9122294853515625 0.9604773671875 0.9137452998046875 0.9552589228515626 0.97959375 0.8726122119140625 0.9823628125 0.81977534765625 0.975031853515625 0.7999629599609375 0.9713858212890625 0.7984481904296875 0.9681090849609375 0.789886841796875 0.96021281640625 0.7841751298828125 0.95602446875 0.7835143984375 0.9497695166015625 0.779653623046875 0.9406285908203125 0.778733337890625 0.937322978515625 0.77546992578125 0.9252095703125 0.774393859375 0.911818408203125 0.7692766318359375 0.8918722607421875 0.7660235859375 0.8745120556640625 0.765555005859375 0.8319688603515625 0.7717150341796875 0.81676193359375 0.7775396474609375 0.8114284638671875 0.7750539833984375 0.8043096640625 0.7782123046875 0.79680997265625 0.7791445166015625 0.7958118525390625 0.78394886328125 0.7938571494140625 0.7864953642578125 0.791215462890625 0.7863569189453125 0.787857998046875 0.7888299052734375 0.7853801484375 0.7887000458984375 0.7840100712890625 0.7864205302734375 0.7840273994140625 0.790836865234375 0.7705770908203124 0.79631230859375 0.767962275390625 0.798825779296875 0.76515137890625 0.7955867294921874 0.7590463857421875 0.798358517578125 0.75591812890625 0.79642808984375 0.7534576083984375 0.8007145654296876 0.7517471103515625 0.8001836923828125 0.7470815390625 0.8039118115234375 0.7433317998046876 0.813869837890625 0.741585134765625 0.8234931748046875 0.7402395625 0.8728732392578125 0.7367233349609374 0.8925568154296875 0.73679404296875 0.94333479296875 0.7363325048828125 0.95214145703125 0.7332331728515625 0.963900052734375 0.733647078125 0.9749603095703125 0.73223518359375 0.9876897998046875 0.732769421875 1 0.9036588984375 1
1 0.8211665439453125 0.9446663955078125 0.819057908203125 0.937491517578125 0.8162023701171875 0.93513415234375 0.813206826171875 0.9354183916015625 0.8110866435546875 0.93795778515625 0.8091397265625 0.9466850390625 0.81014058984375 0.95600957421875 0.8145754736328125 0.9566832265625 0.819512203125 0.952528087890625 0.8211665439453125 0.9446663955078125
1 0.7656099765625 0.824752263671875 0.76451687109375 0.8171878134765626 0.76309903125 0.815789818359375 0.750421806640625 0.816007892578125 0.74562344140625 0.817522904296875 0.743139859375 0.8222494013671875 0.7444134404296875 0.8311469990234375 0.7507838583984375 0.8328045478515625 0.7578334775390625 0.8309662890625 0.7656099765625 0.824752263671875
1 0.804598033203125 0.8343011396484376 0.8057735087890625 0.83082977734375 0.7933557646484375 0.821349703125 0.7884478291015625 0.82020846484375 0.7843014306640625 0.8235241279296875 0.7825144580078125 0.8291695927734375 0.7795823642578125 0.8329901240234375 0.77648303125 0.8447487197265625 0.7861185908203125 0.845694927734375 0.7929216728515625 0.8438437490234375 0.8009001474609375 0.8385227685546875 0.804598033203125 0.8343011396484376
0 0.087673478515625 0 0.0845113408203125 0.008831875 0.0720284716796875 0.00817767578125 0.06611413671875 0.001609140625 0.056424884765625 0.00735992578125 0.0505105498046875 0.0007913916015625 0.055770685546875 0.019842794921875 0.0503536357421875 0.0336406982421875 0.0524112783203125 0.05408891015625 0.069172984375 0.0925188173828125 0.0586659833984375 0.1138731884765625 0.072715845703125 0.1443377529296875 0.0657384365234375 0.158053880859375 0.08027894921875 0.1791562919921875 0.090213525390625 0.168724431640625 0.146768771484375 0.0449521787109375 0.164995791015625 0.0255670400390625 0.176810185546875 0 0.087673478515625 0