1 0.2707234375 0.6619546875 0.2676359375 0.665921875 0.269840625 0.6686515625 0.27821875 0.6713796875 0.286596875 0.67113125 0.298059375 0.665675 0.2993828125 0.6579859375 0.293209375 0.6567453125 0.2817453125 0.65699375 0.2751328125 0.6587296875 0.2707234375 0.6619546875
1 0.113315625 0.68055625 0.112875 0.6852671875 0.11684375 0.689484375 0.123015625 0.690971875 0.13139375 0.690971875 0.1353609375 0.6892359375 0.1380078125 0.6857640625 0.137565625 0.6825390625 0.12830625 0.67733125 0.119046875 0.67733125 0.113315625 0.68055625
1 0.2089953125 0.7904265625 0.2129625 0.795634375 0.21605 0.7963796875 0.2226625 0.7958828125 0.2292765625 0.79290625 0.2306 0.78670625 0.2248671875 0.78199375 0.21693125 0.78125 0.2094359375 0.7849703125 0.2089953125 0.7904265625
1 0.571428125 0.4873515625 0.5630515625 0.4821421875 0.5454140625 0.47420625 0.5308640625 0.471478125 0.5211640625 0.472221875 0.509259375 0.4786703125 0.50485 0.478175 0.4977953125 0.48040625 0.4925046875 0.4888390625 0.4938265625 0.4928078125 0.4977953125 0.4955359375 0.522928125 0.5064484375 0.5291 0.5079359375 0.541446875 0.5071921875 0.5515875 0.502728125 0.5709875 0.498759375 0.5731921875 0.498015625 0.57495625 0.4947921875 0.571428125 0.4873515625
1 0.583775 0.556546875 0.5709875 0.5602671875 0.561728125 0.5672125 0.561728125 0.572171875 0.57495625 0.5791171875 0.584215625 0.580853125 0.594796875 0.5786203125 0.6053796875 0.571925 0.6071421875 0.5689484375 0.6071421875 0.5622515625 0.603615625 0.55853125 0.594796875 0.559028125 0.583775 0.556546875
1 0.4594359375 0.6421125 0.452821875 0.644096875 0.4492953125 0.647321875 0.4484125 0.6540171875 0.4550265625 0.6619546875 0.4656078125 0.6669140625 0.4744265625 0.6674109375 0.4779546875 0.665921875 0.481040625 0.66319375 0.485009375 0.6552578125 0.4828046875 0.6505453125 0.471340625 0.6443453125 0.4594359375 0.6421125
1 0.5868609375 0.681546875 0.6000875 0.6822921875 0.6071421875 0.6810515625 0.6071421875 0.6755953125 0.599646875 0.6728671875 0.5921515625 0.6736109375 0.583775 0.6770828125 0.583775 0.6798109375 0.5868609375 0.681546875
1 0.6644625 0.660465625 0.666225 0.6708828125 0.6693125 0.673115625 0.6816578125 0.6721234375 0.693121875 0.6686515625 0.6962078125 0.6661703125 0.6962078125 0.6619546875 0.6909171875 0.65625 0.6776890625 0.6478171875 0.6671078125 0.65625 0.6644625 0.660465625
1 0.735890625 0.657490625 0.741621875 0.6545140625 0.74603125 0.647321875 0.7574953125 0.6436015625 0.76366875 0.6388890625 0.7619046875 0.6354171875 0.75573125 0.632440625 0.7438265625 0.63194375 0.739859375 0.6329359375 0.7288359375 0.6299609375 0.7244265625 0.6267359375 0.7248671875 0.6227671875 0.7204578125 0.6212796875 0.7112 0.6227671875 0.6992953125 0.6294640625 0.68959375 0.631696875 0.68298125 0.6307046875 0.679453125 0.6264875 0.673721875 0.623015625 0.6631390625 0.6232640625 0.6578484375 0.6245046875 0.651675 0.6267359375 0.6538796875 0.6307046875 0.67813125 0.6478171875 0.6900359375 0.64930625 0.6953265625 0.6564984375 0.697971875 0.6572421875 0.7089953125 0.65699375 0.7151671875 0.6537703125 0.7209 0.6577375 0.735890625 0.657490625
1 0.8174609375 0.658234375 0.82186875 0.6646828125 0.833775 0.66641875 0.8452375 0.6619546875 0.8452375 0.658234375 0.8421515625 0.6532734375 0.826278125 0.650296875 0.82010625 0.65005 0.8174609375 0.6515375 0.8174609375 0.658234375
1 0.8271609375 0.53199375 0.8280421875 0.5396828125 0.8377421875 0.551090625 0.8412703125 0.5513390625 0.859346875 0.5446421875 0.85890625 0.5369546875 0.853615625 0.5329859375 0.8456796875 0.5310015625 0.8328921875 0.5302578125 0.82980625 0.5302578125 0.8271609375 0.53199375
1 0.5370375 0.396578125 0.5679015625 0.4060015625 0.583775 0.4092265625 0.59435625 0.408234375 0.603175 0.4119546875 0.6851859375 0.4317953125 0.6887125 0.4295640625 0.6935625 0.43204375 0.701940625 0.4327875 0.7094359375 0.431546875 0.7156078125 0.427828125 0.712521875 0.423859375 0.7059078125 0.42261875 0.7045859375 0.4193953125 0.701940625 0.419890625 0.697971875 0.4188984375 0.6962078125 0.415921875 0.693121875 0.414434375 0.68959375 0.414434375 0.6865078125 0.4126984375 0.6622578125 0.4077375 0.6494703125 0.4079859375 0.6402109375 0.4064984375 0.6305109375 0.403521875 0.6261015625 0.4037703125 0.623015625 0.3983140625 0.618165625 0.397321875 0.6106703125 0.3931046875 0.59920625 0.3764875 0.5921515625 0.3727671875 0.5679015625 0.3712796875 0.552909375 0.373015625 0.536596875 0.3727671875 0.5299828125 0.3747515625 0.518078125 0.372271875 0.5061734375 0.370784375 0.50088125 0.37103125 0.4977953125 0.369046875 0.486771875 0.3685515625 0.4845671875 0.3700390625 0.4841265625 0.373759375 0.4880953125 0.379215625 0.4938265625 0.3812 0.4973546875 0.3807046875 0.505290625 0.3829359375 0.509259375 0.3821921875 0.5207234375 0.3841765625 0.5295421875 0.3874015625 0.5313046875 0.392609375 0.5370375 0.396578125
1 0.439153125 0.38045625 0.44444375 0.3807046875 0.447971875 0.3807046875 0.453703125 0.3779765625 0.4492953125 0.3650796875 0.4466484375 0.3630953125 0.42019375 0.3556546875 0.41049375 0.3549109375 0.39109375 0.350446875 0.380953125 0.344990625 0.369046875 0.3435015625 0.357584375 0.3447421875 0.3518515625 0.3494546875 0.357584375 0.3494546875 0.3615515625 0.35069375 0.3615515625 0.3561515625 0.353175 0.3578875 0.3412703125 0.3625984375 0.329365625 0.3638390625 0.3258375 0.3616078125 0.3161375 0.36011875 0.3139328125 0.3561515625 0.31216875 0.357390625 0.3086421875 0.357390625 0.302909375 0.353175 0.297178125 0.3546625 0.2936515625 0.35863125 0.288359375 0.361359375 0.287478125 0.3650796875 0.2901234375 0.3665671875 0.305996875 0.3697921875 0.3134921875 0.3725203125 0.348765625 0.373759375 0.391534375 0.3735125 0.4126984375 0.3774796875 0.4312171875 0.3794640625 0.4365078125 0.37896875 0.439153125 0.38045625
1 0.434303125 0.341765625 0.4387125 0.3454859375 0.4545859375 0.3529265625 0.4709 0.349703125 0.4731046875 0.341021875 0.4686953125 0.3353171875 0.4651671875 0.3338296875 0.44444375 0.3338296875 0.4351859375 0.33978125 0.434303125 0.341765625
1 0.1666671875 0.451140625 0.173721875 0.4588296875 0.1856265625 0.46255 0.193121875 0.4630453125 0.2010578125 0.459821875 0.2006171875 0.4548609375 0.193121875 0.44915625 0.1851859375 0.4479171875 0.169753125 0.4494046875 0.1666671875 0.451140625
1 0.0599640625 0.50694375 0.0449734375 0.508928125 0.0361546875 0.51488125 0.0352734375 0.521578125 0.0370375 0.523809375 0.051146875 0.5342265625 0.056878125 0.535465625 0.071428125 0.5302578125 0.093915625 0.5171125 0.0952375 0.5133921875 0.0912703125 0.5091765625 0.084215625 0.5076890625 0.0599640625 0.50694375
1 0.0070546875 0.6252484375 0.0066140625 0.6267359375 0.0097 0.63045625 0.013228125 0.632440625 0.0176359375 0.632440625 0.0255734375 0.6279765625 0.0264546875 0.6225203125 0.0216046875 0.61954375 0.0167546875 0.619046875 0.0097 0.621528125 0.0070546875 0.6252484375
1 0 0.7708328125 0.00485 0.771578125 0.0110234375 0.77108125 0.01455 0.76959375 0.0207234375 0.76016875 0.019840625 0.7557046875 0.0167546875 0.7537203125 0.013228125 0.7529765625 0.0070546875 0.75396875 0 0.7557046875 0 0.7708328125
1 0.1388890625 0.8732640625 0.13624375 0.8764875 0.1344796875 0.8807046875 0.137565625 0.884425 0.146384375 0.887153125 0.1499125 0.8869046875 0.161375 0.8767359375 0.1631390625 0.8732640625 0.1618171875 0.867559375 0.156525 0.86631875 0.150353125 0.8678078125 0.1388890625 0.8732640625
1 0.1305109375 0.7971234375 0.1384484375 0.7966265625 0.140653125 0.7946421875 0.140653125 0.790675 0.1384484375 0.789434375 0.130953125 0.7891859375 0.126984375 0.7904265625 0.126984375 0.7946421875 0.1305109375 0.7971234375
1 0 0.9017859375 0.0022046875 0.902034375 0.0022046875 0.9040171875 0.0074953125 0.9057546875 0.00881875 0.9087296875 0.0158734375 0.9154265625 0.0268953125 0.917659375 0.03791875 0.915675 0.0537921875 0.9040171875 0.05555625 0.90079375 0.0551140625 0.8963296875 0.052909375 0.894840625 0.032628125 0.8931046875 0.0268953125 0.90079375 0.0211640625 0.905009375 0.014990625 0.9057546875 0.005290625 0.9015375 0.0030859375 0.9015375 0.0022046875 0.900296875 0 0.900296875 0 0.9017859375
1 0.3664015625 0.9119546875 0.37345625 0.91245 0.382275 0.9084828125 0.3849203125 0.9040171875 0.37654375 0.8955859375 0.372575 0.896578125 0.3655203125 0.9047625 0.3650796875 0.9107140625 0.3664015625 0.9119546875
1 0.3761015625 0.773809375 0.3752203125 0.7755453125 0.376984375 0.7780265625 0.3849203125 0.7797625 0.390653125 0.778521875 0.396384375 0.77579375 0.3990296875 0.77108125 0.392415625 0.7651296875 0.387565625 0.769096875 0.3800703125 0.77108125 0.3761015625 0.773809375
1 0.3474421875 0.96329375 0.3514109375 0.962796875 0.348765625 0.9548609375 0.3452375 0.9526296875 0.334215625 0.9541171875 0.3333328125 0.955853125 0.3417109375 0.9623015625 0.3474421875 0.96329375
1 0.561728125 0.898065625 0.56216875 0.902778125 0.5679015625 0.91021875 0.5731921875 0.9079859375 0.5815703125 0.9005453125 0.58465625 0.8963296875 0.584215625 0.8943453125 0.5771609375 0.8911203125 0.571428125 0.8903765625 0.56701875 0.8921125 0.561728125 0.898065625
1 0.54761875 0.923859375 0.5507046875 0.9196421875 0.5493828125 0.9161703125 0.54276875 0.9099703125 0.5388 0.9067453125 0.5361546875 0.90625 0.5255734375 0.9099703125 0.51366875 0.91170625 0.5017640625 0.9201390625 0.50088125 0.9236109375 0.50396875 0.9263390625 0.5119046875 0.9283234375 0.5171953125 0.931546875 0.5224875 0.9275796875 0.524690625 0.9221234375 0.5291 0.91790625 0.53395 0.919146875 0.5405640625 0.924603125 0.54761875 0.923859375
1 0.099646875 0.880953125 0.102734375 0.8774796875 0.099646875 0.873015625 0.093915625 0.873759375 0.089946875 0.876240625 0.0908296875 0.8799609375 0.0952375 0.8826890625 0.099646875 0.880953125
1 0.123015625 0.822171875 0.1287484375 0.818453125 0.122575 0.813740625 0.1106703125 0.814484375 0.108465625 0.8162203125 0.108465625 0.819940625 0.112434375 0.8216765625 0.123015625 0.822171875
1 0.4977953125 0.8095234375 0.5 0.8072921875 0.499559375 0.80381875 0.49515 0.803075 0.491621875 0.805059375 0.4903 0.806546875 0.4925046875 0.80853125 0.4977953125 0.8095234375
1 0.7654328125 0.771825 0.763228125 0.7671125 0.75573125 0.7673609375 0.75 0.7713296875 0.7473546875 0.7775296875 0.741621875 0.7829859375 0.73633125 0.7921625 0.735890625 0.7951390625 0.739859375 0.8020828125 0.7385359375 0.806546875 0.740740625 0.8077875 0.7438265625 0.8077875 0.7477953125 0.8060515625 0.7517640625 0.8015875 0.7579359375 0.79141875 0.76058125 0.78125 0.7654328125 0.771825
1 0.475284375 0.882665625 0.488525 0.882665625 0.488525 0.877378125 0.475284375 0.877378125 0.475284375 0.882665625
1 0.48385625 0.971721875 0.497528125 0.971721875 0.497528125 0.9606484375 0.48385625 0.9606484375 0.48385625 0.971721875
1 0.627896875 0.6113765625 0.6451453125 0.6113765625 0.6451453125 0.60476875 0.627896875 0.60476875 0.627896875 0.6113765625
1 0.4082515625 0.338809375 0.4192875 0.338809375 0.4192875 0.332153125 0.4082515625 0.332153125 0.4082515625 0.338809375
1 0.1551828125 0.3308078125 0.173909375 0.3308078125 0.173909375 0.324990625 0.1551828125 0.324990625 0.1551828125 0.3308078125
0 0 0.6401296875 0.0026453125 0.6428578125 0.0022046875 0.6743546875 0.00396875 0.6830359375 0.0026453125 0.7681046875 0.0030859375 0.8568953125 0.00485 0.8782234375 0.0030859375 0.8928578125 0.005290625 0.9012890625 0.0123453125 0.903521875 0.01455 0.903521875 0.0167546875 0.902034375 0.0291 0.9067453125 0.032628125 0.9057546875 0.03791875 0.9067453125 0.0449734375 0.9045140625 0.048059375 0.8978171875 0.052028125 0.8970734375 0.0586421875 0.898065625 0.0612875 0.899553125 0.0630515625 0.9045140625 0.0687828125 0.9067453125 0.07186875 0.9112109375 0.0784828125 0.915675 0.0881828125 0.9263390625 0.099646875 0.9357640625 0.1071421875 0.9384921875 0.119046875 0.940971875 0.122575 0.9404765625 0.126984375 0.9370046875 0.13624375 0.9345234375 0.1402109375 0.9313 0.147265625 0.931546875 0.156525 0.9365078125 0.1618171875 0.9372515625 0.165784375 0.9419640625 0.1759265625 0.945684375 0.1816578125 0.949653125 0.1869484375 0.9506453125 0.189153125 0.95238125 0.2001765625 0.95386875 0.2050265625 0.9580859375 0.208553125 0.9583328125 0.22178125 0.964534375 0.231921875 0.9637890625 0.23633125 0.95858125 0.2380953125 0.95386875 0.2433859375 0.9486609375 0.2513234375 0.951140625 0.26851875 0.9533734375 0.2751328125 0.956596875 0.2808640625 0.957340625 0.282628125 0.9588296875 0.2870375 0.9588296875 0.2945328125 0.9623015625 0.2989421875 0.966765625 0.302909375 0.966765625 0.3143734375 0.96949375 0.3179015625 0.9692453125 0.3258375 0.9650296875 0.462521875 0.9732140625 0.481921875 0.9791671875 0.4977953125 0.9791671875 0.50485 0.9739578125 0.5074953125 0.9630453125 0.5074953125 0.951140625 0.5114640625 0.9412203125 0.518078125 0.9303078125 0.5220453125 0.9270828125 0.52425 0.92113125 0.5313046875 0.9188984375 0.5445328125 0.9228671875 0.5595234375 0.9169140625 0.5758375 0.9047625 0.583775 0.8963296875 0.5868609375 0.8901296875 0.593915625 0.8841765625 0.6111109375 0.8896328125 0.6194890625 0.8896328125 0.62345625 0.8883921875 0.632275 0.8779765625 0.6388890625 0.8673109375 0.6543203125 0.85069375 0.6574078125 0.84300625 0.6618171875 0.841765625 0.6693125 0.8420140625 0.689153125 0.8452375 0.693121875 0.844990625 0.6992953125 0.841765625 0.7112 0.8189484375 0.712521875 0.8127484375 0.71605 0.8102671875 0.717371875 0.8053078125 0.7235453125 0.804315625 0.73941875 0.8060515625 0.7473546875 0.803571875 0.7517640625 0.7993546875 0.75396875 0.792659375 0.75573125 0.7921625 0.758378125 0.7817453125 0.7623453125 0.774553125 0.7623453125 0.76959375 0.7676359375 0.7666171875 0.7707234375 0.768353125 0.7791 0.769096875 0.783509375 0.77108125 0.7910046875 0.767609375 0.7989421875 0.740328125 0.7998234375 0.72420625 0.8064375 0.719990625 0.8112875 0.722221875 0.8134921875 0.7251984375 0.8179015625 0.7259421875 0.8258375 0.7251984375 0.82980625 0.721478125 0.873015625 0.6411203125 0.87654375 0.637153125 0.873015625 0.6188 0.8664015625 0.603175 0.8602296875 0.595734375 0.862875 0.5912703125 0.8567015625 0.5806046875 0.857584375 0.5778765625 0.8597890625 0.576884375 0.8650796875 0.5763890625 0.872575 0.5783734375 0.876984375 0.5756453125 0.8708109375 0.569196875 0.8699296875 0.565228125 0.8664015625 0.5620046875 0.8650796875 0.5563 0.862434375 0.5553078125 0.858465625 0.5491078125 0.857584375 0.5419140625 0.8597890625 0.5391859375 0.8664015625 0.5369546875 0.862434375 0.5282734375 0.857584375 0.5220734375 0.8571421875 0.5171125 0.8456796875 0.5049609375 0.8417109375 0.503471875 0.8417109375 0.501240625 0.8373015625 0.50074375 0.835978125 0.4985125 0.8373015625 0.4938 0.8408296875 0.491071875 0.8412703125 0.4861109375 0.835096875 0.478421875 0.8267203125 0.474703125 0.821428125 0.4704859375 0.8148140625 0.4682546875 0.7958546875 0.455109375 0.7901234375 0.453125 0.786596875 0.448909375 0.78306875 0.44766875 0.77821875 0.448909375 0.7676359375 0.44444375 0.763228125 0.4437 0.76366875 0.4384921875 0.77336875 0.4370046875 0.7768953125 0.435515625 0.768959375 0.4310515625 0.7420640625 0.4221234375 0.740740625 0.419890625 0.735890625 0.417659375 0.7323640625 0.418403125 0.7283953125 0.417659375 0.72663125 0.4196421875 0.727071875 0.421875 0.71605 0.4250984375 0.711640625 0.4216265625 0.7050265625 0.4201390625 0.6957671875 0.41493125 0.68474375 0.412203125 0.6865078125 0.4045140625 0.6812171875 0.4010421875 0.67813125 0.4015375 0.673721875 0.40005 0.6710765625 0.408978125 0.669753125 0.409721875 0.664903125 0.4092265625 0.6622578125 0.410465625 0.6574078125 0.4094734375 0.6547625 0.4077375 0.6393296875 0.4079859375 0.6384484375 0.4064984375 0.63624375 0.40625 0.6335984375 0.40699375 0.61684375 0.402034375 0.6199296875 0.3963296875 0.61375625 0.3963296875 0.6115515625 0.39459375 0.60890625 0.3891375 0.6067015625 0.387896875 0.604496875 0.3807046875 0.603615625 0.3772328125 0.607584375 0.3732640625 0.6062609375 0.365328125 0.59435625 0.357390625 0.58465625 0.3529265625 0.537478125 0.33680625 0.5255734375 0.3333328125 0.5167546875 0.33209375 0.51366875 0.3298609375 0.4988984375 0.329365625 0.4920640625 0.328125 0.48633125 0.3256453125 0.4589953125 0.3216765625 0.433421875 0.32118125 0.4082890625 0.3229171875 0.380953125 0.3266375 0.3650796875 0.3216765625 0.3474421875 0.3182046875 0.338625 0.3174609375 0.305996875 0.32266875 0.2667546875 0.321428125 0.26366875 0.3201890625 0.25485 0.319940625 0.2469140625 0.32118125 0.2323640625 0.3216765625 0.2209 0.3251484375 0.21693125 0.3251484375 0.2138453125 0.326140625 0.2147265625 0.3296125 0.21208125 0.330853125 0.2094359375 0.3298609375 0.2050265625 0.330853125 0.202821875 0.3345734375 0.1966484375 0.334325 0.1913578125 0.329365625 0.1856265625 0.32738125 0.1772484375 0.3271328125 0.17019375 0.3283734375 0.1666671875 0.3283734375 0.1622578125 0.326884375 0.150353125 0.32738125 0.1428578125 0.3291171875 0.132715625 0.3338296875 0.0268953125 0.363590625 0.018959375 0.363590625 0.0097 0.365328125 0.00485 0.367559375 0.0022046875 0.3725203125 0.00396875 0.3752484375 0.0026453125 0.382440625 0.004409375 0.4563484375 0.0026453125 0.47420625 0.00396875 0.55084375 0 0.610615625 0 0.6401296875