1 0.339836958984375 0.5729627958984375 0.342685201171875 0.57680020703125 0.348270236328125 0.58041351953125 0.358036765625 0.5833226982421875 0.3769171201171875 0.580928119140625 0.3878586416015625 0.575475046875 0.390516822265625 0.564117328125 0.389223744140625 0.549970046875 0.3920632197265625 0.53536220703125 0.390845630859375 0.5300717421875 0.389012681640625 0.5279470244140625 0.3848736376953125 0.5261317177734375 0.3648230966796875 0.5229919580078125 0.3537248515625 0.5246246220703125 0.3391322421875 0.5303787529296875 0.3378935009765625 0.5344340859375 0.3413768671875 0.5419318095703125 0.33891602734375 0.5545917333984375 0.339836958984375 0.5729627958984375
1 0.367130087890625 0.4441062373046875 0.3695309921875 0.443309080078125 0.3841657529296875 0.4350370439453125 0.38607840234375 0.4321250556640625 0.3861531474609375 0.424812783203125 0.3823847177734375 0.4187733974609375 0.3710299853515625 0.41479783203125 0.3648766962890625 0.4141079287109375 0.3514658671875 0.4137741396484375 0.33940775390625 0.4157263994140625 0.3293802294921875 0.421104046875 0.3256395859375 0.4241668837890625 0.327668341796875 0.4275935078125 0.3271626005859375 0.43482200390625 0.3295832685546875 0.4408509072265625 0.345739509765625 0.44323369140625 0.367130087890625 0.4441062373046875
1 0.6116749931640625 0.540150966796875 0.6124861591796875 0.5382871259765625 0.6120942470703125 0.5356848466796875 0.6092998974609375 0.5338794267578125 0.5811947158203125 0.52134102734375 0.56873666796875 0.5184148447265625 0.5432138330078125 0.5180013232421875 0.5254894501953125 0.5213766787109375 0.522757314453125 0.52387787890625 0.5226841025390625 0.5311904501953125 0.5302997255859375 0.5382291494140625 0.536893267578125 0.5412808251953125 0.56474875 0.550485326171875 0.571045486328125 0.5504454423828125 0.6048103017578125 0.5431127255859375 0.6116749931640625 0.540150966796875
1 0.64137353125 0.5075197509765625 0.6440730732421875 0.5098129169921874 0.651383271484375 0.511486962890625 0.6563805869140625 0.5111960888671875 0.6718397900390625 0.50561040625 0.6783258447265625 0.504596564453125 0.6770608505859375 0.49954997265625 0.67793844140625 0.4880992294921875 0.6744212451171875 0.4853940400390625 0.6424267197265625 0.4743742314453125 0.638050953125 0.473776755859375 0.6296931640625 0.4751828486328125 0.6224107529296875 0.482611025390625 0.6208816953125 0.4858506640625 0.621768052734375 0.4928451728515625 0.6252040146484374 0.5005867705078125 0.6282886806640625 0.503207884765625 0.64137353125 0.5075197509765625
1 0.535032982421875 0.4353069521484375 0.533511947265625 0.4408227529296875 0.5353987890625 0.444979462890625 0.538145734375 0.447028755859375 0.5472414775390625 0.451071392578125 0.55469358984375 0.452015353515625 0.560840091796875 0.45043092578125 0.5649987529296875 0.44290013671875 0.5615301962890625 0.4399529052734375 0.5419986728515624 0.434134845703125 0.5384894990234375 0.4337058193359375 0.535032982421875 0.4353069521484375
1 0.487942337890625 0.4072053271484375 0.5012047646484376 0.405993337890625 0.5082720498046875 0.40660781640625 0.51633922265625 0.4043875634765625 0.5214654755859375 0.398814875 0.5218376240234375 0.39459109375 0.5203897998046875 0.39279432421875 0.518847466796875 0.391483767578125 0.5111992490234375 0.38923943359375 0.4807049052734375 0.3820480888671875 0.469946212890625 0.384251337890625 0.4686616025390625 0.388550841796875 0.4698320859375 0.394083646484375 0.4723881796875 0.397106599609375 0.472063435546875 0.4010865078125 0.4800576953125 0.406177291015625 0.487942337890625 0.4072053271484375
1 0.233098904296875 0.4172955439453125 0.242818029296875 0.420448595703125 0.2493905712890625 0.41667237890625 0.251305052734375 0.413759154296875 0.2484568095703125 0.4099217431640625 0.2452317626953125 0.40803101171875 0.2417210546875 0.4076016865234375 0.2355745537109375 0.4091861142578125 0.23144878515625 0.4119210029296875 0.23011028125 0.414188515625 0.233098904296875 0.4172955439453125
1 0.215374966796875 0.436841521484375 0.21162258203125 0.4353544619140625 0.205521951171875 0.4366947177734375 0.2043321484375 0.4405064755859375 0.2061650966796875 0.442631193359375 0.210493458984375 0.4434725419921875 0.215105650390625 0.4428537197265625 0.2176419794921875 0.43905061328125 0.215374966796875 0.436841521484375
1 0.281192904296875 0.4910715341796875 0.2742743193359375 0.49200130078125 0.2702448935546875 0.4942487421875 0.2694402158203125 0.4983884482421875 0.2744037021484375 0.502890109375 0.2841622080078125 0.503523125 0.2900670322265625 0.5008809619140625 0.2880299560546875 0.495179708984375 0.281192904296875 0.4910715341796875
1 0.1648639091796875 0.5326354365234375 0.1765175771484375 0.539699791015625 0.19504059375 0.5460794873046875 0.2019656669921875 0.5474255849609375 0.2096886298828125 0.5423576455078125 0.229663681640625 0.53664058984375 0.2414717958984375 0.5313559658203125 0.2480716796875 0.5205113486328125 0.2440680615234375 0.5156900927734375 0.238677298828125 0.513378388671875 0.2377435380859375 0.5066277529296875 0.2342749814453125 0.5036805224609375 0.2257601708984375 0.501267740234375 0.212585765625 0.4997176533203125 0.1986491318359375 0.4997878330078125 0.191068380859375 0.5041241533203125 0.16945435546875 0.5090196337890625 0.16259149609375 0.51198015625 0.1597648505859375 0.5149675693359375 0.1586422158203125 0.525361513671875 0.1648639091796875 0.5326354365234375
1 0.273935703125 0.5700057900390625 0.268125388671875 0.572161740234375 0.25815854296875 0.5818457109375 0.2573197373046875 0.5907794853515625 0.2632591357421875 0.5995138759765625 0.2713531591796875 0.60639248046875 0.2775079814453125 0.607082681640625 0.3024415634765625 0.6035917197265624 0.31065094921875 0.60063984765625 0.311455328125 0.59650167578125 0.2965222744140625 0.5693439765625 0.2860393876953125 0.567810892578125 0.273935703125 0.5700057900390625
1 0.368029564453125 0.66131389453125 0.361971083984375 0.6601362451171875 0.3574059990234375 0.6605127275390625 0.358142419921875 0.6659611591796875 0.365224216796875 0.6711276650390625 0.3684427744140625 0.67074253125 0.3721344794921875 0.66792326953125 0.3713035498046875 0.66296105078125 0.368029564453125 0.66131389453125
1 0.55646084765625 0.701731169921875 0.5524231005859375 0.701703982421875 0.549400349609375 0.7033910224609375 0.54869048046875 0.7070429814453125 0.5525928017578124 0.7100761201171875 0.5561493798828125 0.7102612734375 0.559605896484375 0.708660140625 0.5608905068359376 0.70436063671875 0.55646084765625 0.701731169921875
1 0.739709708984375 0.729519755859375 0.732399509765625 0.7278457099609374 0.7295660771484375 0.728558791015625 0.7287142939453125 0.7329408359375 0.730594646484375 0.7348216806640625 0.7343485654296875 0.7363090390625 0.7411708076171875 0.735866720703125 0.7423621435546875 0.7320552607421875 0.739709708984375 0.729519755859375
1 0.67068559765625 0.6478838271484375 0.664524287109375 0.64491776171875 0.652980236328125 0.641916154296875 0.6506134609375 0.6379192431640625 0.6466637353515625 0.635129978515625 0.6258885166015625 0.6310916845703125 0.6027465224609375 0.6230564794921875 0.5890856943359375 0.619390326171875 0.5773591123046875 0.6196370087890625 0.5656864228515625 0.6219156826171875 0.5607901064453125 0.623996208984375 0.559978939453125 0.6258600498046875 0.566776908203125 0.6324867265625 0.5696772119140625 0.6383573662109375 0.57071226953125 0.6468961201171874 0.5751632275390625 0.6563519453125 0.5851862431640625 0.664869353515625 0.5890334365234375 0.66586866796875 0.5978252880859375 0.6645469482421875 0.6042430859375 0.6731212431640625 0.6105530986328125 0.6776315546875 0.62137400390625 0.67973492578125 0.6262229169921875 0.6778982724609375 0.632396365234375 0.6773298408203124 0.6383888154296875 0.68000999609375 0.6492097216796875 0.6821133671875 0.6611727275390625 0.6806503876953125 0.6659810234375 0.6813319384765625 0.67443362109375 0.679438099609375 0.6758809990234375 0.6650642470703125 0.6829805810546875 0.660885892578125 0.6787334521484375 0.65500813671875 0.67068559765625 0.6478838271484375
1 0.721574544921875 0.6448904619140625 0.717306564453125 0.6483569697265625 0.7170979267578125 0.658675490234375 0.7284594462890625 0.66492538671875 0.7458741923828125 0.6700788984375 0.7561271435546875 0.67510414453125 0.7702205009765625 0.678854373046875 0.7844151552734375 0.684392720703125 0.8021072412109375 0.6858101982421875 0.8067668359375 0.6849475029296875 0.8027074921875 0.6780954912109375 0.802647111328125 0.673787634765625 0.797399796875 0.6707461435546875 0.795227294921875 0.6680508408203125 0.7943963642578125 0.6630886220703125 0.7903844248046875 0.655992736328125 0.7641379990234375 0.6385103564453125 0.7588758759765625 0.6309183720703125 0.75103833984375 0.6296479970703125 0.7416246396484375 0.631859599609375 0.7323866845703125 0.62854858203125 0.7273890703125 0.6288409892578125 0.723508046875 0.6326342099609376 0.721574544921875 0.6448904619140625
1 0.811739978515625 0.74023566015625 0.8128349736328125 0.7369116484375 0.8099950517578125 0.7353488662109375 0.8071616181640625 0.736061947265625 0.8069790869140625 0.739310236328125 0.811739978515625 0.74023566015625
1 0.1955298955078125 0.3748726103515625 0.19019426171875 0.37459473046875 0.186691875 0.3764400341796875 0.1867525546875 0.3807463564453125 0.1894976689453125 0.3827968857421875 0.1961321259765625 0.3833288232421875 0.201508376953125 0.3810884990234375 0.20010146875 0.3767719921875 0.1955298955078125 0.3748726103515625
1 0.6143415859375 0.801413021484375 0.6328646025390625 0.8077927177734375 0.636902349609375 0.80781990625 0.6416973701171875 0.8039512607421875 0.64266976953125 0.7920127724609375 0.6410670546875 0.786394359375 0.634025875 0.7787096484375 0.617525125 0.7734807119140625 0.60924025 0.767575767578125 0.5940306005859375 0.7603231923828125 0.589560025390625 0.760213462890625 0.5815399580078126 0.762191376953125 0.566323966796875 0.7688350927734375 0.56547218359375 0.7732171376953125 0.5792017138671876 0.7834657763671875 0.59249069140625 0.791354177734375 0.6025478359375 0.7950775166015625 0.6143415859375 0.801413021484375
0 0.1402297080078125 0.555385810546875 0.153215240234375 0.5740804775390626 0.158847978515625 0.5774483828125 0.1647384384765625 0.5864263486328125 0.1659560283203125 0.591716814453125 0.170433091796875 0.594102408203125 0.2209268056640625 0.6347415302734375 0.273129041015625 0.6688921298828125 0.2820505732421875 0.6784576845703125 0.302318517578125 0.6897241748046875 0.325927615234375 0.7092200087890626 0.365167150390625 0.7315025966796875 0.36863570703125 0.7344498271484375 0.38826852734375 0.742056005859375 0.39645859375 0.7484486953125 0.4148396962890625 0.7555584775390625 0.4489251923828125 0.7743115302734375 0.4749477255859375 0.781391314453125 0.4863578837890625 0.7873991689453125 0.499010205078125 0.791626958984375 0.51627625 0.7952362255859375 0.53812714453125 0.8052950703125 0.5415889140625 0.8059679697265625 0.5516312490234375 0.8051408154296875 0.5764100869140625 0.814000365234375 0.5855467451171875 0.8155232646484375 0.5926679228515624 0.8181697353515625 0.597706154296875 0.8153591240234375 0.6100610732421875 0.8164984228515625 0.6268945888671875 0.8200236142578124 0.63690309375 0.823988994140625 0.6471412353515625 0.8244637470703124 0.671014396484375 0.835673349609375 0.6956854482421875 0.8404689169921875 0.7092043623046875 0.84486515625 0.71684579296875 0.844835158203125 0.7225126591796875 0.8434089951171875 0.733550224609375 0.8374700078125 0.738053095703125 0.8327869052734375 0.757257896484375 0.8264139521484375 0.76287210546875 0.82295762890625 0.7751734287109375 0.82206340234375 0.786500076171875 0.8169382783203125 0.790232697265625 0.8115992783203125 0.80114008984375 0.8109402744140625 0.8069436171875 0.8065099921875 0.81256278125 0.805329236328125 0.8237881318359375 0.7984159931640625 0.8470715947265625 0.789550490234375 0.851494765625 0.7899040927734375 0.8567288037109375 0.7883953876953125 0.865654546875 0.7840674208984375 0.8681908759765625 0.7802643134765626 0.882365765625 0.7789766015625 0.8837039716796875 0.776710623046875 0.8900887294921875 0.773908662109375 0.8915623603515626 0.768636734375 0.8948215361328125 0.765733396484375 0.895131470703125 0.7572029951171875 0.894448943359375 0.7537865556640625 0.890256005859375 0.7499392568359375 0.8835395703125 0.738274638671875 0.883627591796875 0.7355125615234375 0.8869815751953125 0.732121478515625 0.8846622041015625 0.7278806943359375 0.8774791103515625 0.7209260693359375 0.8770397939453125 0.7185676630859374 0.87338068359375 0.71659255859375 0.86922004296875 0.707952427734375 0.867948560546875 0.700629970703125 0.852144404296875 0.6871988779296875 0.8455357548828125 0.6795982431640625 0.8008985693359375 0.6042195859375 0.778823783203125 0.583758146484375 0.776889537109375 0.579845310546875 0.7777413203125 0.5754632646484374 0.774940482421875 0.57138198046875 0.7639511103515625 0.5609083037109375 0.7512368740234375 0.5523723583984375 0.7456302421875 0.5419342216796875 0.7351192705078125 0.53130044921875 0.72891208984375 0.5285785546875 0.7284241337890625 0.526462189453125 0.7235080517578125 0.5217166552734375 0.71184789453125 0.5123764365234375 0.70764846875 0.5062532734375 0.700865310546875 0.5041770908203125 0.69710490234375 0.5004138671875 0.6912813125 0.4980196220703125 0.688772623046875 0.4947527958984375 0.680062005859375 0.491038107421875 0.6730825947265625 0.4714893955078125 0.6733599345703125 0.4677533603515625 0.6637152568359375 0.4572895703125 0.66259896484375 0.4537872236328125 0.6568701826171875 0.450905232421875 0.655998634765625 0.4484612177734375 0.6485382021484375 0.4452426279296875 0.6455021748046875 0.44237947265625 0.61734156640625 0.427808783203125 0.6165155908203125 0.425122130859375 0.60958373046875 0.4215017021484375 0.6081851435546874 0.4194598232421875 0.596348943359375 0.4156437587890625 0.5507129091796875 0.391613234375 0.546337142578125 0.3910157587890625 0.543112095703125 0.38912502734375 0.5078974765625 0.3784900546875 0.498416310546875 0.37412100390625 0.486872259765625 0.371119396484375 0.4834495732421875 0.3679279951171875 0.4617489140625 0.3594136943359375 0.38940673046875 0.341057271484375 0.3729124697265625 0.33810419921875 0.362674328125 0.337629447265625 0.35113027734375 0.3346278408203125 0.3469506162109375 0.3353307373046875 0.337233025390625 0.332177984375 0.30554887890625 0.328798396484375 0.2791674736328125 0.3304925888671875 0.263397890625 0.32843805078125 0.2565267109375 0.3291239443359375 0.2401337470703125 0.3279589912109375 0.21168945703125 0.3310206279296875 0.192848484375 0.3308951708984375 0.183483423828125 0.332864732421875 0.17004648828125 0.339601173828125 0.1556757919921875 0.3395869794921875 0.1485681875 0.3414891708984375 0.1413183701171875 0.3441229814453125 0.1301875302734375 0.35055001171875 0.1292818544921875 0.3529000654296875 0.1251560859375 0.3556349541015625 0.1228496923828125 0.3559458994140625 0.10034435546875 0.3515713046875 0.090192701171875 0.348334177734375 0.0742257783203125 0.3449774345703125 0.0616812431640625 0.3448136279296875 0.0587468115234375 0.343737056640625 0.0573057744140625 0.3442146181640625 0.0581314521484375 0.3469028046875 0.0616880302734375 0.3470879580078125 0.0673694072265625 0.350213822265625 0.100600841796875 0.3571795341796875 0.1071001728515625 0.3607158876953125 0.105903880859375 0.3622517802734375 0.098167642578125 0.3627695234375 0.09173548046875 0.365815357421875 0.0823969716796875 0.3768853095703125 0.0791984755859375 0.3840949697265625 0.0749472841796875 0.4082828916015625 0.0766520390625 0.4318585126953125 0.0787430087890625 0.4395917568359375 0.0818800341796875 0.4442445654296875 0.08189484375 0.44879505859375 0.095420990234375 0.4716362509765625 0.10723831640625 0.5009675009765625 0.1317209404296875 0.5390782705078125 0.134724373046875 0.54673579296875 0.139640455078125 0.5514813271484375 0.1402297080078125 0.555385810546875
1 0.9136091259765625 0.9843982265625 0.91578613671875 0.9731984736328125 0.9114492333984375 0.97134470703125 0.909577201171875 0.9717384912109375 0.9090699267578125 0.9789666884765625 0.9136091259765625 0.9843982265625
1 0.61638125390625 1 0.61738998828125 0.9983202373046876 0.61884385546875 0.9862222490234375 0.6156578916015625 0.981813015625 0.6099845361328124 0.980963314453125 0.6015304052734375 0.98285685546875 0.5973113623046875 0.9860797880859375 0.5963108779296875 0.988917587890625 0.59357225390625 0.989142923828125 0.5918064736328125 0.993600392578125 0.5829502861328125 1 0.61638125390625 1
0 0.9105764482421875 1 0.9553959970703125 0.7694234072265626 0.9547656083984375 0.7693008720703125 0.9522569189453125 0.7660340458984375 0.938467453125 0.7676481728515625 0.9274098251953125 0.7667626328125 0.910545248046875 0.7680321064453125 0.903052220703125 0.7696078828125 0.894793896484375 0.772803330078125 0.890196515625 0.7779726455078125 0.8765163681640625 0.7836510537109375 0.873257193359375 0.7865543916015625 0.8671091572265625 0.7881385205078125 0.864424126953125 0.7903973818359376 0.8496276884765624 0.792573443359375 0.8428119345703124 0.795291626953125 0.837827595703125 0.80013423046875 0.832208431640625 0.8013149873046875 0.763466611328125 0.82913614453125 0.7568401767578125 0.8308803701171875 0.7536284052734376 0.8335398349609375 0.7424353515625 0.8356602451171875 0.7171512177734375 0.8501998125 0.704443916015625 0.8601103544921875 0.6936917119140625 0.86458946875 0.6787272529296875 0.8745658466796875 0.670673056640625 0.8813378291015626 0.669530658203125 0.8849057138671875 0.6648775517578125 0.8880442734375 0.6612738681640625 0.888101458984375 0.657242609375 0.8903501357421875 0.6514474033203125 0.897055046875 0.642237533203125 0.9028447177734376 0.6244726806640625 0.92491043359375 0.61464775 0.9338643193359375 0.6116921669921875 0.9421335458984375 0.6044977763671875 0.946799646484375 0.601400578125 0.9557974248046875 0.5958824130859375 0.958767833984375 0.594354888671875 0.9620077705078125 0.5804512958984375 0.9734542060546875 0.57906415234375 0.9759637587890625 0.5799846376953125 0.97816419921875 0.575378935546875 0.9810588857421875 0.57218167578125 0.9882703779296875 0.5657024072265625 0.99155855078125 0.56297705859375 0.99633408203125 0.5568750263671876 1 0.9105764482421875 1
0 0.14209148046875 0.04841087109375 0.1128236728515625 0.0761484267578125 0.104005251953125 0.0887600029296875 0.1547927919921875 0.1304669970703125 0.1770776513671875 0.1714088662109375 0.17511996875 0.2060467177734375 0.1580363076171875 0.22023518359375 0.159060015625 0.2395351103515625 0.2041362763671875 0.24511355859375 0.396241126953125 0.23947784765625 0.5413946904296875 0.2215322421875 0.55852144921875 0.2153108779296875 0.5688736630859375 0.20299744140625 0.568403134765625 0.172662828125 0.547738263671875 0.14795330078125 0.4100346357421875 0.070250591796875 0.3077806240234375 0.0312734873046875 0.235096099609375 0.020328537109375 0.1845671416015625 0.0264241513671875 0.14209148046875 0.04841087109375
1 0.4782110595703125 0.2108423330078125 0.46619576171875 0.1989563271484375 0.4511559755859375 0.19444114453125 0.4471939736328125 0.1984462431640625 0.454906033203125 0.2079040400390625 0.4782110595703125 0.2108423330078125
1 0.5334240478515625 0.1642718369140625 0.5309096435546875 0.1526408720703125 0.5005319326171875 0.145144298828125 0.49320420703125 0.150086912109375 0.5070514365234375 0.160737265625 0.5334240478515625 0.1642718369140625
1 0.153894833984375 0.0777648720703125 0.1581118779296875 0.06425887890625 0.1449040234375 0.05850804296875 0.1379175341796875 0.0698839658203125 0.153894833984375 0.0777648720703125
1 0.25734140234375 0.110606806640625 0.255466373046875 0.103875359375 0.2398303095703125 0.1024277607421875 0.2429409912109375 0.110991140625 0.25734140234375 0.110606806640625
1 0.44152933203125 0.22758830078125 0.4331778974609375 0.2132309873046875 0.4227825859375 0.2175773232421875 0.4185224443359375 0.22311621484375 0.4244025732421875 0.2338096650390625 0.44152933203125 0.22758830078125
0 0 0.9105764482421875 0.3726839990234375 0.98301887890625 0.3999079306640625 0.9739849716796875 0.4114957978515625 0.9635034658203125 0.4414891748046875 0.9565996298828126 0.394448150390625 0.8710520283203125 0.359936048828125 0.8356921484375 0.215756015625 0.7503635751953125 0.1586213603515625 0.72493201953125 0.077628498046875 0.707596857421875 0 0.7045416171875 0 0.9105764482421875
1 0.0510905810546875 0.786800884765625 0.1344254580078125 0.78389860546875 0.142349462890625 0.7758884072265625 0.0895180458984375 0.7528850615234375 0.070218119140625 0.7539087705078125 0.0537307353515625 0.7650296513671875 0.0230979833984375 0.7670339716796875 0.013043908203125 0.7778136162109375 0.0510905810546875 0.786800884765625
1 0.12680667578125 0.9049820166015625 0.123484048828125 0.9138866328125 0.1327299013671875 0.923642568359375 0.14836596484375 0.9250901669921875 0.15628996875 0.9170799677734375 0.15560749609375 0.9042133505859375 0.12680667578125 0.9049820166015625
1 0.25227951953125 0.9309632119140625 0.2515539501953125 0.9101294931640626 0.22424382421875 0.903229197265625 0.220921197265625 0.9121338134765625 0.2283351181640625 0.92312540234375 0.25227951953125 0.9309632119140625
1 0.314267052734375 0.8904847880859375 0.299654697265625 0.9083371171875 0.30212600390625 0.91200098046875 0.334335646484375 0.918261900390625 0.36002578515625 0.908929853515625 0.35567944921875 0.89853454296875 0.314267052734375 0.8904847880859375
1 0.4454511767578125 0.9525945302734375 0.422997470703125 0.9370877578125 0.4214205810546875 0.928822517578125 0.4051882392578125 0.93044250390625 0.4018656123046875 0.9393471201171875 0.4083420185546875 0.9469729853515625 0.444556759765625 0.9571959072265624 0.4454511767578125 0.9525945302734375
1 0.222918435546875 0.828159560546875 0.2205333232421875 0.840429900390625 0.2300773134765625 0.8486520439453125 0.251209171875 0.846392681640625 0.250867935546875 0.8399593720703125 0.2342512607421875 0.82717894921875 0.222918435546875 0.828159560546875
1 0.2984155029296875 0.8492016826171875 0.2932609443359375 0.8593419521484374 0.3077044521484375 0.866924720703125 0.31690720703125 0.8687135546875 0.33126451953125 0.8603621201171875 0.3229130849609375 0.846004806640625 0.2984155029296875 0.8492016826171875
1 0.1701336572265625 0.870426818359375 0.171710546875 0.87869205859375 0.18611095703125 0.8783077255859375 0.1701336572265625 0.870426818359375
1 0.216786806640625 0.8842705068359376 0.2155080556640625 0.8744714736328125 0.2011076455078125 0.874855806640625 0.2011507431640625 0.882822908203125 0.216786806640625 0.8842705068359376
1 0.0504476640625 0.7245978662109375 0.0491689140625 0.7147988330078126 0.0412018125 0.7148419296875 0.0391148388671875 0.7255784775390625 0.0504476640625 0.7245978662109375
1 0.013295408203125 0.7110092197265625 0.009035267578125 0.716548111328125 0.0283351943359375 0.71552440234375 0.013295408203125 0.7110092197265625
1 0.364752912109375 0.8764220732421875 0.366243607421875 0.8687531103515626 0.3542714072265625 0.864834205078125 0.35218443359375 0.8755707529296874 0.364752912109375 0.8764220732421875
1 0.291392998046875 0.9672175087890625 0.2946725283203125 0.9503457919921875 0.2783970888671875 0.943998677734375 0.27298748828125 0.9636398408203125 0.291392998046875 0.9672175087890625
1 0.2043836337890625 0.800680587890625 0.2027636474609375 0.7844482451171875 0.1846562763671875 0.7793367841796875 0.1871706806640625 0.7909677490234375 0.2043836337890625 0.800680587890625