1 0.481412048828125 0.60108866015625 0.47584411328125 0.59151599609375 0.4624764482421875 0.60023807421875 0.459882771484375 0.6053925673828126 0.45668318359375 0.6245798955078125 0.4651986875 0.6271774541015624 0.4749490390625 0.623414078125 0.480156029296875 0.6102771943359375 0.481412048828125 0.60108866015625
1 0.4809624599609375 0.7971981455078125 0.4810459296875 0.8104194853515625 0.4952226953125 0.808458830078125 0.4986613798828125 0.80441090234375 0.50007455859375 0.7971407255859375 0.49364227734375 0.789287859375 0.4866430595703125 0.7898135673828125 0.4809624599609375 0.7971981455078125
1 0.291943306640625 0.917980388671875 0.2854741806640625 0.9157790126953125 0.2828995439453125 0.9181086767578125 0.2819968193359375 0.9254796669921875 0.28569547265625 0.93374507421875 0.290632638671875 0.9356470751953125 0.2933837734375 0.93240940625 0.2947972509765625 0.9251376962890625 0.291943306640625 0.917980388671875
1 0.3764665302734375 0.832538369140625 0.3814018642578125 0.83444160546875 0.3840151767578125 0.82645921484375 0.3758354619140625 0.8248692392578125 0.374616287109375 0.828406283203125 0.3764665302734375 0.832538369140625
1 0.289857607421875 0.6666682314453125 0.293771435546875 0.6683729072265625 0.2998056279296875 0.65916925 0.2923131640625 0.6567705498046875 0.2900727822265625 0.6601074990234375 0.289857607421875 0.6666682314453125
1 0.223366490234375 0.6320497763671875 0.2253932314453125 0.635273857421875 0.2287950712890625 0.6368774208984375 0.234279833984375 0.6332272109375 0.2363820966796875 0.62514707421875 0.2357494951171875 0.617477646484375 0.2235994697265625 0.6226623837890625 0.223366490234375 0.6320497763671875
1 0.1644300634765625 0.66775550390625 0.1607682548828125 0.65383860546875 0.1556545908203125 0.652844609375 0.1487756884765625 0.660940166015625 0.152121046875 0.6710231181640625 0.160813048828125 0.672712671875 0.1644300634765625 0.66775550390625
1 0.136814322265625 0.7661470263671875 0.138487767578125 0.7711886513671875 0.1449955712890625 0.7677372998046875 0.140961427734375 0.7584627744140625 0.1364997041015625 0.76231184375 0.136814322265625 0.7661470263671875
1 0.0959555654296875 0.8289483955078125 0.0906025068359375 0.8128165341796875 0.0839937265625 0.8058716728515625 0.07776523046875 0.8188099951171876 0.0800507041015625 0.8343455791015625 0.08345224609375 0.8359506767578125 0.0959555654296875 0.8289483955078125
1 0.0715894775390625 0.875147943359375 0.074480265625 0.876653759765625 0.0762086591796875 0.8732156982421875 0.0778373115234375 0.8593832568359375 0.0696382578125 0.86061964453125 0.0715894775390625 0.875147943359375
1 0.1214801357421875 0.711286623046875 0.1198260283203125 0.703418634765625 0.1150671923828125 0.700607392578125 0.1106039345703125 0.7044561640625 0.1091904580078125 0.7117278740234375 0.115484619140625 0.714837552734375 0.1214801357421875 0.711286623046875
1 0.3748515712890625 0.9473012373046875 0.3728245322265625 0.9440786904296875 0.367359107421875 0.944902537109375 0.365452681640625 0.9492483056640625 0.3667921708984375 0.953281111328125 0.3719043017578125 0.95427480859375 0.3748515712890625 0.9473012373046875
1 0.2570424521484375 0.85460026953125 0.2546814560546875 0.8503689033203125 0.2517713291015625 0.8516894501953125 0.249511609375 0.8578527626953125 0.250515310546875 0.860877984375 0.2552931865234375 0.860864396484375 0.2570424521484375 0.85460026953125
0 0.601541580078125 0.755551498046875 0.5968198876953125 0.7470872314453125 0.59288795703125 0.7482107509765625 0.5685802568359375 0.7340531328125 0.563031361328125 0.721655638671875 0.56324530078125 0.7150930751953125 0.5582261982421876 0.6999700322265625 0.5427603076171875 0.664891701171875 0.5372675947265625 0.644016353515625 0.5308546513671875 0.6333371240234374 0.530064591796875 0.6237508720703125 0.512402814453125 0.61088508984375 0.512125041015625 0.601398416015625 0.50860288671875 0.59222500390625 0.4936747373046875 0.5789466806640625 0.4866098544921875 0.56342438671875 0.418882056640625 0.535168103515625 0.3939702783203125 0.5350420849609375 0.38307473828125 0.53103798828125 0.3685462119140625 0.534816486328125 0.352008451171875 0.5325457763671875 0.3359270927734375 0.53885096484375 0.32621205078125 0.5369625517578125 0.3002014130859375 0.54794342578125 0.2858674873046875 0.5479857236328125 0.2611963388671875 0.56299940234375 0.2403352724609375 0.5693194140625 0.20943409375 0.5972711181640625 0.1363656953125 0.653811568359375 0.10733409765625 0.683068994140625 0.077380736328125 0.722522240234375 0.0541856630859375 0.746311615234375 0.0498620595703125 0.75490387109375 0.0425463916015625 0.7515956318359375 0.0359566513671875 0.74182594140625 0.023333017578125 0.741258373046875 0.021585583984375 0.747521263671875 0.0152545771484375 0.750063076171875 0.0190928837890625 0.7630719697265625 0.0446645517578125 0.7925666103515625 0.0505474033203125 0.805972923828125 0.05427334375 0.835937525390625 0.063074271484375 0.872548849609375 0.0888300888671875 0.925662578125 0.092724876953125 0.9301920830078125 0.3820993681640625 0.9864407861328125 0.40768242578125 0.9885835068359375 0.4253347197265625 0.9769234326171875 0.4349856298828125 0.9627641416015625 0.4619533427734375 0.9359356591796875 0.5992640556640625 0.7645414716796874 0.601541580078125 0.755551498046875
0 0.522464931640625 0.0077423515625 0.5081507158203125 0.0240608876953125 0.4907258173828125 0.031816044921875 0.455707173828125 0.072761455078125 0.393083806640625 0.1656438642578125 0.3658203193359375 0.2240141728515625 0.33272334375 0.336961634765625 0.3144111103515625 0.463925173828125 0.3143715546875 0.5132615751953125 0.3205929189453125 0.530388333984375 0.3647316640625 0.5326010576171875 0.3800264921875 0.52761534765625 0.43554116015625 0.536814560546875 0.49237767578125 0.563779908203125 0.5137250205078125 0.6013560537109375 0.5451659951171876 0.5788161533203126 0.61567026953125 0.469956443359375 0.635817974609375 0.3990607529296875 0.656813458984375 0.25829308203125 0.64547355078125 0.1446666884765625 0.6158574248046875 0.0513639306640625 0.6144924794921875 0.0256306953125 0.60584290625 0.012807173828125 0.54449120703125 0.0008816123046875 0.5402310654296875 0.00642050390625 0.522464931640625 0.0077423515625
1 0.449891390625 0.41385612109375 0.4285906845703125 0.441550580078125 0.4317444638671875 0.458081060546875 0.44035094140625 0.46293748046875 0.4556457685546875 0.45795176953125 0.457007171875 0.4263815029296875 0.449891390625 0.41385612109375
1 0.47953644921875 0.285911970703125 0.4875466474609375 0.293835974609375 0.493595623046875 0.279094328125 0.4843928681640625 0.2773054931640625 0.47953644921875 0.285911970703125
1 0.52796780859375 0.118642396484375 0.499978751953125 0.1561789853515625 0.4964010830078125 0.1745844951171875 0.5019399755859375 0.1788446357421875 0.536150396484375 0.1584348056640625 0.53942992578125 0.1415630888671875 0.52796780859375 0.118642396484375
1 0.5347889921875 0.1900050732421875 0.5353421728515625 0.17897038671875 0.52835568359375 0.19034630859375 0.5347889921875 0.1900050732421875
1 0.598392970703125 0.10845548828125 0.605720697265625 0.103512875 0.6083608515625 0.081741640625 0.5930660234375 0.0867273515625 0.586122630859375 0.1060703759765625 0.598392970703125 0.10845548828125
1 0.5473899443359375 0.026912986328125 0.533927048828125 0.0306630439453125 0.533075728515625 0.0432315234375 0.538018341796875 0.0505592490234375 0.5462835830078125 0.048982359375 0.551096904296875 0.03240878125 0.5473899443359375 0.026912986328125
1 0.5960220234375 0.349939837890625 0.605821056640625 0.348661087890625 0.608163072265625 0.328423646484375 0.5974696220703125 0.3343037744140625 0.5960220234375 0.349939837890625
1 0.6073477666015625 0.2343522216796875 0.616550521484375 0.2361410556640625 0.617401841796875 0.2235725771484375 0.6109685322265626 0.2239138134765625 0.6073477666015625 0.2343522216796875
1 0.346275974609375 0.406449283203125 0.3609745244140625 0.4045311572265625 0.3575226064453125 0.38953446875 0.36485033203125 0.3845918544921875 0.332683787109375 0.3862980361328125 0.326081630859375 0.412074369140625 0.33805383203125 0.4159932744140625 0.346275974609375 0.406449283203125
1 0.3369403876953125 0.3234556416015625 0.353215826171875 0.3298027568359375 0.3493364775390625 0.292438556640625 0.3444369609375 0.293077931640625 0.3369403876953125 0.3234556416015625
1 0.388018984375 0.2490218388671875 0.396923599609375 0.2523444658203125 0.397774919921875 0.2397759873046875 0.391341611328125 0.2401172236328125 0.388018984375 0.2490218388671875
1 0.4452327509765625 0.1757805927734375 0.44979103125 0.168707908203125 0.45059925390625 0.148172328125 0.4454015986328125 0.15034549609375 0.4427614443359375 0.1721167294921875 0.4452327509765625 0.1757805927734375
1 0.446888751953125 0.08537303125 0.45455771484375 0.0868637265625 0.46179924609375 0.06598691015625 0.4532358671875 0.069097591796875 0.446888751953125 0.08537303125
1 0.511347591796875 0.048558470703125 0.51530959375 0.04455337109375 0.5188872626953125 0.026147861328125 0.5096845078125 0.02435902734375 0.5058087001953125 0.0442983291015625 0.511347591796875 0.048558470703125
1 0.5405723017578125 0.0128538125 0.5488806396484375 0.0192440244140625 0.5586365751953125 0.0099981728515625 0.54449120703125 0.0008816123046875 0.5405723017578125 0.0128538125
1 0.4909950244140625 0.25152916015625 0.499558404296875 0.248418478515625 0.497342138671875 0.2352537216796875 0.4893750380859375 0.235296818359375 0.4909950244140625 0.25152916015625
1 0.4650858583984375 0.163722197265625 0.473606140625 0.1526444140625 0.4698560830078125 0.139181517578125 0.4619320791015625 0.147191716796875 0.4607826201171875 0.1612939873046875 0.4650858583984375 0.163722197265625
1 0.3745956435546875 0.2034354951171875 0.3804326748046875 0.2061618447265625 0.3913811669921875 0.190780822265625 0.3900593193359375 0.1730146875 0.3745956435546875 0.2034354951171875
1 0.4213314462890625 0.1759098837890625 0.4185189033203125 0.1658127119140625 0.4130662060546875 0.1774867734375 0.4213314462890625 0.1759098837890625
1 0.4854956884765625 0.1979326181640625 0.49286651171875 0.2009571064453125 0.4980210703125 0.1908168369140625 0.4906502470703125 0.1877923486328125 0.4854956884765625 0.1979326181640625
1 0.4493021953125 0.5315307109375 0.4495141396484375 0.5140627158203125 0.4398013017578125 0.5312756689453125 0.4493021953125 0.5315307109375
1 0.48590126953125 0.55615404296875 0.4916952041015625 0.550913291015625 0.4928015654296875 0.52884391796875 0.4805743232421875 0.5344259072265625 0.47729479296875 0.5512976240234375 0.48590126953125 0.55615404296875
0 1 0.4157312431640625 0.99565938671875 0.414887513671875 0.954929462890625 0.419704376953125 0.923445390625 0.43427717578125 0.8905568173828124 0.472453140625 0.87603065625 0.506239671875 0.834449412109375 0.5236250146484375 0.8109755390625 0.5461218173828125 0.748944908203125 0.578633140625 0.7196771015625 0.6063706962890625 0.68849116796875 0.619409703125 0.6971407421875 0.6322332236328125 0.7195513515625 0.63977289453125 0.726965271484375 0.6507644833984375 0.733315927734375 0.691792546875 0.75504760546875 0.7437691025390625 0.7487004912109375 0.760044541015625 0.759354384765625 0.803500814453125 0.7985971552734376 0.863656416015625 0.8336624375 0.887981609375 0.87631048828125 0.8978632958984375 0.9020437236328125 0.8964983505859375 0.932931517578125 0.88499313671875 1 0.5399557060546875 1 0.4157312431640625
1 0.9138222880859375 0.5247278349609374 0.9028306982421875 0.532141755859375 0.8998493076171875 0.5474796806640625 0.907220130859375 0.55050416796875 0.9218755830078125 0.5406189404296875 0.921193111328125 0.527752322265625 0.9138222880859375 0.5247278349609374
1 0.935424673828125 0.5528030859375 0.9436899140625 0.5512261962890626 0.946373166015625 0.537422064453125 0.934742201171875 0.5399364677734375 0.935424673828125 0.5528030859375
1 0.8079941484375 0.5614597421875 0.8254621435546875 0.5616716875 0.8269097412109375 0.546035623046875 0.8158750556640625 0.5454824423828125 0.8079941484375 0.5614597421875
1 0.7775048525390625 0.816579376953125 0.7830006474609374 0.8128724169921875 0.7838088701171875 0.7923368369140625 0.75990756640625 0.7924661279296875 0.7642969990234375 0.810828541015625 0.7775048525390625 0.816579376953125
1 0.785554607421875 0.77516698046875 0.796503099609375 0.7597859580078125 0.784189662109375 0.749433744140625 0.775924421875 0.7510106337890625 0.7720486142578125 0.7709499365234375 0.785554607421875 0.77516698046875
1 0.748061115234375 0.755145025390625 0.7615671083984376 0.7593620693359375 0.7648897353515625 0.750457453125 0.753215673828125 0.745004755859375 0.748061115234375 0.755145025390625
0 0 0.6986605439453125 0.0290176669921875 0.7283910205078125 0.063059240234375 0.733416287109375 0.1014005107421875 0.6835662607421875 0.159637986328125 0.62962494140625 0.225544423828125 0.57717431640625 0.3120295390625 0.5334990166015625 0.309852830078125 0.4709978583984375 0.3328921904296875 0.3115265380859375 0.316573654296875 0.297212322265625 0.3065591357421875 0.25865556640625 0.2893030849609375 0.2409756259765625 0.28120669140625 0.2171174189453125 0.2408575595703125 0.1790311904296875 0.231996041015625 0.1836756650390625 0.21393530859375 0.2438348076171875 0.2087376533203125 0.2460079755859375 0.1742686494140625 0.218615197265625 0.14150228515625 0.1660854609375 0.13289580859375 0.161229041015625 0.0931464951171875 0.17737873046875 0.0461556513671875 0.2144052353515625 0 0.4518554775390625 0 0.6986605439453125
1 0.0963864697265625 0.2098434140625 0.1129169501953125 0.206689634765625 0.115003923828125 0.1959530869140625 0.10882565625 0.1867934296875 0.0963864697265625 0.2098434140625
1 0.303157396484375 0.3662329833984375 0.316961529296875 0.3689162353515625 0.324246158203125 0.3560065205078125 0.3125720966796875 0.3505538232421875 0.303157396484375 0.3662329833984375
1 0.146685173828125 0.6143732109375 0.152522205078125 0.6170995595703125 0.156782345703125 0.61156066796875 0.1542248447265625 0.5919626015625 0.146685173828125 0.6143732109375
1 0.089381671875 0.614376751953125 0.097603814453125 0.60483276171875 0.0932574794921875 0.5944374501953125 0.0791552080078125 0.5932879912109374 0.0740437470703125 0.611395361328125 0.089381671875 0.614376751953125
1 0.1084413232421875 0.17239301953125 0.117644078125 0.174181853515625 0.1246305673828125 0.1628059306640625 0.1117639501953125 0.1634884033203125 0.1084413232421875 0.17239301953125
0 0.2852300458984375 0 0.28213358203125 0.0485726357421875 0.2901904189453125 0.1217672431640625 0.3073207197265625 0.1728493818359375 0.3292212451171875 0.1993908408203125 0.340895306640625 0.2048435380859375 0.3552526201171875 0.1964921025390625 0.377957826171875 0.145194478515625 0.4050524658203125 0.1122592666015625 0.4379103115234375 0 0.2852300458984375 0
1 0.4303116328125 0.0232562060546875 0.418723765625 0.0337377119140625 0.4191511962890625 0.0561052236328125 0.4303116328125 0.0232562060546875
1 0.3595092197265625 0.133649708984375 0.370202669921875 0.1277695810546875 0.369520197265625 0.114902962890625 0.359423025390625 0.117715505859375 0.3595092197265625 0.133649708984375
1 0.3902641806640625 0.0409396875 0.399168796875 0.044262314453125 0.4018520478515625 0.0304581826171875 0.3908173623046875 0.0299050009765625 0.3902641806640625 0.0409396875
1 0.3931664599609375 0.1242745654296875 0.4044561875 0.1153268515625 0.4080338564453125 0.0969213427734375 0.3967441279296875 0.1058690556640625 0.3931664599609375 0.1242745654296875
1 0.3126801396484375 0.0306341123046875 0.3221810341796875 0.030889154296875 0.3236286318359375 0.0152530908203125 0.31412773828125 0.014998048828125 0.3126801396484375 0.0306341123046875
0 0.545000689453125 0.661554751953125 0.5752957470703125 0.710420625 0.5812620693359375 0.7370482783203125 0.6083171533203126 0.7534494677734375 0.605037623046875 0.7703211845703125 0.5824150693359375 0.780249509765625 0.5577486396484375 0.808881482421875 0.565845033203125 0.832739689453125 0.5913232265625 0.840875638671875 0.609897583984375 0.8190182109375 0.623827466796875 0.788299263671875 0.648149119140625 0.6959304794921874 0.65240571875 0.6330880849609375 0.6656962255859376 0.5974696220703125 0.6582392080078125 0.578510931640625 0.6648844619140625 0.56070169921875 0.6536342890625 0.52031301171875 0.6283249423828124 0.4867419658203125 0.6163527421875 0.4828230615234375 0.595946453125 0.505916142578125 0.587512365234375 0.53292812890625 0.5467428857421875 0.5870813935546875 0.5328130029296875 0.61780033984375 0.545000689453125 0.661554751953125
1 0.591176228515625 0.530456822265625 0.568639869140625 0.556319349609375 0.5687260634765625 0.572253552734375 0.5773325400390625 0.5771099716796875 0.5828283349609376 0.57340301171875 0.5937337294921875 0.5500548876953125 0.591176228515625 0.530456822265625
1 0.623346314453125 0.5860541435546875 0.628500873046875 0.5759138740234375 0.6274771640625 0.556613947265625 0.6152930185546875 0.5701630380859375 0.61508107421875 0.587631033203125 0.623346314453125 0.5860541435546875
1 0.65632108203125 0.5638123818359375 0.6456707294921875 0.577659611328125 0.6454587841796875 0.5951276064453125 0.6509976767578125 0.599387748046875 0.65981609765625 0.586776171875 0.663095626953125 0.5699044541015625 0.65632108203125 0.5638123818359375
1 0.628795470703125 0.5170765791015625 0.636762572265625 0.517033482421875 0.6428115478515625 0.5022918349609375 0.632075 0.5002048623046875 0.628795470703125 0.5170765791015625
1 0.624122064453125 0.72946196875 0.6224158828125 0.697295423828125 0.611126154296875 0.7062431376953126 0.6009858857421875 0.7010885791015625 0.5943406318359375 0.718897810546875 0.60490833203125 0.746419880859375 0.61564487890625 0.7485068544921875 0.624122064453125 0.72946196875
1 0.5812656103515625 0.79435178125 0.59596416015625 0.7924336552734375 0.5940460341796875 0.77773510546875 0.5857807939453125 0.7793119951171875 0.5812656103515625 0.79435178125
1 0.57584538671875 0.6420824365234375 0.5853462802734375 0.642337478515625 0.5883276708984375 0.6269995537109375 0.5761004287109375 0.63258154296875 0.57584538671875 0.6420824365234375
1 0.6178540615234375 0.6470646064453125 0.6267586767578125 0.650387232421875 0.628163177734375 0.6267840673828124 0.6193016591796875 0.6314285419921875 0.6178540615234375 0.6470646064453125
1 0.6061729169921874 0.5270049033203125 0.61469319921875 0.5159271201171876 0.6152463798828125 0.50489243359375 0.6084718349609375 0.498800361328125 0.599100232421875 0.5224466240234374 0.6061729169921874 0.5270049033203125
1 0.55020896875 0.831292091796875 0.5857843349609375 0.8366154970703125 0.5909388935546875 0.826475228515625 0.5674070654296876 0.828798134765625 0.570212248046875 0.8280174833984375 0.563040283203125 0.8239699560546875 0.557145669921875 0.8201723125 0.5465020087890625 0.825796296875 0.55020896875 0.831292091796875
1 0.8844464365234375 0.8723851015625 0.8920723017578125 0.8659086953125 0.8928805244140625 0.845373115234375 0.873921833984375 0.8528301328125 0.87860940625 0.8696587529296875 0.8844464365234375 0.8723851015625