1 0.4693735029296875 0.6346436201171874 0.4757749248046875 0.64070456640625 0.4776154423828125 0.658215921875 0.4792931494140625 0.661532158203125 0.4832401572265625 0.661117310546875 0.4885511328125 0.6568182998046875 0.4979905712890625 0.653830869140625 0.5028399716796875 0.653570982421875 0.5146818857421875 0.656565193359375 0.522187912109375 0.656274318359375 0.536086984375 0.6450883173828125 0.542582025390625 0.63517855078125 0.5390957041015625 0.627315521484375 0.530218947265625 0.6230104365234375 0.5266081552734375 0.6223938642578125 0.5097378271484375 0.6221717021484375 0.4820599365234375 0.6245811533203125 0.4733932080078125 0.6264897158203125 0.467152482421875 0.6303884072265625 0.4693735029296875 0.6346436201171874
1 0.0800535615234375 0.5623425625 0.092642380859375 0.5640123828125 0.1005363984375 0.5631826875 0.118176994140625 0.5580873935546875 0.1234116171875 0.5530469892578125 0.1243373720703125 0.5492088837890625 0.127856111328125 0.519412220703125 0.1260982197265625 0.5111177197265625 0.120914484375 0.512411970703125 0.1142069736328125 0.5118695 0.1063389248046875 0.5129462705078125 0.0882601171875 0.518087623046875 0.0807032041015625 0.5221246513671876 0.0727882646484375 0.5311860009765625 0.064180798828125 0.546304484375 0.0652412802734375 0.5521789404296875 0.0754091435546875 0.5603373642578126 0.0800535615234375 0.5623425625
1 0.191509787109375 0.6483870126953125 0.207223408203125 0.6544652890625 0.2139049501953125 0.65476068359375 0.2230343046875 0.653053302734375 0.2355418876953125 0.6455045517578125 0.248277654296875 0.6316960947265625 0.2594974599609375 0.6287713466796875 0.2825801025390625 0.62060915234375 0.28373819921875 0.6147513212890625 0.2797084013671875 0.605947759765625 0.2768703193359375 0.6042523203125 0.261909876953125 0.6053251142578125 0.250897494140625 0.6102233671875 0.2431890908203125 0.6170194697265625 0.2236110869140625 0.62057289453125 0.2164420009765625 0.6240695478515625 0.20865325 0.6258858310546875 0.1972803984375 0.631569818359375 0.191560673828125 0.644640859375 0.191509787109375 0.6483870126953125
1 0 0.481856125 0.0011540888671875 0.48235474609375 0.0171220244140625 0.4824219482421875 0.040515802734375 0.4772200107421875 0.04711699609375 0.4725355869140625 0.0506493212890625 0.4681752841796875 0.0522714345703125 0.46251691796875 0.049664140625 0.4588019150390625 0.029488947265625 0.4524431513671875 0.009910943359375 0.4559965751953125 0 0.4600544189453125 0 0.481856125
1 0.0883317744140625 0.4597244755859375 0.0869922236328125 0.4638558798828125 0.09081215625 0.4664473466796875 0.09718500390625 0.4680210732421875 0.101568669921875 0.46756033203125 0.1093305654296875 0.46125821875 0.11276006640625 0.4601499169921875 0.1118812021484375 0.456003443359375 0.104141783203125 0.4540737373046875 0.0976416962890625 0.4555047705078125 0.0883317744140625 0.4597244755859375
1 0.264760869140625 0.484823232421875 0.2734769296875 0.4791686796875 0.2774474658203125 0.4747623193359375 0.276724087890625 0.472095197265625 0.2739376171875 0.470890802734375 0.2554166025390625 0.471839787109375 0.248709255859375 0.4712988701171875 0.23960431640625 0.473253490234375 0.2368204501953125 0.4762892392578125 0.2352733125 0.478445583984375 0.2367995283203125 0.48452089453125 0.2413411220703125 0.48977809375 0.245933765625 0.4912906923828125 0.2498807744140625 0.490875845703125 0.264760869140625 0.484823232421875
1 0.401405376953125 0.443527833984375 0.4125769013671875 0.4485893818359375 0.42622498828125 0.451891796875 0.430636177734375 0.4516779677734375 0.4414697099609375 0.4492934306640625 0.4716954697265625 0.437387505859375 0.48175108203125 0.4276015498046875 0.4836560830078125 0.420419328125 0.4811005634765625 0.4171969248046875 0.4572894970703125 0.4142132646484375 0.4390252392578125 0.4133897626953125 0.435206859375 0.4107981328125 0.4321103046875 0.4108737880859375 0.4257154833984375 0.41329141015625 0.4125598232421875 0.4146741259765625 0.3993832412109375 0.4242884970703125 0.3965484892578125 0.4310703984375 0.39732624609375 0.438470263671875 0.401405376953125 0.443527833984375
1 0.5140160556640625 0.46885021875 0.522651931640625 0.4582174013671875 0.523115060546875 0.45417811328125 0.5203261484375 0.4487351298828125 0.506908685546875 0.4434115986328125 0.4989126728515625 0.443255931640625 0.4851915634765625 0.4476894658203125 0.4767582275390625 0.451818609375 0.4693867646484375 0.461820490234375 0.4698040537109375 0.4700060888671875 0.4721781181640625 0.4715020634765625 0.4864693984375 0.4724933359375 0.4982062099609375 0.47450251171875 0.5017150078125 0.47413372265625 0.5140160556640625 0.46885021875
1 0.5960922802734375 0.5073568603515625 0.6038801435546876 0.5013018251953125 0.6094210185546876 0.4907444990234375 0.603278794921875 0.4871496552734375 0.582924751953125 0.4833046064453125 0.5592432021484375 0.481553220703125 0.5480493642578125 0.4847250458984375 0.543511099609375 0.487945189453125 0.5409864326171875 0.493447041015625 0.543856580078125 0.5081085966796876 0.547418203125 0.512472712890625 0.5695023935546875 0.5158876806640625 0.57718743359375 0.5130846455078125 0.5894133427734375 0.511301609375 0.5960922802734375 0.5073568603515625
1 0.4341714677734375 0.552804599609375 0.4344852080078125 0.5600049990234375 0.44147772265625 0.563259095703125 0.447589818359375 0.5623668828125 0.456075091796875 0.558731892578125 0.46050964453125 0.5545249970703126 0.459501099609375 0.5491446953125 0.45170990625 0.5467223896484374 0.4407728251953125 0.548121728515625 0.4361048798828125 0.55010804296875 0.4341714677734375 0.552804599609375
1 0 0.0705514931640625 0.00297565234375 0.06943513671875 0.0058883115234375 0.06339446484375 0.002430400390625 0.0600171005859375 0 0.059601009765625 0 0.0705514931640625
1 0.3844693681640625 0.02086083984375 0.38336044140625 0.022971126953125 0.3852729306640625 0.0285062265625 0.38981224609375 0.029526390625 0.39736916015625 0.0254893623046875 0.3992248291015625 0.022053130859375 0.3979579736328125 0.0184454775390625 0.395971736328125 0.0164091279296875 0.3919987587890625 0.0165768984375 0.3873050087890625 0.0183176904296875 0.3844693681640625 0.02086083984375
1 0.5932289052734375 0.6530480263671875 0.5950594931640625 0.653603470703125 0.608292896484375 0.6529604306640625 0.6160298740234375 0.6506515478515625 0.614738603515625 0.6467966552734375 0.6087002548828125 0.6441901181640625 0.599053392578125 0.6452040439453125 0.5935607998046875 0.6477750732421875 0.59203979296875 0.650180048828125 0.5932289052734375 0.6530480263671875
1 0.7896885244140625 0.704220859375 0.7980416748046875 0.695113451171875 0.78748493359375 0.6832550947265625 0.774170294921875 0.6746795634765625 0.74718387890625 0.666791576171875 0.7394195419921875 0.6688550986328125 0.72732591796875 0.6761121064453125 0.719900076171875 0.68138124609375 0.716857900390625 0.6861896435546875 0.722668953125 0.699294638671875 0.733893806640625 0.7048486220703125 0.7527528125 0.7113457236328125 0.7712996318359375 0.71064226171875 0.7825194384765625 0.7077175126953125 0.7896885244140625 0.704220859375
1 0.6185583857421875 0.6030027841796874 0.614327763671875 0.6007042880859375 0.60909208984375 0.6015043857421875 0.6053265361328125 0.6036456611328125 0.6031105625 0.6078691796875 0.60437586328125 0.61147699609375 0.611547390625 0.6122189326171875 0.6190769443359375 0.607936544921875 0.6185583857421875 0.6030027841796874
1 0.68580785546875 0.6016706904296875 0.68655215625 0.5961061572265625 0.684695599609375 0.5953036357421875 0.6766459326171875 0.59465242578125 0.669038798828125 0.5981966904296875 0.668111326171875 0.60203340625 0.6722917275390625 0.6038391396484375 0.6816040908203125 0.6038580234375 0.68580785546875 0.6016706904296875
1 0.6954461796875 0.58369913671875 0.69340921875 0.585410494140625 0.691888048828125 0.587813916015625 0.6956302392578125 0.58966570703125 0.701690560546875 0.5882808955078125 0.704165732421875 0.5865234794921875 0.7028226884765625 0.5821759873046874 0.6954461796875 0.58369913671875
1 0.2189957548828125 0.7706870439453125 0.2314214365234375 0.75815863671875 0.231806822265625 0.753379673828125 0.2280104169921875 0.746796693359375 0.219135376953125 0.7424929990234375 0.2072673310546875 0.739250158203125 0.199297125 0.739340013671875 0.1907341083984375 0.7422353291015625 0.1854215791015625 0.7465345029296875 0.179183294921875 0.754671783203125 0.17047472265625 0.7730436572265625 0.1699871787109375 0.776835705078125 0.1725167294921875 0.7798110322265625 0.18905100390625 0.78106616796875 0.204837484375 0.7794069423828125 0.2189957548828125 0.7706870439453125
0 0 0.526203888671875 0.026094630859375 0.7744777177734375 0.033127021484375 0.7815941171875 0.104766916015625 0.8054865947265625 0.318300677734375 0.8490297724609375 0.4902933994140625 0.85609031640625 0.5866377080078125 0.84596412109375 0.615425265625 0.8507939599609375 0.773189880859375 0.8420677646484375 0.792653794921875 0.84787755859375 0.8173535166015625 0.84371040625 0.900524296875 0.872675365234375 0.923670078125 0.8686715390625 0.91238652734375 0.8510042080078125 0.8725627529296875 0.8159121875 0.8842616572265625 0.79268708984375 0.87397213671875 0.6947888408203124 0.8573734609375 0.671395724609375 0.8562301806640625 0.6605181416015625 0.8680084013671875 0.6529957744140625 0.8502664462890624 0.6187250751953125 0.8536216611328125 0.60580357421875 0.8314605263671875 0.5892795234375 0.8214042646484375 0.5683409853515625 0.778635935546875 0.5351295576171875 0.7754487373046876 0.519753478515625 0.765145140625 0.5114097900390625 0.7439639599609374 0.5042093818359376 0.7228667890625 0.48286018359375 0.703402875 0.4770503896484375 0.684186294921875 0.4586457470703125 0.6531914951171875 0.4477634716796875 0.6341382412109375 0.4309127685546875 0.5158848251953125 0.38206854296875 0.3994279912109375 0.350317662109375 0.3292580283203125 0.3404106484375 0.144507130859375 0.331548830078125 0.058877080078125 0.3389778046875 0 0.350390083984375 0 0.526203888671875
0 0.4737961083984375 0 0.2768023173828125 0.0207048818359375 0.259951615234375 0.0397581357421875 0.2534092021484375 0.0373035576171875 0.256601091796875 0.0228281162109375 0 0.0497979775390625 0 0.13521752734375 0.0131923486328125 0.1285378466796875 0.0388720244140625 0.133694337890625 0.0403419560546875 0.1476798017578125 0.0272524375 0.172622166015625 0.0317462412109375 0.2004297685546875 0.0273270625 0.2181764169921875 0.0157121669921875 0.227252724609375 0.0165287958984375 0.2350224267578125 0.0040132626953125 0.2504778232421875 0.061999037109375 0.2490965927734375 0.166523708984375 0.2271128603515625 0.2598441455078125 0.2031645263671875 0.4220326318359375 0.1468401630859375 0.6380444326171875 0.034583326171875 0.6701078876953125 0.0107889345703125 0.6996920009765625 0 0.4737961083984375 0
0 0 0.3445910361328125 0.101897435546875 0.32974286328125 0.199058373046875 0.3273863701171875 0.25475289453125 0.334101494140625 0.311184728515625 0.3328835888671875 0.4037631611328125 0.3467198037109375 0.5219372607421875 0.3798612998046875 0.617455556640625 0.4216684423828125 0.6303770576171875 0.425023658203125 0.646817099609375 0.4170113134765625 0.6525381923828125 0.441547708984375 0.6802617861328125 0.4512026962890625 0.749377169921875 0.4062318154296875 0.7672918359375 0.3823534150390625 0.7764568447265625 0.349968 0.7698398076171875 0.3019591708984375 0.7493166220703125 0.2711230048828125 0.711779408203125 0.2577861513671875 0.664181240234375 0.2533622802734375 0.6480725419921874 0.2346309853515625 0.565149095703125 0.1930711767578125 0.5545188466796875 0.181619607421875 0.47510925 0.1585437587890625 0.4131989658203125 0.1524819384765625 0.3272375712890625 0.1866545517578125 0.2236928544921875 0.217961927734375 0.070258716796875 0.25294178515625 0.0507107939453125 0.26128078125 0 0.3046049384765625 0 0.3445910361328125
1 0.2838764873046875 0.282336173828125 0.287063685546875 0.297712251953125 0.305300310546875 0.3067932529296875 0.33695310546875 0.29403976953125 0.349468638671875 0.2785843740234375 0.3402290048828125 0.2654155380859375 0.3228090078125 0.264104240234375 0.295328056640625 0.2717059248046875 0.2838764873046875 0.282336173828125
1 0.2667784501953125 0.3139842763671875 0.246577224609375 0.3161075107421875 0.2394608251953125 0.3231399013671875 0.2418313935546875 0.3307462783203125 0.2651405009765625 0.328296392578125 0.2738108408203125 0.32110067578125 0.2667784501953125 0.3139842763671875
1 0.485072119140625 0.253334126953125 0.508217900390625 0.24933030078125 0.5100191748046875 0.2365721259765625 0.504867376953125 0.23240028125 0.48033098046875 0.2381213740234375 0.485072119140625 0.253334126953125
1 0.4286355927734375 0.2844035517578125 0.43288675390625 0.2949544833984375 0.4512073876953125 0.2898866943359375 0.444011671875 0.2812163544921875 0.434688029296875 0.28219630859375 0.4286355927734375 0.2844035517578125
1 0.3908463525390625 0.313513068359375 0.393216921875 0.3211194443359375 0.4039311787109375 0.318422224609375 0.4034412021484375 0.31376040234375 0.3908463525390625 0.313513068359375
1 0.100595521484375 0.2874598193359375 0.1003481875 0.30005466796875 0.1136803486328125 0.292368974609375 0.11319037109375 0.2877071533203125 0.100595521484375 0.2874598193359375
1 0.6227195166015626 0.2325823759765625 0.6212448935546875 0.248448431640625 0.655431583984375 0.244855265625 0.649626482421875 0.23446766015625 0.6227195166015626 0.2325823759765625
1 0.491465283203125 0.1646802041015625 0.494815806640625 0.1816102236328125 0.5245040009765625 0.180060974609375 0.5185355732421875 0.1681194287109375 0.491465283203125 0.1646802041015625
1 0.769914431640625 0.347513421875 0.7632086923828125 0.3435049033203125 0.731803232421875 0.343663537109375 0.7274680625 0.34726139453125 0.7334364892578125 0.35920294140625 0.769503771484375 0.3585543310546875 0.769914431640625 0.347513421875
1 0.660242654296875 0.3354737900390625 0.6756187333984375 0.332286591796875 0.6802012373046875 0.316093884765625 0.6752127646484375 0.31347598046875 0.6609799658203125 0.32754076171875 0.660242654296875 0.3354737900390625