1 0.38624375 0.790178125 0.387565625 0.7943953125 0.396384375 0.7973703125 0.4038796875 0.7983625 0.4078484375 0.796875 0.4096125 0.7921625 0.4078484375 0.7869546875 0.4047625 0.7862109375 0.391975 0.78670625 0.3884484375 0.7876984375 0.38624375 0.790178125
1 0.084215625 0.6999015625 0.0952375 0.6981640625 0.1009703125 0.6924609375 0.099646875 0.6899796875 0.0908296875 0.6884921875 0.0877421875 0.6889875 0.0815703125 0.69295625 0.080246875 0.6979171875 0.084215625 0.6999015625
1 0.126984375 0.844990625 0.130953125 0.844990625 0.137125 0.841765625 0.1349203125 0.8380453125 0.127865625 0.8360609375 0.122575 0.83755 0.1212515625 0.840278125 0.1212515625 0.8420140625 0.126984375 0.844990625
1 0.514990625 0.8923609375 0.514109375 0.900296875 0.5158734375 0.902778125 0.5216046875 0.904265625 0.528659375 0.9040171875 0.53306875 0.90079375 0.53306875 0.8950890625 0.52821875 0.8916171875 0.5216046875 0.8896328125 0.5176359375 0.8901296875 0.514990625 0.8923609375
1 0.4929453125 0.7658734375 0.4903 0.7653765625 0.48545 0.7693453125 0.4832453125 0.7700890625 0.4783953125 0.76959375 0.4748671875 0.771578125 0.4704578125 0.787203125 0.4704578125 0.7946421875 0.4739859375 0.7973703125 0.4836859375 0.79613125 0.4973546875 0.7919140625 0.5035265625 0.7889390625 0.505290625 0.7869546875 0.5022046875 0.7829859375 0.49118125 0.775296875 0.4938265625 0.7713296875 0.4929453125 0.7658734375
1 0.693121875 0.862846875 0.6984125 0.8608625 0.7010578125 0.856646875 0.698853125 0.853421875 0.6966484375 0.852678125 0.692240625 0.8529265625 0.6900359375 0.8549109375 0.6904765625 0.860615625 0.693121875 0.862846875
1 0.9387125 0.70386875 0.943121875 0.70386875 0.9462078125 0.701140625 0.9448859375 0.6979171875 0.939153125 0.6959328125 0.9351859375 0.697171875 0.93474375 0.6986609375 0.9356265625 0.7026296875 0.9387125 0.70386875
1 0.864196875 0.5486109375 0.867725 0.550346875 0.873015625 0.551090625 0.8752203125 0.548859375 0.8743390625 0.544890625 0.872575 0.5438984375 0.8650796875 0.543403125 0.862875 0.5446421875 0.864196875 0.5486109375
1 0.91534375 0.564484375 0.919753125 0.564484375 0.9210765625 0.5602671875 0.916225 0.558284375 0.9118171875 0.5595234375 0.910934375 0.560515625 0.9131390625 0.5634921875 0.91534375 0.564484375
1 0.4232796875 0.490328125 0.4276890625 0.4935515625 0.4409171875 0.4950390625 0.447090625 0.493303125 0.4510578125 0.486359375 0.4484125 0.4828875 0.4417984375 0.4813984375 0.42989375 0.480903125 0.4259265625 0.483134375 0.4232796875 0.490328125
1 0.39594375 0.55555625 0.387565625 0.5545640625 0.3840390625 0.555803125 0.3844796875 0.5592765625 0.38624375 0.560515625 0.396825 0.5610125 0.39594375 0.55555625
1 0.2870375 0.5004953125 0.2888 0.4995046875 0.2892421875 0.4977671875 0.286596875 0.4962796875 0.2791 0.4970234375 0.2791 0.4985125 0.28306875 0.5002484375 0.2870375 0.5004953125
1 0.557759375 0.4196421875 0.5723109375 0.423859375 0.5758375 0.423859375 0.5776015625 0.419890625 0.57186875 0.4141859375 0.5643734375 0.412946875 0.5612875 0.41493125 0.5595234375 0.4188984375 0.557759375 0.4196421875
1 0.528659375 0.415921875 0.53306875 0.4186515625 0.5436515625 0.418403125 0.5498234375 0.415921875 0.5502640625 0.4119546875 0.54761875 0.4112109375 0.53395 0.408978125 0.5299828125 0.4092265625 0.52821875 0.410465625 0.528659375 0.415921875
1 0.4828046875 0.4350203125 0.4845671875 0.430803125 0.481921875 0.4268359375 0.4783953125 0.4263390625 0.4731046875 0.4298109375 0.472221875 0.431546875 0.4744265625 0.4337796875 0.4828046875 0.4350203125
1 0.333775 0.42733125 0.3408296875 0.4325390625 0.353615625 0.4330359375 0.362875 0.4310515625 0.364196875 0.4275796875 0.362875 0.4236109375 0.3567015625 0.4193953125 0.3518515625 0.4186515625 0.3333328125 0.419890625 0.333775 0.42733125
0 0.013228125 0.8360609375 0.0163140625 0.8353171875 0.0211640625 0.8373015625 0.0313046875 0.8387890625 0.0405640625 0.841765625 0.0599640625 0.842509375 0.065696875 0.8442453125 0.0692234375 0.8469734375 0.070546875 0.857390625 0.07186875 0.858134375 0.083775 0.8591265625 0.0917109375 0.862103125 0.094796875 0.8616078125 0.1106703125 0.865328125 0.137125 0.86631875 0.142415625 0.867559375 0.15564375 0.8678078125 0.161375 0.869046875 0.1635796875 0.8759921875 0.166225 0.8774796875 0.165784375 0.8807046875 0.169753125 0.8807046875 0.173721875 0.8821921875 0.1984125 0.882440625 0.2129625 0.8812 0.2376546875 0.877728125 0.239859375 0.8782234375 0.2425046875 0.8759921875 0.2526453125 0.8747515625 0.25485 0.8764875 0.2574953125 0.883184375 0.264109375 0.8856640625 0.2671953125 0.8896328125 0.2711640625 0.8903765625 0.2795421875 0.8901296875 0.282628125 0.8891375 0.2870375 0.88988125 0.2917765625 0.889384375 0.423721875 0.910465625 0.4316578125 0.9087296875 0.4351859375 0.9094734375 0.4387125 0.9077375 0.443121875 0.9087296875 0.4484125 0.9072421875 0.4589953125 0.907490625 0.49515 0.9047625 0.5026453125 0.90625 0.504409375 0.910465625 0.50881875 0.9139390625 0.519840625 0.9154265625 0.5295421875 0.9154265625 0.552909375 0.9134421875 0.561728125 0.91021875 0.5723109375 0.9079859375 0.604496875 0.9064984375 0.623015625 0.9032734375 0.631834375 0.9040171875 0.63315625 0.9060015625 0.6380078125 0.907490625 0.646825 0.90699375 0.652115625 0.9077375 0.673721875 0.9060015625 0.697090625 0.9015375 0.7129625 0.9047625 0.7570546875 0.902034375 0.7795421875 0.899553125 0.7936515625 0.89608125 0.8002640625 0.89608125 0.8090828125 0.8990578125 0.8192234375 0.899553125 0.824515625 0.898809375 0.8805109375 0.88194375 0.8884484375 0.87896875 0.892415625 0.876240625 0.9029984375 0.87425625 0.9091703125 0.8759921875 0.925484375 0.87425625 0.9506171875 0.86334375 0.9783953125 0.85391875 0.989859375 0.84771875 0.9938265625 0.847221875 0.9964734375 0.83209375 0.9969140625 0.80381875 0.9964734375 0.6770828125 0.994709375 0.6708828125 0.9964734375 0.6599703125 0.9973546875 0.6240078125 0.9964734375 0.490328125 0.9933859375 0.4868546875 0.9841265625 0.4838796875 0.97575 0.4796625 0.94753125 0.471478125 0.9263671875 0.46255 0.90564375 0.45858125 0.896825 0.4548609375 0.876984375 0.44915625 0.87169375 0.44618125 0.8571421875 0.4424609375 0.8267203125 0.4377484375 0.7954140625 0.4298109375 0.769840625 0.426090625 0.759259375 0.4236109375 0.5767203125 0.4087296875 0.5758375 0.4079859375 0.5589359375 0.41170625 0.541446875 0.41021875 0.51366875 0.4094734375 0.504409375 0.4112109375 0.4977953125 0.4112109375 0.4792765625 0.4092265625 0.4700171875 0.4092265625 0.466490625 0.408234375 0.396384375 0.415178125 0.3694890625 0.4139390625 0.255290625 0.431546875 0.250440625 0.43353125 0.2482359375 0.4357640625 0.2186953125 0.4419640625 0.2045859375 0.443453125 0.1917984375 0.4466765625 0.183421875 0.451140625 0.1776890625 0.4583328125 0.1578484375 0.460565625 0.1380078125 0.4642859375 0.126984375 0.46800625 0.1243390625 0.4704859375 0.0410046875 0.498759375 0.01366875 0.5062 0.0070546875 0.509671875 0.005290625 0.5126484375 0.00485 0.518353125 0 0.5290171875 0.0030859375 0.532490625 0.00396875 0.59375 0.0026453125 0.602678125 0.0022046875 0.7973703125 0.00396875 0.80853125 0.0035265625 0.829365625 0.00573125 0.8338296875 0.013228125 0.8360609375
0 0.159375 0.3265625 0.13125 0.3078125 0.078125 0.2859375 0.040625 0.259375 0.0171875 0.221875 0.003125 0.228125 0 0.50625 0.059375 0.4921875 0.2296875 0.434375 0.23125 0.4109375 0.2078125 0.3765625 0.159375 0.3265625
0 0.84375 0 0.84375 0.0375 0.8828125 0.09375 0.934375 0.1453125 0.9984375 0.184375 0.9984375 0 0.8984375 0 0.8921875 0.0078125 0.875 0 0.84375 0
1 0.9 0 0.878125 0.003125 0.9 0.009375 0.9 0
1 0.99375 0.159375 0.9984375 0.175 0.9984375 0.159375 0.99375 0.159375
1 0.1984375 0.409375 0.1953125 0.4203125 0.203125 0.425 0.2359375 0.4203125 0.23125 0.4078125 0.2109375 0.403125 0.1984375 0.409375
1 0 0.3734375 0.009375 0.3703125 0.0078125 0.3625 0 0.3625 0 0.3734375