1 0.1384484375 0.440971875 0.146825 0.44146875 0.151675 0.4392359375 0.151234375 0.435515625 0.141975 0.4345234375 0.1384484375 0.435515625 0.135803125 0.4384921875 0.135803125 0.4397328125 0.1384484375 0.440971875
1 0.028659375 0.357390625 0.0255734375 0.36011875 0.0251328125 0.3658234375 0.0361546875 0.3727671875 0.0489421875 0.372271875 0.05246875 0.3705359375 0.052909375 0.367559375 0.0507046875 0.3650796875 0.0449734375 0.3643359375 0.0361546875 0.3583828125 0.033509375 0.357390625 0.028659375 0.357390625
1 0.26058125 0.447171875 0.2526453125 0.44295625 0.24118125 0.441715625 0.23633125 0.4424609375 0.2323640625 0.4451890625 0.231921875 0.451140625 0.235009375 0.4521328125 0.26058125 0.447171875
1 0.1402109375 0.4588296875 0.1340390625 0.4580859375 0.132275 0.459078125 0.1305109375 0.462796875 0.1340390625 0.4637890625 0.137565625 0.46329375 0.1402109375 0.4588296875
1 0.2283953125 0.55853125 0.231921875 0.5567953125 0.231040625 0.5518359375 0.2244265625 0.5518359375 0.22178125 0.55381875 0.221340625 0.5567953125 0.2235453125 0.5587796875 0.2283953125 0.55853125
1 0.2773375 0.402034375 0.272928125 0.4010421875 0.2702828125 0.402778125 0.2711640625 0.408234375 0.2773375 0.407490625 0.278659375 0.4060015625 0.2773375 0.402034375
1 0.5035265625 0.462053125 0.5035265625 0.4583328125 0.5017640625 0.457340625 0.4977953125 0.457340625 0.4929453125 0.4588296875 0.4925046875 0.462796875 0.5017640625 0.4640375 0.5035265625 0.462053125
1 0.5167546875 0.5166171875 0.5207234375 0.5161203125 0.522928125 0.5141375 0.5224875 0.5126484375 0.5163140625 0.5119046875 0.51366875 0.5133921875 0.514990625 0.515625 0.5167546875 0.5166171875
1 0.583775 0.53670625 0.57980625 0.5364578125 0.575396875 0.538690625 0.5758375 0.5424109375 0.57980625 0.5424109375 0.58465625 0.540921875 0.583775 0.53670625
1 0.5723109375 0.469990625 0.5740734375 0.467509375 0.5731921875 0.466021875 0.5683421875 0.464534375 0.5626109375 0.4657734375 0.56216875 0.4672625 0.5648140625 0.469990625 0.5723109375 0.469990625
1 0.30246875 0.2678578125 0.3095234375 0.2666171875 0.3134921875 0.263640625 0.31216875 0.2584328125 0.31040625 0.257440625 0.30731875 0.2576890625 0.3002640625 0.26016875 0.2998234375 0.2633921875 0.30246875 0.2678578125
1 0.071428125 0.384425 0.071428125 0.3888890625 0.0767203125 0.390625 0.0815703125 0.389384375 0.0833328125 0.3883921875 0.0828921875 0.387153125 0.079365625 0.38368125 0.076278125 0.3826890625 0.0736328125 0.383184375 0.071428125 0.384425
0 0.0255734375 0.372271875 0.0299828125 0.3759921875 0.0321875 0.3802078125 0.0308640625 0.3923609375 0.03306875 0.40079375 0.0445328125 0.419146875 0.0436515625 0.4241078125 0.0515875 0.4350203125 0.0546734375 0.4422125 0.052028125 0.451140625 0.0674609375 0.4704859375 0.0679015625 0.482390625 0.0709875 0.487846875 0.0824515625 0.4982640625 0.0784828125 0.5017359375 0.080246875 0.5057046875 0.0903875 0.5133921875 0.1022921875 0.519840625 0.1067015625 0.5290171875 0.132715625 0.543403125 0.1349203125 0.5486109375 0.1450625 0.5548109375 0.16049375 0.5600203125 0.166225 0.5654765625 0.193121875 0.5751484375 0.21208125 0.5858140625 0.25573125 0.599703125 0.2945328125 0.6076390625 0.3099640625 0.6125984375 0.363315625 0.6232640625 0.3699296875 0.62574375 0.3928578125 0.6294640625 0.4043203125 0.6307046875 0.4122578125 0.63045625 0.4387125 0.6349203125 0.4510578125 0.6349203125 0.4594359375 0.637153125 0.47178125 0.6374015625 0.5013234375 0.640625 0.53395 0.640625 0.5489421875 0.6396328125 0.5912703125 0.6307046875 0.5956796875 0.6267359375 0.6049375 0.6247515625 0.6155203125 0.61954375 0.6212515625 0.615328125 0.622134375 0.6108625 0.61860625 0.60863125 0.6252203125 0.601190625 0.630953125 0.6021828125 0.6388890625 0.606646875 0.6538796875 0.603421875 0.6710765625 0.5954859375 0.6816578125 0.5887890625 0.6825390625 0.587053125 0.6675484375 0.55704375 0.664903125 0.5431546875 0.669753125 0.5146328125 0.6741625 0.50074375 0.67813125 0.4697421875 0.6816578125 0.45858125 0.6851859375 0.4548609375 0.6913578125 0.4357640625 0.6904765625 0.431546875 0.689153125 0.430059375 0.684303125 0.42915 0.6812171875 0.4171625 0.6768078125 0.4119546875 0.6719578125 0.409721875 0.661375 0.3923609375 0.6155203125 0.3521828125 0.6111109375 0.3501984375 0.602734375 0.3484625 0.598765625 0.3435015625 0.593915625 0.3415171875 0.57495625 0.32738125 0.5723109375 0.3263890625 0.56040625 0.3258921875 0.5449734375 0.3129953125 0.5304234375 0.3045640625 0.4828046875 0.28993125 0.476190625 0.2862109375 0.4735453125 0.283234375 0.467371875 0.28050625 0.46208125 0.2797625 0.4554671875 0.2814984375 0.4232796875 0.27108125 0.3994703125 0.265625 0.3880078125 0.2651296875 0.3844796875 0.2658734375 0.2619046875 0.251984375 0.25573125 0.2504953125 0.0873015625 0.2380953125 0.079365625 0.237846875 0.0723109375 0.2395828125 0.0709875 0.2428078125 0.0639328125 0.2447921875 0.060846875 0.241815625 0.0515875 0.240575 0.0370375 0.235615625 0.0321875 0.2358625 0.0291 0.2341265625 0.01851875 0.2341265625 0.0114640625 0.2361109375 0.01058125 0.2442953125 0.0070546875 0.248759375 0.0127859375 0.2633921875 0.01058125 0.267609375 0.01366875 0.273065625 0.014990625 0.331596875 0.022928125 0.3536703125 0.0211640625 0.3603671875 0.0220453125 0.3650796875 0.0255734375 0.372271875
1 0.328125 0.984375 0.3375 0.9859375 0.346875 0.9765625 0.3484375 0.9578125 0.328125 0.959375 0.328125 0.984375
0 0.8171875 0.8609375 0.83125 0.8109375 0.8265625 0.76875 0.8109375 0.734375 0.771875 0.696875 0.746875 0.6875 0.71875 0.6875 0.68125 0.703125 0.6703125 0.6859375 0.6703125 0.6640625 0.646875 0.65 0.490625 0.65625 0.4171875 0.671875 0.3796875 0.6671875 0.3390625 0.671875 0.3125 0.6953125 0.284375 0.7609375 0.2859375 0.771875 0.2609375 0.80625 0.265625 0.825 0.2390625 0.8546875 0.24375 0.86875 0.2390625 0.8890625 0.1796875 0.9484375 0.1328125 0.984375 0.1375 0.9984375 0.7109375 0.9984375 0.7328125 0.98125 0.7484375 0.953125 0.8015625 0.8921875 0.8171875 0.8609375