1 0.4402109736328125 0.5060590478515625 0.4441237763671875 0.504432439453125 0.4449454677734375 0.50266675 0.4441313798828125 0.4920246162109375 0.4351464287109375 0.487374416015625 0.4227724482421875 0.486813732421875 0.4149798525390625 0.491057025390625 0.4125784853515625 0.498088865234375 0.4144280673828125 0.5005070390625 0.4198020087890625 0.5028005751953125 0.4402109736328125 0.5060590478515625
1 0.7254690732421875 0.412216830078125 0.734048240234375 0.4178724296875 0.7414713486328125 0.4156291875 0.7421529716796875 0.4098972197265625 0.7381173857421875 0.4080525615234375 0.72971996875 0.4076016025390625 0.72624590625 0.409211326171875 0.7254690732421875 0.412216830078125
1 0.69730862109375 0.38912773828125 0.7047647412109375 0.387874572265625 0.7077724912109375 0.3855369296875 0.7068036220703126 0.3830880009765625 0.7045310234375 0.38118177734375 0.6965913046875 0.3812120126953125 0.69273746875 0.384571994140625 0.6937322939453126 0.3877642197265625 0.69730862109375 0.38912773828125
1 0.9007069736328125 0.3894700712890625 0.905562689453125 0.3895490947265625 0.909485724609375 0.38817071875 0.9102468330078125 0.3846701484375 0.9079915205078125 0.383258935546875 0.9026766005859375 0.382700333984375 0.899627169921875 0.3837996142578125 0.897510365234375 0.3863547333984375 0.9007069736328125 0.3894700712890625
1 0.96865094921875 0.3389524619140625 0.9730576376953125 0.3387985771484375 0.9778354296875 0.3366461484375 0.9772566201171875 0.3326967548828125 0.9728066337890625 0.3316107705078125 0.96757119921875 0.33328356640625 0.965937994140625 0.3370616162109375 0.96865094921875 0.3389524619140625
1 0.766913287109375 0.23457004296875 0.77087100390625 0.234184810546875 0.7734021533203125 0.230869455078125 0.7728579169921875 0.227910083984375 0.7697463408203125 0.2272745390625 0.765859494140625 0.2296444443359375 0.766913287109375 0.23457004296875
1 0.5748971328125 0.5601712197265625 0.5765995380859374 0.558374775390625 0.5768840458984374 0.5538964931640625 0.574188431640625 0.55250221875 0.5688907978515625 0.5524386279296875 0.56586732421875 0.554281205078125 0.565565474609375 0.5582629150390624 0.5704817734375 0.560076818359375 0.5748971328125 0.5601712197265625
1 0.596172232421875 0.6135284208984375 0.598314994140625 0.6117165986328125 0.5986168427734375 0.607734888671875 0.597261146484375 0.6067894384765625 0.59192026953125 0.6054875390625 0.586201181640625 0.6059358427734375 0.5831863232421876 0.6080251455078125 0.5842055439453125 0.61196072265625 0.5882497998046875 0.6140536669921876 0.596172232421875 0.6135284208984375
1 0.6437478916015625 0.6493398701171875 0.6562155205078125 0.6526270703125 0.659618767578125 0.6490342353515625 0.659126498046875 0.64756301953125 0.65594717578125 0.6449426923828125 0.6501761748046875 0.64390440234375 0.6466848251953125 0.645019115234375 0.6437478916015625 0.6493398701171875
1 0.5094799619140625 0.657751189453125 0.5166168916015625 0.6599831611328125 0.52008072265625 0.6581252060546875 0.519553826171875 0.65566240625 0.51548361328125 0.6528261650390625 0.5115275126953125 0.6532129033203125 0.5094799619140625 0.657751189453125
1 0.9877212890625 0.63236565625 0.9921539345703125 0.632955068359375 0.9964724677734375 0.6303214990234375 0.996385927734375 0.627843322265625 0.990986029296875 0.62480648828125 0.987055884765625 0.6259365244140624 0.9849823779296875 0.6297315126953125 0.9877212890625 0.63236565625
1 0.4404663232421875 0.462869138671875 0.4462475556640625 0.46415566015625 0.44971138671875 0.462297705078125 0.449943982421875 0.4563328291015625 0.444190267578125 0.4557895498046875 0.4402585615234375 0.456919640625 0.43820239453125 0.461211201171875 0.4404663232421875 0.462869138671875
0 1 0.6394262158203124 0.9998610576171875 0.638889708984375 0.98839530859375 0.6390415126953125 0.9847626162109375 0.6361086923828125 0.983763572265625 0.6327508876953125 0.982026541015625 0.63355575 0.9767218525390625 0.63324537890625 0.9724958466796875 0.6259477939453125 0.9766341904296875 0.61810953125 0.97879429296875 0.6167942802734375 0.9832356083984375 0.617631978515625 0.9865538232421875 0.6115593505859375 0.990509923828125 0.611172611328125 0.99176335546875 0.6091448193359374 0.9982781787109375 0.606187529296875 0.9997453046875 0.5976983427734375 0.997288193359375 0.5399614228515625 0.9929496357421875 0.529440802734375 0.9955862822265625 0.5291017041015625 0.9959920126953125 0.5280947431640625 0.996733150390625 0.5114415458984375 0.9939373740234375 0.431380970703125 0.991838349609375 0.4217749365234375 0.993538619140625 0.394666271484375 0.98989626171875 0.3282842001953125 0.990993845703125 0.3217935029296875 0.986387953125 0.1772724580078125 0.9844518857421874 0.1723776689453125 0.9844767744140624 0.1604648564453125 0.9826547646484375 0.158791486328125 0.9751884130859375 0.1597964208984375 0.9704279072265625 0.1624438603515625 0.9603713837890625 0.16502921484375 0.9526133603515625 0.170262529296875 0.94954508203125 0.170866853515625 0.9468927109375 0.1707108876953125 0.9436095625 0.165117373046875 0.9207040751953125 0.1661658388671875 0.9054380185546875 0.1711657255859375 0.9024303232421875 0.1735049296875 0.88452056640625 0.1785971357421875 0.8788864560546875 0.1815236708984375 0.8753187451171875 0.180406876953125 0.8738403203125 0.1759917216796875 0.8720513759765625 0.1753099892578125 0.860621814453125 0.1764533212890625 0.8386327353515625 0.1911187255859375 0.7310468330078125 0.2182039814453125 0.72664014453125 0.2183578671875 0.722632076171875 0.2172564501953125 0.7112355810546875 0.219391419921875 0.70046124609375 0.22671721484375 0.6921660947265625 0.2292394970703125 0.6866114697265625 0.2343974306640625 0.6809615810546875 0.2368273388671875 0.6701872470703125 0.2441531328125 0.66756083203125 0.2447404638671875 0.656889255859375 0.2423833359375 0.6543061376953125 0.2442105361328125 0.64468130078125 0.2465322275390625 0.640836134765625 0.250140494140625 0.535991279296875 0.30517211328125 0.5334860859375 0.309230765625 0.526116505859375 0.3129621083984375 0.5244747392578125 0.3164949951171875 0.5188594775390625 0.319916486328125 0.5159296513671875 0.32448558203125 0.5047842138671875 0.333809919921875 0.499082412109375 0.334753234375 0.4964127548828125 0.3341022578125 0.4930079453125 0.3376951474609375 0.4885941474609375 0.33760069140625 0.4860960087890625 0.341906123046875 0.48128358984375 0.34306696875 0.4765490947265625 0.3464592666015625 0.4749088349609375 0.349990537109375 0.4671665908203125 0.355720478515625 0.4642297109375 0.3600427939453125 0.4585782607421875 0.3624727578125 0.455684623046875 0.3680333818359375 0.4517702587890625 0.3696600439453125 0.442552658203125 0.370973158203125 0.440945517578125 0.3754976279296875 0.432702333984375 0.37950806640625 0.4275707255859375 0.3841540498046875 0.422940056640625 0.3905195361328125 0.415182087890625 0.3957544111328125 0.402904384765625 0.41057630078125 0.4011760234375 0.41162944921875 0.3897205068359375 0.412029484375 0.388968068359375 0.4157783408203125 0.3833787626953125 0.41994312890625 0.381348552734375 0.4249779873046875 0.3766313447265625 0.4288652958984375 0.370764638671875 0.43775670703125 0.3672575107421875 0.43837479296875 0.3636287763671875 0.448180845703125 0.359291287109375 0.4503163349609375 0.3576754765625 0.4545925185546875 0.3546952998046875 0.45767496484375 0.3520775546875 0.45851058203125 0.3371907783203125 0.474416375 0.3293202578125 0.47642821484375 0.3260988154296875 0.485227251953125 0.3192994287109375 0.492661263671875 0.3172691640625 0.4976945595703125 0.3138211123046875 0.5000491416015626 0.3131567763671875 0.5062761201171875 0.3110140146484375 0.5080879423828125 0.306607326171875 0.508241828125 0.3022969697265625 0.52377984765625 0.2948419169921875 0.537689123046875 0.2914111513671875 0.5405387158203125 0.2900376748046875 0.5517544189453125 0.284871439453125 0.5554088193359376 0.2624787646484375 0.596393404296875 0.26112262890625 0.6081056796875 0.25669105078125 0.6201723779296875 0.25536081640625 0.6326263896484375 0.251940283203125 0.6357242138671875 0.2478105546875 0.6438092021484375 0.23381641796875 0.6979024169921875 0.2358234345703125 0.742750318359375 0.2410091455078125 0.7649047109375 0.2530202001953125 0.780368388671875 0.259760015625 0.7838540458984375 0.2621192080078125 0.7882400078125 0.2752613505859375 0.785546900390625 0.27737659375 0.7829918359375 0.2822165302734375 0.782574232421875 0.2975701943359375 0.7927086337890625 0.2919793818359375 0.7968750380859375 0.2895174306640625 0.802171998046875 0.2997400341796875 0.804297779296875 0.326222970703125 0.81727050390625 0.3531797685546875 0.81856176171875 0.359410029296875 0.82008119140625 0.3664431328125 0.8193399755859375 0.3726891171875 0.821354470703125 0.3841981640625 0.8224425361328125 0.3886654365234375 0.82402353125 0.431529298828125 0.82600068359375 0.4461569755859375 0.8279710732421875 0.512791314453125 0.8283739384765625 0.597775767578125 0.823669220703125 0.6152971357421875 0.8200805478515625 0.626184021484375 0.8159777890625 0.6459605927734375 0.8137972060546875 0.648077396484375 0.8112420859375 0.663819998046875 0.8072183515625 0.670464658203125 0.8079791064453125 0.7008089794921875 0.8051824638671875 0.717699515625 0.7961546806640625 0.752225478515625 0.7867596435546875 0.758998853515625 0.7785807744140625 0.758064666015625 0.777124990234375 0.7540652685546875 0.776271859375 0.753113740234375 0.7743195029296875 0.759196876953125 0.771625876953125 0.7737120576171875 0.7703747919921875 0.7799423173828125 0.7718942216796875 0.790059423828125 0.7710437470703125 0.82454214453125 0.76041040234375 0.8279540078125 0.7570642919921875 0.8885117451171874 0.7350968505859375 0.89290109375 0.734446392578125 0.8957428173828125 0.7273991748046875 0.9548063515625 0.700519951171875 0.9538981201171876 0.6998074638671875 0.9564135458984375 0.69599704296875 0.960274435546875 0.6928838408203125 0.9596869013671875 0.688684599609375 0.96696994140625 0.682475080078125 0.9696309287109375 0.682877771484375 0.9742875537109374 0.67725558203125 0.992863208984375 0.66593634375 0.9953699638671875 0.66187763671875 1 0.661001240234375 1 0.660452494140625 0.9987299140625 0.657044931640625 1 0.6511949091796875 1 0.6394262158203124
0 0 0.4639561240234375 0.0028476826171875 0.5455030849609375 0.052544572265625 0.535950369140625 0.0986275908203125 0.51245278125 0.154768958984375 0.463588708984375 0.190446609375 0.4107488876953125 0.200286837890625 0.3791362119140625 0.209254578125 0.3225387646484375 0.2020268369140625 0.29464901953125 0.1852116845703125 0.260840263671875 0.1512740341796875 0.229192892578125 0.1420485009765625 0.1888652919921875 0.0897192900390625 0.212581001953125 0.0569267783203125 0.213726142578125 0.019940396484375 0.229088806640625 0 0.244410455078125 0 0.4639561240234375
1 0 0.2415868232421875 0.0093912724609375 0.240401357421875 0.010571107421875 0.2294159892578125 0 0.227162041015625 0 0.2415868232421875
1 0.0942304580078125 0.431306806640625 0.0818471337890625 0.434866146484375 0.0841721083984375 0.456673291015625 0.0998966513671875 0.45925108203125 0.1022017900390625 0.435718798828125 0.0942304580078125 0.431306806640625
1 0.1759365966796875 0.353407849609375 0.1638259248046875 0.3647749306640625 0.182619033203125 0.36568211328125 0.1839079296875 0.357819841796875 0.1759365966796875 0.353407849609375
1 0.0099613876953125 0.435813 0.007383595703125 0.45153754296875 0.0262312353515625 0.4540062734375 0.03371179296875 0.44436433203125 0.0318775927734375 0.4366111220703125 0.0099613876953125 0.435813
0 1 0.8199530390625 0.99424243359375 0.8188829423828125 0.983911431640625 0.836441685546875 0.96996655859375 0.840055556640625 0.808690853515625 0.83317980859375 0.7135454765625 0.839629263671875 0.6440739306640625 0.8201669296875 0.5335857236328125 0.8349694296875 0.52599610546875 0.8414882744140625 0.5419932998046875 0.851873806640625 0.585880240234375 0.8550315986328125 0.6788840693359375 0.876799072265625 0.7328491943359375 0.899929806640625 0.8210791533203124 0.9640772021484375 0.8450476806640626 0.9788747275390625 0.85915614453125 0.9799455009765625 0.862061119140625 0.9735902470703125 0.87460803515625 0.9747155517578125 0.99359304296875 0.9346010986328125 1 0.929678169921875 1 0.8199530390625
1 0.9139689462890624 0.848264845703125 0.909502423828125 0.8546746298828125 0.9175282861328125 0.860648169921875 0.9299661416015625 0.8586503779296875 0.9312005068359375 0.84922655859375 0.9139689462890624 0.848264845703125
1 0.9135178427734375 0.9248897666015625 0.9186387314453125 0.937218560546875 0.9263374111328125 0.9338228125 0.9212165224609375 0.9214940185546875 0.9135178427734375 0.9248897666015625