1 0.7676359375 0.5907734375 0.77336875 0.5932546875 0.7795421875 0.59375 0.7870375 0.5915171875 0.788359375 0.587796875 0.78306875 0.5838296875 0.77425 0.5838296875 0.768078125 0.585565625 0.7663140625 0.587053125 0.7676359375 0.5907734375
1 0.81040625 0.5458828125 0.7949734375 0.540921875 0.788359375 0.5424109375 0.7857140625 0.544890625 0.786596875 0.5515875 0.793209375 0.5575390625 0.7985015625 0.559771875 0.819665625 0.561259375 0.8377421875 0.558284375 0.8403875 0.556546875 0.8403875 0.5525796875 0.8377421875 0.549603125 0.830246875 0.5466265625 0.81040625 0.5458828125
1 0.81040625 0.4938 0.7958546875 0.4928078125 0.7870375 0.4938 0.7821875 0.498015625 0.7813046875 0.5022328125 0.7857140625 0.50694375 0.7870375 0.5106640625 0.796296875 0.5133921875 0.81040625 0.5146328125 0.829365625 0.5099203125 0.8315703125 0.5076890625 0.8324515625 0.5057046875 0.82980625 0.5017359375 0.81040625 0.4938
1 0.749559375 0.67584375 0.7574953125 0.671875 0.7671953125 0.6587296875 0.7658734375 0.6557546875 0.7517640625 0.6470734375 0.7438265625 0.64459375 0.735009375 0.6453375 0.7248671875 0.644096875 0.7138453125 0.6361609375 0.7081125 0.6361609375 0.7014984375 0.6341765625 0.697090625 0.6359125 0.6909171875 0.6436015625 0.6856265625 0.6470734375 0.67813125 0.65550625 0.6776890625 0.66493125 0.679453125 0.670634375 0.6812171875 0.6716265625 0.6913578125 0.6696421875 0.697090625 0.670634375 0.70238125 0.679315625 0.70723125 0.68055625 0.7429453125 0.6770828125 0.7438265625 0.677828125 0.749559375 0.67584375
1 0.7050265625 0.63045625 0.7010578125 0.6264875 0.697090625 0.616815625 0.688271875 0.607390625 0.6618171875 0.596478125 0.647265625 0.5932546875 0.6428578125 0.5912703125 0.6335984375 0.591765625 0.6291890625 0.5954859375 0.6287484375 0.5994546875 0.63139375 0.601934375 0.6349203125 0.603175 0.6402109375 0.609375 0.656525 0.6188 0.6728390625 0.63368125 0.693121875 0.6383921875 0.6997359375 0.63368125 0.7045859375 0.63194375 0.7050265625 0.63045625
1 0.62654375 0.6696421875 0.6243390625 0.6716265625 0.62345625 0.677828125 0.6252203125 0.6813 0.632275 0.6865078125 0.6384484375 0.6877484375 0.6481484375 0.6813 0.6477078125 0.6733625 0.645503125 0.6713796875 0.6388890625 0.6688984375 0.6296296875 0.6688984375 0.62654375 0.6696421875
1 0.6719578125 0.69295625 0.669753125 0.691715625 0.6618171875 0.690971875 0.6529984375 0.6932046875 0.623015625 0.7110609375 0.6159609375 0.7177578125 0.6155203125 0.7209828125 0.6208109375 0.724703125 0.622575 0.728175 0.6287484375 0.73040625 0.6349203125 0.7291671875 0.6481484375 0.7209828125 0.650353125 0.7155265625 0.6618171875 0.703125 0.669753125 0.6986609375 0.6719578125 0.69295625
1 0.4977953125 0.7061015625 0.4938265625 0.706596875 0.4903 0.7046125 0.481921875 0.7048609375 0.47575 0.7063484375 0.4731046875 0.712053125 0.4735453125 0.724703125 0.4797171875 0.7368546875 0.48633125 0.7390875 0.49911875 0.7395828125 0.510140625 0.7393359375 0.514990625 0.737846875 0.518959375 0.732390625 0.510140625 0.716021875 0.5026453125 0.7083328125 0.4977953125 0.7061015625
1 0.466490625 0.7209828125 0.466490625 0.7177578125 0.4642859375 0.7135421875 0.4506171875 0.705109375 0.44268125 0.7006453125 0.43474375 0.698909375 0.4096125 0.7157734375 0.3999125 0.719990625 0.3981484375 0.7219734375 0.3977078125 0.7244546875 0.4029984375 0.72743125 0.4078484375 0.732390625 0.415784375 0.7346234375 0.4241625 0.7328875 0.433421875 0.7294140625 0.4466484375 0.73040625 0.4514984375 0.7294140625 0.4629625 0.72420625 0.466490625 0.7209828125
1 0.2791 0.747271875 0.2676359375 0.755953125 0.26366875 0.762896875 0.26455 0.7700890625 0.2676359375 0.7728171875 0.2707234375 0.7733140625 0.28306875 0.77108125 0.2989421875 0.76636875 0.30246875 0.763640625 0.302909375 0.758928125 0.2949734375 0.74603125 0.286596875 0.7447921875 0.2791 0.747271875
1 0.3558203125 0.5905265625 0.3571421875 0.5994546875 0.3606703125 0.600446875 0.3646390625 0.6001984375 0.372575 0.594990625 0.3743390625 0.591765625 0.372575 0.58829375 0.3694890625 0.5873015625 0.364196875 0.58755 0.358465625 0.5887890625 0.3558203125 0.5905265625
1 0.2566140625 0.5649796875 0.2482359375 0.5674609375 0.2473546875 0.5729171875 0.24911875 0.576140625 0.25573125 0.5786203125 0.268959375 0.5786203125 0.2804234375 0.575396875 0.2821875 0.573909375 0.28306875 0.5682046875 0.2768953125 0.56646875 0.2663140625 0.5649796875 0.2566140625 0.5649796875
1 0.1935625 0.494046875 0.193121875 0.492559375 0.1856265625 0.4895828125 0.1816578125 0.4900796875 0.179453125 0.492559375 0.1790125 0.4952875 0.1812171875 0.4977671875 0.1935625 0.494046875
1 0.231921875 0.4451890625 0.2332453125 0.4437 0.2323640625 0.43824375 0.22575 0.4370046875 0.2204578125 0.4379953125 0.2204578125 0.4432046875 0.2244265625 0.444940625 0.231921875 0.4451890625
1 0.2275125 0.4196421875 0.2292765625 0.4154265625 0.2239859375 0.4112109375 0.2178125 0.41170625 0.212521875 0.4146828125 0.2142859375 0.419890625 0.2244265625 0.42113125 0.2275125 0.4196421875
1 0.1807765625 0.4642859375 0.1838625 0.462796875 0.1816578125 0.4541171875 0.1768078125 0.4546125 0.1693125 0.459325 0.1666671875 0.462796875 0.173721875 0.465278125 0.1807765625 0.4642859375
1 0.669753125 0.5004953125 0.6768078125 0.5022328125 0.6790125 0.5017359375 0.68298125 0.4982640625 0.67989375 0.492559375 0.673721875 0.4880953125 0.666225 0.491815625 0.666225 0.498015625 0.669753125 0.5004953125
1 0.4709 0.508928125 0.472221875 0.5133921875 0.4775125 0.51636875 0.4977953125 0.5235609375 0.5017640625 0.5235609375 0.5211640625 0.4975203125 0.5194 0.4982640625 0.514990625 0.497271875 0.500440625 0.4977671875 0.4779546875 0.5044640625 0.4709 0.508928125
1 0.3130515625 0.7564484375 0.3183421875 0.75694375 0.326278125 0.7557046875 0.3271609375 0.7514875 0.3223109375 0.7477671875 0.31525625 0.7467765625 0.311728125 0.74925625 0.3099640625 0.7522328125 0.3130515625 0.7564484375
1 0.3514109375 0.6817953125 0.3500875 0.677828125 0.3452375 0.6748515625 0.3408296875 0.6748515625 0.335978125 0.6770828125 0.3377421875 0.683284375 0.349646875 0.6827875 0.3514109375 0.6817953125
1 0.26455 0.7239578125 0.260140625 0.7217265625 0.2561734375 0.722965625 0.25573125 0.72891875 0.2597 0.731646875 0.26455 0.7291671875 0.26455 0.7239578125
0 0.0716359375 0.63906875 0.0751625 0.6431609375 0.0729578125 0.653453125 0.077809375 0.6688296875 0.0804546875 0.6715578125 0.0910359375 0.6747828125 0.09191875 0.6849515625 0.097209375 0.7000796875 0.1011765625 0.701815625 0.115728125 0.7273625 0.1148453125 0.7325703125 0.117490625 0.7516671875 0.116609375 0.762084375 0.1091140625 0.778453125 0.102940625 0.7856453125 0.0994140625 0.7977984375 0.1007359375 0.803503125 0.106909375 0.80771875 0.1099953125 0.80300625 0.125428125 0.7973015625 0.13071875 0.7965578125 0.1421828125 0.7911015625 0.1540875 0.787878125 0.244475 0.785396875 0.2475625 0.7891171875 0.2559390625 0.789365625 0.2753390625 0.787878125 0.287390625 0.7856453125 0.306203125 0.78515 0.3167859375 0.7911015625 0.3234 0.7918453125 0.338390625 0.790109375 0.34765 0.7876296875 0.360878125 0.788125 0.3648453125 0.7891171875 0.3917421875 0.7836609375 0.3992375 0.7841578125 0.4067328125 0.78738125 0.4234875 0.7861421875 0.4450921875 0.78118125 0.450825 0.782421875 0.4543515625 0.781925 0.4627296875 0.78589375 0.46625625 0.7849015625 0.46934375 0.782421875 0.475075 0.7821734375 0.490065625 0.7782046875 0.4975625 0.7779578125 0.499765625 0.7762203125 0.503734375 0.7754765625 0.509025 0.7762203125 0.5209296875 0.78266875 0.5337171875 0.782421875 0.55973125 0.7747328125 0.5623765625 0.77175625 0.5681078125 0.7692765625 0.5711953125 0.7663 0.58795 0.7603484375 0.59191875 0.76084375 0.5954453125 0.7591078125 0.6038234375 0.7601 0.6104359375 0.758859375 0.6183734375 0.75464375 0.6241046875 0.747946875 0.6324828125 0.743234375 0.640859375 0.735546875 0.6474734375 0.736290625 0.6540875 0.735546875 0.6532046875 0.732321875 0.6615828125 0.7278578125 0.6611421875 0.72488125 0.66466875 0.7231453125 0.6651109375 0.7176890625 0.6734875 0.7082640625 0.6734875 0.705040625 0.677015625 0.7040484375 0.6809828125 0.701071875 0.6849515625 0.700328125 0.6937703125 0.69065625 0.697296875 0.688175 0.70655625 0.685446875 0.7127296875 0.6804875 0.7325703125 0.6775109375 0.739625 0.67875 0.7554984375 0.683959375 0.7669625 0.6851984375 0.7744578125 0.6844546875 0.7942984375 0.6727984375 0.79518125 0.670565625 0.8031171875 0.6668453125 0.8128171875 0.6584140625 0.8264859375 0.6504765625 0.834421875 0.6482453125 0.8401546875 0.64526875 0.852940625 0.6303875 0.85823125 0.615259375 0.871459375 0.588225 0.8776328125 0.5832640625 0.8780734375 0.5634234375 0.8798375 0.5574703125 0.8776328125 0.551021875 0.8780734375 0.5435828125 0.86705 0.513571875 0.865728125 0.4929875 0.8599953125 0.4840578125 0.8511765625 0.4741375 0.829571875 0.459753125 0.8009125 0.4446234375 0.7938578125 0.4418953125 0.78548125 0.44065625 0.771371875 0.443384375 0.7669625 0.443384375 0.75329375 0.4540484375 0.7515296875 0.4637203125 0.748884375 0.467440625 0.7321296875 0.47488125 0.7237515625 0.47488125 0.719784375 0.4738890625 0.720225 0.4731453125 0.711846875 0.4793453125 0.70170625 0.4835625 0.691565625 0.4852984375 0.6765734375 0.4848015625 0.664228125 0.49125 0.6510015625 0.492490625 0.6382140625 0.49125 0.6324828125 0.494475 0.61616875 0.49993125 0.5914765625 0.5009234375 0.5901546875 0.5029078125 0.565021875 0.516796875 0.5606125 0.52175625 0.554440625 0.524484375 0.5526765625 0.5274609375 0.532834375 0.538621875 0.5288671875 0.54531875 0.5209296875 0.5477984375 0.5116703125 0.5552390625 0.5059390625 0.5564796875 0.499325 0.559703125 0.4869796875 0.558215625 0.48389375 0.5564796875 0.4860984375 0.5522625 0.484775 0.54755 0.4878609375 0.5435828125 0.4913890625 0.5336609375 0.4962390625 0.528453125 0.502853125 0.5145640625 0.5103484375 0.506875 0.513434375 0.500675 0.518725 0.497203125 0.521371875 0.4922421875 0.5288671875 0.4860421875 0.53063125 0.4813296875 0.5253390625 0.4771140625 0.5253390625 0.4704171875 0.53239375 0.4607453125 0.53724375 0.4580171875 0.5376859375 0.454296875 0.5460625 0.4508234375 0.5460625 0.445615625 0.5478265625 0.4426390625 0.54694375 0.439415625 0.5509125 0.4349515625 0.551353125 0.4309828125 0.556203125 0.4235421875 0.560171875 0.4215578125 0.561053125 0.419821875 0.5619359375 0.4071734375 0.564140625 0.403453125 0.565903125 0.3910515625 0.5707546875 0.3875796875 0.5707546875 0.3836125 0.5729578125 0.3801390625 0.5720765625 0.3766671875 0.5756046875 0.372203125 0.5760453125 0.3689796875 0.5725171875 0.3610421875 0.5623765625 0.3590578125 0.55973125 0.3563296875 0.5337171875 0.3528578125 0.51299375 0.3548421875 0.508584375 0.3543453125 0.5072625 0.3523625 0.5015296875 0.349634375 0.4389203125 0.3508734375 0.4261328125 0.3540984375 0.372340625 0.35781875 0.3498546875 0.362778125 0.32825 0.37021875 0.2757796875 0.3793953125 0.2616703125 0.3851 0.2378609375 0.39055625 0.21625625 0.399484375 0.21625625 0.401965625 0.2096421875 0.4079171875 0.19685625 0.410396875 0.1928875 0.4126296875 0.1845109375 0.4146140625 0.1734875 0.419078125 0.1655515625 0.431975 0.158496875 0.43891875 0.150559375 0.4428875 0.1426234375 0.4490875 0.1377734375 0.4493359375 0.1320421875 0.4587609375 0.126309375 0.463225 0.1227828125 0.463225 0.1183734375 0.4736421875 0.1192546875 0.476121875 0.112640625 0.4845546875 0.10338125 0.491003125 0.0994140625 0.4969546875 0.0914765625 0.497203125 0.089271875 0.50464375 0.0901546875 0.5063796875 0.0667859375 0.5554875 0.0672265625 0.5594546875 0.05973125 0.586984375 0.05973125 0.594921875 0.0623765625 0.5988890625 0.0707546875 0.6013703125 0.0711953125 0.60385 0.0623765625 0.6212109375 0.0623765625 0.6303875 0.0654625 0.6375796875 0.0716359375 0.63906875
1 0.703703125 0.3596234375 0.7103171875 0.3650796875 0.7191359375 0.366815625 0.7244265625 0.365575 0.7244265625 0.3611109375 0.717371875 0.3563984375 0.7059078125 0.3536703125 0.7041453125 0.35391875 0.702821875 0.355903125 0.703703125 0.3596234375
1 0.6723984375 0.402034375 0.67813125 0.4012890625 0.6776890625 0.3983140625 0.6741625 0.3963296875 0.6671078125 0.39608125 0.665784375 0.3963296875 0.665784375 0.4010421875 0.6723984375 0.402034375
1 0.701940625 0.2517359375 0.69444375 0.25 0.6772484375 0.2388390625 0.669753125 0.237103125 0.665784375 0.2390875 0.6490296875 0.23834375 0.6446203125 0.2395828125 0.6574078125 0.2619046875 0.664903125 0.2666171875 0.674603125 0.2653765625 0.68474375 0.26165625 0.689153125 0.2653765625 0.69268125 0.2661203125 0.6957671875 0.264384375 0.7010578125 0.2633921875 0.7041453125 0.255953125 0.701940625 0.2517359375
0 0.4938265625 0.1892359375 0.4982359375 0.1892359375 0.504409375 0.19146875 0.50881875 0.1946921875 0.513228125 0.194940625 0.5202828125 0.2008921875 0.52425 0.201884375 0.53306875 0.20709375 0.536596875 0.210565625 0.541446875 0.211309375 0.5445328125 0.2165171875 0.5537921875 0.21949375 0.555996875 0.2244546875 0.56040625 0.224703125 0.5634921875 0.226190625 0.5683421875 0.2321421875 0.571428125 0.2338796875 0.57186875 0.2366078125 0.5758375 0.242559375 0.5789234375 0.244046875 0.580246875 0.2477671875 0.583775 0.2495046875 0.5932546875 0.2490078125 0.6067015625 0.2517359375 0.6022921875 0.26165625 0.603615625 0.2705859375 0.6009703125 0.2775296875 0.6005296875 0.3033234375 0.6022921875 0.30704375 0.5952375 0.3127484375 0.5925921875 0.3196921875 0.5877421875 0.3216765625 0.585978125 0.3306046875 0.5877421875 0.3373015625 0.5917109375 0.3390375 0.597884375 0.347221875 0.5952375 0.34995 0.5930328125 0.3563984375 0.593475 0.3650796875 0.5917109375 0.3688 0.5930328125 0.3735125 0.5864203125 0.376240625 0.583775 0.37425625 0.57980625 0.3764875 0.5789234375 0.382440625 0.57186875 0.3978171875 0.57186875 0.4060015625 0.574515625 0.41021875 0.574515625 0.4139390625 0.5723109375 0.414434375 0.569665625 0.419890625 0.5639328125 0.4236109375 0.5626109375 0.4283234375 0.5582015625 0.431546875 0.5546734375 0.4392359375 0.5564375 0.441715625 0.56040625 0.4437 0.5634921875 0.4506453125 0.5626109375 0.45858125 0.56040625 0.46255 0.560846875 0.467509375 0.5586421875 0.470734375 0.5648140625 0.4734625 0.56701875 0.4791671875 0.5643734375 0.482390625 0.561728125 0.4828875 0.5582015625 0.4858625 0.5595234375 0.490575 0.551146875 0.493303125 0.5467375 0.4962796875 0.54276875 0.501240625 0.542328125 0.50545625 0.5251328125 0.5057046875 0.5260140625 0.51165625 0.5299828125 0.5138890625 0.5264546875 0.515625 0.5255734375 0.5193453125 0.52425 0.5200890625 0.5176359375 0.519840625 0.514990625 0.523065625 0.50485 0.525296875 0.4986765625 0.544890625 0.499559375 0.5525796875 0.5026453125 0.5533234375 0.50573125 0.552828125 0.5154328125 0.5463796875 0.5211640625 0.5453875 0.522928125 0.5421625 0.5291 0.53819375 0.5343921875 0.53125 0.5418875 0.529265625 0.5489421875 0.524553125 0.55246875 0.523809375 0.5630515625 0.5146328125 0.5683421875 0.5133921875 0.5709875 0.50868125 0.5771609375 0.50545625 0.5780421875 0.501984375 0.583775 0.5009921875 0.5921515625 0.497271875 0.5994265625 0.4973953125 0.6067015625 0.4997515625 0.61375625 0.4990078125 0.622575 0.4970234375 0.627425 0.4935515625 0.640653125 0.4893359375 0.645503125 0.490575 0.6582890625 0.4900796875 0.679453125 0.483134375 0.6860671875 0.4846234375 0.6935625 0.4846234375 0.708553125 0.4794140625 0.717371875 0.4719734375 0.72178125 0.4712296875 0.7248671875 0.472965625 0.7306 0.4734625 0.739859375 0.4712296875 0.745590625 0.466765625 0.74911875 0.455109375 0.7614640625 0.4454359375 0.763228125 0.44146875 0.76851875 0.4392359375 0.7751328125 0.4404765625 0.778659375 0.4399796875 0.7857140625 0.4372515625 0.791446875 0.4171625 0.8002640625 0.4017859375 0.810846875 0.388640625 0.8258375 0.384425 0.8333328125 0.3740078125 0.835978125 0.3665671875 0.835978125 0.353175 0.8412703125 0.34920625 0.8461203125 0.3420140625 0.8430328125 0.3286203125 0.8522921875 0.3018359375 0.858465625 0.2951390625 0.858025 0.289434375 0.8611109375 0.2829859375 0.8518515625 0.2673609375 0.8509703125 0.2477671875 0.8452375 0.228421875 0.82980625 0.2075890625 0.8258375 0.2046125 0.824515625 0.201140625 0.8064375 0.1884921875 0.80246875 0.1827875 0.7949734375 0.1768359375 0.782628125 0.1701390625 0.7751328125 0.1688984375 0.7676359375 0.164434375 0.7526453125 0.1607140625 0.7473546875 0.1607140625 0.73545 0.1567453125 0.731921875 0.1567453125 0.7244265625 0.1540171875 0.7050265625 0.15005 0.7010578125 0.1510421875 0.688271875 0.148065625 0.6622578125 0.1463296875 0.6543203125 0.147321875 0.629409375 0.1470734375 0.6208109375 0.14459375 0.618165625 0.1428578125 0.61684375 0.1381453125 0.609346875 0.1307046875 0.6071421875 0.126240625 0.6009703125 0.123015625 0.5908296875 0.1111109375 0.583775 0.1071421875 0.5784828125 0.1056546875 0.576278125 0.10243125 0.571428125 0.101190625 0.5648140625 0.097221875 0.5612875 0.0935015625 0.5564375 0.0922625 0.55246875 0.0892859375 0.5449734375 0.08978125 0.536596875 0.0865578125 0.5097 0.08358125 0.4982359375 0.084821875 0.49515 0.0865578125 0.489859375 0.08755 0.4841265625 0.0922625 0.4744265625 0.0954859375 0.4704578125 0.0994546875 0.4647265625 0.1138390625 0.447090625 0.122271875 0.4417984375 0.128471875 0.4307765625 0.1307046875 0.423721875 0.1359125 0.4219578125 0.141865625 0.419753125 0.169890625 0.4356265625 0.17261875 0.4369484375 0.1775796875 0.444003125 0.18055625 0.4492953125 0.185515625 0.462521875 0.1884921875 0.4695765625 0.1875 0.4823640625 0.18824375 0.4903 0.1875 0.4938265625 0.1892359375
1 0.59375 0.234375 0.6109375 0.2453125 0.6109375 0.2328125 0.5984375 0.2171875 0.590625 0.2171875 0.59375 0.234375
1 0.565625 0.4765625 0.5484375 0.4671875 0.553125 0.4578125 0.53125 0.4671875 0.53125 0.4875 0.51875 0.496875 0.4921875 0.5375 0.49375 0.5546875 0.5109375 0.5484375 0.5109375 0.534375 0.525 0.528125 0.55625 0.49375 0.565625 0.4765625
0 0.934375 0.8171875 0.79375 0.8140625 0.7578125 0.81875 0.6328125 0.8671875 0.5921875 0.909375 0.59375 0.934375 0.6015625 0.946875 0.6640625 0.9984375 0.9984375 0.9984375 0.9984375 0.828125 0.934375 0.8171875
1 0.653125 0.946875 0.659375 0.9515625 0.6765625 0.946875 0.671875 0.9375 0.6546875 0.9390625 0.653125 0.946875
1 0.803125 0.925 0.809375 0.9296875 0.828125 0.9234375 0.8171875 0.915625 0.8078125 0.9171875 0.803125 0.925
1 0.590625 0.91875 0.590625 0.93125 0.5984375 0.9359375 0.61875 0.9265625 0.596875 0.9171875 0.590625 0.91875
1 0.825 0.871875 0.825 0.8859375 0.84375 0.8921875 0.85 0.878125 0.83125 0.8703125 0.825 0.871875
1 0.853125 0.83125 0.8671875 0.8359375 0.8734375 0.8296875 0.8734375 0.8171875 0.8515625 0.815625 0.853125 0.83125
1 0.7625 0.871875 0.7703125 0.884375 0.7890625 0.8796875 0.7859375 0.8703125 0.7703125 0.86875 0.7625 0.871875
1 0.784375 0.953125 0.790625 0.9578125 0.8140625 0.9546875 0.8125 0.946875 0.7890625 0.9453125 0.784375 0.953125
1 0.63125 0.8875 0.6296875 0.871875 0.621875 0.875 0.615625 0.8859375 0.63125 0.8875
1 0.64375 0.8765625 0.6546875 0.865625 0.6453125 0.8609375 0.6390625 0.8640625 0.64375 0.8765625
1 0.834375 0.9625 0.8375 0.9703125 0.8609375 0.965625 0.8578125 0.9578125 0.8390625 0.9578125 0.834375 0.9625
0 0.465625 0.2078125 0.446875 0.1890625 0.425 0.184375 0.4125 0.1609375 0.4125 0.140625 0.2390625 0.05625 0.1390625 0.0390625 0.059375 0.009375 0.015625 0.0125 0.0125 0.0046875 0.003125 0.0046875 0 0.128125 0.00625 0.1359375 0.053125 0.1421875 0.18125 0.184375 0.43125 0.2109375 0.465625 0.2078125
1 0.203125 0.109375 0.2140625 0.115625 0.228125 0.0953125 0.21875 0.0921875 0.203125 0.1015625 0.203125 0.109375
1 0.2125 0.190625 0.2375 0.190625 0.234375 0.18125 0.2234375 0.1765625 0.2078125 0.1796875 0.2125 0.190625
1 0.1890625 0.1640625 0.1921875 0.1578125 0.1796875 0.1515625 0.1765625 0.1609375 0.1890625 0.1640625
1 0.13125 0.0859375 0.1484375 0.084375 0.1421875 0.075 0.1265625 0.0796875 0.1203125 0.0734375 0.13125 0.0859375
1 0.0859375 0.15625 0.0703125 0.14375 0.0453125 0.1453125 0.04375 0.153125 0.0859375 0.15625