1 0.668871875 0.40550625 0.6618171875 0.4045140625 0.6538796875 0.408234375 0.650353125 0.41319375 0.6499125 0.4161703125 0.6538796875 0.421875 0.6618171875 0.425346875 0.6763671875 0.4265875 0.689153125 0.4263390625 0.698853125 0.4236109375 0.6997359375 0.4196421875 0.6962078125 0.415178125 0.689153125 0.4114578125 0.668871875 0.40550625
1 0.583775 0.310515625 0.569665625 0.3174609375 0.5630515625 0.3216765625 0.561728125 0.32415625 0.5630515625 0.334325 0.5758375 0.34375 0.583775 0.3432546875 0.5864203125 0.3420140625 0.5970015625 0.3365578125 0.6053796875 0.3298609375 0.599646875 0.3263890625 0.598765625 0.3216765625 0.5956796875 0.3174609375 0.583775 0.310515625
1 0.82495625 0.3514390625 0.7954140625 0.3452375 0.7910046875 0.3452375 0.7791 0.3487109375 0.7764546875 0.351190625 0.7760140625 0.35391875 0.7817453125 0.3616078125 0.787478125 0.3650796875 0.7910046875 0.3658234375 0.8042328125 0.366071875 0.8139328125 0.36483125 0.8227515625 0.3608625 0.8271609375 0.357390625 0.8276015625 0.353421875 0.82495625 0.3514390625
1 0.8064375 0.440228125 0.805996875 0.436259375 0.802909375 0.4352671875 0.7967375 0.4352671875 0.7870375 0.4375 0.7751328125 0.4379953125 0.7720453125 0.4412203125 0.7477953125 0.449653125 0.7438265625 0.4561015625 0.7336859375 0.46180625 0.7345671875 0.4677578125 0.7433859375 0.474703125 0.7570546875 0.478421875 0.76455 0.4786703125 0.7751328125 0.47743125 0.777778125 0.4744546875 0.7773375 0.4657734375 0.7892421875 0.4553578125 0.7905640625 0.450396875 0.8064375 0.440228125
1 0.560846875 0.4295640625 0.55555625 0.4317953125 0.5542328125 0.434028125 0.5551140625 0.4360125 0.5727515625 0.44146875 0.593475 0.4446921875 0.599646875 0.44444375 0.6102296875 0.4397328125 0.60890625 0.435515625 0.602734375 0.4327875 0.5956796875 0.4236109375 0.5921515625 0.42261875 0.560846875 0.4295640625
1 0.5202828125 0.38368125 0.5119046875 0.3829359375 0.4982359375 0.388640625 0.4903 0.3938484375 0.4880953125 0.3963296875 0.49515 0.4010421875 0.5030859375 0.4112109375 0.50881875 0.412946875 0.51851875 0.41319375 0.5216046875 0.4109625 0.5264546875 0.399553125 0.52821875 0.392609375 0.5268953125 0.3869046875 0.5202828125 0.38368125
1 0.5176359375 0.4692453125 0.5251328125 0.46949375 0.53306875 0.4665171875 0.53306875 0.46006875 0.5260140625 0.4553578125 0.5154328125 0.4556046875 0.509259375 0.4588296875 0.50881875 0.4630453125 0.5176359375 0.4692453125
1 0.6393296875 0.523809375 0.619046875 0.517609375 0.6150796875 0.5178578125 0.6119921875 0.5193453125 0.608025 0.5240578125 0.6106703125 0.54141875 0.6150796875 0.5483625 0.6238984375 0.5473703125 0.6340390625 0.5436515625 0.6591703125 0.5376984375 0.6684296875 0.5329859375 0.670634375 0.5295140625 0.6679890625 0.5255453125 0.6618171875 0.5233140625 0.6393296875 0.523809375
1 0.4351859375 0.550346875 0.429453125 0.552828125 0.420634375 0.5602671875 0.42019375 0.5696921875 0.4232796875 0.5734125 0.439153125 0.5749015625 0.46693125 0.5716765625 0.472221875 0.5701890625 0.4744265625 0.568453125 0.47575 0.5642359375 0.4726625 0.5607640625 0.4506171875 0.55084375 0.4351859375 0.550346875
1 0.208553125 0.461309375 0.2010578125 0.4608140625 0.197090625 0.46329375 0.1948859375 0.4689984375 0.19444375 0.478421875 0.197090625 0.482390625 0.2010578125 0.4848703125 0.2081125 0.486359375 0.212521875 0.4868546875 0.216490625 0.4858625 0.2244265625 0.478421875 0.2244265625 0.47420625 0.2178125 0.466765625 0.208553125 0.461309375
1 0.362875 0.36011875 0.3611109375 0.3591265625 0.357584375 0.360615625 0.3408296875 0.3702875 0.329365625 0.373015625 0.3095234375 0.3799609375 0.3086421875 0.380953125 0.31216875 0.3849203125 0.3174609375 0.388640625 0.32186875 0.3908734375 0.3267203125 0.390625 0.3417109375 0.383928125 0.3522921875 0.3764875 0.3650796875 0.36954375 0.367284375 0.3650796875 0.362875 0.36011875
1 0.331128125 0.5451390625 0.333775 0.5471234375 0.3377421875 0.546875 0.3408296875 0.543403125 0.339065625 0.5364578125 0.3324515625 0.5362109375 0.3289234375 0.5384421875 0.3280421875 0.54141875 0.331128125 0.5451390625
1 0.2804234375 0.423859375 0.2751328125 0.423859375 0.2720453125 0.4263390625 0.2720453125 0.42881875 0.2755734375 0.4303078125 0.2804234375 0.427828125 0.2804234375 0.423859375
1 0.1252203125 0.519096875 0.1256609375 0.524553125 0.1305109375 0.525296875 0.130953125 0.5200890625 0.127425 0.5178578125 0.1252203125 0.519096875
0 0.14109375 0.589534375 0.1402109375 0.591765625 0.1428578125 0.5927578125 0.1684296875 0.5942453125 0.1904765625 0.5942453125 0.1962078125 0.5952375 0.2010578125 0.5942453125 0.2098765625 0.5942453125 0.226190625 0.596478125 0.25573125 0.6044140625 0.2627859375 0.6046625 0.268078125 0.609375 0.287478125 0.618303125 0.3064375 0.63045625 0.3134921875 0.6326890625 0.3655203125 0.629215625 0.372134375 0.628471875 0.376984375 0.6267359375 0.40079375 0.6252484375 0.4356265625 0.61805625 0.4457671875 0.6140875 0.457671875 0.6111109375 0.4783953125 0.6083828125 0.5066140625 0.601190625 0.513228125 0.597965625 0.5251328125 0.594990625 0.5352734375 0.59375 0.57186875 0.58358125 0.607584375 0.5716765625 0.62654375 0.5642359375 0.6340390625 0.5595234375 0.6719578125 0.544890625 0.678571875 0.5391859375 0.7001765625 0.5314984375 0.7156078125 0.5208328125 0.7204578125 0.519840625 0.7341265625 0.5133921875 0.73941875 0.506696875 0.7522046875 0.49925625 0.7663140625 0.4848703125 0.7724875 0.4826390625 0.7795421875 0.4826390625 0.777778125 0.47569375 0.7795421875 0.4662703125 0.7848328125 0.4608140625 0.7910046875 0.4499015625 0.8002640625 0.4439484375 0.80555625 0.4392359375 0.807759375 0.4345234375 0.8174609375 0.427828125 0.819665625 0.423859375 0.8192234375 0.4193953125 0.8227515625 0.41245 0.82186875 0.4077375 0.826278125 0.400296875 0.825396875 0.3931046875 0.831128125 0.3908734375 0.835978125 0.3854171875 0.835096875 0.3807046875 0.8364203125 0.378471875 0.84435625 0.37103125 0.8505296875 0.361359375 0.8562609375 0.3571421875 0.8571421875 0.353421875 0.854496875 0.350446875 0.856921875 0.34685 0.872575 0.340278125 0.8761015625 0.335565625 0.8849203125 0.330853125 0.923721875 0.31944375 0.9338625 0.3142359375 0.939153125 0.313740625 0.94444375 0.3100203125 0.93959375 0.3075390625 0.9259265625 0.3075390625 0.8752203125 0.3120046875 0.7892421875 0.2991078125 0.78395 0.2973703125 0.75573125 0.2983625 0.74911875 0.29613125 0.7469140625 0.293403125 0.7438265625 0.2921625 0.735890625 0.2919140625 0.71208125 0.2953875 0.7054671875 0.2911703125 0.697090625 0.29141875 0.673721875 0.29613125 0.669753125 0.294146875 0.6578484375 0.2943953125 0.631834375 0.301090625 0.62654375 0.3000984375 0.622575 0.3018359375 0.619046875 0.3013390625 0.6058203125 0.305803125 0.588625 0.30853125 0.574515625 0.3120046875 0.5683421875 0.3139875 0.56701875 0.3154765625 0.5498234375 0.3129953125 0.5268953125 0.319196875 0.505290625 0.32118125 0.439153125 0.334821875 0.423721875 0.33978125 0.4215171875 0.341765625 0.4087296875 0.34449375 0.401234375 0.3447421875 0.3761015625 0.355159375 0.372575 0.35863125 0.3571421875 0.3611109375 0.3500875 0.3658234375 0.3456796875 0.3673109375 0.3425921875 0.373015625 0.3258375 0.3747515625 0.31040625 0.37896875 0.2993828125 0.383928125 0.2949734375 0.3883921875 0.2857140625 0.3903765625 0.2755734375 0.3953375 0.2671953125 0.400296875 0.26455 0.4032734375 0.258378125 0.40550625 0.2517640625 0.410465625 0.2403 0.415921875 0.2186953125 0.4298109375 0.2156078125 0.434028125 0.2010578125 0.4412203125 0.193121875 0.4516375 0.1768078125 0.4662703125 0.155203125 0.475446875 0.1402109375 0.48511875 0.1238984375 0.4995046875 0.1159609375 0.5153765625 0.1159609375 0.529265625 0.1256609375 0.5595234375 0.131834375 0.5654765625 0.1335984375 0.56944375 0.1388890625 0.57118125 0.136684375 0.576884375 0.1296296875 0.580109375 0.1296296875 0.5818453125 0.132715625 0.5858140625 0.14109375 0.589534375
1 0.602734375 0.951140625 0.6150796875 0.9580859375 0.619046875 0.9588296875 0.6203703125 0.9548609375 0.6208109375 0.926090625 0.617725 0.90625 0.617725 0.888640625 0.6071421875 0.872271875 0.6005296875 0.868303125 0.5925921875 0.8591265625 0.588625 0.8568953125 0.58465625 0.8576390625 0.580246875 0.8658234375 0.5692234375 0.872271875 0.5643734375 0.87896875 0.5634921875 0.8807046875 0.5674609375 0.887153125 0.571428125 0.9040171875 0.569665625 0.912203125 0.57186875 0.9275796875 0.579365625 0.9360125 0.5806875 0.940228125 0.5930328125 0.9432046875 0.5965609375 0.9474203125 0.602734375 0.951140625
1 0.5454140625 0.82738125 0.5348328125 0.8182046875 0.5251328125 0.8120046875 0.51058125 0.8072921875 0.50573125 0.8072921875 0.50396875 0.80853125 0.4964734375 0.8182046875 0.4925046875 0.829365625 0.4925046875 0.834078125 0.50088125 0.8432546875 0.5079359375 0.8469734375 0.5167546875 0.8494546875 0.52821875 0.849703125 0.536596875 0.847221875 0.546296875 0.8380453125 0.54761875 0.8330859375 0.5454140625 0.82738125
1 0.4885359375 0.904265625 0.4845671875 0.90699375 0.485890625 0.915921875 0.49426875 0.923859375 0.4977953125 0.9241078125 0.509259375 0.92113125 0.5216046875 0.9213796875 0.5291 0.917659375 0.5299828125 0.904265625 0.5211640625 0.9012890625 0.4977953125 0.9017859375 0.4885359375 0.904265625
1 0.5449734375 0.9360125 0.53306875 0.9377484375 0.527778125 0.940971875 0.5264546875 0.9432046875 0.5291 0.9516375 0.5317453125 0.954365625 0.5405640625 0.9588296875 0.5445328125 0.95858125 0.548059375 0.9561015625 0.555996875 0.95386875 0.5639328125 0.9474203125 0.56040625 0.9422125 0.5449734375 0.9360125
1 0.4545859375 0.96255 0.451940625 0.96180625 0.443121875 0.96255 0.424603125 0.971478125 0.42504375 0.978421875 0.4356265625 0.99305625 0.4453265625 0.994046875 0.453703125 0.993303125 0.462521875 0.990328125 0.4691359375 0.9861109375 0.4709 0.983134375 0.4695765625 0.9744546875 0.462521875 0.9662703125 0.4545859375 0.96255
1 0.868165625 0.9642859375 0.8615515625 0.9670140625 0.8567015625 0.9709828125 0.848325 0.972965625 0.8412703125 0.97743125 0.8408296875 0.9826390625 0.8470015625 0.9915671875 0.848325 0.9984375 0.892415625 0.9984375 0.8888890625 0.987103125 0.890653125 0.9744546875 0.887565625 0.966765625 0.8835984375 0.96329375 0.8796296875 0.96255 0.868165625 0.9642859375
1 0.81525625 0.8263890625 0.805996875 0.826140625 0.798059375 0.828125 0.7910046875 0.8306046875 0.7870375 0.834078125 0.7848328125 0.837796875 0.7861546875 0.8390375 0.7989421875 0.844990625 0.81216875 0.8482140625 0.8143734375 0.8482140625 0.82980625 0.8412703125 0.8324515625 0.83829375 0.8236328125 0.8298609375 0.8179015625 0.8266375 0.81525625 0.8263890625
1 0.7949734375 0.7477671875 0.78306875 0.7475203125 0.7619046875 0.7509921875 0.745590625 0.7576890625 0.7425046875 0.761409375 0.7420640625 0.7633921875 0.7477953125 0.7666171875 0.787478125 0.778521875 0.8130515625 0.783234375 0.8183421875 0.78199375 0.821428125 0.7673609375 0.81216875 0.7599203125 0.807759375 0.751984375 0.80246875 0.7490078125 0.7949734375 0.7477671875
1 0.6759265625 0.7544640625 0.6728390625 0.7619046875 0.6772484375 0.766865625 0.683421875 0.768353125 0.693121875 0.7678578125 0.6984125 0.7631453125 0.7001765625 0.759671875 0.69753125 0.7557046875 0.6816578125 0.7522328125 0.6776890625 0.7529765625 0.6759265625 0.7544640625
1 0.679453125 0.70238125 0.6693125 0.6986609375 0.6538796875 0.6966765625 0.6296296875 0.6954359375 0.62345625 0.696925 0.617725 0.700396875 0.61860625 0.7053578125 0.6296296875 0.711309375 0.63315625 0.7189984375 0.6384484375 0.7209828125 0.6534390625 0.7217265625 0.665784375 0.7209828125 0.6710765625 0.7192453125 0.678571875 0.714534375 0.68298125 0.709325 0.679453125 0.70238125
1 0.754409375 0.90228125 0.7579359375 0.9052578125 0.7702828125 0.9099703125 0.7755734375 0.9084828125 0.77821875 0.904265625 0.77336875 0.900296875 0.7597 0.897321875 0.7561734375 0.89756875 0.754409375 0.898809375 0.754409375 0.90228125
0 0.9126984375 0.9984375 0.914021875 0.978421875 0.9166671875 0.9751984375 0.9223984375 0.9737109375 0.9272484375 0.9697421875 0.92989375 0.9526296875 0.928571875 0.944196875 0.9241625 0.9342765625 0.92989375 0.933284375 0.9320984375 0.930803125 0.9320984375 0.9255953125 0.9263671875 0.9154265625 0.9325390625 0.9079859375 0.928571875 0.898809375 0.9219578125 0.88988125 0.9223984375 0.88665625 0.9268078125 0.884425 0.92813125 0.8807046875 0.910053125 0.855903125 0.910934375 0.84920625 0.9096125 0.845734375 0.897265625 0.83358125 0.895503125 0.8303578125 0.896825 0.8271328125 0.89594375 0.8224203125 0.877425 0.8092765625 0.86684375 0.798859375 0.8650796875 0.7916671875 0.8611109375 0.787203125 0.8425921875 0.7388390625 0.844796875 0.7366078125 0.8430328125 0.7338796875 0.83465625 0.726934375 0.806878125 0.7135421875 0.7945328125 0.7033734375 0.768959375 0.69295625 0.7597 0.6904765625 0.7517640625 0.6857640625 0.7486765625 0.681546875 0.744709375 0.6790671875 0.725309375 0.671875 0.717371875 0.6701390625 0.7107578125 0.665921875 0.7054671875 0.664434375 0.6772484375 0.6607140625 0.67019375 0.658978125 0.661375 0.655009375 0.62830625 0.6510421875 0.6111109375 0.646825 0.6005296875 0.6455859375 0.575396875 0.6443453125 0.552909375 0.6416171875 0.5343921875 0.6416171875 0.52821875 0.6431046875 0.518078125 0.638640625 0.353615625 0.638640625 0.32186875 0.637896875 0.3209875 0.646825 0.325396875 0.6564984375 0.32495625 0.6619546875 0.3284828125 0.677828125 0.331128125 0.6817953125 0.3403875 0.689484375 0.3412703125 0.6924609375 0.3408296875 0.6974203125 0.3373015625 0.7006453125 0.334215625 0.7571921875 0.3267203125 0.767609375 0.319665625 0.7938984375 0.315696875 0.7983625 0.3148140625 0.8162203125 0.3139328125 0.8224203125 0.31040625 0.8296125 0.31040625 0.84300625 0.3082015625 0.85243125 0.298059375 0.861359375 0.2958546875 0.873015625 0.293209375 0.8772328125 0.2852734375 0.9057546875 0.2852734375 0.9201390625 0.2998234375 0.9407234375 0.311728125 0.9513890625 0.3258375 0.96949375 0.32980625 0.9719734375 0.33465625 0.9732140625 0.338625 0.976190625 0.35890625 0.9977671875 0.35890625 0.9984375 0.9126984375 0.9984375
1 0.45625 0.296875 0.4671875 0.2984375 0.48125 0.2765625 0.46875 0.2734375 0.4578125 0.2890625 0.45625 0.296875
1 0.4171875 0.2828125 0.4171875 0.2703125 0.4046875 0.2703125 0.4046875 0.28125 0.4171875 0.2828125
1 0.3359375 0.2625 0.334375 0.25625 0.3171875 0.2578125 0.3203125 0.2671875 0.3359375 0.2625
1 0.2765625 0.265625 0.275 0.2609375 0.2609375 0.2625 0.2546875 0.2703125 0.2765625 0.265625
1 0.5359375 0.278125 0.5484375 0.2796875 0.54375 0.271875 0.5359375 0.271875 0.5359375 0.278125
1 0.21875 0.4125 0.21875 0.421875 0.2359375 0.415625 0.21875 0.4125
1 0.2984375 0.653125 0.2953125 0.6484375 0.2859375 0.6515625 0.2859375 0.6625 0.2984375 0.653125
0 0 0.8734375 0.1 0.9203125 0.1796875 0.94375 0.2453125 0.9515625 0.2625 0.9515625 0.271875 0.94375 0.2796875 0.9015625 0.296875 0.8546875 0.3046875 0.8484375 0.315625 0.7859375 0.334375 0.746875 0.3359375 0.6921875 0.3140625 0.6421875 0.275 0.6171875 0.1921875 0.596875 0.1296875 0.596875 0.084375 0.625 0.04375 0.625 0.0046875 0.6359375 0 0.64375 0 0.8734375
1 0.2921875 0.9703125 0.278125 0.946875 0.2546875 0.9546875 0.2671875 0.971875 0.2921875 0.9703125