1 0.4800577529296875 0.6577377939453125 0.4845623017578125 0.6573689287109376 0.4875738310546875 0.6517821201171875 0.4877589892578125 0.647298630859375 0.48341575390625 0.6401764189453125 0.479394396484375 0.637107197265625 0.4596433486328125 0.635082427734375 0.45620776171875 0.6373545234375 0.45508099609375 0.6422058583984375 0.4571482216796875 0.646504140625 0.4659255244140625 0.65374776171875 0.472233623046875 0.6563873056640624 0.4800577529296875 0.6577377939453125
1 0.70832974609375 0.5225161474609376 0.71830253125 0.5244194892578125 0.731252705078125 0.520978947265625 0.7327825625 0.5164367197265625 0.722650759765625 0.5029895283203125 0.7147115546875 0.496114572265625 0.7040369931640625 0.49286136328125 0.70047581640625 0.492861052734375 0.69670585546875 0.494335095703125 0.6929818173828125 0.5018256455078125 0.6943711103515625 0.5077816484375 0.6927044970703125 0.513308171875 0.693495740234375 0.517176248046875 0.70832974609375 0.5225161474609376
1 0.732563294921875 0.584528240234375 0.750360427734375 0.5877805234375 0.75386649609375 0.5850181533203125 0.754257126953125 0.5790614228515625 0.752224259765625 0.57451866796875 0.745090341796875 0.568257068359375 0.7418037900390625 0.5662914775390625 0.7374734501953125 0.5654320087890625 0.732601498046875 0.56524905859375 0.7214658232421876 0.5684428544921875 0.7142134208984375 0.5756884033203125 0.7178330166015625 0.57845028125 0.732563294921875 0.584528240234375
1 0.7878019013671875 0.6857100380859374 0.795525 0.67828133984375 0.7988818515625 0.670237427734375 0.79914667578125 0.6620098388671875 0.796034115234375 0.6588174609375 0.7874269951171875 0.6598609873046875 0.7727176484375 0.66630941015625 0.770683849609375 0.6712825712890625 0.7710608359375 0.6780982421875 0.7736350966796876 0.681966025390625 0.7797689873046875 0.68583390234375 0.7841354501953125 0.6864475693359375 0.7878019013671875 0.6857100380859374
1 0.558496755859375 0.62868887890625 0.5620940556640625 0.62844338671875 0.56556421875 0.625925271484375 0.5647368525390625 0.622302998046875 0.5610844443359375 0.61978580859375 0.554431240234375 0.6196018212890625 0.55089192578125 0.6226119755859375 0.551579658203125 0.6272165634765625 0.558496755859375 0.62868887890625
1 0.6397513662109375 0.53842514453125 0.645232099609375 0.5374424140625 0.6473243173828125 0.5352308212890625 0.647371171875 0.5317314111328125 0.6437986484375 0.52546857421875 0.6379958203125 0.5223998623046875 0.6301716904296875 0.5210493740234375 0.624587447265625 0.5227686162109375 0.6252406044921875 0.527619224609375 0.62818205078125 0.53204037109375 0.6354194794921875 0.5375654580078125 0.6397513662109375 0.53842514453125
1 0.4216853525390625 0.721414876953125 0.4253172275390625 0.720923365234375 0.4288219658203125 0.71815923046875 0.4293743095703125 0.7142291044921875 0.424985548828125 0.7106080673828125 0.4112550810546875 0.7069253779296875 0.4077851357421875 0.7094419462890625 0.4067603330078125 0.7135565517578125 0.4096674208984375 0.7182221708984375 0.4216853525390625 0.721414876953125
1 0.3367956064453125 0.777355859375 0.3436904072265625 0.7758208037109375 0.34673651171875 0.769987974609375 0.347265228515625 0.763048712890625 0.3427383818359375 0.76041020703125 0.3356488408203125 0.760164896484375 0.331915001953125 0.76139313671875 0.3273403701171875 0.7717699580078125 0.3299820185546875 0.7751470322265624 0.3367956064453125 0.777355859375
1 0.4452039140625 0.7948464091796875 0.4501447998046875 0.7945388671875 0.4541909326171875 0.7910997607421875 0.45427236328125 0.7873543310546876 0.4500908408203125 0.78225872265625 0.4458278876953125 0.7809085439453125 0.44175967578125 0.781338732421875 0.438324087890625 0.783610828125 0.4359213408203125 0.7880319560546875 0.4370469580078125 0.7926980849609375 0.4452039140625 0.7948464091796875
1 0.5070835322265625 0.7188894921875 0.5148730859375 0.7204860009765625 0.516999662109375 0.718029935546875 0.516506669921875 0.7152057138671875 0.513794541015625 0.7123189150390625 0.5081534248046875 0.711276806640625 0.50440730859375 0.7157584375 0.5070835322265625 0.7188894921875
1 0.309550310546875 0.7209321220703125 0.3130204736328125 0.7184140068359375 0.314355806640625 0.7120898662109375 0.3132522685546875 0.7104326552734375 0.31124169921875 0.7088972705078125 0.30727699609375 0.708590947265625 0.3011183310546875 0.7112313984375 0.299358939453125 0.714240826171875 0.3003589677734375 0.716634548828125 0.3055856083984375 0.720625798828125 0.309550310546875 0.7209321220703125
1 0.23081898046875 0.71086909375 0.2423441376953125 0.71123603125 0.24379278125 0.7104376865234375 0.243332599609375 0.707368775390625 0.2407255283203125 0.703745681640625 0.231465033203125 0.6999401474609375 0.2216178369140625 0.7003092119140625 0.2177443662109375 0.7025197666015625 0.2206168779296875 0.7074314052734375 0.23081898046875 0.71086909375
1 0.2589122919921875 0.6567128193359375 0.2655657138671875 0.656895259765625 0.268530388671875 0.654807861328125 0.268382501953125 0.649528083984375 0.2581665732421875 0.649343568359375 0.251502419921875 0.652414736328125 0.2589122919921875 0.6567128193359375
1 0.2440627470703125 0.619812046875 0.2474169033203125 0.621285380859375 0.25618440625 0.622266693359375 0.2567365322265625 0.6183381142578125 0.253484337890625 0.61612805078125 0.2486815380859375 0.6154530615234375 0.2463258623046875 0.616373232421875 0.2440627470703125 0.619812046875
1 0.189691953125 0.72787961328125 0.1979318876953125 0.726282724609375 0.2008965625 0.7241953251953125 0.2001604267578125 0.7230899306640625 0.195093734375 0.72112661328125 0.190853078125 0.7227838056640625 0.188589962890625 0.7262226201171875 0.189691953125 0.72787961328125
1 0.501857791015625 0.64201721875 0.506189677734375 0.6428769052734375 0.5095217548828125 0.6413413212890625 0.5071437822265625 0.63925412109375 0.5025136435546875 0.637350580078125 0.498169259765625 0.63974583203125 0.501857791015625 0.64201721875
1 0.836801396484375 0.5398206015625 0.8429022578125 0.54393471484375 0.8466363134765625 0.5427049267578125 0.845165373046875 0.5404959013671875 0.83376871875 0.532882576171875 0.8291040048828126 0.5312250546875 0.825910013671875 0.531778107421875 0.8266666806640625 0.535892203125 0.828642892578125 0.5376720595703125 0.836801396484375 0.5398206015625
1 0.44758578515625 0.5339577001953125 0.4501016259765625 0.535063916015625 0.4550081533203125 0.535000845703125 0.4550204326171875 0.5317474560546875 0.4510336513671875 0.5284322138671875 0.447472474609375 0.5284319033203125 0.44758578515625 0.5339577001953125
1 0.6364094033203125 0.71427451171875 0.637062560546875 0.7191251201171875 0.6416706201171875 0.7180197421875 0.6421883876953125 0.7143356357421875 0.637891076171875 0.7132299296875 0.6364094033203125 0.71427451171875
0 0.947077359375 0.8323208916015625 0.95363955078125 0.829986453125 0.959469234375 0.8075134580078125 0.9827460361328125 0.6387243818359375 0.98300127734375 0.6242329365234375 0.9798896474609375 0.611524642578125 0.985589896484375 0.605813951171875 0.98681058984375 0.593962248046875 0.9791821318359375 0.5848762099609375 0.9590896064453125 0.566273833984375 0.950805294921875 0.56185443359375 0.9456353095703125 0.56062608203125 0.9431302001953125 0.5562662587890626 0.9360529375 0.5527675576171875 0.9298608447265625 0.546136564453125 0.9169118203125 0.5400596435546875 0.912626787109375 0.535700546875 0.8975759609375 0.52557136328125 0.886708421875 0.52053645703125 0.838083302734375 0.50218271875 0.8089446240234375 0.494079791015625 0.795997146484375 0.488003087890625 0.7570802060546875 0.479778732421875 0.7188757734375 0.4696506376953125 0.7031568154296876 0.4674414814453125 0.6930680234375 0.46952958984375 0.683393271484375 0.468671650390625 0.668605189453125 0.4693482568359375 0.6485197685546875 0.4665254345703125 0.635437875 0.466940072265625 0.6170365439453125 0.4656067509765625 0.613371857421875 0.4663429521484375 0.6016173837890625 0.46444166796875 0.5987200966796875 0.466038357421875 0.5940899580078125 0.46413481640625 0.59247041796875 0.4661603828125 0.589712763671875 0.4667747578125 0.5700291025390625 0.4642592783203125 0.56245615234375 0.4674536025390625 0.5581588408203125 0.466347896484375 0.55304529296875 0.4678839892578125 0.5368101142578126 0.469359158203125 0.53441986328125 0.4705253486328125 0.5300533994140625 0.4699116826171875 0.5281338427734374 0.4708947236328125 0.5186886259765625 0.471569583984375 0.490100923828125 0.469055541015625 0.4839422587890625 0.4716959912109375 0.4664984853515625 0.472250244140625 0.4575132314453125 0.4759955625 0.3936934931640625 0.486561712890625 0.39291028515625 0.488957275390625 0.3973793271484375 0.498350345703125 0.3975961484375 0.503139630859375 0.3863707900390625 0.5038167646484375 0.3830028076171875 0.505596603515625 0.374535103515625 0.5056593623046876 0.363939275390625 0.5081779697265625 0.359067541015625 0.5079934716796874 0.3562630322265625 0.5121072578125 0.3499785595703125 0.512476849609375 0.3521149365234375 0.5162830927734375 0.240222671875 0.5679289384765625 0.23863594140625 0.569709814453125 0.219975935546875 0.572597193359375 0.2079896669921875 0.5786772607421875 0.2046453115234375 0.583466234375 0.204804328125 0.5950100849609375 0.201632416015625 0.5985720546875 0.1955757138671875 0.6004757763671875 0.1919331064453125 0.6042208955078125 0.18948350390625 0.61214143359375 0.19144721875 0.617176228515625 0.1844946142578125 0.625465849609375 0.186019296875 0.6399565673828125 0.181664181640625 0.6456054267578125 0.18093939453125 0.650762556640625 0.1846375078125 0.659297798828125 0.1795462568359375 0.663841263671875 0.1766257412109375 0.671946498046875 0.177453107421875 0.6755687724609375 0.181210572265625 0.6773496669921875 0.168366455078125 0.724382330078125 0.1599777041015625 0.730215357421875 0.1577473994140625 0.7334094814453125 0.15347216796875 0.7353126943359375 0.15291982421875 0.7392428203125 0.162112931640625 0.743539064453125 0.17225837890625 0.7442138544921875 0.175486728515625 0.743416330078125 0.179749681640625 0.7447665087890625 0.1839905556640625 0.7431077685546875 0.19568815625 0.7422477021484375 0.2250104462890625 0.745866923828125 0.229640583984375 0.74777046484375 0.2325130966796875 0.752682103515625 0.2373379765625 0.7563660107421875 0.24243902734375 0.7580848544921875 0.245184185546875 0.7607254169921875 0.2522975712890625 0.76397831640625 0.2734849833984375 0.768458130859375 0.276815912109375 0.7764400107421875 0.2873383447265625 0.78393047265625 0.3110433623046875 0.7895151728515625 0.31550083984375 0.792647265625 0.3133742626953125 0.795103330078125 0.3179231884765625 0.80075075390625 0.3322517060546875 0.806521369140625 0.341788154296875 0.8083633876953125 0.347658369140625 0.810941390625 0.3494511875 0.81720340625 0.3542069150390625 0.821379353515625 0.3622949375 0.824018169921875 0.3680408935546875 0.8243255302734375 0.382700689453125 0.830893763671875 0.3844007294921875 0.8346386845703125 0.3912363974609375 0.8398564287109375 0.4057719345703125 0.844154021484375 0.418433439453125 0.8459334794921874 0.426143328125 0.851274087890625 0.42871582421875 0.8551432021484375 0.432382275390625 0.8544056708984376 0.43586223828125 0.85814986328125 0.45392459375 0.8626922392578125 0.4583945673828125 0.8625693935546875 0.469103705078125 0.8655765830078125 0.47484811328125 0.8658837265625 0.4799023095703125 0.8711019814453125 0.4806605244140625 0.8752162939453125 0.4883122099609375 0.877793787109375 0.50081509765625 0.8775470771484375 0.519324521484375 0.8788971669921875 0.5321823154296875 0.8824572099609375 0.5346860947265625 0.8868152685546875 0.631376052734375 0.9021587314453124 0.661595791015625 0.8993922705078125 0.6718117197265625 0.8995767861328124 0.678119818359375 0.9022163291015625 0.68430078125 0.9025832490234375 0.6984923603515625 0.8998189326171875 0.7016517763671875 0.899511900390625 0.7063854248046875 0.9006789296875 0.710488212890625 0.9000027216796875 0.7135220390625 0.897423283203125 0.7342287373046875 0.895825486328125 0.758851736328125 0.8980332060546875 0.7651375390625 0.8976653779296875 0.7822594345703126 0.8930581357421875 0.790450966796875 0.894960439453125 0.797609443359375 0.8947152587890626 0.8501926923828125 0.8785621689453125 0.8573982412109376 0.8748160302734375 0.8660399365234375 0.873526484375 0.8745890712890625 0.8697182958984375 0.8860573544921875 0.8673238828125 0.8997668916015625 0.8584801904296875 0.910935376953125 0.855041705078125 0.9207038388671875 0.84890082421875 0.9248880576171875 0.8444791865234375 0.9327590419921875 0.8423302646484375 0.9367690517578126 0.8391369609375 0.9442728505859375 0.8364346767578125 0.947077359375 0.8323208916015625
0 0.934643369140625 1 0.95257446484375 0.8724136201171875 0.9508744248046875 0.8686687001953125 0.94683098828125 0.862590560546875 0.9422352080078125 0.860442546875 0.9399953212890625 0.85737281640625 0.93679019921875 0.851661794921875 0.936975140625 0.847179853515625 0.934929994140625 0.84589048828125 0.930528955078125 0.845522841796875 0.9159813203125 0.8539978681640625 0.8936303056640625 0.8641295595703125 0.8876318056640625 0.868796396484375 0.8830926806640625 0.86941128125 0.8675091123046875 0.8757368408203124 0.8580997998046875 0.8761674453125 0.8443322783203125 0.882246474609375 0.7987129814453126 0.89637246875 0.791990625 0.8966805205078126 0.78245417578125 0.894838501953125 0.76173498046875 0.899691236328125 0.7555542353515625 0.89932276953125 0.7500389267578125 0.9005515205078125 0.74184584765625 0.8986489990234375 0.724162025390625 0.90092251171875 0.7176812646484375 0.8995115205078125 0.7140496064453125 0.900001484375 0.7099015107421875 0.9041773203125 0.6944698544921875 0.9062671748046875 0.6778092880859375 0.904425865234375 0.67062696875 0.9016634580078124 0.666191353515625 0.9015418310546875 0.658596541015625 0.901725689453125 0.65479355078125 0.9034459697265625 0.6354319853515625 0.90498193359375 0.6241484248046875 0.9028959521484375 0.61998919921875 0.90080771484375 0.6160713515625 0.89700198046875 0.59080499609375 0.8962059619140625 0.4686202958984375 0.869016216796875 0.4678841611328125 0.867910822265625 0.4605998779296875 0.86588514453125 0.4344372216796875 0.86195734375 0.4315883359375 0.8600548408203125 0.4280601884765625 0.85980829296875 0.4217989443359375 0.85366933984375 0.4171688056640625 0.851765798828125 0.397991962890625 0.8488213681640625 0.39371558203125 0.8602420439453125 0.395127171875 0.86920541796875 0.3926429931640625 0.8773719755859375 0.40472530078125 0.9086232685546874 0.403425873046875 0.914703154296875 0.407215435546875 0.9257537275390625 0.4332573095703125 0.962223603515625 0.445986818359375 0.973028486328125 0.45061695703125 0.97493202734375 0.4582454150390625 0.9840180654296875 0.466300408203125 0.9869031181640625 0.4742378486328125 0.9937794033203124 0.4841307509765625 0.999428392578125 0.4859104091796875 1 0.934643369140625 1
1 0.7729803701171875 0.9844215068359375 0.7812769599609375 0.985587515625 0.786861203125 0.9838682734375 0.7890346337890625 0.9779127978515625 0.7859551015625 0.97447418359375 0.7725130849609375 0.965573041015625 0.7673776748046875 0.9640986689453125 0.764147560546875 0.9648975234375 0.7630899462890625 0.969256818359375 0.7647085556640625 0.9767471689453125 0.766144703125 0.97920376171875 0.7729803701171875 0.9844215068359375
1 0.4617908349609375 0.9524590498046875 0.467375294921875 0.950738259765625 0.4715577490234375 0.9463179521484375 0.472593283203125 0.93894973828125 0.470491482421875 0.9348974755859375 0.4653337763671875 0.9304157333984375 0.4577496943359375 0.9273459833984375 0.45029275 0.926548857421875 0.4461571513671875 0.9274697548828125 0.4447419345703125 0.9375395439453125 0.454263408203125 0.9521521982421876 0.4617908349609375 0.9524590498046875
1 0.7715541728515625 0.9343813427734375 0.7764259072265625 0.9345658408203125 0.7821138779296875 0.9321085390625 0.7819880703125 0.9298376796875 0.7813210869140625 0.9282402451171875 0.773864142578125 0.927443119140625 0.765120484375 0.92946939453125 0.7652806494140625 0.9314957802734375 0.7715541728515625 0.9343813427734375
0 0 0.934392490234375 0.0121603408203125 0.9361015146484375 0.0124019365234375 0.934382470703125 0.0194002470703125 0.9321109033203125 0.028972419921875 0.9241894384765625 0.040911833984375 0.92160878125 0.072401380859375 0.893977056640625 0.079055734375 0.8846435810546875 0.099443251953125 0.8694755478515624 0.1085347109375 0.8554764716796875 0.114084595703125 0.8540017021484375 0.1172908662109375 0.8501952587890625 0.11947524609375 0.84098462890625 0.13613965625 0.8237912294921875 0.1326289619140625 0.8012583466796875 0.1271839541015625 0.79247759375 0.1265069521484375 0.7846193984375 0.10632434375 0.7539826796875 0.069997388671875 0.717820328125 0.056994404296875 0.6994632626953124 0.0475501181640625 0.69062220703125 0.03929058203125 0.679694478515625 0.035774712890625 0.6761945400390625 0.0293992275390625 0.67404570703125 0.0213690087890625 0.664652326171875 0.0171060556640625 0.6633021474609375 0.0118212119140625 0.65654778125 0.0038146201171875 0.6501635361328125 0 0.6490697255859375 0 0.934392490234375
1 0.0718069267578125 0.809490861328125 0.0756460390625 0.8075247783203126 0.077416162109375 0.8012617431640625 0.0756126123046875 0.7982533349609375 0.070489263671875 0.7935271201171875 0.06612280078125 0.792913453125 0.0589297490234375 0.793404654296875 0.0530693349609375 0.7970889599609375 0.056974685546875 0.8041496318359375 0.0642810478515625 0.8091842265625 0.0718069267578125 0.809490861328125
1 0.0092929072265625 0.7220616103515625 0.0136593701171875 0.72267527734375 0.0226446240234375 0.7189299580078125 0.018854130859375 0.71739530078125 0.014120482421875 0.7162282724609375 0.0069617890625 0.7164750009765625 0.0092929072265625 0.7220616103515625
1 0.4534658857421875 0.3622219189453125 0.4627386591796875 0.3627740625 0.483354126953125 0.3586593876953125 0.486400232421875 0.35282655859375 0.48051888671875 0.3439844833984375 0.47702509765625 0.343493462890625 0.4626042001953125 0.3447234326171875 0.4576510361328125 0.3482843642578125 0.4450336884765625 0.3525227421875 0.443643248046875 0.3560842021484375 0.4534658857421875 0.3622219189453125
0 0.634560201171875 0.4613068515625 0.6385717578125 0.4581137646484375 0.6203874404296875 0.4322658212890625 0.61879091015625 0.4277843896484375 0.6106917578125 0.4188815009765625 0.6031766103515624 0.4153212587890625 0.5935612099609375 0.4077089716796875 0.5861620693359375 0.4001572802734375 0.583360255859375 0.3947538193359375 0.5738813935546875 0.386158783203125 0.5705272373046875 0.3846854482421875 0.5601413427734375 0.37621223828125 0.5493409736328125 0.370688169921875 0.5409656494140626 0.36375034375 0.5338540283203125 0.360496115234375 0.52992390234375 0.3599437724609375 0.517883673828125 0.3537436953125 0.494559884765625 0.34545763671875 0.48065697265625 0.3430019521484375 0.4769215869140625 0.344229974609375 0.4732787626953125 0.3479766416015625 0.4725885517578125 0.352887751953125 0.4755284501953125 0.357308681640625 0.4706096435546875 0.3606251416015625 0.4643943232421875 0.3605026943359375 0.463209572265625 0.3625893662109375 0.458303044921875 0.362652435546875 0.4554073046875 0.3642493427734375 0.4496283203125 0.36418821875 0.44279287109375 0.3589689267578125 0.44210244140625 0.3638815849609375 0.4486851650390625 0.3645558466796875 0.4545912861328125 0.3668895947265625 0.452404427734375 0.385615923828125 0.44811824609375 0.390774291015625 0.4433721015625 0.39286219921875 0.4379259443359375 0.39359891015625 0.42580273828125 0.3911440458984375 0.4120624697265625 0.381199048828125 0.4054561201171875 0.377515650390625 0.3940469697265625 0.373157263671875 0.386740607421875 0.36812266796875 0.379144029296875 0.36830785546875 0.3629559228515625 0.3662820673828125 0.3481910693359375 0.3604501279296875 0.327026884765625 0.349461767578125 0.3124696669921875 0.3516729384765625 0.28721404296875 0.3476233115234375 0.2823876162109375 0.3439391865234375 0.2606726357421875 0.336881169921875 0.2505617646484375 0.335960359375 0.2450574052734375 0.333933955078125 0.22050333984375 0.3312357431640625 0.22044690234375 0.3284712978515625 0.2139661416015625 0.327060306640625 0.207497876953125 0.322394376953125 0.1992012880859375 0.3212283671875 0.2003958388671875 0.32540400390625 0.197866353515625 0.337070189453125 0.20071523828125 0.3389726923828125 0.201599259765625 0.3453578642578125 0.1997697861328125 0.358375248046875 0.201397978515625 0.372129453125 0.1999606826171875 0.37919032421875 0.1943170888671875 0.3876639140625 0.19274170703125 0.39570731640625 0.185122119140625 0.4023995029296875 0.1847756474609375 0.414374068359375 0.183189134765625 0.4161533974609375 0.178075587890625 0.4176894912109375 0.176419923828125 0.419960859375 0.1777057060546875 0.4266533740234375 0.1764629345703125 0.4354961591796875 0.1635821298828125 0.4384431142578125 0.161464205078125 0.456678951171875 0.156303802734375 0.461714455078125 0.1522717138671875 0.4618988408203125 0.146180435546875 0.46404858203125 0.1439367041015625 0.480013560546875 0.139478078125 0.486398931640625 0.1341229345703125 0.489654068359375 0.1367857314453125 0.5055559765625 0.14418217578125 0.5226249140625 0.14286088671875 0.5256943349609375 0.1413776669921875 0.52673869921875 0.134288125 0.526493388671875 0.119983234375 0.523731908203125 0.11851251171875 0.5215213349609376 0.1131821435546875 0.5182681435546875 0.1051271494140625 0.5153830908203125 0.10211831640625 0.5114526533203125 0.090202130859375 0.507524765625 0.0828709931640625 0.508998498046875 0.0749777119140625 0.508140048828125 0.07265639453125 0.5088157470703125 0.0702429140625 0.5164904833984375 0.0703881044921875 0.531287505859375 0.0739039736328125 0.534787443359375 0.089709169921875 0.568065650390625 0.1036898857421875 0.585809068359375 0.1082167314453125 0.5884475732421875 0.1090646298828125 0.5950785478515624 0.1373861416015625 0.6153391904296875 0.1392463466796875 0.6211104970703125 0.14360053125 0.6249775537109376 0.14493162109375 0.62817044140625 0.1572716474609375 0.6354145908203125 0.1600750078125 0.6408182685546875 0.174414474609375 0.6433337294921875 0.179022533203125 0.6422283525390625 0.1800924267578125 0.634615666015625 0.178439458984375 0.6273697890625 0.1840469296875 0.6191420009765625 0.1835550859375 0.6068003154296875 0.1978528720703125 0.5937822421875 0.196187408203125 0.5897913017578125 0.196808685546875 0.58537068359375 0.208174607421875 0.5741953193359375 0.215851068359375 0.5702644833984375 0.221366376953125 0.5690357333984375 0.2291365478515625 0.558106078125 0.2356623984375 0.5560189892578125 0.2420987822265625 0.5514136923828125 0.2476832431640625 0.54969290234375 0.25136042578125 0.545701763671875 0.25185611328125 0.53900873828125 0.2554297861328125 0.535754111328125 0.2675760029296875 0.531701978515625 0.2748382060546875 0.5307187373046875 0.2901440556640625 0.5263580244140625 0.29401752734375 0.5241474697265625 0.2973621005859375 0.5193569482421875 0.3043258349609375 0.517331400390625 0.3082669111328125 0.514628587890625 0.327951501953125 0.5076281513671875 0.34429173828125 0.5054166884765625 0.351233611328125 0.5003806748046875 0.3562780068359375 0.49933662109375 0.35887549609375 0.496695859375 0.3810072119140625 0.4912905830078125 0.394107533203125 0.483615666015625 0.4116878447265625 0.4820786640625 0.437715111328125 0.4774717509765625 0.444620861328125 0.4726815400390625 0.554346267578125 0.4618043212890625 0.5740752353515625 0.4608201728515625 0.5862312529296875 0.46303034765625 0.594080158203125 0.4578725078125 0.5988829580078125 0.4585474970703125 0.6025839853515625 0.4575639462890625 0.6055018046875 0.4589759580078125 0.6147056435546875 0.46001859375 0.6174630810546875 0.459405765625 0.622633283203125 0.4606325703125 0.6270811767578125 0.4575008076171875 0.63151657421875 0.4576239814453125 0.634560201171875 0.4613068515625
0 0.1921782333984375 0.3933733701171875 0.1935895361328125 0.3833314326171875 0.1988350654296875 0.3745241953125 0.19994337890625 0.3476307802734375 0.19862323828125 0.3411827373046875 0.1945673046875 0.3383595361328125 0.190191041015625 0.3314835615234375 0.19282310546875 0.328596779296875 0.1919045087890625 0.322457626953125 0.18910134765625 0.3218127900390625 0.18094419140625 0.3149056259765625 0.173292505859375 0.3123281328125 0.170431341796875 0.31367901953125 0.1643179833984375 0.31281984375 0.1627216708984375 0.3083368642578125 0.1586657373046875 0.305513662109375 0.155230150390625 0.3077857578125 0.1434979736328125 0.30889184375 0.142360078125 0.30747910546875 0.1338702939453125 0.3045329462890625 0.124529517578125 0.29495537890625 0.0910020791015625 0.2832314140625 0.0842355634765625 0.2775216298828125 0.0680927646484375 0.2719962138671875 0.0505481767578125 0.2637697314453125 0.039069875 0.2599033837890625 0.0355209775390625 0.2566496826171875 0.0322219296875 0.257939029296875 0.030047349609375 0.2734119677734375 0.0265994833984375 0.2789374541015625 0.02473543359375 0.292200857421875 0.0268497314453125 0.2929981826171875 0.024019298828125 0.313137759765625 0.0217669150390625 0.3133229658203125 0.0191437197265625 0.3319879716796875 0.0212577998046875 0.33278684375 0.0205330126953125 0.337943974609375 0.018315205078125 0.3378831611328125 0.0155884990234375 0.3572846787109375 0.0178973203125 0.35986391796875 0.01642544921875 0.3671708076171875 0.014173283203125 0.367354466796875 0.0114117841796875 0.3870035517578125 0.013491505859375 0.388046896484375 0.0107559306640625 0.3916701904296875 0.0090301845703125 0.403949513671875 0.0113735810546875 0.4062827333984375 0.0116495751953125 0.410662203125 0.006277337890625 0.4393783701171875 0.004025171875 0.439562029296875 0.0033347431640625 0.4444746875 0.004758611328125 0.4501846708984375 0.0031698017578125 0.4709989267578125 0.0001678564453125 0.482849591796875 0.0046130537109375 0.48923507421875 0.008232650390625 0.491996953125 0.0209523583984375 0.49653952734375 0.0249498720703125 0.4966011611328125 0.02863840234375 0.4988725478515625 0.0364625322265625 0.5002230361328125 0.038451240234375 0.498747955078125 0.1081955517578125 0.5125576328125 0.1210408486328125 0.5193726123046875 0.1245002802734375 0.52010810546875 0.1280489599609375 0.523363353515625 0.13191015234375 0.5244061884765625 0.1401485390625 0.5228090830078125 0.1415169013671875 0.5162387041015625 0.1369336171875 0.51083575390625 0.1371531337890625 0.5061077919921875 0.1337530537109375 0.4986179521484375 0.1529150703125 0.460487140625 0.158097552734375 0.4584605546875 0.1612694638671875 0.4548985849609375 0.1612030078125 0.4458733779296875 0.1586412431640625 0.43875065625 0.162111189453125 0.4362340888671875 0.1719586025390625 0.4358634765625 0.17640649609375 0.432731712890625 0.1921782333984375 0.3933733701171875
0 0.06861973046875 0 0.067787064453125 0.0017139248046875 0.0669230419921875 0.0173710498046875 0.0521259736328125 0.1194804169921875 0.0531592109375 0.131147130859375 0.0518573056640625 0.1467427158203125 0.0477315068359375 0.153925921875 0.046154578125 0.1619691064453125 0.0424944814453125 0.1975213369140625 0.0407353076171875 0.200529216796875 0.034211568359375 0.246948033203125 0.0360151181640625 0.24995644140625 0.040070833984375 0.2527811904296875 0.04560976953125 0.2545615751953125 0.053881583984375 0.2622359130859375 0.059051787109375 0.2634627177734375 0.0649342802734375 0.262787330078125 0.08623655078125 0.2727931591796875 0.0917960185546875 0.277582244140625 0.095691568359375 0.278380607421875 0.0992076552734375 0.281878998046875 0.1054811787109375 0.284764560546875 0.2268692431640625 0.3271207216796875 0.2341189501953125 0.3293924189453125 0.241979203125 0.33049710546875 0.2483328271484375 0.3296354736328125 0.2754830146484375 0.33921193359375 0.2875591484375 0.345167755859375 0.297497576171875 0.3473155703125 0.3016915947265625 0.3491562412109375 0.3064943955078125 0.34983123046875 0.315503275390625 0.349095046875 0.41686526953125 0.3818740380859375 0.4258495927734375 0.3876446357421875 0.4349842802734375 0.3891793115234375 0.4426484619140625 0.3885018662109375 0.445992818359375 0.383712892578125 0.4468238115234375 0.36830200390625 0.4410555595703125 0.3649872724609375 0.4390945400390625 0.3504352314453125 0.449585310546875 0.3486529189453125 0.458444974609375 0.3426351943359375 0.4624920390625 0.329680171875 0.4671692490234375 0.328082755859375 0.470008333984375 0.323722951171875 0.475925404296875 0.32280154296875 0.47791389453125 0.321328009765625 0.4814777666015625 0.31181107421875 0.4908897744140625 0.3018632236328125 0.498220912109375 0.300389490234375 0.500450998046875 0.2971969140625 0.50530087109375 0.2943709462890625 0.5102551845703125 0.2812925498046875 0.5185296943359375 0.2794496416015625 0.5207943564453125 0.276011044921875 0.5305141982421875 0.273370904296875 0.535238263671875 0.268274078125 0.5389736494140625 0.2670460546875 0.558569306640625 0.2384938115234375 0.56354861328125 0.218905541015625 0.5693398759765625 0.2157132744140625 0.57259321875 0.2084058740234375 0.5728470927734375 0.2034334404296875 0.582731560546875 0.1933011103515625 0.584984875 0.18359998828125 0.5919720556640625 0.17506434765625 0.5995447890625 0.1718715712890625 0.6049372041015625 0.1588531689453125 0.6059504423828125 0.1484775849609375 0.6047115146484375 0.1382856591796875 0.60760725390625 0.1366887529296875 0.6162476201171875 0.1353974423828125 0.622558197265625 0.1285212861328125 0.6249286669921875 0.1053112509765625 0.621494228515625 0.0980658837890625 0.6157382548828125 0.0914977607421875 0.617566580078125 0.087997841796875 0.6163030947265625 0.084312697265625 0.6126614189453125 0.078541900390625 0.6094453486328125 0.0760860341796875 0.6125481083984375 0.073016103515625 0.620143138671875 0.0728306982421875 0.6223386494140625 0.0698841416015625 0.6239486064453125 0.0615947197265625 0.6227557802734375 0.051074767578125 0.6252850888671875 0.045753115234375 0.6223657216796875 0.04434088671875 0.620263703125 0.0402901708984375 0.6240473095703125 0.0260437265625 0.6210382587890625 0.0221148369140625 0.6149371796875 0.01800226953125 0.6139719453125 0.01536098046875 0.610181451171875 0.0138263232421875 0.6063077626953125 0.0160384248046875 0.5684129296875 0.0132167109375 0.568713876953125 0.0047433193359375 0.5634731923828125 0.0040067890625 0.5610030576171875 0.008918626953125 0.5607021103515625 0.0173920185546875 0.5584374482421876 0.020830615234375 0.557654857421875 0.032742310546875 0.551105162109375 0.031821810546875 0.5412588974609375 0.022674958984375 0.5395492744140625 0.01266618359375 0.53535547265625 0.0108239658203125 0.53358628125 0.0075710849609375 0.5270145068359375 0.00364166796875 0.5258961318359375 0 0.06861973046875 0
1 0.1756598310546875 0 0.1742466318359375 0.00139904296875 0.17392360546875 0.0068635166015625 0.1799086787109375 0.014967533203125 0.1876638740234375 0.016808513671875 0.1917664443359375 0.016133853515625 0.194869421875 0.013062375 0.195387189453125 0.0093782685546875 0.1939162490234375 0.0071692421875 0.1892986064453125 0.002010763671875 0.1845193017578125 0 0.1756598310546875 0
0 0.3933370498046875 0.8534261552734375 0.3944415185546875 0.8455674501953125 0.3907875634765625 0.8430500439453125 0.3905584638671875 0.8415141494140626 0.38063231640625 0.8361129453125 0.3794377646484375 0.83193730859375 0.3770597919921875 0.8298501083984375 0.36940655859375 0.8272723984375 0.36144434375 0.82690444140625 0.349197095703125 0.8221773876953125 0.346484748046875 0.8192921357421875 0.344935291015625 0.81130974609375 0.311707650390625 0.800629853515625 0.3102715029296875 0.7981732607421875 0.3028837099609375 0.796884095703125 0.29981530859375 0.7997095537109375 0.2844389775390625 0.804560541015625 0.2513792236328125 0.8212027236328125 0.23671403515625 0.8336689814453125 0.228749123046875 0.8428182705078126 0.21833615625 0.8598883154296875 0.2156661064453125 0.8820527314453125 0.2185261220703125 0.8902193076171875 0.225107697265625 0.900411033203125 0.2271874189453125 0.90145437890625 0.231321869140625 0.9100509443359375 0.2359176494140625 0.91219895703125 0.2489001015625 0.927547322265625 0.2598258427734375 0.93534534375 0.267741203125 0.9392127109375 0.2697287626953125 0.94725509375 0.2733465947265625 0.950018302734375 0.2769095361328125 0.950017283203125 0.2807123076171875 0.9482985498046875 0.279955640625 0.9441844541015625 0.2994898671875 0.941419939453125 0.303005736328125 0.944919876953125 0.3099571923828125 0.9461477197265625 0.3128406533203125 0.947804203125 0.318148724609375 0.9480500234375 0.320664783203125 0.94915469140625 0.336189 0.94958348046875 0.3451053203125 0.946328654296875 0.3539073984375 0.947063947265625 0.3584463056640625 0.9464506103515625 0.365319244140625 0.9419050888671875 0.3793229384765625 0.8897764013671875 0.3933370498046875 0.8534261552734375
1 0.524191697265625 0.9076307431640624 0.5272366533203126 0.9113153779296875 0.5385309462890625 0.9101477509765625 0.53871588671875 0.9056658095703125 0.53684340234375 0.9031478935546875 0.5288934658203125 0.8995265458984375 0.524191697265625 0.9076307431640624
1 0.1100211591796875 0.8258812646484375 0.1132512734375 0.82508241015625 0.1175249580078125 0.82317898046875 0.117399369140625 0.82090657421875 0.110839873046875 0.8137237666015625 0.1069443232421875 0.8129254033203125 0.1031511337890625 0.8209079921875 0.10612715625 0.825083119140625 0.1100211591796875 0.8258812646484375
1 0.6670580712890625 0.8763674599609375 0.6678165029296875 0.8804802255859375 0.6761115458984375 0.881646017578125 0.67717070703125 0.877286939453125 0.67428569921875 0.8756302392578125 0.6689430517578125 0.8756304384765625 0.6670580712890625 0.8763674599609375
1 0.196800033203125 0.569590912109375 0.20325580078125 0.577511779296875 0.2093801083984375 0.5751157998046875 0.2102898359375 0.565476728515625 0.2094296591796875 0.56209914453125 0.2059925244140625 0.5643710224609375 0.2015225517578125 0.5644938681640626 0.198190474609375 0.566029451171875 0.196800033203125 0.569590912109375
1 0.238335080078125 0.39760711328125 0.246504533203125 0.3965005 0.248389513671875 0.395763478515625 0.2486090302734375 0.3910355166015625 0.2428062021484375 0.3879668046875 0.23605103515625 0.388519546875 0.229247248046875 0.3925730283203125 0.2281896337890625 0.3969323232421875 0.238335080078125 0.39760711328125
1 0.1022424443359375 0.33314875 0.1202024375 0.328910173828125 0.122730775390625 0.326761451171875 0.122272359375 0.3236912099609375 0.1200324716796875 0.320621478515625 0.1104737265625 0.31577208984375 0.0992593173828125 0.3131940693359375 0.09045745703125 0.312457228515625 0.085413060546875 0.3135012822265625 0.0760809365234375 0.319703486328125 0.0731729169921875 0.324553783203125 0.0759541982421875 0.32694854296875 0.083881837890625 0.3275625205078125 0.09314233203125 0.3313680546875 0.1022424443359375 0.33314875
1 0.182968384765625 0.6109749150390625 0.18395839453125 0.6071078759765625 0.1875320673828125 0.6038532490234375 0.187751583984375 0.5991252880859375 0.185718716796875 0.5945825322265625 0.1818010869140625 0.590775251953125 0.1704706708984375 0.5921886806640625 0.1662882177734375 0.59660898828125 0.166137634765625 0.6008464580078124 0.171524658203125 0.606862546875 0.1756274462890625 0.6061863388671875 0.1794884208984375 0.6072307216796875 0.182968384765625 0.6109749150390625
1 0.36383728125 0.445549591796875 0.375326314453125 0.44616233203125 0.376843892578125 0.4448734951171875 0.376627072265625 0.4400842109375 0.37260571484375 0.4370149892578125 0.364641951171875 0.436646814453125 0.3603682666015625 0.438550244140625 0.36014875 0.443278205078125 0.36383728125 0.445549591796875
1 0.433222734375 0.962469623046875 0.4375548388671875 0.9633277626953125 0.441290224609375 0.9620997392578124 0.4477498369140625 0.950985896484375 0.447013701171875 0.9498805009765625 0.4424745771484375 0.9504953857421875 0.4378098623046875 0.948837865234375 0.4314218798828125 0.94994396875 0.4299953154296875 0.9537512314453125 0.433222734375 0.962469623046875
1 0.7300743515625 0.9919168369140625 0.73699144921875 0.9933891513671875 0.7392781904296875 0.99295947265625 0.7393926494140625 0.9889678056640625 0.7373818623046875 0.98743396875 0.733051521484375 0.9865745 0.7275692421875 0.987557013671875 0.7300743515625 0.9919168369140625