1 0.5000251142578125 0.2339653779296875 0.4837729033203125 0.231909431640625 0.4772840361328125 0.22820884375 0.4609712958984375 0.2278862158203125 0.4494638115234375 0.2289743359375 0.44544556640625 0.2303224228515625 0.4350514443359375 0.2374046123046875 0.43653591015625 0.2453972255859375 0.4438377978515625 0.2511117890625 0.4572629423828125 0.2582815625 0.4829928134765625 0.266873818359375 0.4904937919921875 0.266887169921875 0.503393107421875 0.2638636328125 0.51192903125 0.2594463408203125 0.5161290810546875 0.252892052734375 0.515715748046875 0.2394772685546875 0.5114735234375 0.23461375390625 0.5065485537109375 0.236675943359375 0.5000251142578125 0.2339653779296875
1 0.8121539677734375 0.3416506796875 0.8160770029296875 0.3430290556640625 0.84073530078125 0.3443857568359375 0.8553456904296876 0.34291037890625 0.85942451953125 0.339827412109375 0.860038009765625 0.3348848740234375 0.8532819208984375 0.326210994140625 0.8376345302734375 0.3194607958984375 0.8305667998046875 0.3197111630859375 0.82477845703125 0.321246025390625 0.8171232470703125 0.3256940712890625 0.8093642109375 0.3331153056640625 0.8104602333984375 0.3396059482421875 0.8121539677734375 0.3416506796875
1 0.6102713173828125 0.424933935546875 0.6062703583984375 0.4257870107421875 0.5968002470703125 0.4316600869140625 0.59389687109375 0.4390038583984375 0.59070893359375 0.44187091015625 0.5862676171875 0.4427086083984375 0.588020427734375 0.44301684375 0.592279939453125 0.4473853466796875 0.6006010478515625 0.4491643330078125 0.6023034521484375 0.4509607783203125 0.6053701689453125 0.4515650478515625 0.617388826171875 0.4485091943359375 0.6218820546875 0.44618490234375 0.62505265234375 0.4438144228515625 0.62973635546875 0.4360356435546875 0.6299267763671875 0.430582716796875 0.625719123046875 0.424729181640625 0.616033703125 0.4241423701171875 0.6102713173828125 0.424933935546875
1 0.7668329931640625 0.4013647509765625 0.7637127470703124 0.40224858203125 0.758148330078125 0.4099966064453125 0.754086787109375 0.4125845625 0.75485656640625 0.415836845703125 0.7627184150390625 0.41809697265625 0.776784568359375 0.4195809658203125 0.7873955615234375 0.418958716796875 0.797729099609375 0.4136114072265625 0.799717134765625 0.407228462890625 0.8074329287109375 0.4010455361328125 0.808374224609375 0.399341412109375 0.8067237333984375 0.396058373046875 0.7876547412109375 0.3988664599609375 0.7753082783203125 0.3986839013671875 0.773432794921875 0.401843810546875 0.7668329931640625 0.4013647509765625
1 0.8119357822265625 0.52479056640625 0.8169462236328126 0.5329063095703125 0.8289291318359375 0.5434997099609375 0.84417073828125 0.5492445087890625 0.851791322265625 0.5457880458984375 0.8595590830078125 0.538116962890625 0.85575721484375 0.5332688271484375 0.8542278896484375 0.5265160283203125 0.842529544921875 0.52039934765625 0.83417542578125 0.5196104375 0.8228135576171876 0.516483884765625 0.81750014453125 0.517044103515625 0.8138789580078125 0.5196474365234375 0.8119357822265625 0.52479056640625
1 0.338549216796875 0.3730084013671875 0.3350665380859375 0.37164540234375 0.3271008076171875 0.372360025390625 0.3248282099609375 0.3742662490234375 0.32647003125 0.37779757421875 0.334841490234375 0.378089912109375 0.33841937890625 0.376726447265625 0.338549216796875 0.3730084013671875
1 0.4227769990234375 0.1846128310546875 0.42763271484375 0.1845338076171875 0.4303283291015625 0.183139533203125 0.4309071923828125 0.1791885791015625 0.4282981181640625 0.17810467578125 0.423468359375 0.17744040234375 0.418569400390625 0.1787577333984375 0.4193116064453125 0.1827548212890625 0.4227769990234375 0.1846128310546875
1 0.780445681640625 0.5926813720703125 0.7840668671875 0.5900780390625 0.7806101455078125 0.5879717431640625 0.7779577744140626 0.588127708984375 0.7339368115234375 0.5726929345703125 0.72208160546875 0.5836937080078125 0.7206220283203125 0.5876139072265625 0.72575363671875 0.592259890625 0.7485639140625 0.5960348193359375 0.7657400810546875 0.5968832138671875 0.773274125 0.5959049267578125 0.780445681640625 0.5926813720703125
1 0.6103150751953125 0.5373555087890625 0.60971030859375 0.54204819921875 0.6139871611328125 0.5459201298828125 0.621382697265625 0.54890817578125 0.6328051494140625 0.550299849609375 0.6407535390625 0.550081798828125 0.6400459599609375 0.5450931279296874 0.630162515625 0.5375514189453126 0.616554005859375 0.53558779296875 0.6103150751953125 0.5373555087890625
1 0.5514922333984374 0.5415051494140625 0.561576330078125 0.5433457001953125 0.5717973173828125 0.54122142578125 0.57189252734375 0.538494962890625 0.5641518447265625 0.5327650771484375 0.5593221396484375 0.5320992421875 0.5513115517578125 0.5340536796875 0.5493668134765625 0.5391967548828125 0.5514922333984374 0.5415051494140625
1 0.475031697265625 0.6085697568359375 0.4794211005859375 0.60921865234375 0.4829800869140625 0.6083517060546875 0.4834999287109375 0.606135685546875 0.4818061953125 0.604090955078125 0.4796374775390625 0.6030224287109375 0.4747558046875 0.60384475 0.4728889365234375 0.60675793359375 0.475031697265625 0.6085697568359375
1 0.6928493916015624 0.637518806640625 0.6902749443359375 0.6354433203125 0.6850119365234375 0.6345153291015625 0.6827739658203125 0.6354299697265625 0.6830254638671875 0.640898328125 0.688727265625 0.641841642578125 0.6918892470703125 0.6397178876953125 0.6928493916015624 0.637518806640625
0 0.821980658203125 0.2876451025390625 0.792052873046875 0.2602949140625 0.7872491240234375 0.2588857822265625 0.7829809423828125 0.254765564453125 0.7721475322265625 0.2491762666015625 0.7687513935546875 0.2453350908203125 0.756560724609375 0.2406911884765625 0.7431773154296875 0.2322814912109375 0.739774068359375 0.22868865625 0.7240488076171875 0.2241683486328125 0.7015501171875 0.2114707333984375 0.688910421875 0.207059740234375 0.68071053515625 0.201809431640625 0.6719750263671875 0.199271771484375 0.66552240234375 0.19457809375 0.5577022890625 0.16152946875 0.5529417841796875 0.158882029296875 0.5331911689453125 0.1559581494140625 0.5152538935546875 0.151609185546875 0.5099491513671875 0.1519211171875 0.5029333876953125 0.1506833291015625 0.49508882421875 0.1479281923828125 0.48367504296875 0.1462882333984375 0.4783703544921875 0.146598603515625 0.468726615234375 0.1447734306640625 0.46253254296875 0.14530133203125 0.4528990361328125 0.1432279267578125 0.4471437587890625 0.1437711513671875 0.4366208681640625 0.14191527734375 0.4313075087890625 0.14247393359375 0.4207657705078125 0.141113015625 0.40533525 0.140822759765625 0.3739441904296875 0.1427049365234375 0.35796948828125 0.1453724892578125 0.335253298828125 0.1515287685546875 0.329499583984375 0.1520720478515625 0.319994845703125 0.15893670703125 0.3181279775390625 0.161849890625 0.3184212109375 0.1660783251953125 0.3226893916015625 0.17019854296875 0.3262402568359375 0.1822344853515625 0.319578310546875 0.183490251953125 0.317841279296875 0.182685390625 0.31033319140625 0.1829203798828125 0.294996375 0.1799020439453125 0.2866162451171875 0.1798579921875 0.2843349765625 0.182012501953125 0.283246556640625 0.1879296845703125 0.2779229658203125 0.188736572265625 0.2744245087890625 0.1878702001953125 0.26985335546875 0.1924259443359375 0.2695850654296875 0.20010876171875 0.26583404296875 0.2064301416015625 0.26433658203125 0.2493118154296875 0.259221685546875 0.269483095703125 0.2588668564453125 0.27964408984375 0.2648785498046875 0.3096346640625 0.27373303515625 0.3340163466796875 0.31385415625 0.39795550390625 0.317749673828125 0.4000771220703125 0.3230126806640625 0.4010051142578125 0.3254659619140625 0.4065503603515625 0.3388218515625 0.4157032998046875 0.3481540048828125 0.42645116015625 0.355506244140625 0.43067907421875 0.364292103515625 0.4317300869140625 0.3699348837890625 0.4344083359375 0.3904455390625 0.453488896484375 0.3991376953125 0.4572679873046875 0.4046404072265625 0.4639125146484375 0.4102729560546875 0.4668389951171875 0.41708101171875 0.474024720703125 0.4274669580078125 0.4798469814453125 0.444919017578125 0.4854203828125 0.44876418359375 0.4890286494140625 0.4665802919921875 0.496847373046875 0.4762657119140625 0.4974341845703125 0.484110275390625 0.500189322265625 0.490599142578125 0.5038899091796875 0.49185251953125 0.5059192626953125 0.497934041015625 0.508614396484375 0.524995267578125 0.5170029921875 0.534689359375 0.517341517578125 0.54425361328125 0.5213980888671875 0.550475203125 0.5201269453125 0.56352057421875 0.5255464609375 0.602686943359375 0.5284025869140625 0.6219452880859375 0.53279768359375 0.6341445732421875 0.537194861328125 0.6442632958984374 0.5380438291015625 0.6446430693359375 0.5397940869140625 0.6410304990234375 0.5421506953125 0.648410310546875 0.545633806640625 0.661611529296875 0.54659041796875 0.664531123046875 0.551407744140625 0.6689810546875 0.550323322265625 0.6719628486328125 0.55340426171875 0.6877038330078125 0.55742950390625 0.69303609375 0.5563743291015625 0.6955499580078125 0.5601846953125 0.7047690654296875 0.56149942578125 0.71825479296875 0.5669343193359375 0.740538173828125 0.5731720478515625 0.7426030654296875 0.57721376171875 0.755346587890625 0.5786515673828125 0.7727915390625 0.58447330859375 0.78159630078125 0.5850278037109375 0.7881268486328125 0.5874900283203125 0.8088550029296875 0.587716693359375 0.820277455078125 0.5891083671875 0.8229557822265625 0.588209103515625 0.827794158203125 0.58862665234375 0.8411786884765625 0.5843786787109375 0.84440119921875 0.58052160546875 0.8431320966796875 0.5789873173828125 0.8469718994140625 0.5763916181640625 0.851572810546875 0.57729648828125 0.8586664423828125 0.5763043857421875 0.8670394638671876 0.5765967783203125 0.8710562021484375 0.575247076171875 0.8744653193359375 0.578716603515625 0.87477153125 0.5825733896484375 0.880490619140625 0.583021693359375 0.89010834765625 0.5855917255859375 0.8928040166015625 0.5841958896484375 0.9010975517578125 0.5867196796875 0.904925376953125 0.59082451953125 0.91325359375 0.5923551650390625 0.9260246337890625 0.593049728515625 0.9285990810546875 0.59512521484375 0.9532833359375 0.595738619140625 0.956334328125 0.5968379541015625 0.958839521484375 0.6008966064453125 0.963677951171875 0.60131259375 0.967557689453125 0.60393083984375 0.9728018486328125 0.6053537880859375 0.9753329990234375 0.6086691435546875 0.9906958271484375 0.61094262109375 0.993080921875 0.6058149228515625 0.9953244189453125 0.503648169921875 0.994375080078125 0.4802867451171875 0.989097416015625 0.467197708984375 0.9803895595703125 0.4259468046875 0.973141201171875 0.418744140625 0.9712840703125 0.4087529287109375 0.96740583984375 0.4061362998046875 0.9649352724609375 0.4010860634765625 0.9509465498046875 0.3847144541015625 0.948571138671875 0.37693931640625 0.9407698720703125 0.372944310546875 0.9330811572265625 0.3657262685546875 0.9256331591796875 0.3515702138671875 0.917478130859375 0.3450800908203125 0.8950140673828125 0.331390892578125 0.893363576171875 0.328107853515625 0.88599399609375 0.3243765107421875 0.8812941279296875 0.3199926298828125 0.8738812509765626 0.31750115625 0.84914458984375 0.305718181640625 0.8349583369140625 0.2950478388671875 0.821980658203125 0.2876451025390625
0 0.7080684326171875 0.5680670107421875 0.69537682421875 0.565142611328125 0.686580787109375 0.5643382685546875 0.6831515830078125 0.56148873046875 0.6568845830078125 0.5556075048828125 0.6517615908203125 0.550714796875 0.6373156640625 0.547480546875 0.6334878388671875 0.54337570703125 0.6290984912109375 0.5427252490234376 0.624424525390625 0.5375996328125 0.613028029296875 0.5354646630859375 0.606609978515625 0.5297809638671875 0.59471254296875 0.52936549609375 0.5485823779296874 0.52378342578125 0.54284594921875 0.5238316943359375 0.5073425009765625 0.5171323115234375 0.480066513671875 0.514938431640625 0.4324594853515625 0.513771572265625 0.4015434091796875 0.51467754296875 0.3856032783203125 0.5163550751953125 0.3727196875 0.518883546875 0.3603732802734375 0.5186994267578126 0.3435595458984375 0.5200978623046875 0.3222265712890625 0.52456544921875 0.3094311357421875 0.5246142373046875 0.293938470703125 0.5260588056640625 0.2663925771484375 0.53154925 0.2614156943359375 0.535098033203125 0.2587806640625 0.534757427734375 0.256958654296875 0.536430796875 0.238312677734375 0.539750833984375 0.230640181640625 0.5446938916015625 0.2244012509765625 0.5464616083984375 0.2180324833984375 0.5519473701171875 0.2108695966796875 0.5549226396484375 0.2057715478515625 0.5619411826171875 0.2052013544921875 0.5656438515625 0.208882001953125 0.5739633095703125 0.2152237451171875 0.5818769541015625 0.2158101572265625 0.590335384765625 0.2249167685546875 0.59487158984375 0.2293061171875 0.595522046875 0.2353530654296875 0.5992072021484375 0.238317517578125 0.6027847138671875 0.2349900048828125 0.6222742080078125 0.236500427734375 0.6295235244140625 0.2415383876953125 0.636896025390625 0.254634603515625 0.6534850576171874 0.2769861708984375 0.67039573046875 0.2903955908203125 0.678060568359375 0.2929440810546875 0.6808793515625 0.30332841015625 0.6867031201171875 0.3190623955078125 0.690973580078125 0.32334786328125 0.6945987861328125 0.3420013876953125 0.7036881337890625 0.3703750146484375 0.7123711494140625 0.4416475712890625 0.730743154296875 0.4522050888671875 0.7316074453125 0.455245849609375 0.7329550126953125 0.4776244404296875 0.7364662783203125 0.485919537109375 0.738990123046875 0.517118615234375 0.7425608173828125 0.5277193759765625 0.74218680078125 0.5422345556640625 0.7434378857421875 0.56570162109375 0.741030408203125 0.57185395703125 0.7417424296875 0.5816086318359375 0.7403460751953125 0.60149069921875 0.73955040234375 0.61037171484375 0.7378765126953125 0.6275927412109376 0.737485091796875 0.6541871611328125 0.7339454423828125 0.662187462890625 0.7322407978515625 0.6729196767578125 0.728147228515625 0.6928866689453125 0.7248748857421875 0.6960399794921875 0.7229994169921875 0.7178754013671875 0.7168139443359375 0.7214777392578124 0.7147055673828125 0.729460755859375 0.71349593359375 0.73402329296875 0.7091869140625 0.7457054189453125 0.703142494140625 0.7568779345703125 0.69906586328125 0.7657432255859375 0.6978870400390625 0.7711345078125 0.6950969306640625 0.7770786435546875 0.6891007255859375 0.7833002333984375 0.6878295810546875 0.787361830078125 0.685240064453125 0.7971424619140625 0.683100412109375 0.8244292548828125 0.6597337861328125 0.8288879111328125 0.658399515625 0.8325767890625 0.6538129609375 0.8379766875 0.6507761279296875 0.842677677734375 0.6425023369140626 0.853159900390625 0.632942025390625 0.8564257080078125 0.6278450830078125 0.85782576953125 0.6130036533203125 0.8638580615234375 0.604527763671875 0.8627345205078125 0.5987803642578124 0.8669172294921875 0.5927226484375 0.862130767578125 0.590818505859375 0.85877792578125 0.5857374609375 0.8629000517578125 0.581414625 0.8625981484375 0.5774344765625 0.8590808427734375 0.577063060546875 0.8575693525390625 0.582469853515625 0.855288138671875 0.5846228017578124 0.851788119140625 0.583756375 0.848781931640625 0.581418787109375 0.8435118701171875 0.58073757421875 0.840123279296875 0.5893057841796875 0.816727083984375 0.5897285888671875 0.80443097265625 0.588059380859375 0.7911778408203125 0.5885893642578125 0.7307056298828125 0.5767982939453125 0.7304037265625 0.5728181455078125 0.7256259345703125 0.570665716796875 0.7185928857421875 0.569922939453125 0.711178447265625 0.5674314111328125 0.7080684326171875 0.5680670107421875
1 0.553228353515625 0.9845434384765624 0.5530638896484374 0.9892530673828125 0.5590934970703125 0.9934347958984375 0.5678982587890625 0.9939892900390624 0.57236553125 0.992408294921875 0.5741977734375 0.990486693359375 0.5735145341796875 0.9847562333984375 0.563535880859375 0.9799409873046875 0.5581965654296875 0.98124294140625 0.553228353515625 0.9845434384765624
1 0.3708730791015625 0.900251419921875 0.3761864375 0.899692763671875 0.379427849609375 0.8953391728515625 0.37924716796875 0.8878877021484375 0.3667953173828125 0.8906782763671875 0.3661212431640625 0.8973556943359375 0.3708730791015625 0.900251419921875
1 0.2551705517578125 0.8024038544921875 0.2577796259765625 0.8034877578125 0.2725111826171875 0.798542619140625 0.2730727060546875 0.795088236328125 0.2656598837890625 0.792595201171875 0.261261865234375 0.7921930302734375 0.2550071552734375 0.794457373046875 0.2535460712890625 0.79837595703125 0.2551705517578125 0.8024038544921875
1 0.5533437255859375 0.79172219140625 0.549066873046875 0.787850259765625 0.5468894853515625 0.7870300205078125 0.5424655107421875 0.787371146484375 0.53888912890625 0.7887362265625 0.537928984375 0.7909353076171876 0.5415404326171875 0.8012363701171875 0.5501547197265625 0.8072453525390625 0.5558911484375 0.807197083984375 0.559494994140625 0.8050903232421875 0.5533437255859375 0.79172219140625
0 0.629851818359375 1 0.6347387431640625 0.9876384326171875 0.6342648271484375 0.9759585283203125 0.6322519033203124 0.97042866015625 0.6324596640625 0.9644791611328125 0.63482747265625 0.959846474609375 0.63272040625 0.944386958984375 0.6278830986328126 0.9313132998046875 0.6249976376953125 0.9128482255859375 0.61793969921875 0.900192634765625 0.61227309765625 0.872945462890625 0.6089996865234375 0.8656345810546875 0.5976821826171875 0.848612048828125 0.5942428017578125 0.8460091806640625 0.59219525 0.8414708955078125 0.5781994189453125 0.8253476259765625 0.5560036455078124 0.8039756103515625 0.5539388076171875 0.7999323349609375 0.547423984375 0.796975044921875 0.5487217275390625 0.7851084189453125 0.5439612216796875 0.7824609794921875 0.5329629072265625 0.7689235849609375 0.52518759765625 0.76418528125 0.5137489267578125 0.7506325087890625 0.504694283203125 0.7446081494140625 0.4977044765625 0.742627064453125 0.48932278515625 0.7425829580078125 0.462616990234375 0.73668641015625 0.440678755859375 0.733190521484375 0.4201252978515625 0.72800599609375 0.4162282197265625 0.725884322265625 0.393029498046875 0.720607421875 0.37340005078125 0.71421378125 0.3619862138671875 0.7125753837890625 0.3515483564453125 0.708239716796875 0.3384424013671875 0.704555080078125 0.3280910830078125 0.697741236328125 0.3159004140625 0.693097333984375 0.31159760546875 0.6899687001953125 0.3072255439453125 0.688823232421875 0.2925210107421875 0.6803689638671875 0.2868522744140625 0.67843401171875 0.276934203125 0.6718838857421875 0.26971180078125 0.663937923828125 0.26271332421875 0.662205125 0.259360482421875 0.657124080078125 0.250799669921875 0.64962855859375 0.2468592939453125 0.64874675390625 0.2453895400390625 0.6529136240234376 0.2279785869140625 0.6714141357421874 0.2265362958984375 0.67483932421875 0.2175238828125 0.680231205078125 0.206376255859375 0.6962206484375 0.2029026865234375 0.70726708984375 0.1979258037109375 0.710815873046875 0.1940973515625 0.7320248701171875 0.1876074169921875 0.740980392578125 0.1830886708984375 0.75670570703125 0.180831224609375 0.783429140625 0.18490791796875 0.8056583935546875 0.1848722236328125 0.8193060869140625 0.1894844833984375 0.8388242548828125 0.193657455078125 0.845670935546875 0.19172294921875 0.8505657783203125 0.1922920751953125 0.8595192197265625 0.1935092646484375 0.8625401025390625 0.19695731640625 0.8648946845703125 0.199669203125 0.8756599482421875 0.204317158203125 0.8815304228515625 0.2075402177734375 0.890327953125 0.2223475087890625 0.9084651435546875 0.2297002421875 0.9253492236328125 0.2352894931640625 0.9295155732421875 0.2439892529296875 0.94570248828125 0.2743227685546875 0.9740596376953125 0.280837591796875 0.977016927734375 0.2983593994140625 0.9932633271484375 0.491272466796875 1 0.629851818359375 1
0 0.2508116337890625 0.338079814453125 0.22421078515625 0.3387143447265625 0.1891131337890625 0.3140369208984375 0.1579912314453125 0.3098232158203125 0.137527513671875 0.3137989638671875 0.0060104501953125 0.36392712109375 0.0047562490234375 0.3998427294921875 0.060481208984375 0.415859759765625 0.09864742578125 0.4422077919921875 0.1617984130859375 0.4694283115234375 0.225658296875 0.476348705078125 0.234829298828125 0.4375826533203125 0.2412390830078125 0.433116130859375 0.2295101240234375 0.4108182119140625 0.22640686328125 0.3653697236328125 0.2508116337890625 0.338079814453125
1 0.182465392578125 0.3700890634765625 0.2049070673828125 0.3990148876953125 0.2143854169921875 0.396218974609375 0.2162196171875 0.388465763671875 0.2030381708984375 0.36299021875 0.182465392578125 0.3700890634765625
1 0.103768314453125 0.429878998046875 0.1112488720703125 0.439520939453125 0.1207272216796875 0.436725025390625 0.1225614228515625 0.4289718154296875 0.103768314453125 0.429878998046875
1 0.19562700390625 0.4409040361328125 0.2075195537109375 0.4585173095703125 0.224696583984375 0.45911714453125 0.2281468623046875 0.4498569169921875 0.22373487109375 0.441885583984375 0.19562700390625 0.4409040361328125
1 0.610289919921875 0.475709265625 0.6037710751953125 0.483298884765625 0.6147564423828125 0.4821190498046875 0.61648158203125 0.477488935546875 0.610289919921875 0.475709265625
0 0.8388806962890625 0.82452445703125 0.8604350234375 0.7893177451171876 0.8623981201171875 0.73310201171875 0.838360203125 0.6603437783203125 0.8177328935546875 0.6690041708984374 0.8046952041015625 0.6841834091796875 0.753962236328125 0.7043001083984375 0.7218042548828125 0.729755818359375 0.71027358203125 0.746551134765625 0.6103345 0.7430611845703124 0.5570782705078124 0.7458917939453125 0.5285886904296875 0.75584108203125 0.5674439677734375 0.807228416015625 0.5811161884765625 0.81865002734375 0.61201996875 0.82910992578125 0.663149509765625 0.8871796953125 0.6770398515625 0.8923551142578126 0.733637298828125 0.883387373046875 0.7779604833984375 0.8677371962890625 0.8388806962890625 0.82452445703125
1 0.7296665263671875 0.728466921875 0.729448404296875 0.7347131142578125 0.740161119140625 0.7413410205078125 0.7621318544921875 0.7389813505859375 0.7655821337890625 0.729721123046875 0.756430966796875 0.7231477470703125 0.739362998046875 0.7194248154296875 0.7296665263671875 0.728466921875
0 0.9828443876953125 1 0.983009091796875 0.9952834873046875 0.8455296484375 0.981101884765625 0.6769109560546875 0.9408176376953125 0.6735697373046875 0.94695476953125 0.6803959296875 0.9753352890625 0.695229970703125 1 0.9828443876953125 1