1 0.642609375 0.3611109375 0.6455859375 0.34920625 0.64608125 0.3421515625 0.643353125 0.32980625 0.6403765625 0.32186875 0.6388890625 0.3192234375 0.63665625 0.320546875 0.6321921875 0.326278125 0.63045625 0.3328921875 0.6312 0.3571421875 0.6334328125 0.3606703125 0.6383921875 0.36375625 0.642609375 0.3611109375
1 0.5302578125 0.4903 0.5255453125 0.489859375 0.5203375 0.49426875 0.5203375 0.513228125 0.5220734375 0.5202828125 0.52505 0.522928125 0.5295140625 0.523809375 0.5329859375 0.5220453125 0.53670625 0.51058125 0.5362109375 0.4973546875 0.5302578125 0.4903
1 0.4067453125 0.6300703125 0.4119546875 0.636684375 0.415178125 0.6380078125 0.4201390625 0.636684375 0.4221234375 0.6340390625 0.424603125 0.622134375 0.426090625 0.607584375 0.4248515625 0.6014109375 0.41641875 0.5917109375 0.41170625 0.5912703125 0.408978125 0.5930328125 0.40550625 0.59920625 0.4032734375 0.6146390625 0.4037703125 0.622134375 0.4067453125 0.6300703125
1 0.5756453125 0.40079375 0.57266875 0.3884484375 0.5704359375 0.3844796875 0.568453125 0.382715625 0.5649796875 0.3844796875 0.5625 0.3888890625 0.56175625 0.3928578125 0.5622515625 0.4034390625 0.5647328125 0.41049375 0.5689484375 0.410934375 0.5724203125 0.4078484375 0.5756453125 0.40079375
1 0.6857640625 0.6935625 0.6879953125 0.693121875 0.6897328125 0.6900359375 0.6892359375 0.68474375 0.68675625 0.6820984375 0.684771875 0.6820984375 0.68353125 0.68474375 0.6837796875 0.689153125 0.6857640625 0.6935625
1 0.7562 0.7081125 0.7532234375 0.7032625 0.7477671875 0.7054671875 0.7467765625 0.7112 0.748015625 0.71693125 0.7524796875 0.7182546875 0.7564484375 0.713403125 0.7562 0.7081125
1 0.767609375 0.510140625 0.773065625 0.505290625 0.77505 0.5017640625 0.77579375 0.49603125 0.77108125 0.4832453125 0.7673609375 0.4828046875 0.76165625 0.486771875 0.7562 0.4933859375 0.75396875 0.4973546875 0.754215625 0.499559375 0.759425 0.509259375 0.7626484375 0.5110234375 0.767609375 0.510140625
1 0.6932046875 0.5485015625 0.6974203125 0.5493828125 0.698909375 0.5454140625 0.6984125 0.541446875 0.6939484375 0.53306875 0.6919640625 0.5370375 0.6932046875 0.5485015625
1 0.7209828125 0.5661375 0.724703125 0.56701875 0.728421875 0.5634921875 0.72891875 0.555996875 0.7264390625 0.552028125 0.722965625 0.55246875 0.720734375 0.555996875 0.7202375 0.5626109375 0.7209828125 0.5661375
1 0.6872515625 0.443121875 0.6857640625 0.439153125 0.6813 0.439153125 0.678075 0.447971875 0.677828125 0.4510578125 0.681546875 0.456790625 0.6870046875 0.4466484375 0.6872515625 0.443121875
1 0.537203125 0.3456796875 0.5359625 0.34920625 0.5362109375 0.3571421875 0.537203125 0.359346875 0.54141875 0.359346875 0.5431546875 0.357584375 0.543403125 0.353615625 0.5421625 0.347884375 0.540921875 0.3456796875 0.537203125 0.3456796875
1 0.3670640625 0.3884484375 0.3658234375 0.381834375 0.3616078125 0.381834375 0.3598703125 0.3844796875 0.3591265625 0.3888890625 0.3611109375 0.392415625 0.365575 0.392415625 0.3670640625 0.3884484375
1 0.369046875 0.5445328125 0.3658234375 0.5396828125 0.3616078125 0.5392421875 0.358134375 0.5445328125 0.3603671875 0.5515875 0.3616078125 0.552909375 0.368303125 0.5485015625 0.369046875 0.5445328125
1 0.486359375 0.774690625 0.4893359375 0.7724875 0.4900796875 0.768959375 0.4900796875 0.7671953125 0.4873515625 0.763228125 0.4841265625 0.76366875 0.4833828125 0.7667546875 0.48363125 0.7711640625 0.486359375 0.774690625
1 0.5255453125 0.6618171875 0.5255453125 0.669753125 0.5295140625 0.6723984375 0.5307546875 0.669753125 0.530009375 0.6622578125 0.5295140625 0.66049375 0.5255453125 0.6618171875
1 0.5642359375 0.7623453125 0.56646875 0.7619046875 0.5677078125 0.7597 0.5674609375 0.75485 0.565971875 0.7513234375 0.56175625 0.7513234375 0.560515625 0.754409375 0.5615078125 0.759259375 0.5642359375 0.7623453125
1 0.6078875 0.6305109375 0.6076390625 0.632715625 0.609375 0.64109375 0.6150796875 0.64594375 0.6178078125 0.6446203125 0.6192953125 0.6397703125 0.619046875 0.632715625 0.615575 0.62654375 0.6111109375 0.6261015625 0.6078875 0.6305109375
1 0.6505453125 0.6256609375 0.654265625 0.6261015625 0.658234375 0.62345625 0.6584828125 0.614196875 0.6564984375 0.6115515625 0.6540171875 0.6111109375 0.65005 0.6150796875 0.6483140625 0.623015625 0.6505453125 0.6256609375
1 0.599703125 0.666225 0.597965625 0.67019375 0.597221875 0.678571875 0.5989578125 0.6860671875 0.6036703125 0.6869484375 0.605159375 0.684303125 0.6063984375 0.678571875 0.60540625 0.6675484375 0.603175 0.6644625 0.599703125 0.666225
1 0.595734375 0.7204578125 0.6001984375 0.721340625 0.60243125 0.7178125 0.60243125 0.7107578125 0.60069375 0.7063484375 0.5962296875 0.7054671875 0.5939984375 0.708553125 0.5942453125 0.716490625 0.595734375 0.7204578125
1 0.87103125 0.5679015625 0.8705359375 0.57186875 0.8747515625 0.5771609375 0.8812 0.5776015625 0.8821921875 0.5758375 0.881696875 0.5731921875 0.8787203125 0.5683421875 0.8774796875 0.5630515625 0.8732640625 0.5630515625 0.87103125 0.5679015625
1 0.8005953125 0.3611109375 0.798859375 0.3606703125 0.7953875 0.36375625 0.794146875 0.367725 0.7946421875 0.3708109375 0.7983625 0.373015625 0.802828125 0.37169375 0.804315625 0.369046875 0.8040671875 0.36684375 0.802828125 0.362875 0.8005953125 0.3611109375
1 0.6217765625 0.4598765625 0.6205359375 0.457671875 0.615575 0.4603171875 0.6138390625 0.46693125 0.6173109375 0.4691359375 0.6202875 0.4682546875 0.6217765625 0.4638453125 0.6217765625 0.4598765625
1 0.3623515625 0.259259375 0.3650796875 0.2614640625 0.3705359375 0.2610234375 0.373015625 0.25573125 0.371528125 0.254409375 0.3643359375 0.255290625 0.3623515625 0.259259375
1 0.5969734375 0.26366875 0.599703125 0.2658734375 0.6016859375 0.26455 0.60243125 0.2627859375 0.601190625 0.2579359375 0.5982140625 0.2579359375 0.5969734375 0.26366875
1 0.7604171875 0.4069671875 0.758928125 0.4074078125 0.758184375 0.410934375 0.7599203125 0.4175484375 0.76165625 0.4131390625 0.7604171875 0.4069671875
1 0.4717265625 0.623015625 0.47495 0.6296296875 0.4786703125 0.631834375 0.4811515625 0.626984375 0.478421875 0.619046875 0.47420625 0.618165625 0.4717265625 0.623015625
1 0.4650296875 0.7517640625 0.4595734375 0.7513234375 0.4583328125 0.75573125 0.4635421875 0.7574953125 0.4650296875 0.75573125 0.4650296875 0.7517640625
1 0.669890625 0.7751328125 0.66790625 0.77425 0.6654265625 0.774690625 0.665675 0.7804234375 0.6661703125 0.7821875 0.6701390625 0.782628125 0.6713796875 0.778659375 0.669890625 0.7751328125
1 0.6349203125 0.4320984375 0.633184375 0.430334375 0.630953125 0.42989375 0.6294640625 0.4316578125 0.6299609375 0.4373890625 0.632440625 0.438271875 0.634671875 0.4369484375 0.6349203125 0.4320984375
0 0.398809375 0.2477953125 0.396825 0.250440625 0.3849203125 0.2517640625 0.380953125 0.258378125 0.3767359375 0.2597 0.3735125 0.2663140625 0.3685515625 0.2667546875 0.365328125 0.2716046875 0.36268125 0.2716046875 0.3549109375 0.2658734375 0.33829375 0.2676359375 0.33506875 0.27336875 0.322171875 0.287478125 0.3182046875 0.2954140625 0.314484375 0.297178125 0.298115625 0.3209875 0.2951390625 0.3324515625 0.2891859375 0.3368609375 0.28745 0.3412703125 0.2829859375 0.3461203125 0.279265625 0.3571421875 0.2755453125 0.35890625 0.27430625 0.3611109375 0.2708328125 0.376984375 0.2705859375 0.386684375 0.271825 0.3897703125 0.26959375 0.4078484375 0.266865625 0.4078484375 0.2658734375 0.4144625 0.2631453125 0.415784375 0.271578125 0.4232796875 0.2762890625 0.419753125 0.2807546875 0.420634375 0.2827375 0.4325390625 0.279265625 0.4351859375 0.28050625 0.439153125 0.2911703125 0.4497359375 0.2963796875 0.4598765625 0.2998515625 0.462521875 0.308284375 0.475309375 0.311259375 0.4775125 0.3120046875 0.481921875 0.321428125 0.4964734375 0.3263890625 0.50088125 0.3325890625 0.5207234375 0.3385421875 0.5299828125 0.3405265625 0.536596875 0.342509375 0.5392421875 0.3442453125 0.55246875 0.3474703125 0.55731875 0.3487109375 0.561728125 0.352678125 0.5828921875 0.35540625 0.588625 0.3772328125 0.684303125 0.3772328125 0.693121875 0.389384375 0.7089953125 0.3928578125 0.71208125 0.3958328125 0.711640625 0.4186515625 0.736771875 0.41790625 0.739859375 0.42261875 0.7420640625 0.423859375 0.7477953125 0.4327875 0.749559375 0.4360125 0.75396875 0.4357640625 0.75573125 0.4422125 0.763228125 0.4516375 0.7654328125 0.454365625 0.7720453125 0.4608140625 0.773809375 0.466765625 0.7791 0.47569375 0.7813046875 0.477678125 0.78306875 0.4786703125 0.7870375 0.4848703125 0.7892421875 0.4866078125 0.7949734375 0.4904515625 0.7954140625 0.5171125 0.8112875 0.522321875 0.810846875 0.52505 0.8086421875 0.533234375 0.8112875 0.540675 0.810846875 0.54613125 0.8139328125 0.5466265625 0.8179015625 0.548859375 0.8192234375 0.553075 0.819665625 0.5567953125 0.8179015625 0.5682046875 0.8192234375 0.5766375 0.821428125 0.57738125 0.8258375 0.584821875 0.8267203125 0.5907734375 0.820546875 0.6076390625 0.82010625 0.685515625 0.802909375 0.6865078125 0.7958546875 0.6884921875 0.7945328125 0.69766875 0.7936515625 0.705109375 0.796296875 0.711309375 0.7949734375 0.7142859375 0.7901234375 0.7170140625 0.7888 0.71800625 0.7808640625 0.740575 0.7720453125 0.740575 0.76455 0.7450390625 0.758378125 0.755953125 0.75573125 0.7584328125 0.75 0.77579375 0.74118125 0.7797625 0.740740625 0.787203125 0.7341265625 0.789434375 0.72663125 0.7991078125 0.7182546875 0.802828125 0.717371875 0.805059375 0.7138453125 0.8122515625 0.7089953125 0.8162203125 0.7014984375 0.8187 0.7014984375 0.8182046875 0.6953265625 0.8196921875 0.6909171875 0.83358125 0.6851859375 0.837053125 0.680334375 0.8420140625 0.67813125 0.84300625 0.673721875 0.88988125 0.630953125 0.8923609375 0.6305109375 0.893353125 0.6238984375 0.8958328125 0.6203703125 0.8990578125 0.623015625 0.92733125 0.62169375 0.9407234375 0.6243390625 0.9474203125 0.622134375 0.9513890625 0.61860625 0.9526296875 0.6155203125 0.951884375 0.607584375 0.9439484375 0.5956796875 0.9310515625 0.58465625 0.928571875 0.57980625 0.9250984375 0.5776015625 0.9216265625 0.57186875 0.9107140625 0.5612875 0.9079859375 0.5564375 0.9025296875 0.552909375 0.90079375 0.5440921875 0.9015375 0.541446875 0.9010421875 0.53306875 0.8970734375 0.52821875 0.896578125 0.524690625 0.892609375 0.5268953125 0.8923609375 0.5171953125 0.8888890625 0.509259375 0.8861609375 0.5070546875 0.8834328125 0.5017640625 0.8826890625 0.49911875 0.883184375 0.48633125 0.880953125 0.4779546875 0.8732640625 0.462521875 0.8638390625 0.4510578125 0.86334375 0.447090625 0.86483125 0.442240625 0.8616078125 0.428571875 0.8509421875 0.4069671875 0.8474703125 0.4043203125 0.8405265625 0.3932984375 0.83978125 0.3880078125 0.8405265625 0.3844796875 0.8380453125 0.377425 0.8333328125 0.372575 0.798859375 0.3037921875 0.7884421875 0.2940921875 0.771825 0.26366875 0.762896875 0.2627859375 0.75396875 0.2561734375 0.7529765625 0.2530859375 0.7537203125 0.250440625 0.756696875 0.2477953125 0.755953125 0.23941875 0.7490078125 0.235890625 0.748015625 0.231921875 0.74454375 0.231921875 0.7390875 0.2279546875 0.727678125 0.2248671875 0.725446875 0.222221875 0.725446875 0.2200171875 0.7318953125 0.216490625 0.724703125 0.206790625 0.721478125 0.2045859375 0.71875 0.2045859375 0.7172625 0.2063484375 0.715278125 0.203703125 0.7155265625 0.2010578125 0.709821875 0.197090625 0.7056046875 0.1948859375 0.703125 0.1957671875 0.6810515625 0.179453125 0.673115625 0.178571875 0.66641875 0.17504375 0.6463296875 0.151675 0.5959828125 0.1353609375 0.555803125 0.1340390625 0.53819375 0.1384484375 0.53670625 0.141534375 0.533234375 0.142415625 0.53091875 0.14653125 0.525296875 0.1494703125 0.5233140625 0.1538796875 0.5203375 0.156525 0.5171125 0.1569671875 0.5099203125 0.164021875 0.50545625 0.1719578125 0.5022328125 0.1728390625 0.443453125 0.2226625 0.4275796875 0.231921875 0.4255953125 0.2380953125 0.4161703125 0.2389765625 0.41319375 0.2420640625 0.4077375 0.2429453125 0.403190625 0.2469140625 0.398809375 0.2477953125
0 0.1150796875 0.462521875 0.112103125 0.466490625 0.1116078125 0.4704578125 0.1088796875 0.4744265625 0.105903125 0.4823640625 0.0989578125 0.489859375 0.095734375 0.4964734375 0.0954859375 0.5013234375 0.0939984375 0.50573125 0.0952375 0.5097 0.086309375 0.5211640625 0.0858140625 0.52425 0.08209375 0.5291 0.084821875 0.5321875 0.0845734375 0.5348328125 0.080109375 0.5370375 0.076884375 0.5498234375 0.073909375 0.552909375 0.07415625 0.5564375 0.0704359375 0.560846875 0.0701890625 0.5643734375 0.0669640625 0.5683421875 0.0662203125 0.5736328125 0.064484375 0.5758375 0.0657234375 0.5806875 0.0642359375 0.5828921875 0.063740625 0.5921515625 0.0654765625 0.59435625 0.0639875 0.59920625 0.0647328125 0.6022921875 0.0634921875 0.6071421875 0.064484375 0.6119921875 0.0625 0.6150796875 0.0629953125 0.618165625 0.0620046875 0.62345625 0.06324375 0.62654375 0.06175625 0.640653125 0.059771875 0.641534375 0.05704375 0.637565625 0.053075 0.6384484375 0.054315625 0.6384484375 0.055059375 0.6428578125 0.0513390625 0.646384375 0.0518359375 0.651675 0.048859375 0.6538796875 0.050346875 0.655203125 0.048115625 0.6618171875 0.0453875 0.6776890625 0.0471234375 0.6807765625 0.046875 0.6856265625 0.0500984375 0.6869484375 0.0491078125 0.698853125 0.0466265625 0.702821875 0.0411703125 0.70238125 0.038690625 0.708553125 0.037203125 0.71693125 0.0364578125 0.716490625 0.0384421875 0.7182546875 0.03819375 0.7244265625 0.040921875 0.72663125 0.0391859375 0.7389765625 0.03993125 0.7570546875 0.037203125 0.7751328125 0.03819375 0.786596875 0.0362109375 0.7949734375 0.0329859375 0.7940921875 0.0297625 0.7888 0.0255453125 0.7910046875 0.0240578125 0.7945328125 0.0255453125 0.8002640625 0.0233140625 0.802909375 0.0228171875 0.806878125 0.01959375 0.81040625 0.0248015625 0.8126109375 0.0248015625 0.8236328125 0.0220734375 0.8258375 0.024553125 0.8289234375 0.0240578125 0.8315703125 0.016865625 0.8412703125 0.0158734375 0.8571421875 0.016865625 0.8602296875 0.0161203125 0.8650796875 0.0166171875 0.8835984375 0.0153765625 0.8880078125 0.0158734375 0.8937390625 0.0133921875 0.8999125 0.0151296875 0.9074078125 0.0151296875 0.9118171875 0.0133921875 0.91534375 0.0133921875 0.919753125 0.01488125 0.925484375 0.013640625 0.9325390625 0.0151296875 0.9365078125 0.0171125 0.93783125 0.0173609375 0.942240625 0.0146328125 0.947090625 0.017609375 0.95723125 0.015625 0.962521875 0.0166171875 0.96693125 0.0146328125 0.9704578125 0.014384375 0.98545 0.008928125 0.985890625 0.0049609375 0.9938265625 0.0329859375 0.9973546875 0.084078125 0.9973546875 0.100446875 0.99515 0.1272328125 0.9984375 0.295634375 0.9984375 0.29613125 0.9973546875 0.2983625 0.9969140625 0.3040671875 0.9973546875 0.3045640625 0.9984375 0.3826890625 0.9984375 0.384425 0.9938265625 0.383184375 0.9642859375 0.3861609375 0.9514984375 0.38516875 0.905203125 0.3841765625 0.8950625 0.3859125 0.88139375 0.3859125 0.8708109375 0.38368125 0.84435625 0.3859125 0.82980625 0.3856640625 0.8112875 0.3826890625 0.7843921875 0.3834328125 0.773809375 0.38516875 0.7671953125 0.383184375 0.76366875 0.383184375 0.7526453125 0.3814484375 0.7341265625 0.379215625 0.72575 0.373759375 0.6869484375 0.3732640625 0.6772484375 0.3583828125 0.6058203125 0.3576390625 0.598765625 0.342509375 0.5436515625 0.334078125 0.5268953125 0.330853125 0.52336875 0.3258921875 0.505290625 0.30381875 0.4704578125 0.2978671875 0.4642859375 0.2921625 0.4545859375 0.2748015625 0.4351859375 0.2728171875 0.4312171875 0.2638890625 0.4219578125 0.2591765625 0.4193125 0.2564484375 0.414903125 0.2517359375 0.4126984375 0.2482640625 0.4078484375 0.2442953125 0.4069671875 0.2408234375 0.4038796875 0.2361109375 0.4029984375 0.2306546875 0.4047625 0.2130453125 0.401675 0.209325 0.4122578125 0.205109375 0.4166671875 0.200396875 0.4175484375 0.193453125 0.414903125 0.1907234375 0.42019375 0.1892359375 0.419753125 0.1857640625 0.4069671875 0.173859375 0.3985890625 0.1701390625 0.3902109375 0.1666671875 0.3888890625 0.16245 0.3835984375 0.1564984375 0.3849203125 0.1545140625 0.37830625 0.1515375 0.380953125 0.1479 0.38139375 0.1428578125 0.3796296875 0.1150796875 0.462521875
0 0.22743125 0 0.2271828125 0.0022046875 0.212796875 0.0022046875 0.2028765625 0.004409375 0.2021328125 0.00573125 0.201884375 0.01851875 0.1984125 0.0251328125 0.1966765625 0.0321875 0.1959328125 0.0445328125 0.19618125 0.085096875 0.2006453125 0.130953125 0.20238125 0.136684375 0.2016375 0.146384375 0.2036203125 0.1525578125 0.204365625 0.1728390625 0.2083328125 0.1851859375 0.21329375 0.1887125 0.2212296875 0.2010578125 0.2321421875 0.203703125 0.2346234375 0.2014984375 0.235615625 0.19753125 0.240328125 0.1953265625 0.2438 0.1887125 0.248015625 0.1865078125 0.265625 0.1622578125 0.266865625 0.1574078125 0.271825 0.155203125 0.2728171875 0.1538796875 0.273065625 0.1494703125 0.2795140625 0.145503125 0.28199375 0.1384484375 0.2822421875 0.1344796875 0.28670625 0.1305109375 0.28819375 0.1256609375 0.288690625 0.119046875 0.290921875 0.1111109375 0.2911703125 0.104496875 0.2938984375 0.1014109375 0.302828125 0.0965609375 0.3080359375 0.0815703125 0.31175625 0.0776015625 0.3154765625 0.06040625 0.3204359375 0.05246875 0.3209328125 0.0498234375 0.32738125 0.046296875 0.3296125 0.0392421875 0.3338296875 0.036596875 0.34375 0.0158734375 0.3516859375 0.01366875 0.3521828125 0.00573125 0.3501984375 0.00396875 0.3454859375 0.0026453125 0.34375 0 0.2889390625 0 0.2884421875 0.0022046875 0.2814984375 0.0022046875 0.2810015625 0 0.2438 0 0.240675 0.0026453125 0.23363125 0.0022046875 0.233134375 0 0.22743125 0
0 0.365328125 0 0.35863125 0.00573125 0.3576390625 0.0097 0.355159375 0.013228125 0.35540625 0.018078125 0.3439984375 0.024690625 0.344990625 0.027778125 0.3296125 0.076278125 0.3276296875 0.0780421875 0.325396875 0.083775 0.31944375 0.0930328125 0.314484375 0.0956796875 0.30853125 0.1155203125 0.305803125 0.118165625 0.3013390625 0.126984375 0.301090625 0.130953125 0.3033234375 0.1344796875 0.30381875 0.1384484375 0.3067953125 0.14594375 0.311425 0.1488828125 0.315228125 0.1543203125 0.315228125 0.1618171875 0.3107640625 0.17019375 0.3015875 0.173721875 0.2963796875 0.1873890625 0.2938984375 0.2001765625 0.290178125 0.2054671875 0.28819375 0.2156078125 0.2817453125 0.2279546875 0.280009375 0.2380953125 0.2771578125 0.2438265625 0.2755453125 0.2438265625 0.2740578125 0.2517640625 0.2755453125 0.25485 0.2822421875 0.260140625 0.3013390625 0.264990625 0.3263890625 0.26455 0.350446875 0.2610234375 0.36631875 0.25396875 0.380953125 0.25088125 0.4084828125 0.2403 0.414434375 0.23633125 0.4221234375 0.2275125 0.4352671875 0.2244265625 0.444940625 0.2178125 0.4677578125 0.2001765625 0.474703125 0.193121875 0.4766859375 0.1887125 0.486359375 0.184303125 0.4955359375 0.1772484375 0.52505 0.1450625 0.54141875 0.1305109375 0.56175625 0.1071421875 0.563740625 0.1022921875 0.5682046875 0.097884375 0.57415625 0.0868609375 0.578125 0.083775 0.580109375 0.079365625 0.5845734375 0.076278125 0.5935015625 0.0612875 0.595734375 0.0467375 0.6016859375 0.033509375 0.612103125 0.01851875 0.621528125 0.014109375 0.623759375 0.0097 0.6245046875 0.00573125 0.623759375 0.004409375 0.6202875 0.0026453125 0.6188 0 0.585565625 0 0.58506875 0.0022046875 0.582340625 0.0022046875 0.581596875 0 0.5796125 0 0.5791171875 0.0022046875 0.5734125 0.0022046875 0.5729171875 0 0.5689484375 0.0022046875 0.5526625 0.0022046875 0.5498515625 0 0.548115625 0.0022046875 0.54290625 0 0.53993125 0 0.539434375 0.0022046875 0.53511875 0.0022046875 0.5317453125 0 0.472965625 0 0.472221875 0.0022046875 0.4704859375 0.0022046875 0.469990625 0 0.365328125 0
0 0.798859375 0.853615625 0.7884421875 0.8606703125 0.778521875 0.8747796875 0.7760421875 0.87654375 0.7708328125 0.872134375 0.767609375 0.87169375 0.7524796875 0.885803125 0.74925625 0.887125 0.73983125 0.882275 0.7172625 0.8999125 0.7135421875 0.901234375 0.709078125 0.896384375 0.7053578125 0.896825 0.684771875 0.9179890625 0.6743546875 0.9263671875 0.6701390625 0.923721875 0.6661703125 0.9241625 0.6594734375 0.9312171875 0.6564984375 0.9373890625 0.6498015625 0.9448859375 0.646825 0.9510578125 0.6381453125 0.9603171875 0.6259921875 0.9695765625 0.6240078125 0.976190625 0.612103125 0.9933859375 0.6098703125 0.9984375 0.6892359375 0.9984375 0.689484375 0.9977953125 0.696925 0.9969140625 0.6999015625 0.9973546875 0.700396875 0.9984375 0.884425 0.9984375 0.884671875 0.9973546875 0.8876484375 0.99515 0.89608125 0.9925046875 0.897321875 0.989859375 0.896578125 0.985890625 0.8888890625 0.98545 0.8874015625 0.9797171875 0.888640625 0.977071875 0.89459375 0.975309375 0.8958328125 0.9695765625 0.8985609375 0.9647265625 0.90079375 0.963403125 0.9005453125 0.9603171875 0.9045140625 0.952821875 0.9045140625 0.9400359375 0.9064984375 0.93474375 0.904265625 0.9223984375 0.90228125 0.92019375 0.9030265625 0.9171078125 0.90228125 0.9118171875 0.9045140625 0.9082890625 0.905009375 0.891534375 0.908234375 0.8928578125 0.9087296875 0.88315625 0.912203125 0.8796296875 0.9139390625 0.87169375 0.9139390625 0.862434375 0.915178125 0.8571421875 0.9134421875 0.85405625 0.9099703125 0.8522921875 0.9087296875 0.84920625 0.9094734375 0.8456796875 0.909721875 0.816578125 0.9084828125 0.8002640625 0.9092265625 0.7861546875 0.908234375 0.7808640625 0.9045140625 0.7773375 0.9037703125 0.778659375 0.9060015625 0.7821875 0.905009375 0.786596875 0.9030265625 0.7888 0.898065625 0.8033515625 0.888640625 0.8161375 0.88045625 0.824515625 0.857390625 0.8403875 0.8462296875 0.8456796875 0.8432546875 0.84435625 0.841765625 0.83950625 0.834078125 0.8408296875 0.822171875 0.8518515625 0.8187 0.857584375 0.80853125 0.8646390625 0.8063 0.8646390625 0.8048109375 0.8571421875 0.8033234375 0.8553796875 0.798859375 0.853615625
0 0.086309375 0 0.0858140625 0.0022046875 0.081596875 0.0026453125 0.0669640625 0.0026453125 0.0575390625 0 0.0553078125 0.0022046875 0.0500984375 0.0030859375 0.0015625 0.0030859375 0.0015625 0.1340390625 0.0158734375 0.156084375 0.0178578125 0.161375 0.0240578125 0.166225 0.02505 0.168871875 0.0329859375 0.1772484375 0.0483625 0.2063484375 0.0602671875 0.221340625 0.0629953125 0.227071875 0.080109375 0.2469140625 0.0838296875 0.2486765625 0.0912703125 0.2473546875 0.0952375 0.2420640625 0.097221875 0.235890625 0.09995 0.2323640625 0.1029265625 0.221340625 0.10863125 0.2089953125 0.11631875 0.1772484375 0.12103125 0.141975 0.1212796875 0.0820109375 0.1185515625 0.032628125 0.1165671875 0.00573125 0.112103125 0.0026453125 0.0989578125 0.0030859375 0.0939984375 0 0.086309375 0
0 0.0015625 0.333775 0.0146328125 0.3267203125 0.0359625 0.31216875 0.0607640625 0.2998234375 0.0647328125 0.2954140625 0.068453125 0.2945328125 0.0716765625 0.2892421875 0.076140625 0.2857140625 0.0763890625 0.282628125 0.06324375 0.26366875 0.061259375 0.2579359375 0.059028125 0.2561734375 0.0307546875 0.2107578125 0.0091765625 0.183421875 0.0062 0.17504375 0.0049609375 0.174603125 0.0029765625 0.169753125 0.0015625 0.1693125 0.0015625 0.333775
0 0.741815625 0 0.7415671875 0.0022046875 0.7361109375 0 0.7341265625 0.00573125 0.730903125 0.010140625 0.7296625 0.0211640625 0.7259421875 0.03306875 0.7162703125 0.085978125 0.7130453125 0.0956796875 0.71180625 0.104496875 0.7080859375 0.1150796875 0.7046125 0.1344796875 0.7041171875 0.151675 0.7001484375 0.169753125 0.7021328125 0.1776890625 0.7068453125 0.1856265625 0.712796875 0.18959375 0.7137890625 0.193121875 0.7204859375 0.201940625 0.728421875 0.203703125 0.7313984375 0.2063484375 0.7366078125 0.2204578125 0.740575 0.2244265625 0.748015625 0.2275125 0.7562 0.23545 0.767609375 0.2561734375 0.78050625 0.2663140625 0.785465625 0.278659375 0.7834828125 0.28306875 0.7834828125 0.2870375 0.79761875 0.298059375 0.8025796875 0.3042328125 0.8067953125 0.302028125 0.818453125 0.287478125 0.8263890625 0.272928125 0.834078125 0.263228125 0.847221875 0.236771875 0.8509421875 0.231921875 0.853175 0.2244265625 0.866071875 0.2010578125 0.8752484375 0.1741625 0.8814484375 0.1618171875 0.8888890625 0.136684375 0.8921125 0.1159609375 0.898065625 0.09920625 0.90228125 0.076278125 0.9057546875 0.0643734375 0.908234375 0.033509375 0.907490625 0.0304234375 0.9077375 0.0194 0.9094734375 0.013228125 0.9087296875 0.0066140625 0.9072421875 0.0030859375 0.90079375 0 0.8998015625 0.0022046875 0.8911203125 0.0022046875 0.890625 0 0.8861609375 0 0.8854171875 0.0022046875 0.88194375 0.0026453125 0.846478125 0.0026453125 0.8432546875 0 0.7599203125 0 0.759425 0.0022046875 0.7517359375 0.0026453125 0.7502484375 0 0.741815625 0
1 0.0765625 0.84375 0.0765625 0.85625 0.0828125 0.8625 0.0875 0.8578125 0.0859375 0.840625 0.0765625 0.84375
1 0.1796875 0.73125 0.1734375 0.73125 0.171875 0.7515625 0.18125 0.75 0.1828125 0.740625 0.1796875 0.73125
1 0.0421875 0.4859375 0.0375 0.4734375 0.01875 0.4640625 0.0015625 0.465625 0.0015625 0.509375 0.021875 0.503125 0.0421875 0.4859375
1 0.0796875 0.5046875 0.065625 0.4984375 0.0609375 0.5109375 0.071875 0.5171875 0.0796875 0.5046875
1 0.0890625 0.4046875 0.071875 0.403125 0.06875 0.4109375 0.0875 0.4140625 0.0890625 0.4046875
1 0.015625 0.5828125 0.0015625 0.58125 0.0015625 0.5953125 0.015625 0.59375 0.015625 0.5828125
0 0.0484375 0.4859375 0.0375 0.4875 0.0015625 0.515625 0.0015625 0.5921875 0.0296875 0.5921875 0.0609375 0.5671875 0.0765625 0.5265625 0.075 0.5125 0.0484375 0.4859375
0 0.0953125 0.4703125 0.1109375 0.45 0.0953125 0.3765625 0.0671875 0.3015625 0.0390625 0.309375 0.0015625 0.3328125 0.0015625 0.4484375 0.08125 0.496875 0.090625 0.490625 0.0953125 0.4703125
1 0.0984375 0.1078125 0.090625 0.103125 0.0875 0.115625 0.0953125 0.11875 0.0984375 0.1078125
1 0.11875 0.2140625 0.1078125 0.215625 0.1109375 0.2296875 0.125 0.228125 0.11875 0.2140625
0 0.1234375 0.38125 0.125 0.3609375 0.0921875 0.3140625 0.0796875 0.3125 0.0765625 0.321875 0.096875 0.3796875 0.1234375 0.38125
0 0.09375 0.2578125 0.13125 0.3140625 0.1390625 0.303125 0.1546875 0.303125 0.159375 0.3171875 0.1703125 0.3234375 0.1890625 0.265625 0.1625 0.2015625 0.13125 0.165625 0.125 0.1640625 0.11875 0.171875 0.1125 0.209375 0.09375 0.2578125
1 0.834375 0.1453125 0.8265625 0.140625 0.8203125 0.153125 0.83125 0.1578125 0.834375 0.1453125
0 0.453125 0.790625 0.4515625 0.803125 0.459375 0.81875 0.4609375 0.9984375 0.5640625 0.9984375 0.56875 0.94375 0.609375 0.921875 0.6375 0.8796875 0.6390625 0.8171875 0.5921875 0.8296875 0.575 0.828125 0.46875 0.7890625 0.453125 0.790625
1 0.51875 0.9796875 0.509375 0.9796875 0.50625 0.9984375 0.51875 0.9984375 0.51875 0.9796875
0 1 0.771875 0.9828125 0.7203125 0.9265625 0.64375 0.909375 0.6296875 0.890625 0.6375 0.8765625 0.6359375 0.803125 0.7234375 0.8125 0.7265625 0.8234375 0.74375 0.828125 0.7640625 0.809375 0.7828125 0.8 0.7796875 0.7734375 0.7984375 0.784375 0.8515625 0.8078125 0.8515625 0.8109375 0.8421875 0.8265625 0.8421875 0.8359375 0.834375 0.8546875 0.8375 0.890625 0.8078125 0.9109375 0.8140625 0.9171875 0.875 0.9078125 0.90625 0.90625 0.9984375 0.9890625 0.9984375 0.9921875 0.9828125 0.978125 0.9671875 0.9765625 0.953125 1 0.9140625 1 0.771875
1 0.89375 0.7796875 0.884375 0.778125 0.8828125 0.7828125 0.8921875 0.7890625 0.89375 0.7796875
1 0.825 0.7359375 0.815625 0.7328125 0.8140625 0.7390625 0.8265625 0.75 0.825 0.7359375