1 0.2708563447265625 0.6845142802734375 0.2668118115234375 0.686815798828125 0.265695220703125 0.6903166123046875 0.266938916015625 0.6920963779296875 0.2747157724609375 0.6951323251953125 0.284908341796875 0.694414935546875 0.288613322265625 0.692684001953125 0.291218353515625 0.6899046240234376 0.292435943359375 0.6846141591796875 0.2884520888671875 0.68260935546875 0.2708563447265625 0.6845142802734375
1 0.421031390625 0.7384473076171875 0.4178993193359375 0.740824548828125 0.4182240634765625 0.74480445703125 0.4200028212890625 0.744710197265625 0.4299100283203125 0.742532935546875 0.4280035693359375 0.737343548828125 0.421031390625 0.7384473076171875
1 0.26053643359375 0.703787515625 0.25030910546875 0.7057755068359375 0.2515135869140625 0.7119720283203125 0.2617409150390625 0.709984037109375 0.26053643359375 0.703787515625
1 0.3786649267578125 0.5875080302734375 0.3673101953125 0.5914835947265625 0.3650382275390625 0.595968251953125 0.3667630927734375 0.597905984375 0.3707928173828125 0.600154958984375 0.37862356640625 0.6011589140625 0.38545412890625 0.5993266044921876 0.388552072265625 0.592155294921875 0.3867404208984375 0.587453654296875 0.3834258193359375 0.5865826064453125 0.3786649267578125 0.5875080302734375
1 0.3277217890625 0.5865451220703125 0.3183422177734375 0.5891275888671875 0.3151559560546875 0.5935352880859375 0.316299888671875 0.597102875 0.3216761396484375 0.5993431982421875 0.330473244140625 0.598390884765625 0.3335579111328125 0.5957697705078125 0.3352554345703125 0.590639103515625 0.3318543447265625 0.5870056806640624 0.3277217890625 0.5865451220703125
1 0.3398623251953125 0.5611940791015625 0.3299486298828125 0.565647205078125 0.3280211708984375 0.5672857109375 0.3287375283203125 0.5686618056640625 0.330415287109375 0.5703571982421874 0.3365617890625 0.5719416259765625 0.34540783203125 0.5712328876953126 0.3490198369140625 0.5690154443359375 0.350371318359375 0.5667312265625 0.3511563779296875 0.5615248369140625 0.3480391171875 0.559351583984375 0.3398623251953125 0.5611940791015625
1 0.2929226591796875 0.5715820712890625 0.28503771875 0.5726085732421875 0.280458123046875 0.5767841181640625 0.2822236044921875 0.5812400537109375 0.290392373046875 0.5816737216796874 0.2945314169921875 0.5798584150390625 0.295607390625 0.5738393984375 0.2929226591796875 0.5715820712890625
1 0.342075890625 0.544846357421875 0.342136271484375 0.5405385009765625 0.3343935439453125 0.5422966220703125 0.3356778564453125 0.546594591796875 0.339668498046875 0.546325064453125 0.342075890625 0.544846357421875
1 0.5808634833984375 0.4769549296875 0.5781165380859375 0.47900422265625 0.5769054365234375 0.4820188232421875 0.578144177734375 0.48607415625 0.5828982822265625 0.4874230634765625 0.5952667744140625 0.4817351025390625 0.59835144140625 0.47911398828125 0.5988917568359375 0.4749659296875 0.5956731982421875 0.4745807958984375 0.5808634833984375 0.4769549296875
1 0.4092102890625 0.5158793037109375 0.407667955078125 0.5171898603515624 0.4059769208984375 0.5200446640625 0.4068825966796875 0.522394716796875 0.4094254150390625 0.523921958984375 0.4146677744140625 0.52315603515625 0.416412701171875 0.5182692412109375 0.413153525390625 0.5153659033203125 0.4092102890625 0.5158793037109375
1 0.4849765 0.5567371650390625 0.482745150390625 0.56374002734375 0.483028978515625 0.565200197265625 0.485909517578125 0.5661556181640625 0.4900485615234375 0.5643403115234376 0.491021705078125 0.5601097119140624 0.4849765 0.5567371650390625
1 0.6989346826171875 0.545972046875 0.6974003720703125 0.5450064404296875 0.693355837890625 0.5473079599609375 0.6939628759765625 0.5527483359375 0.6988675146484375 0.5525542333984375 0.699590361328125 0.5516544638671875 0.6989346826171875 0.545972046875
1 0.597427787109375 0.5298250595703125 0.5947904599609375 0.52781160546875 0.58766279296875 0.5327339404296875 0.58833174609375 0.533866162109375 0.5920791767578125 0.5346546689453126 0.597326490234375 0.5316131787109375 0.597427787109375 0.5298250595703125
1 0.563449146484375 0.6209355712890625 0.5566161015625 0.62226378125 0.557210888671875 0.625323697265625 0.5640439345703125 0.6239954873046875 0.563449146484375 0.6209355712890625
0 0.21178625 0.764213751953125 0.2054762373046875 0.7687240634765625 0.202621505859375 0.77483733984375 0.20406254296875 0.7753149013671875 0.2123326083984375 0.773960451171875 0.2177707744140625 0.77189262109375 0.2200836572265625 0.769927701171875 0.227441259765625 0.76849752734375 0.25991571875 0.757637517578125 0.2675571494140625 0.7576675146484375 0.274185119140625 0.7594114423828126 0.300680798828125 0.754765787109375 0.308072529296875 0.758129681640625 0.3226473544921875 0.754538953125 0.3364826904296875 0.7563972509765625 0.34855378125 0.75379778125 0.3595575166015625 0.754944232421875 0.369991763671875 0.7531691083984375 0.3805759462890625 0.74984790625 0.3853774560546875 0.7514406865234375 0.390327666015625 0.751489220703125 0.4057201455078125 0.7474864677734375 0.4166343251953125 0.745871140625 0.419908310546875 0.744223984375 0.449000701171875 0.739073580078125 0.4630549755859375 0.7328048486328125 0.4698855380859375 0.7309725390625 0.4754101923828125 0.7316670830078125 0.481949841796875 0.730647400390625 0.4903701416015625 0.7277484052734375 0.500959578125 0.7221531708984374 0.508121076171875 0.7220233701171875 0.5374324033203125 0.7087459365234375 0.5428151435546875 0.7087103955078125 0.5668973876953125 0.6916486904296875 0.578346927734375 0.68816087109375 0.5918871396484375 0.6769382744140625 0.6055544560546875 0.670996255859375 0.6221242060546875 0.6591863671875 0.627812072265625 0.653784638671875 0.6369552197265625 0.649985875 0.66447342578125 0.625182572265625 0.7084898515625 0.5650843564453125 0.7427662998046874 0.498794927734375 0.737248134765625 0.4958245185546875 0.7278276474609375 0.4958872470703125 0.7040231884765625 0.500514365234375 0.69902557421875 0.5002219580078126 0.6963882470703125 0.49820850390625 0.6958676962890625 0.495530501953125 0.70831137890625 0.48098419140625 0.709434458984375 0.475207513671875 0.7077521904296875 0.4596170654296875 0.7099035419921875 0.4475759638671875 0.70740887109375 0.430123505859375 0.7089709697265625 0.421986888671875 0.707537955078125 0.4192331640625 0.6997952275390625 0.4209912861328125 0.66499986328125 0.43609237890625 0.6411399775390625 0.442751787109375 0.5974253583984375 0.4512490478515625 0.581946390625 0.45248942578125 0.5615562978515625 0.456199771484375 0.546258328125 0.460688736328125 0.52870998828125 0.4628375341796875 0.508266001953125 0.46857987109375 0.476189943359375 0.47456173828125 0.468298513671875 0.4778641044921875 0.438623359375 0.48464312890625 0.4305819931640625 0.4894915732421875 0.4130724384765625 0.49415733984375 0.3907958017578125 0.502025927734375 0.3847305341796875 0.505477908203125 0.380632107421875 0.5098114189453125 0.347859009765625 0.523761751953125 0.339763751953125 0.5306421884765625 0.3270557060546875 0.5369007353515625 0.3109742099609375 0.5465957919921876 0.3043723466796875 0.551922095703125 0.3020529755859375 0.556162880859375 0.28347606640625 0.564574568359375 0.2745074287109375 0.5738977841796875 0.276178400390625 0.5778675078125 0.2678722265625 0.5905988095703125 0.2666546376953125 0.595889275390625 0.2484669169921875 0.634038693359375 0.2476617939453125 0.646069609375 0.2400264072265625 0.6599343701171875 0.2390520283203125 0.6641668017578125 0.2406610849609375 0.6724446796875 0.2362981484375 0.68466258203125 0.2375350576171875 0.6887166787109374 0.2412757001953125 0.691779515625 0.2415056357421875 0.695271677734375 0.2385025009765625 0.702930734375 0.240104771484375 0.713482943359375 0.238642138671875 0.7198302060546875 0.221781888671875 0.7540160078125 0.21178625 0.764213751953125