1 0.4112277978515625 0.4066708720703125 0.4094250625 0.4088709951171875 0.4101979462890625 0.4150869931640625 0.4176488408203125 0.4176971142578125 0.4251359296875 0.418323189453125 0.426474892578125 0.41735578515625 0.4279236767578125 0.410186228515625 0.4262031591796875 0.407676130859375 0.41831170703125 0.4050583203125 0.4112277978515625 0.4066708720703125
1 0.6039257509765625 0.40730588671875 0.6091695205078125 0.4101259580078125 0.61140850390625 0.4081803623046875 0.6120308671875 0.397772451171875 0.6098827724609375 0.39451102734375 0.60155787109375 0.3913887001953125 0.5927636787109375 0.3899943828125 0.586582509765625 0.3903834404296875 0.58346241015625 0.39231365625 0.580729384765625 0.39722608203125 0.5841920439453125 0.4010074013671875 0.5898704736328125 0.40408353515625 0.6039257509765625 0.40730588671875
1 0.6282063583984375 0.456348048828125 0.6361281064453125 0.4572301865234375 0.641033625 0.4540918837890625 0.6415536806640625 0.44963465625 0.635459091796875 0.4450635322265625 0.6279735654296875 0.444437484375 0.6239794599609375 0.4458554931640625 0.623024744140625 0.4500566591796875 0.6282063583984375 0.456348048828125
1 0.580839484375 0.3404240390625 0.5813709306640625 0.3352247099609375 0.5779661181640625 0.328218908203125 0.5753644853515625 0.325693431640625 0.5714136552734375 0.324632130859375 0.5646837236328125 0.3312125546875 0.559700296875 0.3388142392578125 0.5605078125 0.3430461650390625 0.56353425 0.3465713955078125 0.567483517578125 0.3476326689453125 0.575894998046875 0.345794814453125 0.580839484375 0.3404240390625
1 0.4079714228515625 0.31532981640625 0.4069675322265625 0.3222586640625 0.410849125 0.3272865478515625 0.4160956669921875 0.32985819140625 0.4231492802734375 0.3299813125 0.42671147265625 0.328060376953125 0.4255743779296875 0.317373279296875 0.4195663427734375 0.30784353515625 0.4155867783203125 0.3085179345703125 0.4079714228515625 0.31532981640625
1 0.4763421416015625 0.3142916416015625 0.4755546884765625 0.3088208154296875 0.46676326953125 0.3071780712890625 0.46314201953125 0.312571943359375 0.4660932939453125 0.32031369140625 0.470078755859375 0.319390919921875 0.4749929453125 0.315755818359375 0.4763421416015625 0.3142916416015625
1 0.245008904296875 0.4553648681640625 0.25214042578125 0.451024607421875 0.2575687734375 0.443180650390625 0.2581478330078125 0.435253611328125 0.2533894599609375 0.4299619482421875 0.249006744140625 0.428396158203125 0.2375011513671875 0.430675392578125 0.2311830439453125 0.4389992060546875 0.2279704931640625 0.4461364140625 0.22701577734375 0.4503375791015625 0.2295784423828125 0.455095529296875 0.2330800693359375 0.456644376953125 0.245008904296875 0.4553648681640625
1 0.098188564453125 0.5800527412109375 0.10974176953125 0.575045796875 0.12520252734375 0.5735794638671875 0.1301080732421875 0.5704395986328125 0.1336427431640625 0.5700059091796875 0.129736751953125 0.566465326171875 0.127519419921875 0.5671704853515624 0.110839322265625 0.5626615029296875 0.098962408203125 0.56096646484375 0.089103732421875 0.5699723408203125 0.0872289609375 0.5763890361328124 0.0898262578125 0.5791629130859375 0.098188564453125 0.5800527412109375
1 0.488135447265625 0.0428780009765625 0.500383654296875 0.048548875 0.517502748046875 0.05306551953125 0.5214708935546875 0.0531347841796875 0.523718548828125 0.050692388671875 0.5233688798828126 0.0454776796875 0.512062380859375 0.0363508388671875 0.50593749609375 0.033515388671875 0.4945184833984375 0.0308344404296875 0.490114087890625 0.0305106494140625 0.4865664384765625 0.0316879755859375 0.4829436259765625 0.0370818203125 0.4846468271484375 0.0405839541015625 0.488135447265625 0.0428780009765625
1 0.485163283203125 0.2888948486328125 0.482570294921875 0.285874134765625 0.475295935546875 0.2983975244140625 0.478320810546875 0.3019227275390625 0.4822802841796875 0.302488791015625 0.5106505810546875 0.29405294921875 0.5159880126953125 0.2914175732421875 0.510732826171875 0.2893411669921875 0.4979791318359375 0.2873823486328125 0.485163283203125 0.2888948486328125
1 0.4890821376953125 0.493855396484375 0.497458986328125 0.4940016142578125 0.502727154296875 0.495334384765625 0.525258841796875 0.49299913671875 0.5336297919921875 0.4933937275390625 0.5345557470703125 0.49092982421875 0.538125076171875 0.4885104990234375 0.558040587890625 0.4843933837890625 0.5669488837890625 0.4793402724609375 0.5674587060546875 0.4753798173828125 0.5653106103515625 0.4721183935546875 0.552194294921875 0.4656869404296875 0.540308736328125 0.4644871376953125 0.53159953515625 0.458134173828125 0.5303168017578125 0.4558801943359375 0.522436794921875 0.45251715625 0.5043960546875 0.4502175771484375 0.49513531640625 0.4503044052734375 0.488431373046875 0.455395994140625 0.483569130859375 0.456054986328125 0.475567912109375 0.4596362041015625 0.4505693857421875 0.4770603857421875 0.4317634462890625 0.493351845703125 0.4290319560546875 0.4982658603515625 0.4316379248046875 0.5005429375 0.4435234833984375 0.5017427392578125 0.4514711923828125 0.501137603515625 0.4581232158203125 0.4990205625 0.4616984150390625 0.496354427734375 0.4828765703125 0.4957317548828125 0.4890821376953125 0.493855396484375
0 0.5995848310546875 0.32760392578125 0.5833121943359375 0.3250882958984375 0.5810732099609375 0.3270338916015625 0.5674844501953125 0.3223319560546875 0.5611917021484375 0.3038661953125 0.5564420009765625 0.298077732421875 0.55247975390625 0.297760095703125 0.5476694599609375 0.2954429794921875 0.532666548828125 0.2959265283203125 0.525582638671875 0.297539080078125 0.5203014912109375 0.296949947265625 0.5132911552734375 0.294347515625 0.5084418935546875 0.2942628720703125 0.497337890625 0.2987822685546875 0.489368529296875 0.30062783984375 0.483178716796875 0.301512134765625 0.4787888916015625 0.300443171875 0.475736494140625 0.29840521484375 0.4788798076171875 0.29523458984375 0.4810912412109375 0.294777802734375 0.479528130859375 0.2833394052734375 0.474696185546875 0.2822627255859375 0.4521385107421875 0.2860868095703125 0.4299840146484375 0.2921495205078125 0.42691863671875 0.2908552001953125 0.4234791640625 0.2858350341796875 0.419968892578125 0.2847814228515625 0.41423420703125 0.284928236328125 0.38807693359375 0.2929057568359375 0.38406117578125 0.2955642021484375 0.3649834765625 0.3021775703125 0.357420068359375 0.306013341796875 0.350802677734375 0.306146310546875 0.3455821220703125 0.3020858310546875 0.3376733544921875 0.3004600556640625 0.3296894501953125 0.3030492373046875 0.306103513671875 0.3152879072265625 0.2990152685546875 0.3171488583984375 0.2932805556640625 0.317297234375 0.272237751953125 0.329145853515625 0.26440480078125 0.3294435703125 0.25472359375 0.3282822451171875 0.2489570224609375 0.3301662666015625 0.23824319140625 0.337669490234375 0.235520373046875 0.3420867060546875 0.2275061728515625 0.3464115595703125 0.2239022392578125 0.3508133955078125 0.2194718837890625 0.351976876953125 0.2101057138671875 0.3580143349609375 0.2016654990234375 0.3615878896484375 0.188024791015625 0.3598620634765625 0.1804310869140625 0.3654335087890625 0.1601417587890625 0.3908770361328125 0.1556984228515625 0.392784154296875 0.1489728271484375 0.3991161787109375 0.13526875390625 0.4011101259765625 0.1281285869140625 0.4059456240234375 0.12458801953125 0.4066276865234375 0.1169553203125 0.414433166015625 0.108392357421875 0.4249493857421875 0.098750720703125 0.446857890625 0.08496717578125 0.453315193359375 0.0827195478515625 0.455756025390625 0.0435460390625 0.55255741015625 0.0429919794921875 0.58429944921875 0.040247537109375 0.5899555390625 0.0419030986328125 0.5961869443359376 0.0467090830078125 0.5987508974609375 0.046687431640625 0.599991333984375 0.04314686328125 0.600673396484375 0.040018119140625 0.603098849609375 0.0362871025390625 0.61469175 0.0287149951171875 0.6190258828125 0.018303220703125 0.634471525390625 0.0140667177734375 0.6497764814453125 0.0151821875 0.661702453125 0.019118474609375 0.66350736328125 0.0410884189453125 0.6681071171875 0.0512144921875 0.6690292939453125 0.05866972265625 0.671391015625 0.0686919267578125 0.678263849609375 0.0792471669921875 0.679935818359375 0.08581691796875 0.68253212109375 0.1020635673828125 0.6865365869140625 0.1196448984375 0.689818923828125 0.1328623369140625 0.6905465859375 0.139933265625 0.689677669921875 0.1678413525390625 0.68247457421875 0.1745004580078125 0.6798622685546875 0.18600605078125 0.6775830341796875 0.1983365029296875 0.6785421259765625 0.214272451171875 0.67509941015625 0.219605546875 0.6727124345703125 0.2377674990234375 0.668067759765625 0.24355138671875 0.665191701171875 0.26749997265625 0.657424103515625 0.2922907060546875 0.6519043583984375 0.299357298828125 0.65128384375 0.3081573896484375 0.6524297880859375 0.35157662109375 0.6407842216796875 0.48069501953125 0.620712716796875 0.4846918994140625 0.6190462802734376 0.59437862109375 0.600620271484375 0.6022916982421875 0.601999208984375 0.6332636005859374 0.5960904052734375 0.64648106640625 0.5968165048828125 0.66860957421875 0.59224262890625 0.6849557841796875 0.5905432763671875 0.6920007529296875 0.591161634765625 0.69554562890625 0.590232734375 0.703920916015625 0.59037892578125 0.710555623046875 0.5892539208984375 0.7282884345703124 0.5838578916015625 0.739034125 0.5746190234375 0.7475998603515625 0.5638543759765625 0.747781638671875 0.553440337890625 0.7425610830078125 0.549379857421875 0.741317318359375 0.5448934052734375 0.7356200107421875 0.54280928125 0.7339298173828125 0.53856194921875 0.7348384560546874 0.5370900830078125 0.74059479296875 0.5357028330078125 0.749581025390625 0.52618477734375 0.7514183916015625 0.52200058203125 0.757231013671875 0.5173888232421875 0.7591159921875 0.51047691796875 0.758009193359375 0.4980541474609375 0.7607926044921876 0.4901655859375 0.763022943359375 0.4887152275390625 0.7653181845703125 0.4835466845703125 0.766638044921875 0.4585159072265625 0.764650103515625 0.446079318359375 0.738752875 0.388574841796875 0.7343760302734375 0.3867622412109375 0.6705745 0.32809919140625 0.6657555341796875 0.3262788740234375 0.65868460546875 0.3271477890625 0.6542888818359375 0.3263271982421875 0.65063670703125 0.30815600390625 0.6476594716796875 0.301901529296875 0.6481779384765625 0.2974458369140625 0.6427462158203125 0.2802359189453125 0.636634310546875 0.2766568310546875 0.6348764150390624 0.276377671875 0.6308476767578125 0.27977975390625 0.6279257373046875 0.2956046064453125 0.629597080078125 0.3008423857421875 0.6273293623046875 0.304523681640625 0.62289036328125 0.306182400390625 0.6111769775390625 0.3203660712890625 0.6067379775390624 0.322024791015625 0.5995848310546875 0.32760392578125
0 0.3409432265625 0 0.3375112080078125 0.00651401953125 0.3373683701171875 0.0146971474609375 0.3403861357421875 0.018719177734375 0.3445481337890625 0.032929916015625 0.3514718896484375 0.040492529296875 0.3526420546875 0.04919552734375 0.3582874404296875 0.0542541982421875 0.36852512109375 0.0740296318359375 0.3738062958984375 0.074617203125 0.381591078125 0.0834356591796875 0.3827828955078125 0.0908982216796875 0.38844990625 0.0947180185546875 0.3910298876953125 0.098483931640625 0.396302390625 0.0995683017578125 0.398018572265625 0.102326798828125 0.4128294443359375 0.1127556220703125 0.4205709775390625 0.124051826171875 0.4288596845703125 0.12915819921875 0.45104076953125 0.1469089541015625 0.45847001171875 0.1507595107421875 0.4650614150390625 0.1521153779296875 0.469420943359375 0.1549200146484375 0.48782866796875 0.1614422666015625 0.4917318857421875 0.16523127734375 0.5004713837890625 0.169848568359375 0.5241342958984375 0.1784472275390625 0.546885794921875 0.1887661796875 0.5512886005859375 0.1890915068359375 0.5969474169921875 0.200802646484375 0.60312422265625 0.20066355078125 0.631994708984375 0.214066326171875 0.6473500361328125 0.2185506220703125 0.651711126953125 0.22135528515625 0.660062015625 0.22298877734375 0.6709869873046875 0.2286365546875 0.683724927734375 0.2315874365234375 0.69948340625 0.238311921875 0.708268927734375 0.2402030380859375 0.7174662998046875 0.243835982421875 0.76268455859375 0.2555394326171875 0.7714830869140625 0.2566853505859375 0.7837501728515625 0.2613642158203125 0.8215549423828125 0.268225044921875 0.8621128271484375 0.2689329853515625 0.877140109375 0.266963697265625 0.88114288671875 0.265048888671875 0.889103603515625 0.2636985546875 0.8957253037109375 0.2633187490234375 0.895366990234375 0.2585992763671875 0.8927567119140625 0.2565690361328125 0.912326890625 0.2469888115234375 0.91718048828125 0.246825056640625 0.927553294921875 0.23361188671875 0.9348839375 0.21786398828125 0.9339258466796875 0.1970112783203125 0.9279524697265625 0.185495900390625 0.9259602197265625 0.1733061484375 0.922481806640625 0.170516892578125 0.920057642578125 0.1578242138671875 0.9140712587890625 0.1470540341796875 0.9116470947265625 0.1343613564453125 0.8730361025390625 0.0473633134765625 0.86661349609375 0.036337044921875 0.8620369287109375 0.0206297802734375 0.860056349609375 0.007771380859375 0.4148342109375 0 0.3409432265625 0
0 0 0.85515407421875 0.0016177373046875 0.857675255859375 0.0038047734375 0.85870576953125 0.01526708984375 0.8589058447265625 0.02755423828125 0.86234580859375 0.0310082529296875 0.8666223662109375 0.0402359208984375 0.8685196376953125 0.0481187021484375 0.871634248046875 0.050288421875 0.8736567978515625 0.0692016318359375 0.876466994140625 0.08144983984375 0.882137869140625 0.0889152763671875 0.884004380859375 0.0928861689453125 0.8838267802734375 0.096819681640625 0.8858801171875 0.106069001953125 0.8865369521484375 0.120093984375 0.8914949775390625 0.135488251953125 0.8937483623046875 0.1394304365234375 0.895304900390625 0.1478029501953125 0.8956995185546875 0.153567958984375 0.8938154697265625 0.1632578369140625 0.8944799951171875 0.1667334765625 0.8975176787109375 0.1816828505859375 0.9000117734375 0.202839353515625 0.900629537109375 0.264030966796875 0.9066577705078125 0.268465630859375 0.9052474521484375 0.278120876953125 0.9078960498046875 0.280325228515625 0.90793452734375 0.2834409921875 0.9062527109375 0.2873918212890625 0.90731401171875 0.296213564453125 0.9072195205078125 0.30152934375 0.9058245810546875 0.31118025390625 0.9087215791015625 0.31825118359375 0.9078526640625 0.335422224609375 0.90939319921875 0.4329506943359375 0.9053900087890625 0.440034603515625 0.90377745703125 0.4484185625 0.9034268486328125 0.4595052490234375 0.89989948828125 0.4789239189453125 0.89899919140625 0.503239490234375 0.8954542666015625 0.505247369140625 0.8941250439453124 0.5112190576171874 0.8931134853515625 0.5179344462890625 0.8872766708984375 0.5245994501953125 0.8844159931640625 0.537423943359375 0.882408255859375 0.5440830478515625 0.8797959501953125 0.550700439453125 0.8796629814453125 0.5622147041015625 0.8768869482421875 0.5736943369140625 0.8760949873046875 0.5826199482421875 0.87004983984375 0.6202568544921875 0.8612803583984375 0.6282781357421875 0.856460240234375 0.64995744140625 0.8523739111328125 0.658900396484375 0.8453351650390625 0.731450734375 0.8069142421875 0.735051921875 0.8027592705078125 0.7505760458984375 0.7975731640625 0.7590394755859375 0.792759201171875 0.76403157421875 0.784660716796875 0.770757169921875 0.7783286923828125 0.775191833984375 0.776918373046875 0.836211578125 0.7169616826171875 0.8397737705078125 0.7150407470703125 0.841160373046875 0.7113440703125 0.8460788984375 0.7074605693359375 0.8488277041015625 0.7015545185546875 0.8631383603515626 0.6901462861328125 0.865882830078125 0.684488634765625 0.8703651064453125 0.68035060546875 0.8722457763671875 0.6736855380859375 0.874942634765625 0.670755595703125 0.881149736328125 0.668880826171875 0.8896592158203125 0.6613391259765625 0.89332099609375 0.6537128095703125 0.8948677509765625 0.6408409677734375 0.903871271484375 0.6303324384765625 0.9043854296875 0.6261235830078125 0.9097547197265625 0.6217525615234375 0.9142744013671875 0.615382033203125 0.913320646484375 0.5942809248046875 0.9137871650390625 0.5928013408203126 0.918679703125 0.5904066748046874 0.918740322265625 0.5869337666015625 0.9068720537109375 0.5847434912109375 0.8786576015625 0.584251005859375 0.8650082490234375 0.5830204169921875 0.862825548828125 0.58174150390625 0.8655283046875 0.578563189453125 0.8602931806640625 0.575247880859375 0.849234015625 0.5772879951171875 0.8452918583984375 0.5757298955078125 0.836470115234375 0.57582438671875 0.829835408203125 0.5769493916015624 0.8249342265625 0.5798392939453125 0.820971951171875 0.5795232197265625 0.8187329951171874 0.5814672529296875 0.812150236328125 0.5796161484375 0.809544267578125 0.5773390712890625 0.8015517197265625 0.5804234892578125 0.7976067607421875 0.57911537890625 0.796244583984375 0.58132319140625 0.7915982861328125 0.5822344287109374 0.7582969775390624 0.5826454912109374 0.738826359375 0.5865218974609375 0.7309132548828124 0.5851445224609375 0.7131961962890625 0.58954848828125 0.6840573525390625 0.5915199326171875 0.63542467578125 0.5986081923828125 0.6213001337890625 0.599353986328125 0.6022743818359375 0.6029912451171875 0.5784773046875 0.6020789150390625 0.56299055859375 0.605034083984375 0.5563228095703125 0.608141626953125 0.5280434287109375 0.6113688876953125 0.5231984755859375 0.61103740625 0.4922092568359375 0.6179382451171875 0.482422619140625 0.6227275498046875 0.4731359208984375 0.6243016513671875 0.4616649326171875 0.624598375 0.433346611328125 0.6300565458984375 0.417035033203125 0.629771826171875 0.4073148583984375 0.630842974609375 0.295332896484375 0.654437525390625 0.2891619619140625 0.6543298115234375 0.271427587890625 0.6597258134765625 0.259921994140625 0.6620050478515624 0.2545758916015625 0.66513722265625 0.249268755859375 0.6660369248046875 0.238601001953125 0.6708108486328125 0.2262142666015625 0.673076265625 0.20892634765625 0.6782315849609375 0.1929903994140625 0.68167430078125 0.1784253271484375 0.6824108427734376 0.14698687890625 0.6898007919921875 0.142539234375 0.691954748046875 0.13191906640625 0.6940025244140625 0.1270048759765625 0.6976376259765625 0.1163776259765625 0.7001806669921875 0.113698083984375 0.7021185732421875 0.100424361328125 0.704615419921875 0.097299953125 0.70679247265625 0.0680816103515625 0.7132288359375 0.0653631279296875 0.7173976513671875 0.053434265625 0.7186787216796875 0.050754751953125 0.7206150654296875 0.0502752255859375 0.72283984765625 0.0462638037109375 0.7252498935546875 0.037430642578125 0.726088048828125 0.0294553837890625 0.7281819921875 0.0259466748046875 0.7271284091796875 0.0215249912109375 0.727795091796875 0.0143891337890625 0.7323837529296875 0.002438646484375 0.7349036962890625 0 0.7372586708984376 0 0.743162703125 0.0000871220703125 0.7432967470703125 0 0.7461312587890625 0 0.85515407421875
1 0.21912128125 0.3720628798828125 0.211596814453125 0.3736677421875 0.2054416328125 0.3725679638671875 0.20282268359375 0.3710345234375 0.20243841015625 0.3678023251953125 0.1963308408203125 0.363974837890625 0.1919048212890625 0.364889919921875 0.188862630859375 0.3623567529296875 0.1817354453125 0.3664486142578125 0.1767519912109375 0.3740518623046875 0.172347623046875 0.3737265078125 0.1704929404296875 0.378902740234375 0.1668976513671875 0.3828093388671875 0.1730268720703125 0.3853963896484375 0.1799549365234375 0.3927121650390625 0.1838825791015625 0.3950123125 0.1993433369140625 0.3935459794921875 0.2020271875 0.391361236328125 0.2068678046875 0.3919411171875 0.213999326171875 0.3876008564453125 0.215819404296875 0.384407134765625 0.21912128125 0.3720628798828125
1 0.6148804716796875 0.3102604169921875 0.6188486171875 0.310329681640625 0.6273250263671875 0.3047720810546875 0.6287289453125 0.300083369140625 0.6191775947265625 0.291482552734375 0.616925630859375 0.29417178515625 0.6111519775390625 0.2965510703125 0.612313498046875 0.3057493056640625 0.6148804716796875 0.3102604169921875
1 0.7862757216796875 0.48311862890625 0.796993400390625 0.495807611328125 0.8127250986328125 0.4898312568359375 0.811326453125 0.4804304150390625 0.7862757216796875 0.48311862890625
1 0.91434603125 0.3978407763671875 0.9128928466796875 0.391564458984375 0.8678872109375 0.373588763671875 0.855280037109375 0.3796196572265625 0.867559978515625 0.392335908203125 0.901793396484375 0.40074714453125 0.91434603125 0.3978407763671875
1 0.83938908203125 0.7528366640625 0.8411967685546875 0.7388035751953125 0.8334672666015625 0.7339804423828125 0.8224768935546874 0.7369140810546875 0.8160096904296875 0.749303099609375 0.8221496611328125 0.7556612255859375 0.83938908203125 0.7528366640625