1 0.378471875 0.7910046875 0.365328125 0.7795421875 0.3623515625 0.78306875 0.3536703125 0.787478125 0.3467265625 0.7989421875 0.3469734375 0.8148140625 0.350446875 0.8267203125 0.353421875 0.833775 0.3598703125 0.8377421875 0.373015625 0.8408296875 0.3802078125 0.8315703125 0.3869046875 0.8187828125 0.3869046875 0.8143734375 0.3849203125 0.8064375 0.378471875 0.7910046875
1 0.3779765625 0.6984125 0.380953125 0.6953265625 0.388640625 0.69753125 0.3963296875 0.68298125 0.3955859375 0.6759265625 0.393353125 0.6710765625 0.3891375 0.655203125 0.389384375 0.6384484375 0.388640625 0.63624375 0.38368125 0.6388890625 0.3745046875 0.6477078125 0.3650796875 0.650353125 0.3603671875 0.6538796875 0.3630953125 0.6578484375 0.356646875 0.6644625 0.347221875 0.6776890625 0.3489578125 0.68959375 0.3546625 0.6992953125 0.361359375 0.7010578125 0.3688 0.7063484375 0.3725203125 0.7054671875 0.3767359375 0.702821875 0.3779765625 0.6984125
1 0.434028125 0.513228125 0.4342765625 0.505290625 0.4317953125 0.50088125 0.418403125 0.5070546875 0.4037703125 0.522928125 0.3998015625 0.5295421875 0.3990578125 0.532628125 0.399553125 0.541446875 0.4017859375 0.547178125 0.407490625 0.556878125 0.4236109375 0.570546875 0.42733125 0.5692234375 0.4290671875 0.5661375 0.4372515625 0.541446875 0.43675625 0.5264546875 0.434028125 0.513228125
1 0.4474203125 0.37654375 0.447171875 0.372575 0.443453125 0.3597890625 0.440971875 0.3553796875 0.435515625 0.348325 0.4275796875 0.3421515625 0.423859375 0.344796875 0.405009375 0.3664015625 0.4037703125 0.373015625 0.400296875 0.3805109375 0.403521875 0.3937390625 0.41170625 0.3994703125 0.417659375 0.3999125 0.4236109375 0.4034390625 0.4290671875 0.401675 0.4352671875 0.395503125 0.4407234375 0.3888890625 0.4474203125 0.37654375
1 0.3923609375 0.4691359375 0.3888890625 0.4656078125 0.3807046875 0.46208125 0.3767359375 0.463403125 0.3712796875 0.4775125 0.3702875 0.4823640625 0.3725203125 0.4889765625 0.376240625 0.4933859375 0.377728125 0.4977953125 0.3881453125 0.505290625 0.388640625 0.5017640625 0.3874015625 0.4964734375 0.392609375 0.48941875 0.39459375 0.4828046875 0.3923609375 0.4691359375
1 0.52579375 0.46693125 0.522321875 0.46605 0.512153125 0.4682546875 0.5037203125 0.477071875 0.501240625 0.4828046875 0.50074375 0.489859375 0.5037203125 0.5017640625 0.5133921875 0.51851875 0.5173609375 0.518078125 0.52505 0.5119046875 0.5295140625 0.5017640625 0.5314984375 0.4872140625 0.5310015625 0.4779546875 0.5295140625 0.4726625 0.52579375 0.46693125
1 0.4702375 0.77425 0.470734375 0.763228125 0.4692453125 0.7597 0.46949375 0.75573125 0.4682546875 0.75088125 0.46875 0.745590625 0.466765625 0.7200171875 0.4630453125 0.7103171875 0.4588296875 0.711640625 0.4536203125 0.7182546875 0.4424609375 0.7372140625 0.4379953125 0.74911875 0.4379953125 0.75573125 0.4439484375 0.764990625 0.4474203125 0.7755734375 0.4474203125 0.7791 0.451140625 0.793209375 0.455109375 0.79761875 0.4588296875 0.798059375 0.459325 0.7954140625 0.464534375 0.78791875 0.4702375 0.77425
1 0.4610609375 0.901675 0.4521328125 0.887565625 0.4466765625 0.8835984375 0.4422125 0.8880078125 0.4384921875 0.8950625 0.4303078125 0.93474375 0.4295640625 0.9448859375 0.4313 0.948853125 0.4404765625 0.94753125 0.4486609375 0.9497359375 0.454365625 0.94753125 0.457340625 0.943121875 0.4630453125 0.92504375 0.464534375 0.915784375 0.4640375 0.9096125 0.4610609375 0.901675
1 0.4451890625 0.8258375 0.44766875 0.826278125 0.4499015625 0.8223109375 0.4499015625 0.816578125 0.4479171875 0.8130515625 0.4446921875 0.8143734375 0.4437 0.8179015625 0.443453125 0.8223109375 0.4451890625 0.8258375
1 0.3338296875 0.905203125 0.326140625 0.91049375 0.3162203125 0.9228390625 0.30853125 0.9360671875 0.30704375 0.943121875 0.310515625 0.9497359375 0.3149796875 0.95238125 0.316715625 0.9554671875 0.3258921875 0.9554671875 0.32886875 0.9532625 0.33358125 0.94444375 0.3358140625 0.923721875 0.336309375 0.9074078125 0.3338296875 0.905203125
1 0.52430625 0.740740625 0.5220734375 0.7438265625 0.518353125 0.75573125 0.517609375 0.763228125 0.515625 0.7671953125 0.5151296875 0.7755734375 0.5188484375 0.7910046875 0.5213296875 0.7954140625 0.5329859375 0.80731875 0.5364578125 0.7985015625 0.54290625 0.7751328125 0.5411703125 0.7566140625 0.537203125 0.7433859375 0.53050625 0.73941875 0.52430625 0.740740625
1 0.5610125 0.68959375 0.5639875 0.6860671875 0.56795625 0.68474375 0.5639875 0.6428578125 0.5642359375 0.6349203125 0.5567953125 0.622134375 0.549603125 0.6159609375 0.5451390625 0.61684375 0.5389390625 0.62345625 0.5369546875 0.63315625 0.5364578125 0.6693125 0.537203125 0.6732796875 0.5416671875 0.6816578125 0.5453875 0.6838625 0.542659375 0.689153125 0.5446421875 0.693121875 0.5498515625 0.6904765625 0.5580359375 0.6948859375 0.5600203125 0.6935625 0.5610125 0.68959375
1 0.68353125 0.50881875 0.677828125 0.4783953125 0.67584375 0.4748671875 0.6741078125 0.46693125 0.665921875 0.4554671875 0.6619546875 0.4550265625 0.6599703125 0.4603171875 0.65550625 0.4823640625 0.6537703125 0.486771875 0.6505453125 0.5127859375 0.65005 0.5216046875 0.6515375 0.5264546875 0.6609625 0.5388 0.665921875 0.54761875 0.669890625 0.5485015625 0.677828125 0.542328125 0.6822921875 0.53791875 0.684028125 0.533509375 0.6845234375 0.522928125 0.68353125 0.50881875
1 0.731646875 0.6578484375 0.7313984375 0.6635796875 0.732390625 0.6671078125 0.7400796875 0.6715171875 0.7450390625 0.6684296875 0.7477671875 0.6618171875 0.7475203125 0.6578484375 0.744046875 0.651675 0.740328125 0.6481484375 0.7341265625 0.6525578125 0.731646875 0.6578484375
1 0.60243125 0.858025 0.5994546875 0.849646875 0.599703125 0.8456796875 0.5954859375 0.83950625 0.587796875 0.8403875 0.582340625 0.8452375 0.5818453125 0.8500875 0.5830859375 0.8699296875 0.58506875 0.8805109375 0.587796875 0.887125 0.591765625 0.8880078125 0.597221875 0.881834375 0.6029265625 0.86860625 0.6036703125 0.8650796875 0.60243125 0.8619921875 0.60243125 0.858025
1 0.5119046875 0.2993828125 0.5099203125 0.2936515625 0.505953125 0.29761875 0.505953125 0.302028125 0.50868125 0.3037921875 0.5106640625 0.3033515625 0.5119046875 0.2993828125
1 0.738590625 0.4933859375 0.7366078125 0.4903 0.7321421875 0.490740625 0.732390625 0.4977953125 0.736359375 0.50881875 0.738590625 0.5017640625 0.738590625 0.4933859375
0 0.288690625 0.9351859375 0.285465625 0.947090625 0.2844734375 0.9554671875 0.28670625 0.9607578125 0.294890625 0.9607578125 0.311259375 0.9554671875 0.3182046875 0.962521875 0.3561515625 0.9841265625 0.357390625 0.9872140625 0.36334375 0.990740625 0.378471875 0.9925046875 0.384425 0.9969140625 0.388640625 0.9973546875 0.402034375 0.9929453125 0.4047625 0.9938265625 0.4119546875 0.9885359375 0.423115625 0.97575 0.4327875 0.97663125 0.4479171875 0.972221875 0.45238125 0.975309375 0.453125 0.9823640625 0.462053125 0.98941875 0.470734375 0.9885359375 0.481646875 0.981921875 0.49454375 0.98633125 0.50868125 0.9775125 0.5138890625 0.9792765625 0.517609375 0.977071875 0.52505 0.9678125 0.5329859375 0.9612 0.5451390625 0.9589953125 0.55853125 0.9466484375 0.5639875 0.943121875 0.5682046875 0.9435625 0.5701890625 0.939153125 0.5758921875 0.9365078125 0.589534375 0.9228390625 0.5954859375 0.920634375 0.622271875 0.885803125 0.626240625 0.8835984375 0.630953125 0.8835984375 0.633928125 0.880953125 0.648065625 0.858025 0.6639390625 0.8377421875 0.6666671875 0.835096875 0.6701390625 0.83465625 0.6775796875 0.8280421875 0.69295625 0.8051140625 0.6974203125 0.7949734375 0.7075890625 0.78306875 0.71800625 0.7526453125 0.727678125 0.7341265625 0.7361109375 0.72663125 0.7390875 0.7204578125 0.7502484375 0.689153125 0.7497515625 0.6851859375 0.7509921875 0.67989375 0.7529765625 0.6772484375 0.7611609375 0.656084375 0.7641375 0.6534390625 0.767609375 0.646384375 0.767609375 0.6397703125 0.7797625 0.603175 0.7790171875 0.6005296875 0.78125 0.597884375 0.7827375 0.5917109375 0.7822421875 0.58950625 0.7842265625 0.584215625 0.7837296875 0.5789234375 0.7876984375 0.57186875 0.79141875 0.5493828125 0.796875 0.536596875 0.7973703125 0.5260140625 0.798859375 0.5216046875 0.7983625 0.518078125 0.8033234375 0.5097 0.8025796875 0.5066140625 0.805059375 0.49515 0.8063 0.4783953125 0.8102671875 0.4629625 0.809771875 0.458553125 0.8120046875 0.4563484375 0.8139875 0.4510578125 0.8154765625 0.443121875 0.8147328125 0.438271875 0.8157234375 0.4373890625 0.81646875 0.430334375 0.8189484375 0.423721875 0.81795625 0.42019375 0.820684375 0.410934375 0.8216765625 0.3861546875 0.82266875 0.380953125 0.822171875 0.377865625 0.823909375 0.372575 0.8249015625 0.3611109375 0.8256453125 0.3452375 0.8244046875 0.3408296875 0.825396875 0.32186875 0.8244046875 0.31525625 0.825396875 0.3064375 0.8236609375 0.2993828125 0.8256453125 0.2949734375 0.825396875 0.2910046875 0.821925 0.283509375 0.8182046875 0.2707234375 0.813740625 0.26455 0.808284375 0.2513234375 0.7986109375 0.235009375 0.7953875 0.23941875 0.790921875 0.240740625 0.7859625 0.2482359375 0.780009375 0.249559375 0.7748015625 0.2323640625 0.77505 0.2279546875 0.7827375 0.217371875 0.7827375 0.21208125 0.78521875 0.2089953125 0.783978125 0.2041453125 0.78521875 0.2010578125 0.7787703125 0.189153125 0.763640625 0.1772484375 0.752728125 0.1723984375 0.734375 0.168871875 0.7251984375 0.16534375 0.7006453125 0.1622578125 0.669146875 0.16534375 0.6267359375 0.1759265625 0.603421875 0.1873890625 0.5922625 0.1966484375 0.58680625 0.197090625 0.576140625 0.203703125 0.566715625 0.2050265625 0.553571875 0.2147265625 0.5188484375 0.231921875 0.51636875 0.2376546875 0.509671875 0.239859375 0.5057046875 0.2438265625 0.4975203125 0.2477953125 0.470734375 0.26851875 0.4608140625 0.2799828125 0.42881875 0.3099640625 0.4208828125 0.330246875 0.4030265625 0.3549375 0.40005 0.3571421875 0.3985609375 0.3659609375 0.394840625 0.3752203125 0.3841765625 0.3884484375 0.3772328125 0.3994703125 0.3752484375 0.4043203125 0.3740078125 0.415784375 0.3717765625 0.4219578125 0.357390625 0.447090625 0.355159375 0.4545859375 0.3556546875 0.463403125 0.352678125 0.4739859375 0.3459828125 0.486771875 0.334821875 0.542328125 0.331596875 0.552909375 0.3311015625 0.560846875 0.3328375 0.5692234375 0.3224203125 0.5921515625 0.3209328125 0.59920625 0.3229171875 0.608025 0.3224203125 0.6111109375 0.3147328125 0.623015625 0.311259375 0.637125 0.311259375 0.64594375 0.306546875 0.656084375 0.30381875 0.665784375 0.303571875 0.6816578125 0.2991078125 0.69444375 0.296875 0.7059078125 0.2971234375 0.712521875 0.301090625 0.7209 0.29613125 0.7385359375 0.2931546875 0.7702828125 0.293403125 0.7817453125 0.29613125 0.7918875 0.2936515625 0.8095234375 0.293403125 0.8187828125 0.2958828125 0.831128125 0.295634375 0.862434375 0.29761875 0.868165625 0.296875 0.9144625 0.2951390625 0.9210765625 0.288690625 0.9351859375
0 0.8985609375 0.67019375 0.9032734375 0.674603125 0.90699375 0.6869484375 0.91493125 0.7006171875 0.9407234375 0.70723125 0.9546125 0.7063484375 0.959821875 0.7041453125 0.96949375 0.693121875 0.980034375 0.688271875 0.987846875 0.6873890625 0.9984375 0.689153125 0.9984375 0.2857140625 0.991071875 0.2764546875 0.9846234375 0.2658734375 0.982390625 0.259259375 0.9759421875 0.25 0.970734375 0.24603125 0.9672625 0.239859375 0.962053125 0.23545 0.9553578125 0.2328046875 0.9508921875 0.2275125 0.9357640625 0.22178125 0.924603125 0.2226625 0.9208828125 0.226190625 0.9154265625 0.2283953125 0.913690625 0.231040625 0.91245 0.2345671875 0.912203125 0.2403 0.914434375 0.24426875 0.91493125 0.2482359375 0.9052578125 0.26851875 0.9030265625 0.26455 0.8998015625 0.2623453125 0.8963296875 0.254409375 0.8903765625 0.25088125 0.884671875 0.2517640625 0.8821921875 0.2566140625 0.8759921875 0.26366875 0.8740078125 0.2707234375 0.8732640625 0.2967375 0.87103125 0.3179015625 0.86954375 0.4091703125 0.8678078125 0.4360671875 0.866071875 0.447090625 0.8650796875 0.4964734375 0.8650796875 0.5304234375 0.868303125 0.580246875 0.870784375 0.5903875 0.871528125 0.598765625 0.8745046875 0.609346875 0.876240625 0.622575 0.8821921875 0.6388890625 0.8883921875 0.6485890625 0.8921125 0.6582890625 0.8985609375 0.67019375
1 0.9630453125 0.6481484375 0.961309375 0.651675 0.9610609375 0.6582890625 0.96255 0.6635796875 0.9670140625 0.665784375 0.9739578125 0.6587296875 0.978175 0.65079375 0.9791671875 0.6446203125 0.978421875 0.642415625 0.974703125 0.6428578125 0.9709828125 0.64594375 0.9630453125 0.6481484375
1 0.986359375 0.7870375 0.9890875 0.7566140625 0.988590625 0.7433859375 0.9786703125 0.7239859375 0.9709828125 0.7244265625 0.9662703125 0.7279546875 0.965278125 0.7306 0.96478125 0.74118125 0.9657734375 0.755290625 0.9677578125 0.7676359375 0.9702375 0.773809375 0.9724703125 0.7852734375 0.9764390625 0.7945328125 0.9779265625 0.7958546875 0.9826390625 0.7945328125 0.98511875 0.791446875 0.986359375 0.7870375
1 0.5609375 0.9484375 0.5703125 0.946875 0.5828125 0.9265625 0.5734375 0.9265625 0.5609375 0.9390625 0.5609375 0.9484375
0 0.4859375 0 0.4828125 0.0125 0.4953125 0.065625 0.4921875 0.1765625 0.5125 0.225 0.540625 0.2171875 0.61875 0.175 0.6875 0.1578125 0.7125 0.1203125 0.7265625 0.1265625 0.7390625 0.1515625 0.7578125 0.1546875 0.7640625 0.146875 0.7796875 0.0640625 0.778125 0.0203125 0.7703125 0 0.4859375 0
1 0.596875 0.1375 0.5984375 0.1546875 0.603125 0.1359375 0.596875 0.1375
1 0.6875 0.15625 0.6875 0.1375 0.6796875 0.1359375 0.678125 0.1484375 0.6875 0.15625
1 0.528125 0.0328125 0.5296875 0.0234375 0.521875 0.025 0.5203125 0.0328125 0.528125 0.0328125