1 0.6169928271484375 0.680733232421875 0.620701673828125 0.6764181455078125 0.6230075361328125 0.668783203125 0.62497990625 0.6477389658203125 0.6246077666015625 0.64062457421875 0.6194412607421875 0.63354277734375 0.613900103515625 0.63102730078125 0.6108941533203125 0.6311627265625 0.606051251953125 0.63614553125 0.6041577119140625 0.644599662109375 0.6057161513671875 0.659119060546875 0.6083996962890625 0.6716226796875 0.612928544921875 0.6806239130859375 0.6169928271484375 0.680733232421875
1 0.6894347353515625 0.564689552734375 0.6938925029296875 0.562925306640625 0.6974418505859376 0.5590916875 0.701988037109375 0.546080494140625 0.6924781337890625 0.533555576171875 0.687077939453125 0.527867412109375 0.6843912861328125 0.5270414365234375 0.674661888671875 0.53028084765625 0.667849724609375 0.54463024609375 0.6698504833984374 0.5523274013671875 0.6715730634765625 0.5546873896484374 0.678948064453125 0.564033130859375 0.687120521484375 0.570979501953125 0.6894347353515625 0.564689552734375
1 0.6925865234375 0.7823735693359375 0.6981650537109375 0.7902730205078125 0.7024144892578125 0.79393891796875 0.7063943974609375 0.793614173828125 0.7078360302734376 0.790639125 0.7082867373046875 0.7604563974609375 0.707445388671875 0.7561280341796875 0.7017642470703125 0.7451048330078125 0.698825369140625 0.7429812685546875 0.6960632919921875 0.7430692900390625 0.6896090732421875 0.7501623828125 0.6872948583984375 0.7564523330078124 0.6872376728515625 0.7600560166015625 0.689517845703125 0.7730885078125 0.6925865234375 0.7823735693359375
1 0.5764073369140625 0.724105427734375 0.571272326171875 0.734087380859375 0.5702300205078125 0.748214568359375 0.5714163203125 0.7556195751953125 0.5746519140625 0.76577152734375 0.5780785380859375 0.767800283203125 0.5865162138671876 0.76571129296875 0.59901199609375 0.77540986328125 0.6041340126953125 0.775760859375 0.617144728515625 0.7894023681640625 0.620956486328125 0.78821256640625 0.621341322265625 0.7849924736328125 0.6201636728515625 0.7789339931640625 0.6161210361328125 0.76983825 0.613363302734375 0.7582467958984375 0.609608431640625 0.755831380859375 0.596703435546875 0.733635978515625 0.589616201171875 0.7309705654296875 0.58208140234375 0.7221047578125 0.5764073369140625 0.724105427734375
1 0.593242125 0.5793460615234375 0.5935428857421875 0.5756934404296875 0.5807519619140625 0.5462891357421875 0.5775522080078125 0.54152145703125 0.57510789453125 0.5406483759765625 0.5733281279296875 0.5418920712890625 0.5713375185546875 0.5602466220703125 0.5721275234375 0.581204373046875 0.573549044921875 0.58721544921875 0.5801927255859375 0.5967049365234375 0.5840799072265624 0.59460113671875 0.585580259765625 0.58802210546875 0.593242125 0.5793460615234375
1 0.60364917578125 0.50680247265625 0.6108019482421875 0.5072091943359375 0.61614930078125 0.5048215673828125 0.6180517900390625 0.49771549609375 0.617184787109375 0.4893490888671875 0.608976791015625 0.4770199775390625 0.602350412109375 0.47022354296875 0.5994940751953125 0.468532806640625 0.5962142548828125 0.4763570673828125 0.58774658203125 0.48608748828125 0.5871364111328125 0.492046205078125 0.5887449189453124 0.5016150947265625 0.5915239990234376 0.5042185927734375 0.60364917578125 0.50680247265625
1 0.5391774541015625 0.5260723623046875 0.5455074150390625 0.5248419423828125 0.5487857021484375 0.5170179794921875 0.546524365234375 0.5066782431640625 0.542180669921875 0.501233587890625 0.5379584228515625 0.5016054375 0.533554732421875 0.51144364453125 0.5347413310546875 0.5188501845703125 0.5391774541015625 0.5260723623046875
1 0.4997580068359375 0.671629173828125 0.503586767578125 0.6731308896484375 0.5069778515625 0.6697769052734375 0.50799045703125 0.6632926826171875 0.503213427734375 0.6413128515625 0.505429373046875 0.62021967578125 0.504428525390625 0.61637278125 0.502379232421875 0.6136258349609375 0.4969963388671875 0.6106307236328125 0.4804591201171875 0.6165400576171876 0.474484294921875 0.622193349609375 0.4771409501953125 0.630660755859375 0.482726298828125 0.639905498046875 0.49336531640625 0.6634391064453125 0.4997580068359375 0.671629173828125
1 0.435136103515625 0.4847590966796875 0.4406677080078125 0.46122593359375 0.438211033203125 0.445983390625 0.434681498046875 0.4408293515625 0.4256964150390625 0.43359206640625 0.41636050390625 0.434957912109375 0.4132973681640625 0.438697021484375 0.414864458984375 0.4545629453125 0.4233305224609375 0.4812153486328125 0.4258001923828125 0.4861249423828125 0.42792491015625 0.487957890625 0.4323171396484375 0.4884523359375 0.435136103515625 0.4847590966796875
1 0.468599783203125 0.225372322265625 0.472737955078125 0.224567943359375 0.4787798525390625 0.2166556611328125 0.482369083984375 0.2065253056640625 0.481425123046875 0.199073193359375 0.47823401953125 0.195652041015625 0.47221346875 0.194576365234375 0.46287879296875 0.19594037890625 0.4594880078125 0.199295896484375 0.4578108544921875 0.203663341796875 0.457695248046875 0.2108725419921875 0.4580503837890625 0.2152954140625 0.459781615234375 0.2190019287109375 0.468599783203125 0.225372322265625
1 0.574302150390625 0.30903421484375 0.5837363310546875 0.322471595703125 0.593059248046875 0.3314387001953125 0.6023153916015626 0.342666328125 0.607118111328125 0.3439787255859375 0.6111465537109375 0.338703771484375 0.6117839130859375 0.3367828017578125 0.6096493095703125 0.333605158203125 0.5969581884765625 0.3190037822265625 0.592092740234375 0.3082708984375 0.58148896484375 0.2901184951171875 0.5803468564453125 0.2894427548828125 0.57712545703125 0.2936615 0.574483294921875 0.29956632421875 0.5731325556640625 0.304319193359375 0.574302150390625 0.30903421484375
1 0.4230259755859375 0.3496674921875 0.427023185546875 0.35203580078125 0.4335042939453125 0.3489789208984375 0.4324846103515625 0.342439271484375 0.42962115625 0.3394017109375 0.4265311318359375 0.3391046064453125 0.42346799609375 0.3428437158203125 0.4220251279296875 0.34582059765625 0.4230259755859375 0.3496674921875
1 0.525589138671875 0.2663988896484375 0.52894869140625 0.270686634765625 0.5328445244140625 0.269929361328125 0.531835025390625 0.264735939453125 0.5288117734375 0.2621783125 0.5263776455078125 0.262651458984375 0.525589138671875 0.2663988896484375
1 0.40974265234375 0.1357499267578125 0.404470724609375 0.1372235576171875 0.4046660634765625 0.14212636328125 0.40986256640625 0.1415667294921875 0.4113796240234375 0.13767768359375 0.40974265234375 0.1357499267578125
0 0.3519978681640625 0.2871147744140625 0.3483817470703125 0.2932089169921875 0.3433193515625 0.31395605078125 0.3350071328125 0.3348860146484375 0.33416144140625 0.3422371279296875 0.34749849609375 0.3926465869140625 0.349490603515625 0.3989972158203125 0.3521200712890625 0.403426875 0.3581232841796875 0.4265149765625 0.3718297451171875 0.459335478515625 0.3776605 0.4685325185546875 0.382853896484375 0.4796505283203125 0.3894861162109375 0.4994726669921875 0.4019305546875 0.525800625 0.40635832421875 0.5316778095703125 0.4115501875 0.5427961171875 0.4147029404296875 0.5525137080078125 0.4316675771484375 0.586496373046875 0.450168404296875 0.6192842802734375 0.461089943359375 0.636475580078125 0.4671460341796875 0.6429339951171875 0.4887452392578125 0.677363998046875 0.495607138671875 0.6827680361328125 0.5072757666015625 0.7025089404296875 0.52068985546875 0.715621578125 0.5225892373046875 0.7201931513671875 0.5315273193359376 0.73238034765625 0.5391094169921875 0.73629777734375 0.5488530078125 0.7474290625 0.5656668310546875 0.7585342421875 0.5690350341796875 0.764168513671875 0.5703811318359375 0.7710935869140625 0.576862240234375 0.76803670703125 0.586449142578125 0.7679702822265625 0.59281464453125 0.7721226025390625 0.6047042998046875 0.77609887890625 0.6123148212890624 0.7840522236328125 0.6179505361328125 0.7883479912109375 0.6229968310546875 0.789611451171875 0.63142027734375 0.7978572431640625 0.6357367841796875 0.7992641513671875 0.6400344560546875 0.7979783046875 0.647525361328125 0.8001163798828125 0.6519828310546875 0.798350599609375 0.6601280986328125 0.8012592236328125 0.6670199951171875 0.7990218310546875 0.6703038251953125 0.8042220390625 0.676585251953125 0.8079418291015625 0.68104301953125 0.8061775830078125 0.6834873330078125 0.8070506640625 0.6923055009765625 0.81342105859375 0.7029776240234376 0.817635591796875 0.7082109033203124 0.822456865234375 0.712031013671875 0.8226120546875 0.71444660546875 0.8194476875 0.718440107421875 0.8211418173828124 0.72787799609375 0.835253376953125 0.7331768134765625 0.8378159599609375 0.7394854287109375 0.8455734970703125 0.7580888681640625 0.881485154296875 0.7651359208984375 0.89044576953125 0.7666316318359375 0.8955446806640625 0.7712930908203125 0.9000282333984375 0.772803330078125 0.894793896484375 0.7701955078125 0.8813778134765625 0.7561367197265625 0.83245526171875 0.7523912431640625 0.74559595703125 0.7530870234375 0.7400694716796875 0.746728673828125 0.712558498046875 0.747657205078125 0.7056417451171875 0.749914533203125 0.702957013671875 0.7505432412109375 0.699689517578125 0.7492728662109375 0.6918519814453125 0.7413202021484375 0.669142814453125 0.7441978857421875 0.66184559375 0.742355689453125 0.6536703359375 0.7332708037109374 0.631630123046875 0.7344614462890625 0.627355654296875 0.7319460517578125 0.6157170927734374 0.7204100341796875 0.5914585078125 0.7203744931640625 0.5860757685546875 0.7179116435546875 0.582511466796875 0.71772619140625 0.5789533544921875 0.7108203994140625 0.5668215849609375 0.704861376953125 0.5504627490234375 0.698759560546875 0.5372753662109375 0.69563523046875 0.5315936904296875 0.6939210029296875 0.5305786953125 0.69307564453125 0.5132258642578125 0.6826131298828125 0.4919023076171875 0.6765428447265625 0.4710731953125 0.6505332060546875 0.4087535810546875 0.6427205283203125 0.394552140625 0.6403519375 0.392766595703125 0.6352339658203126 0.3807345888671875 0.633559919921875 0.373424390625 0.61853855859375 0.35074103125 0.6144575712890625 0.3479417265625 0.6090787236328125 0.33326560546875 0.6031067080078125 0.3272397197265625 0.6008054873046875 0.3231967197265625 0.59461648828125 0.321254451171875 0.5897154990234375 0.3051388271484375 0.5826313720703125 0.29079576953125 0.575659744140625 0.2809211572265625 0.5704363505859374 0.277444578125 0.566721662109375 0.2687339609375 0.5599169482421875 0.2597262392578125 0.5534500693359375 0.2524483369140625 0.5500234453125 0.2504195810546875 0.5466540068359375 0.2447871416015625 0.5405237265625 0.2392408916015625 0.53298027734375 0.2290285576171875 0.51522402734375 0.2104709677734375 0.5104951982421875 0.20824487109375 0.500658880859375 0.195334529296875 0.488918837890625 0.1895320908203125 0.471442001953125 0.1763098359375 0.458311669921875 0.1568530576171875 0.445956849609375 0.1439817998046875 0.4287226513671875 0.13071397265625 0.4116278408203125 0.125950802734375 0.397993958984375 0.1286009609375 0.3701429150390625 0.1438962080078125 0.36547711328125 0.1510921318359375 0.3619194130859375 0.1535807587890625 0.3612233349609375 0.1591057099609375 0.355204318359375 0.158029736328125 0.35069247265625 0.1517200224609375 0.3489884287109375 0.1520512548828125 0.3456814208984375 0.1558377685546875 0.3436280830078125 0.1647718330078125 0.34126937890625 0.164330982421875 0.3408004677734375 0.1671185458984375 0.344219640625 0.192504421875 0.3484263828125 0.2141462333984375 0.3485459990234375 0.219961501953125 0.350445380859375 0.224533076171875 0.352128078125 0.23318980078125 0.353049158203125 0.2496301689453125 0.3508956435546875 0.280142296875 0.3519978681640625 0.2871147744140625
1 0.166572306640625 0.655095544921875 0.1650849482421875 0.651341626953125 0.1562095947265625 0.648574916015625 0.1477762626953125 0.6389844306640625 0.14027700390625 0.6355013623046875 0.138404810546875 0.6349675361328125 0.1328321220703125 0.6400937890625 0.117034875 0.64720590234375 0.10866303515625 0.6470377353515625 0.093989359375 0.652134369140625 0.087141953125 0.6611025625 0.0832560068359375 0.663204529296875 0.082689728515625 0.675890978515625 0.07922475390625 0.6801586611328125 0.0767507421875 0.686928544921875 0.072288630859375 0.7003722666015625 0.0723155205078125 0.70440848046875 0.0764638779296875 0.7049503291015625 0.104789673828125 0.699893224609375 0.1236769453125 0.69307821484375 0.140962787109375 0.6897181875 0.1550115009765625 0.676206505859375 0.157645609375 0.6689582236328125 0.1651390263671875 0.6594155869140625 0.166572306640625 0.655095544921875
1 0.1609156904296875 0.57399578515625 0.160162724609375 0.5831259541015625 0.1621062978515625 0.5944267939453125 0.16614058203125 0.602177544921875 0.176999392578125 0.609948357421875 0.182119875 0.61029965234375 0.1872990771484375 0.6070469658203125 0.19428804296875 0.59490915234375 0.1985232841796875 0.5842043525390626 0.2003726328125 0.5690209560546875 0.1994472099609375 0.564260064453125 0.197894611328125 0.56276637109375 0.186968728515625 0.557254546875 0.175255576171875 0.5554883212890624 0.170629658203125 0.5563875087890625 0.1632200185546875 0.566361140625 0.1609156904296875 0.57399578515625
1 0.1051753271484375 0.574500189453125 0.1009744267578125 0.56588408203125 0.09753915234375 0.56250880078125 0.0890275859375 0.5655114892578125 0.082834541015625 0.57525023046875 0.083263568359375 0.578759404296875 0.0883728896484375 0.589444884765625 0.09048461328125 0.601610783203125 0.09556674609375 0.6082585166015625 0.10888286328125 0.6065694619140625 0.110122041015625 0.5973447822265625 0.1051753271484375 0.574500189453125
1 0.0729990146484375 0.6481300068359375 0.0774382451171875 0.6436745400390625 0.0805796142578125 0.627342255859375 0.076604048828125 0.6159875234375 0.0724303369140625 0.6114091630859375 0.0699860234375 0.61053608203125 0.06221289453125 0.6147418486328124 0.060039642578125 0.6178591103515625 0.0573402939453125 0.6273676181640625 0.0583414404296875 0.631216046875 0.06144846875 0.634204669921875 0.0651548046875 0.641570294921875 0.0729990146484375 0.6481300068359375
1 0.0201896220703125 0.563621033203125 0.0284573154296875 0.5606657490234375 0.03514522265625 0.5521790234375 0.0372829345703125 0.5436790224609375 0.0375082705078125 0.5409403974609375 0.03509548828125 0.5324255869140625 0.0227978544921875 0.5159506455078126 0.016065755859375 0.5177081044921875 0.00371955078125 0.5308888515625 0.0045979736328125 0.5405996552734375 0.0069263828125 0.54868040234375 0.011529419921875 0.556769470703125 0.0169311484375 0.5624573369140625 0.0201896220703125 0.563621033203125
1 0.10880251171875 0.97400594921875 0.115761181640625 0.969508033203125 0.1184122939453125 0.9649512685546875 0.11838510546875 0.960913521484375 0.1144936162109375 0.949991318359375 0.110553591796875 0.944019326171875 0.1057323349609375 0.94001570703125 0.10218762890625 0.932171384765625 0.0964579521484375 0.926098392578125 0.0912617470703125 0.926659560546875 0.0836753056640625 0.934421607421875 0.077183744140625 0.9370316474609375 0.0855966318359375 0.980312203125 0.0960498623046875 0.9746877333984375 0.10880251171875 0.97400594921875
1 0.227929783203125 0.8888642255859375 0.2313564072265625 0.8908929814453125 0.2379515888671875 0.8806272001953125 0.240022228515625 0.8743861884765625 0.2397613525390625 0.87174207421875 0.238238453125 0.862605416015625 0.234775990234375 0.85519238671875 0.230995763671875 0.8487404599609375 0.22682916796875 0.845508923828125 0.2227580673828125 0.8440543134765625 0.2217924619140625 0.845588625 0.2183886826171875 0.859277091796875 0.2177482158203125 0.8728757060546875 0.218168890625 0.8750398876953125 0.227929783203125 0.8888642255859375
1 0.29888261328125 0.86653745703125 0.30441976171875 0.85602846484375 0.311368544921875 0.850185853515625 0.3132809208984375 0.8444244775390625 0.3130685791015625 0.83683015234375 0.311039396484375 0.82509708203125 0.3035930166015625 0.804984328125 0.2939063115234375 0.79024782421875 0.28966552734375 0.787928453125 0.2876350693359375 0.7878742626953125 0.2855628955078125 0.794115572265625 0.2814487685546875 0.8353408212890625 0.2817024921875 0.86134358984375 0.283929822265625 0.8663002890625 0.29888261328125 0.86653745703125
1 0.283779529296875 0.721248328125 0.2758864873046875 0.7196372919921875 0.271858044921875 0.72491224609375 0.2715758212890625 0.7312560888671875 0.273912880859375 0.7406833623046875 0.2795482978515625 0.7449775966796875 0.283294517578125 0.746046484375 0.2866840673828125 0.742692798828125 0.287063359375 0.7264485361328125 0.2855760009765625 0.7226946181640626 0.283779529296875 0.721248328125
1 0.311624732421875 0.692927376953125 0.3147104140625 0.7049039580078125 0.3174257880859375 0.7097673818359375 0.323480345703125 0.716226095703125 0.3294353583984375 0.7195604619140625 0.335578333984375 0.714772228515625 0.33729537109375 0.704108046875 0.336298568359375 0.6885801416015624 0.33288928125 0.6645389599609375 0.3302496298828125 0.658763072265625 0.32574796875 0.6537995869140625 0.321046328125 0.6556112373046875 0.3173074833984375 0.6675677548828125 0.3104325908203125 0.672496666015625 0.3094944716796875 0.6780702578125 0.311624732421875 0.692927376953125
1 0.151404412109375 0.830523763671875 0.149134388671875 0.8435429794921875 0.1516040576171875 0.848452572265625 0.156248513671875 0.85024460546875 0.1592189228515625 0.8447264404296875 0.159531142578125 0.8307411669921875 0.158615904296875 0.82732650390625 0.1570614736328125 0.82583157421875 0.15365338671875 0.8264940390625 0.151404412109375 0.830523763671875
0 0.18560775390625 1 0.1902932451171875 0.99679421875 0.1977953125 0.9885981083984375 0.2010451357421875 0.988415279296875 0.204076740234375 0.9923178984375 0.2079812236328125 0.99290715234375 0.228877642578125 0.9704288115234375 0.2356196279296875 0.970016046875 0.2387754892578125 0.9680559931640625 0.248349431640625 0.9536170400390624 0.2511773447265625 0.951271861328125 0.254595318359375 0.9519540908203125 0.2590530859375 0.95018984375 0.2684218037109375 0.9295033896484375 0.2766286005859375 0.9171288544921875 0.283352048828125 0.9140248681640625 0.2869768203125 0.909277251953125 0.3309187548828125 0.8818704453125 0.3335296845703125 0.8836088837890625 0.335871087890625 0.881356681640625 0.3410904716796875 0.8718087919921875 0.348936291015625 0.8419856796875 0.356562615234375 0.827926896484375 0.361908767578125 0.8008356220703124 0.362576125 0.791273220703125 0.3656877939453125 0.7825839013671875 0.3692383779296875 0.7787484501953125 0.37091553125 0.7743810048828125 0.3742738837890625 0.753965103515625 0.374463380859375 0.745842205078125 0.3773410634765625 0.738544984375 0.3777917353515625 0.733067734375 0.3760593037109375 0.7046575732421875 0.3764172490234375 0.697401267578125 0.3786303857421875 0.68798726953125 0.376214869140625 0.654769111328125 0.3770735546875 0.6370850478515625 0.3762708544921875 0.6264617802734375 0.372693119140625 0.601554005859375 0.3710803037109375 0.5789591142578125 0.3675470576171875 0.5607821396484375 0.3649089404296875 0.5550059541015625 0.3673560625 0.544199857421875 0.335975138671875 0.3827589970703125 0.3306476337890625 0.3514534873046875 0.3217153935546875 0.352291994140625 0.3130610322265625 0.3584661357421875 0.3076209541015625 0.3590747080078125 0.292712056640625 0.3655652724609375 0.2893225068359375 0.3689189580078125 0.283541486328125 0.3794753544921875 0.2807880595703125 0.38090990234375 0.2758357275390625 0.381423666015625 0.27199678125 0.3785757216796875 0.2159000078125 0.3863361337890625 0.2042440400390625 0.380966224609375 0.1770918837890625 0.3790573408203125 0.1719525654296875 0.376013291015625 0.15425440234375 0.3785541298828125 0.1480001640625 0.3788720869140625 0.140267216796875 0.3767826513671875 0.1271195478515625 0.379338298828125 0.117447037109375 0.3789724931640625 0.1067477265625 0.3707202119140625 0.0948849609375 0.3707801484375 0.0902405048828125 0.368988115234375 0.0607284091796875 0.3666402138671875 0.0466083154296875 0.3693848818359375 0.029178404296875 0.3875952412109375 0.0209802587890625 0.401316302734375 0.0059004013671875 0.418620986328125 0.0042235458984375 0.4229899658203125 0.0039311376953125 0.427987580078125 0.0017665361328125 0.4324513681640625 0 0.4349032119140625 0 0.5399557060546875 0.089423552734375 1 0.091222748046875 1 0.1093671806640625 0.99770232421875 0.1130361435546875 0.999683974609375 0.1131872158203125 1 0.1535399423828125 1 0.154636341796875 0.999233314453125 0.1549279091796875 1 0.1709771416015625 1 0.1735606884765625 0.99780074609375 0.17758184765625 1 0.18560775390625 1
1 0.6910451279296875 0.4182957333984375 0.69159830859375 0.429330419921875 0.7157546552734375 0.43896060546875 0.7164371279296875 0.4260939873046875 0.6990122294921876 0.4183388310546875 0.6910451279296875 0.4182957333984375
1 0.70728101171875 0.3626122177734375 0.6965444638671875 0.36469919140625 0.6973957841796875 0.377267669921875 0.7096661240234375 0.3748825576171875 0.70728101171875 0.3626122177734375
1 0.702855564453125 0.2743347265625 0.6942490869140625 0.279191146484375 0.70183185546875 0.293634654296875 0.7076688857421874 0.2909083046875 0.702855564453125 0.2743347265625
1 0.6875211806640625 0.220012615234375 0.678659662109375 0.215368140625 0.687434986328125 0.235946818359375 0.691738224609375 0.2335186083984375 0.6875211806640625 0.220012615234375
1 0.7322815947265625 0.49941788671875 0.7307908994140625 0.4917489248046875 0.7246557294921875 0.4929414814453125 0.7255070498046875 0.5055099599609375 0.7322815947265625 0.49941788671875
1 0.52302459375 0.20901040234375 0.53243929296875 0.2246895625 0.5322273486328125 0.2072215673828125 0.52302459375 0.20901040234375
1 0.3103770791015625 0.3187899189453125 0.2996405322265625 0.320876892578125 0.3112283994140625 0.3313583984375 0.3152334990234375 0.327396396484375 0.3103770791015625 0.3187899189453125
0 0.0637777275390625 0.360356998046875 0.11307103125 0.3682845439453125 0.120696896484375 0.3747609501953125 0.184135568359375 0.373571935546875 0.226058048828125 0.38452396875 0.2800389248046875 0.3756228935546875 0.3249463369140625 0.344609349609375 0.3420335400390625 0.3014943125 0.34617147265625 0.21632750390625 0.33424591015625 0.1549758046875 0.29799161328125 0.115862326171875 0.290239998046875 0.0759837216796875 0.272049974609375 0.0397258837890625 0.2634865947265625 0.036615201171875 0.0380191005859375 0.080441642578125 0.0110862265625 0.1875485322265625 0.0032844306640625 0.2702440341796875 0.00813730859375 0.336154013671875 0.0114168388671875 0.35302573046875 0.0208746357421875 0.3607377900390625 0.0637777275390625 0.360356998046875
1 0 0.3845548115234375 0.0189996064453125 0.36746923828125 0.00685855859375 0.345953046875 0 0.353314998046875 0 0.3845548115234375