1 0.511848064453125 0.622622564453125 0.51694240625 0.611770306640625 0.51497409765625 0.6042016904296875 0.511207783203125 0.598335423828125 0.5041738623046875 0.5936777314453126 0.5016956845703126 0.59359119140625 0.48970644921875 0.6028784306640625 0.490282564453125 0.6148104931640626 0.4964080888671875 0.6384073955078124 0.500886890625 0.645181892578125 0.507808951171875 0.6388055224609375 0.507639169921875 0.6365935625 0.5100537001953125 0.631384029296875 0.511848064453125 0.622622564453125
1 0.5606711416015625 0.6600633359375 0.561057935546875 0.656105673828125 0.558685375 0.6458760166015625 0.555352560546875 0.641788462890625 0.5496688076171875 0.648208076171875 0.5491143125 0.657012837890625 0.5513309072265625 0.6645901240234375 0.5560405361328125 0.664754587890625 0.5606711416015625 0.6600633359375
1 0.4964414990234375 0.6516431875 0.4941192880859375 0.6542090185546875 0.4928353125 0.6625474130859375 0.496507171875 0.663999880859375 0.4988294365234375 0.66143248828125 0.4993393056640625 0.653950412109375 0.4981610009765625 0.652144126953125 0.4964414990234375 0.6516431875
1 0.49450973046875 0.5364274580078126 0.49587116796875 0.532944724609375 0.49404188671875 0.5284687822265625 0.48910091015625 0.527855345703125 0.4880631396484375 0.5291433505859375 0.489164556640625 0.53315141796875 0.49450973046875 0.5364274580078126
1 0.4770493603515625 0.46787477734375 0.4836477548828125 0.463693134765625 0.489454583984375 0.4537491083984375 0.489375560546875 0.448893392578125 0.48463465625 0.4425506357421875 0.4770272197265625 0.4400789462890625 0.4685687900390625 0.440665359375 0.46096499609375 0.44525278515625 0.4583621279296875 0.448692166015625 0.4578522587890625 0.4561742421875 0.4603033232421875 0.4642006103515625 0.4640833994140625 0.46962802734375 0.468282640625 0.4702155615234375 0.4770493603515625 0.46787477734375
1 0.4894760302734375 0.410512580078125 0.493766029296875 0.408456359375 0.5011225791015625 0.3968013115234375 0.5018022294921874 0.3915311953125 0.5007947490234375 0.384877919921875 0.495957828125 0.374121310546875 0.4914174609375 0.3691098017578125 0.4864765390625 0.3684948037109375 0.4779103564453125 0.3721668349609375 0.47232100390625 0.3830018076171875 0.474522220703125 0.3910194501953125 0.4743837138671875 0.3949857822265625 0.4797156455078125 0.405759677734375 0.4823497890625 0.4084985888671875 0.4894760302734375 0.410512580078125
1 0.53636837890625 0.3468556337890625 0.53440064453125 0.3463444619140625 0.53133508203125 0.3488858994140625 0.5261176650390625 0.3632625712890625 0.527716173828125 0.374346986328125 0.5300404658203125 0.37884021484375 0.5327207412109375 0.380258056640625 0.5417203701171875 0.378366298828125 0.54524909375 0.362606412109375 0.5453876015625 0.3586400791015625 0.5429534765625 0.3501734091796875 0.53636837890625 0.3468556337890625
1 0.549129869140625 0.393624806640625 0.54762581640625 0.3869541904296875 0.539675638671875 0.380060033203125 0.5322103525390625 0.380681126953125 0.5285697685546875 0.385406951171875 0.526309642578125 0.39326880078125 0.5248117783203124 0.4077769267578125 0.5266241201171875 0.4126931708984375 0.5285457763671875 0.4145238505859375 0.5385215556640625 0.413108638671875 0.5426263955078126 0.4092808134765625 0.5487276982421875 0.3980228251953125 0.549129869140625 0.393624806640625
1 0.4504736328125 0.297971921875 0.458358548828125 0.299571513671875 0.4621535380859375 0.297498005859375 0.4661024111328125 0.2910178095703125 0.4719267529296875 0.2876909248046875 0.479948095703125 0.2782651240234375 0.476071482421875 0.261364849609375 0.4739492890625 0.258202921875 0.4685871220703125 0.25536874609375 0.4596798134765625 0.254616802734375 0.4480173671875 0.261709421875 0.444890814453125 0.273071291015625 0.4453263955078125 0.2819090634765625 0.446799638671875 0.289461955078125 0.4493876484375 0.2935219365234375 0.4504736328125 0.297971921875
1 0.457781509765625 0.1526353037109375 0.4664728486328125 0.15249791796875 0.4735970087890625 0.147452849609375 0.4757648154296875 0.142234701171875 0.4749250361328125 0.1307343251953125 0.4762243896484375 0.1219555732421875 0.472428880859375 0.1169700751953125 0.4648983876953125 0.1122950419921875 0.457772146484375 0.11028105078125 0.45307789453125 0.1096762294921875 0.4494542490234375 0.113961751953125 0.44769116015625 0.128901509765625 0.4479092109375 0.1368498994140625 0.4494610126953125 0.1421979384765625 0.454373259765625 0.1507527099609375 0.457781509765625 0.1526353037109375
1 0.4144777802734375 0.1987724423828125 0.4129932666015625 0.20577958984375 0.41544276953125 0.2138059033203125 0.4180769130859375 0.216544814453125 0.4220432451171875 0.216683322265625 0.427432525390625 0.211577669921875 0.4288241982421875 0.2001552177734375 0.4278612900390625 0.1921808173828125 0.4259550654296875 0.1899082197265625 0.419464423828125 0.1910042421875 0.4144777802734375 0.1987724423828125
1 0.402298578125 0.448057064453125 0.40243494921875 0.4370332333984375 0.3998316162109375 0.4334120478515625 0.396082759765625 0.4341644853515625 0.3933891875 0.440246060546875 0.39168714453125 0.44636382421875 0.3929583427734375 0.4525838525390625 0.3981491123046875 0.4532075751953125 0.402298578125 0.448057064453125
1 0.403837318359375 0.403993298828125 0.4012206884765625 0.407871529296875 0.401561814453125 0.4122955048828125 0.4032351298828125 0.414119076171875 0.4072630263671875 0.412494595703125 0.40861059375 0.4094538349609375 0.408021181640625 0.405021189453125 0.403837318359375 0.403993298828125
1 0.364790515625 0.4988070927734375 0.36248212109375 0.500932513671875 0.3627016787109375 0.5088825185546875 0.3653820087890625 0.510298798828125 0.3684182685546875 0.5086412529296875 0.368431619140625 0.5011402744140625 0.36675825 0.4993182646484375 0.364790515625 0.4988070927734375
1 0.380870427734375 0.5642237490234375 0.3826864130859375 0.5761991083984375 0.38826293359375 0.5799241201171875 0.3900307041015625 0.5861614892578125 0.38947412890625 0.5879071904296875 0.39716972265625 0.5736170576171875 0.3983151904296875 0.56924499609375 0.3983746748046875 0.5604229482421875 0.3951357421875 0.553691748046875 0.3869101650390625 0.554728748046875 0.380870427734375 0.5642237490234375
1 0.26995683984375 0.521084453125 0.270282068359375 0.518889779296875 0.2687472060546875 0.5131014375 0.2623026962890625 0.512876390625 0.2596860126953125 0.5167561826171875 0.2597942841796875 0.5207295693359375 0.26266128125 0.5239190693359375 0.26737091015625 0.524083533203125 0.26995683984375 0.521084453125
1 0.26153049609375 0.4568184169921875 0.2633576962890625 0.454235298828125 0.2632786728515625 0.4493795830078125 0.2618382666015625 0.4480050390625 0.2590656162109375 0.4492324599609375 0.2581376787109375 0.4544939052734375 0.26153049609375 0.4568184169921875
1 0.29309640625 0.2990942822265625 0.2934816376953125 0.2951365654296875 0.2913902001953125 0.29109392578125 0.2879050625 0.291413115234375 0.2860609228515625 0.29443653515625 0.28589166015625 0.2992835810546875 0.287751697265625 0.302878810546875 0.2904474052734375 0.3038547333984375 0.29309640625 0.2990942822265625
1 0.2793029833984375 0.14684515234375 0.2802017275390625 0.142464474609375 0.27899266796875 0.1415389033203125 0.273291455078125 0.1413398125 0.2721459873046875 0.1457118740234375 0.275771712890625 0.148485412109375 0.2793029833984375 0.14684515234375
1 0.2539886826171875 0.13978395703125 0.2475287958984375 0.1399992666015625 0.2459036943359375 0.1439136865234375 0.245083974609375 0.153150080078125 0.2489908232421875 0.1621106357421875 0.2535927548828125 0.1653591572265625 0.25731080078125 0.165488994140625 0.2604378740234375 0.161186130859375 0.2624497138671875 0.153315611328125 0.2623107412109375 0.1502213759765625 0.2609610390625 0.1462046376953125 0.2539886826171875 0.13978395703125
1 0.477575888671875 0.0690611435546875 0.4782709716796875 0.063349109375 0.477543052734375 0.0628827958984375 0.47385576171875 0.06187224609375 0.472912447265625 0.0675740478515625 0.4740753740234375 0.0698206904296875 0.477575888671875 0.0690611435546875
1 0.4881248837890625 0.2644326884765625 0.492537958984375 0.258852052734375 0.493652671875 0.2553607041015625 0.4928149189453125 0.25092094921875 0.49343462109375 0.247412314453125 0.491543775390625 0.244699359375 0.4868495234375 0.2440945390625 0.48356705859375 0.252802474609375 0.4828894345703125 0.265133212890625 0.4881248837890625 0.2644326884765625
1 0.6160510576171875 0.3889027587890625 0.6159566572265625 0.3844873994140625 0.6132604296875 0.3764524697265625 0.6086277421875 0.374084662109375 0.600448353515625 0.37379903125 0.596343513671875 0.3776268564453125 0.5921442724609375 0.377039322265625 0.58209155078125 0.38065787890625 0.579444111328125 0.385418384765625 0.5773860830078125 0.39461153515625 0.57856698828125 0.41053588671875 0.5854645380859375 0.42621741015625 0.590407541015625 0.43389146875 0.611680703125 0.450075 0.61690436328125 0.4568755078125 0.620899888671875 0.456133248046875 0.6252992021484375 0.4509914619140625 0.62604041796875 0.4439583583984375 0.623964357421875 0.439475361328125 0.619175759765625 0.4344536201171875 0.615950123046875 0.4202230029296875 0.6136103994140625 0.4161716923828125 0.612430013671875 0.4073063466796875 0.6138545234375 0.4020622421875 0.6140853505859375 0.395452208984375 0.6160510576171875 0.3889027587890625
0 0.266924974609375 0 0.265761544921875 0.0016622470703125 0.2616874609375 0.0046093583984375 0.259690998046875 0.012039521484375 0.2533080537109375 0.0100514873046875 0.24962284375 0.0160999970703125 0.2465276201171875 0.0336385966796875 0.244000248046875 0.0562719931640625 0.2382519775390625 0.0858503369140625 0.234942865234375 0.10955866796875 0.2335183017578125 0.1148043349609375 0.2303758515625 0.1195475537109375 0.2243849013671875 0.1418379892578125 0.215970232421875 0.1909570556640625 0.215431634765625 0.206380466796875 0.2125077548828125 0.22613108203125 0.206890248046875 0.2519648330078125 0.201765380859375 0.327669595703125 0.2041225087890625 0.3383411708984375 0.2042241923828125 0.37805172265625 0.2076827373046875 0.3927313671875 0.2067086123046875 0.3993154443359375 0.206821046875 0.417406951171875 0.209162796875 0.4285188837890625 0.211719998046875 0.4334611396484375 0.2145413818359375 0.44503071484375 0.2173006806640625 0.451304271484375 0.221940185546875 0.481906705078125 0.224202912109375 0.488162921875 0.2279692265625 0.4940291884765625 0.2330723583984375 0.51847373828125 0.2340973515625 0.53174415625 0.2363293232421875 0.5388810859375 0.2400802060546875 0.5451892705078125 0.241958275390625 0.5624606484375 0.2456475927734375 0.5705318203125 0.24952160546875 0.5733140283203125 0.2542205390625 0.5950959755859375 0.253928201171875 0.603467435546875 0.255401443359375 0.611020326171875 0.2596012041015625 0.6186668662109375 0.26297864453125 0.621431734375 0.2711319599609375 0.6437752041015625 0.2712109833984375 0.6486309208984375 0.2704214990234375 0.6499275947265625 0.2736758095703125 0.6562184384765625 0.2766813681640625 0.655440044921875 0.2886471318359375 0.6823287109375 0.313642447265625 0.71276176171875 0.3166639033203125 0.7186020166015625 0.3255732392578125 0.72641458203125 0.333539314453125 0.7399273876953125 0.3409445966796875 0.7410693369140625 0.3479939501953125 0.745285111328125 0.3520705810546875 0.756457626953125 0.3596324033203125 0.7673093916015625 0.3668243720703125 0.781678515625 0.376368787109375 0.78554208984375 0.3823978291015625 0.797664572265625 0.3941727080078125 0.8086634599609375 0.4039197958984375 0.8209157802734375 0.40976154296875 0.82420916015625 0.41822262890625 0.8377392529296875 0.4275054609375 0.8490935732421875 0.4319668037109375 0.8492493662109375 0.4350169345703125 0.84714984765625 0.44657740625 0.8572594609375 0.450465234375 0.8596012587890625 0.45447769921875 0.8584186962890625 0.4593571650390625 0.86079355859375 0.4731013408203125 0.8723036728515625 0.4821163466796875 0.86997155859375 0.50021416796875 0.8847215234375 0.5044903515625 0.8831057138671875 0.509013724609375 0.8885590869140625 0.5153659130859375 0.8914278349609375 0.521640640625 0.889440921875 0.55309381640625 0.912598041015625 0.5576326220703125 0.91760949609375 0.5622806865234375 0.919536947265625 0.5691622841796875 0.9286013837890625 0.5773262958984375 0.92932737109375 0.5808883759765625 0.9268048369140625 0.6119796787109375 0.73288583984375 0.6113393974609375 0.70859869921875 0.613320482421875 0.701608892578125 0.616402984375 0.698627154296875 0.6185554130859375 0.6938493623046875 0.6201163486328125 0.6775798642578125 0.6193359990234375 0.657259001953125 0.6202331806640625 0.65287826953125 0.6230365859375 0.650770134765625 0.6249422900390625 0.6459837275390625 0.625604482421875 0.634094908203125 0.6356251806640625 0.55326726171875 0.6347874833984375 0.5488259462890624 0.6329097587890625 0.47464022265625 0.630567953125 0.4635298515625 0.6249893515625 0.452745779296875 0.6225419296875 0.4517785263671875 0.6211615263671875 0.448640939453125 0.6220432763671875 0.444702125 0.6214692412109375 0.439829123046875 0.6173023720703125 0.438359369140625 0.614961140625 0.4343064423828125 0.614463529296875 0.42017108984375 0.6115349130859375 0.4187461396484375 0.61000010546875 0.412956236328125 0.611004984375 0.4054914462890625 0.60677498828125 0.405784625 0.603704744140625 0.387148935546875 0.5919155810546874 0.3907068544921875 0.5885248447265625 0.3954414033203125 0.5850991357421875 0.3869401064453125 0.58015659765625 0.386326615234375 0.575075087890625 0.3826188896484375 0.5743625458984375 0.3817122197265625 0.5760799677734375 0.375154099609375 0.5759081044921875 0.3658830791015625 0.5698944404296875 0.353320240234375 0.571207609375 0.344101078125 0.57439780859375 0.33803528125 0.577216591796875 0.335486791015625 0.578392814453125 0.330234015625 0.5915916845703125 0.3289297919921875 0.59103302734375 0.32361643359375 0.5949665234375 0.31757659375 0.5928427685546875 0.3144146123046875 0.593972859375 0.3104829072265625 0.59882094140625 0.306682599609375 0.598231529296875 0.3022499541015625 0.5993616201171875 0.2983182490234375 0.598988123046875 0.294776494140625 0.6006301630859375 0.2904217724609375 0.6009512294921875 0.2741089775390625 0.6000673984375 0.2709887314453125 0.6011820576171875 0.2674989443359375 0.60232336328125 0.24900876171875 0.6017954609375 0.2428146904296875 0.599299826171875 0.2361094462890625 0.6000887900390625 0.227753765625 0.5943059541015625 0.2085808935546875 0.5912983134765625 0.2023002265625 0.589776802734375 0.18901090625 0.5873888642578124 0.17922160546875 0.5750973525390625 0.147468607421875 0.573622029296875 0.1328566552734375 0.557364185546875 0.100965150390625 0.5541560078125 0.093353236328125 0.5527273359375 0.084479220703125 0.517940306640625 0.0431165361328125 0.4950692109375 0.02290603515625 0.48193138671875 0.0153882646484375 0.480552490234375 0.0122522939453125 0.472742955078125 0.0084493037109375 0.4679717607421875 0.0100478271484375 0.460999404296875 0.003627146484375 0.444237935546875 0.0003948984375 0.4329295244140625 0 0.3160255400390625 0 0.3105016943359375 0.0067548828125 0.3103632412109375 0.0107196533203125 0.3005592705078125 0.0214074482421875 0.2973224189453125 0.02173530859375 0.2921777275390625 0.0197920771484375 0.2901940419921875 0.012663818359375 0.2885361044921875 0.010399890625 0.288952091796875 0.0055614609375 0.2863066728515625 0 0.266924974609375 0
0 0.018719064453125 0 0.0034818720703125 0.4363361103515625 0.0076676689453125 0.4351596005859375 0.0118940224609375 0.427807306640625 0.0206140908203125 0.4197285859375 0.0229840498046875 0.415840177734375 0.0298461083984375 0.4112268505859375 0.03381087890625 0.411365302734375 0.035668833984375 0.4079014716796875 0.0401933037109375 0.40629433203125 0.0626184130859375 0.382371759765625 0.0656547265625 0.38071265234375 0.0670161640625 0.3772299189453125 0.0673393125 0.3679761845703125 0.0687638212890625 0.3627320791015625 0.0743398232421875 0.3593980859375 0.0773278681640625 0.352002548828125 0.0894248564453125 0.3396296904296875 0.093402923828125 0.3322687265625 0.0982664384765625 0.328026501953125 0.1019993427734375 0.3206569765625 0.1143122451171875 0.3091750087890625 0.128263546875 0.2862792041015625 0.138456337890625 0.2786943701171875 0.14858189453125 0.2587527861328125 0.1517238251953125 0.246950560546875 0.1553028447265625 0.243987724609375 0.1598544267578125 0.2344407568359375 0.1648102607421875 0.227554830078125 0.166202453125 0.223191384765625 0.176191064453125 0.2072161875 0.18080629296875 0.2029652919921875 0.1958097021484375 0.164223115234375 0.198936775390625 0.1599202529296875 0.20621430078125 0.1434094892578125 0.2076695654296875 0.1372846708984375 0.214419763671875 0.1216372802734375 0.2173595947265625 0.1085037529296875 0.222858134765625 0.10031409765625 0.2279657724609375 0.0819624228515625 0.2324557900390625 0.0741784423828125 0.2378404423828125 0.0478941025390625 0.2425012841796875 0.0352631318359375 0.2508930927734375 0 0.018719064453125 0
1 0.1065771767578125 0.0261044951171875 0.1006276787109375 0.0258967333984375 0.0982131474609375 0.0311062666015625 0.0968984169921875 0.0403253740234375 0.097689927734375 0.0460893212890625 0.099565396484375 0.0492426318359375 0.1029890234375 0.0506848681640625 0.107248212890625 0.049510921875 0.1114607509765625 0.0425990390625 0.1120942685546875 0.0386499931640625 0.1112719482421875 0.0337683212890625 0.1065771767578125 0.0261044951171875
1 0.07435034375 0.2738072509765625 0.0723225517578125 0.2750606826171875 0.0696581728515625 0.280261490234375 0.0691498662109375 0.28774362109375 0.0714125927734375 0.293999837890625 0.076368947265625 0.29417291796875 0.0807835830078125 0.2885923369140625 0.0814478564453125 0.2837625771484375 0.0794796025390625 0.2761923994140625 0.076597173828125 0.273444818359375 0.07435034375 0.2738072509765625
1 0.029113796875 0.3326706259765625 0.0337311064453125 0.335478791015625 0.0382693916015625 0.333431240234375 0.040235099609375 0.3268817900390625 0.0401730146484375 0.3215857724609375 0.0387771796875 0.318890103515625 0.0348277861328125 0.3183112939453125 0.031760716796875 0.3208511142578125 0.0293753798828125 0.3251798798828125 0.029113796875 0.3326706259765625
0 0.7286106162109375 1 0.7412417783203125 0.9790235244140625 0.74846951953125 0.951133779296875 0.7508143291015625 0.8839872080078125 0.724268009765625 0.8830601904296875 0.7112848505859375 0.896677880859375 0.6241455009765625 0.9295943125 0.4328186669921875 0.946364818359375 0.419944568359375 0.956859412109375 0.4011514599609375 0.9577665947265624 0.375675916015625 0.970948041015625 0.3498731875 0.9934987763671875 0.536043884765625 1 0.7286106162109375 1
0 1 0.048059572265625 0.990688068359375 0.0590436474609375 0.967319376953125 0.056664142578125 0.9322365859375 0.1211040263671875 0.914221763671875 0.1892668408203125 0.9082977783203126 0.3141361640625 0.851055849609375 0.5654165224609375 0.8070201787109375 0.6623762646484375 0.7940915498046875 0.67443240625 0.7932735927734375 0.69785562890625 0.8165332236328126 0.70335823046875 0.822506763671875 0.7113840927734375 0.8673207216796875 0.681679982421875 0.958802673828125 0.5691791240234375 1 0.4820951787109375 1 0.048059572265625
0 0 0.964319451171875 0.01550359375 0.9427360224609375 0.0144328193359375 0.92862755859375 0.0367307373046875 0.916898599609375 0.067961701171875 0.917989208984375 0.0817975126953125 0.92472617578125 0.0959605068359375 0.922093853515625 0.0993017255859375 0.9159567216796874 0.1133556591796875 0.91644749609375 0.12094527734375 0.9229663408203125 0.1725308974609375 0.9232042978515625 0.1832981435546875 0.9282706552734376 0.2048127998046875 0.9837427978515625 0.205139982421875 0.974373509765625 0.21461833203125 0.971577595703125 0.208119322265625 0.933827787109375 0.21620469140625 0.79183596484375 0.1061775390625 0.5847449189453126 0.059732642578125 0.526838740234375 0.0291015146484375 0.5085711015625 0.0008845859375 0.5107126494140625 0 0.536043876953125 0 0.964319451171875
1 0.9083473330078125 0.447031349609375 0.894293400390625 0.4465405751953125 0.895636826171875 0.4528412978515625 0.8875564326171875 0.46037638671875 0.89029781640625 0.47141628515625 0.9076929677734376 0.465769927734375 0.9083473330078125 0.447031349609375
1 0.8492910400390625 0.6607254912109375 0.867975087890625 0.6629414052734375 0.8700819404296875 0.6473804541015625 0.8528503798828125 0.6483421669921875 0.8492910400390625 0.6607254912109375
1 1 0.06288865625 0.999948296875 0.0624939267578125 0.9856762412109376 0.068249345703125 0.9928841474609374 0.08569902734375 1 0.082446384765625 1 0.06288865625
1 0.7164705576171875 1 0.7223396083984375 0.9830538037109375 0.7145318681640624 0.9827811513671875 0.711136119140625 0.9904798310546875 0.714331880859375 1 0.7164705576171875 1
1 0.068640876953125 0.7194544697265625 0.08280387109375 0.7168221474609375 0.07732110546875 0.6947423515625 0.06299451953125 0.7020593173828125 0.068640876953125 0.7194544697265625
1 0.000547453125 0.7889954052734375 0.0132034296875 0.7847470048828125 0.0139668564453125 0.762885330078125 0.009445802734375 0.7580370947265626 0.006159115234375 0.762612677734375 0.000547453125 0.7889954052734375
1 0.1172868271484375 0.6695592939453126 0.12854484765625 0.6605717177734375 0.128926560546875 0.649640880859375 0.122898490234375 0.64317656640625 0.1118040615234375 0.647479498046875 0.1172868271484375 0.6695592939453126
1 0.1198447841796875 0.730623263671875 0.132282638671875 0.7326210556640625 0.1358965087890625 0.7186761826171875 0.1234041240234375 0.718239939453125 0.1198447841796875 0.730623263671875
1 0.1037137177734375 0.9239280537109374 0.11932919921875 0.9244733583984375 0.1214360517578125 0.9089124072265625 0.1042044912109375 0.9098741201171875 0.1037137177734375 0.9239280537109374
1 0.091622880859375 0.8672215458984375 0.1073474228515625 0.86464375390625 0.1050422841796875 0.841111470703125 0.0892632109375 0.845250810546875 0.091622880859375 0.8672215458984375
1 0.0763990625 0.5868319365234375 0.0638521474609375 0.587957240234375 0.07618094140625 0.59307812890625 0.0763990625 0.5868319365234375