1 0.53247349609375 0.6268195224609375 0.5641073125 0.627188859375 0.5737535576171875 0.62059334765625 0.57242353515625 0.6160043046875 0.551086638671875 0.6058455927734375 0.5432682431640625 0.5908449287109375 0.5339534072265625 0.590615271484375 0.520661919921875 0.598052 0.514750056640625 0.6048430947265625 0.5143262587890625 0.610630177734375 0.53247349609375 0.6268195224609375
1 0.7745193037109375 0.5993693837890625 0.7748976171875 0.593062412109375 0.7836223818359375 0.5865475205078124 0.7823967548828125 0.5725385322265625 0.7743362265625 0.56540139453125 0.7618013662109375 0.5602241787109375 0.758080546875 0.5495704287109375 0.7218800087890626 0.5501229287109375 0.716571916015625 0.553201962890625 0.719278865234375 0.5628982470703126 0.7159379072265625 0.5778306279296875 0.7319227822265625 0.5905483486328125 0.753123361328125 0.59914894921875 0.7700903193359375 0.601847638671875 0.7745193037109375 0.5993693837890625
1 0.919732830078125 0.6337189013671874 0.9297891748046875 0.6317929169921875 0.9433212373046875 0.616492798828125 0.9447572119140625 0.61166176171875 0.93960041796875 0.605839048828125 0.9387379853515625 0.595981390625 0.93358119140625 0.590158677734375 0.9299828544921875 0.591518091796875 0.9239485087890625 0.5862960224609375 0.91191288671875 0.586825134765625 0.84161370703125 0.6013417265625 0.8213209091796875 0.6031171171875 0.8200664638671875 0.6100230400390625 0.8263717509765625 0.61835991015625 0.845863994140625 0.628678439453125 0.85606065234375 0.6293422685546874 0.8576741591796875 0.6255544150390625 0.87981147265625 0.6236176513671875 0.888704205078125 0.6296358125 0.919732830078125 0.6337189013671874
1 0.7508005078125 0.7107134365234375 0.775433013671875 0.7054214345703125 0.7823133984375 0.69906947265625 0.7818140224609375 0.6933615888671875 0.7767025771484375 0.6880572080078124 0.761489439453125 0.6841604794921875 0.75314298828125 0.6843683994140625 0.73685693359375 0.6894524814453125 0.73425734765625 0.7022276640625 0.738445755859375 0.7076127998046875 0.7508005078125 0.7107134365234375
1 0.6982196220703125 0.635583708984375 0.7035875361328126 0.6385129482421875 0.7099532900390625 0.6369098486328125 0.71040576953125 0.610206296875 0.67753120703125 0.6062862744140625 0.66830706640625 0.6070932822265624 0.6688971376953124 0.61383783203125 0.6761254619140625 0.6220939462890624 0.676942546875 0.631433271484375 0.6828861962890626 0.6356186748046875 0.6982196220703125 0.635583708984375
1 0.8630973857421875 0.538814177734375 0.8810780771484376 0.5424687763671875 0.90267066796875 0.534305794921875 0.9021259443359375 0.528079578125 0.8958645849609375 0.5202627333984375 0.885491951171875 0.5185555849609375 0.859845712890625 0.5228916767578125 0.8483532578125 0.5296471416015625 0.8630973857421875 0.538814177734375
1 0.8031889267578125 0.5764710263671875 0.81153537890625 0.5762631064453125 0.8257045546875 0.568227291015625 0.8212422275390625 0.5597291826171875 0.812850291015625 0.5594172138671875 0.8121104765625 0.561574275390625 0.8056976806640626 0.562657623046875 0.7991820478515625 0.57316077734375 0.8031889267578125 0.5764710263671875
1 0.612403802734375 0.6161657216796875 0.618256755859375 0.6193144599609375 0.623608640625 0.6167538935546875 0.622927736328125 0.6089711220703125 0.6180433046875 0.606261517578125 0.6127821162109375 0.6098587490234375 0.612403802734375 0.6161657216796875
1 0.585781408203125 0.7261969052734375 0.5897881513671875 0.72950559765625 0.5988307626953125 0.726623703125 0.5992999091796875 0.7213549521484375 0.59358313671875 0.7197627685546875 0.58726273046875 0.721884201171875 0.585781408203125 0.7261969052734375
1 0.3639013994140625 0.6760739765625 0.3702233623046875 0.673952408203125 0.3778435615234375 0.665443384765625 0.378507798828125 0.6517913544921875 0.3516812802734375 0.6426367919921875 0.3374969951171875 0.6292376708984375 0.32187687109375 0.6206711435546876 0.3048192158203125 0.6169357900390625 0.296835822265625 0.6212934833984375 0.29672987109375 0.6307135634765625 0.30616576953125 0.6429580771484374 0.3475095390625 0.65868645703125 0.3591076640625 0.674401037109375 0.3639013994140625 0.6760739765625
1 0.3979699482421875 0.6511348056640625 0.4098239052734375 0.6485292509765626 0.4189269833984375 0.63570738671875 0.4175500556640625 0.630600146484375 0.40764501171875 0.6236243828125 0.3991622421875 0.6222741923828125 0.3881390693359375 0.6237624638671875 0.380108771484375 0.6276019609375 0.3788996748046875 0.635026216796875 0.382211951171875 0.6410103037109375 0.3979699482421875 0.6511348056640625
1 0.3281260712890625 0.702730939453125 0.3510047568359375 0.6986369775390625 0.3615286904296875 0.6914423779296875 0.36121098046875 0.6878109375 0.345273009765625 0.6756114130859375 0.324072431640625 0.6670108115234376 0.2980628623046875 0.667194017578125 0.2932692626953125 0.665522634765625 0.27458040625 0.6750000400390626 0.2752159619140625 0.682264478515625 0.28954985546875 0.6867604306640624 0.2955389892578125 0.6914657236328124 0.304944658203125 0.6927336025390625 0.31244534375 0.704102826171875 0.3201426767578125 0.7070886337890625 0.3281260712890625 0.702730939453125
1 0.2360769443359375 0.6067414052734375 0.2416104951171875 0.606257283203125 0.24590485546875 0.602222337890625 0.2451331181640625 0.5934013447265625 0.2398856279296875 0.586541966796875 0.2312666787109375 0.5836352216796875 0.21997114453125 0.582010384765625 0.2118515693359375 0.5848115244140625 0.21165478515625 0.5931933828125 0.215752361328125 0.597540296875 0.2360769443359375 0.6067414052734375
1 0.2714739599609375 0.5863914150390624 0.278535873046875 0.58211433984375 0.2810310654296875 0.5787591025390625 0.278278630859375 0.5685429296875 0.263307625 0.5567826748046875 0.2169145625 0.55770460546875 0.219803177734375 0.56947733203125 0.255793232421875 0.58776330078125 0.2714739599609375 0.5863914150390624
1 0.2735880146484375 0.5255600556640625 0.2876965869140625 0.5274626533203125 0.29757140234375 0.52346178125 0.2963002900390625 0.508932904296875 0.2919287958984375 0.5014730185546875 0.2755671640625 0.4950621328125 0.262653990234375 0.4961918896484375 0.2593281513671875 0.5006659677734375 0.2626253095703125 0.517108357421875 0.2735880146484375 0.5255600556640625
1 0.707343404296875 0.458332775390625 0.7106692431640625 0.4538586962890625 0.7054671015625 0.4475176513671875 0.7078851591796875 0.43266758203125 0.68515763671875 0.427858240234375 0.661175806640625 0.4299563779296875 0.6562309072265625 0.4371867431640625 0.6573203544921875 0.4496391767578125 0.64988168359375 0.4602230869140625 0.6521800908203125 0.4652497080078125 0.682468765625 0.4714883037109375 0.707343404296875 0.458332775390625
1 0.610521716796875 0.4777828544921875 0.617114484375 0.47877453125 0.6316451611328125 0.4748886240234375 0.630360623046875 0.4708194697265625 0.6234046611328125 0.4656764638671875 0.6178695546875 0.46616072265625 0.6097954638671875 0.4694817509765625 0.6064679326171875 0.4739544091796875 0.610521716796875 0.4777828544921875
1 0.55216874609375 0.4907304208984375 0.5679856533203125 0.4909150888671875 0.57416987890625 0.4872371025390625 0.5728836484375 0.48316652734375 0.5587448466796875 0.4702872958984375 0.542549625 0.476409599609375 0.54244523046875 0.4858295439453125 0.55216874609375 0.4907304208984375
1 0.7772052158203125 0.4919546708984375 0.7767377626953125 0.497224841796875 0.787851767578125 0.49677479296875 0.78647483984375 0.491667552734375 0.7772052158203125 0.4919546708984375
1 0.6278682548828125 0.53795780078125 0.63113518359375 0.5434235556640625 0.646952091796875 0.5436082236328125 0.6471033916015625 0.5347064755859375 0.630363447265625 0.5346025625 0.6278682548828125 0.53795780078125
1 0.4704329033203125 0.6719813837890625 0.4788701875 0.672811685546875 0.4850544130859375 0.6691336982421875 0.4834958203125 0.661950015625 0.4787475693359375 0.66079696484375 0.469615818359375 0.6626420576171875 0.4674383369140625 0.6696287373046875 0.4704329033203125 0.6719813837890625
1 0.94745837890625 0.493790302734375 0.960825443359375 0.4978485419921875 0.9637428759765625 0.488706357421875 0.9598721767578124 0.486952662109375 0.9487128232421875 0.48688437890625 0.94745837890625 0.493790302734375
1 0.4855087431640625 0.4087281796875 0.4998443291015625 0.4132255517578125 0.50607390234375 0.4100658984375 0.505483830078125 0.4033213486328125 0.489303728515625 0.3989853505859375 0.485703970703125 0.40034645703125 0.4855087431640625 0.4087281796875
1 0.5410790419921875 0.406481044921875 0.5586965390625 0.405984314453125 0.5639577275390625 0.4023870830078125 0.56170466796875 0.3978787939453125 0.5404434853515625 0.3992166064453125 0.5362399580078125 0.4042897734375 0.5410790419921875 0.406481044921875
1 0.6148266796875 0.3995050947265625 0.632442755859375 0.3990100556640625 0.637750849609375 0.395931021484375 0.6391414755859375 0.3905816513671875 0.627618927734375 0.3863620380859375 0.6139188984375 0.3891291044921875 0.6148266796875 0.3995050947265625
1 0.3087703115234375 0.42837389453125 0.312459345703125 0.4280511455078125 0.314954537109375 0.4246959072265625 0.3144098134765625 0.4184696904296875 0.2991073994140625 0.4135346044921875 0.28434815234375 0.41482587109375 0.2808406484375 0.4172235068359375 0.28226150390625 0.422850771484375 0.289082705078125 0.42643553125 0.3087703115234375 0.42837389453125
1 0.745780333984375 0.4408537626953125 0.761824255859375 0.44363320703125 0.763305578125 0.4393205029296875 0.7564404482421875 0.43521571875 0.74624948046875 0.4355850126953125 0.745780333984375 0.4408537626953125
1 0.586137126953125 0.602779072265625 0.5899185498046875 0.6034944091796876 0.5942129091796875 0.59945946484375 0.5921398232421875 0.59702619921875 0.5848525888671875 0.59870991796875 0.586137126953125 0.602779072265625
1 0.243542884765625 0.54334948046875 0.252615724609375 0.551444220703125 0.2646074189453125 0.550395083984375 0.26410804296875 0.54468719921875 0.2619911650390625 0.5417354658203125 0.255353048828125 0.54022545703125 0.2479280771484375 0.5403527578125 0.243542884765625 0.54334948046875
1 0.1335825576171875 0.5932276435546875 0.1420667470703125 0.5945761416015625 0.1481147919921875 0.5893416005859375 0.146193140625 0.57800814453125 0.1323720498046875 0.568760353515625 0.123011728515625 0.568010806640625 0.117612802734375 0.5700516201171875 0.122665201171875 0.58529427734375 0.1335825576171875 0.5932276435546875
0 0.1793065966796875 1 0.1852301484375 0.9923277685546875 0.1905368212890625 0.9892504267578125 0.214638310546875 0.9353823583984375 0.21601226953125 0.9085981884765625 0.2089020478515625 0.84857228125 0.1994176962890625 0.8039164677734375 0.1899817978515625 0.7916719541015625 0.177067076171875 0.760908607421875 0.1431470029296875 0.7131629375 0.1060810634765625 0.671966369140625 0.076456626953125 0.652075744140625 0.0662354287109375 0.6414684033203125 0.026418466796875 0.621947208984375 0.0099958857421875 0.61815629296875 0.0445077646484375 1 0.1793065966796875 1
0 0.1793065966796875 1 0.1852301484375 0.9923277685546875 0.1922467138671875 0.987532361328125 0.1950278291015625 0.97683206640625 0.204038654296875 0.9629736728515625 0.2034484462890625 0.9562275673828124 0.2146836591796875 0.93590069140625 0.21601226953125 0.9085981884765625 0.2089020478515625 0.84857228125 0.1994176962890625 0.8039164677734375 0.1899817978515625 0.7916719541015625 0.177067076171875 0.760908607421875 0.1431470029296875 0.7131629375 0.1060810634765625 0.671966369140625 0.076456626953125 0.652075744140625 0.0662354287109375 0.6414684033203125 0.026418466796875 0.621947208984375 0.0099958857421875 0.61815629296875 0.0445077646484375 1 0.1793065966796875 1
1 0.12692111328125 0.9739021201171875 0.1404244951171875 0.979518470703125 0.1475317568359375 0.975759728515625 0.14455230859375 0.9629487802734376 0.1422523447265625 0.957922294921875 0.135614228515625 0.9564122861328125 0.1264354365234375 0.957737626953125 0.1295661845703125 0.9616468271484375 0.1251809921875 0.96464355078125 0.12692111328125 0.9739021201171875
1 0.0552585771484375 0.9409600673828125 0.069594162109375 0.9454574404296875 0.0815842998046875 0.944408439453125 0.08454863671875 0.935784451171875 0.073811251953125 0.9299261083984375 0.04992025390625 0.9330624677734375 0.0552585771484375 0.9409600673828125
1 0.176664453125 0.8838082431640625 0.1740028515625 0.87463029296875 0.177421080078125 0.871194298828125 0.1734126435546875 0.8678841865234375 0.1593495556640625 0.866501478515625 0.1551913759765625 0.8720929775390625 0.1631021611328125 0.8881317275390626 0.171720974609375 0.891036916015625 0.176664453125 0.8838082431640625
0 0 0.3798198173828125 0.0023613525390625 0.3788485478515625 0.0465286259765625 0.3206103154296875 0.0841637265625 0.283335232421875 0.137945458984375 0.2075249892578125 0.1454900810546875 0.187520998046875 0.14420540625 0.183450287109375 0.16850353515625 0.1530920439453125 0.1747332451171875 0.1499339462890625 0.1799187197265625 0.1348401904296875 0.1880398505859375 0.1320389150390625 0.1978510947265625 0.106085046875 0.21726634765625 0.0730170625 0.2181575986328125 0.06195980859375 0.223751751953125 0.0515372724609375 0.2235837861328125 0.0390042197265625 0.2156745576171875 0.022965333984375 0 0.0418344130859375 0 0.3798198173828125
1 0.1003227900390625 0.1705602333984375 0.1183609716796875 0.1642766923828125 0.13807881640625 0.1452984501953125 0.1349934169921875 0.1419075830078125 0.107593357421875 0.1474417138671875 0.0909306826171875 0.1588341884765625 0.08456479296875 0.160435732421875 0.08506416796875 0.1661436162109375 0.0910531650390625 0.1708473525390625 0.1003227900390625 0.1705602333984375
1 0.08210138671875 0.17476746875 0.0899939482421875 0.1693715537109375 0.092956728515625 0.160747701171875 0.0806488818359375 0.15816526171875 0.062895068359375 0.1571038818359375 0.0218418837890625 0.165923275390625 0.0094265283203125 0.172761052734375 0.0079452060546875 0.1770737568359375 0.0234307060546875 0.18408359375 0.0481842734375 0.1908064482421875 0.0603121484375 0.191313865234375 0.078124873046875 0.1824354111328125 0.08210138671875 0.17476746875
1 0 0.1407496865234375 0.0052367080078125 0.1354843701171875 0.02323109765625 0.128682359375 0.0279475634765625 0.1188589111328125 0.0209007685546875 0.11267768359375 0 0.1014358408203125 0 0.1407496865234375
1 0.1359725400390625 0.0681039013671875 0.15225859375 0.0630198193359375 0.15488841015625 0.061221271484375 0.1525900029296875 0.056194650390625 0.1342324189453125 0.0588453310546875 0.1291074111328125 0.0639991162109375 0.1303467373046875 0.0675514951171875 0.1359725400390625 0.0681039013671875
1 0 0.325254099609375 0.0088014169921875 0.3249571865234375 0.0332659560546875 0.3071321318359375 0.0357157998046875 0.3032585615234375 0.0330677607421875 0.2836224443359375 0.025190318359375 0.2785600576171875 0.0007530400390625 0.2754703369140625 0 0.275663626953125 0 0.325254099609375
0 1 0.514024884765625 0.9998867509765625 0.5127304423828125 0.9664405927734375 0.4889926376953125 0.92670965234375 0.4830578330078125 0.9149966875 0.4746717744140625 0.751928935546875 0.4214942080078125 0.7461698251953125 0.4094503173828125 0.68869444921875 0.3799724541015625 0.580669869140625 0.3643278837890625 0.5056829052734375 0.36775145703125 0.2493961826171875 0.396447513671875 0.1291520166015625 0.438336884765625 0.080645525390625 0.4755184912109375 0.0523742392578125 0.5109297470703125 0.046498 0.53340241015625 0.0489492548828125 0.5614203857421876 0.042995400390625 0.5650782177734375 0.0587747392578125 0.584087794921875 0.06535093359375 0.60547101171875 0.08241446484375 0.621231298828125 0.0933103447265625 0.620278033203125 0.1184290087890625 0.638470525390625 0.1294610693359375 0.6390738134765624 0.1333912626953125 0.64814077734375 0.2310061220703125 0.688223107421875 0.3008563154296875 0.69779669140625 0.332201197265625 0.7154444609375 0.3948133427734375 0.731925166015625 0.6181591162109376 0.739048908203125 0.75093333203125 0.7148849208984375 0.793368837890625 0.715877701171875 0.803719994140625 0.7086982177734376 0.8685505478515625 0.6967524052734375 0.9445112412109375 0.6148202177734375 0.94978419140625 0.603379615234375 0.9468658291015625 0.58795025390625 0.9542400576171876 0.5825996875 0.95896828515625 0.5649328671875 1 0.5420521708984375 1 0.514024884765625
0 1 0.4781695322265625 0.992650115234375 0.3941599599609375 0.9874357294921875 0.3883422861328125 0.9077791025390625 0.392174400390625 0.8932839560546875 0.3699155341796875 0.9139862685546875 0.355556568359375 0.9117488095703125 0.347909978515625 0.9218276044921875 0.33761738671875 0.9430746396484375 0.329484638671875 0.907468638671875 0.3169150751953125 0.8661811435546874 0.311116451171875 0.7342049619140625 0.3085466552734375 0.5906710478515625 0.3352204619140625 0.5566406513671875 0.358587826171875 0.721595884765625 0.3974840419921875 0.8204363720703125 0.451575359375 0.8569180224609375 0.4562259716796875 0.87032372265625 0.466032404296875 0.981130484375 0.49554978125 1 0.5050020205078125 1 0.4781695322265625
0 0.50390279296875 1 0.7068798828125 0.9822418056640625 0.7237881826171875 0.9603724306640625 0.7109272060546875 0.95679221484375 0.69053676953125 0.9209329033203125 0.64195407421875 0.8138220751953125 0.5310301826171875 0.8188212529296875 0.46598583203125 0.8103956796875 0.344147009765625 0.7802750146484375 0.2978398740234375 0.7529569931640625 0.2335349931640625 0.7350559140625 0.1729465087890625 0.7058504130859375 0.1651637373046875 0.7065313173828125 0.16131116015625 0.7162791845703125 0.16646698046875 0.73935513671875 0.1781799453125 0.7477411962890625 0.1851646826171875 0.7737940751953125 0.2172095185546875 0.8352977236328125 0.22374619921875 0.910012326171875 0.2362176845703125 0.9449959873046875 0.2113904326171875 0.965989712890625 0.19969651953125 0.99367676171875 0.200554412109375 1 0.50390279296875 1
0 1 0.8685934306640625 0.9548405224609375 0.8225228330078125 0.9238851328125 0.7734716181640625 0.9094485517578125 0.733954474609375 0.9028137919921875 0.72982953515625 0.9021914521484375 0.7047884873046875 0.907736765625 0.6964609931640625 0.9028533056640625 0.6764981494140625 0.8662545244140625 0.7063640927734375 0.853393548828125 0.702783876953125 0.7875511640625 0.7210920869140625 0.7605450185546875 0.7171809443359375 0.7208916943359375 0.7300609716796875 0.615318369140625 0.7424343779296875 0.554204212890625 0.7430757685546875 0.5191429345703125 0.736732421875 0.456880765625 0.7421796552734375 0.4311588134765625 0.7350192236328125 0.3554909453125 0.730660025390625 0.29375444921875 0.7062603671875 0.2832671123046875 0.7118832958984375 0.27054231640625 0.7098596337890625 0.288695294921875 0.73807235546875 0.3253907431640625 0.7630943525390625 0.3779240947265625 0.789867650390625 0.4080433486328125 0.7935064306640625 0.4230056015625 0.8031766826171876 0.4621918193359375 0.80288526953125 0.495968904296875 0.81247790625 0.5568107001953125 0.8087234072265626 0.5775906279296875 0.8131792724609375 0.603507326171875 0.8046379814453125 0.6533170615234375 0.8002801943359374 0.6873665078125 0.8129859384765625 0.6881250283203125 0.839583541015625 0.69855380078125 0.8512188896484375 0.718185716796875 0.860480599609375 0.7611659462890625 0.867699595703125 0.790681912109375 0.8823704375 0.933495408203125 0.9012452451171875 1 0.900269751953125 1 0.8685934306640625
0 0.70771951953125 0 0.65009529296875 0.0822034912109375 0.657274775390625 0.0925546474609375 0.7173771015625 0.0982756552734375 0.7278058740234375 0.10991100390625 0.7178632607421875 0.1217601484375 0.7213849111328124 0.1261574501953125 0.731405140625 0.1331231357421875 0.7400635615234376 0.124523279296875 0.7503561533203125 0.13460207421875 0.760434947265625 0.124309482421875 0.774443935546875 0.12308385546875 0.783024740234375 0.09566916796875 0.828300994140625 0.0932764775390625 0.847991474609375 0.0852799091796875 0.9044359697265625 0.0850470615234375 0.9381354384765626 0.0758248662109375 0.9625541474609375 0.050161478515625 0.958215412109375 0.0364248525390625 0.9279599775390625 0.031229517578125 0.856017412109375 0 0.70771951953125 0
1 0.0385938642578125 0.945032677734375 0.0398194912109375 0.959041666015625 0.048886455078125 0.95511147265625 0.04495626171875 0.9460445087890625 0.0385938642578125 0.945032677734375
1 0.41092908984375 1 0.4188397373046875 0.988620431640625 0.42512451953125 0.9708174306640625 0.42314037109375 0.93021083984375 0.416505611328125 0.9260859013671875 0.39018037109375 0.929957529296875 0.368330046875 0.9491223388671876 0.3677267587890625 0.9601543994140626 0.3767351572265625 0.973482482421875 0.360430146484375 0.984319796875 0.3612472314453125 0.993659123046875 0.3657295888671875 1 0.41092908984375 1
1 0.337198962890625 0.9518459560546875 0.31256645703125 0.9571379580078125 0.3039080361328125 0.9657378134765625 0.3037132900390625 0.981439537109375 0.3212439287109375 0.9846112099609375 0.3379574833984375 0.97844355859375 0.3479000966796875 0.9665944130859375 0.34552645703125 0.9573912685546875 0.337198962890625 0.9518459560546875
1 0.3997934697265625 0.80677594921875 0.3683900234375 0.8063864580078125 0.3641289033203125 0.8114646630859375 0.3816009775390625 0.8318946142578125 0.4046183642578125 0.8439970703125 0.42613776171875 0.8389774296875 0.429445615234375 0.8230033447265624 0.3997934697265625 0.80677594921875
1 0.28427753125 0.8309985009765625 0.2785960380859375 0.83776944140625 0.281105857421875 0.848529140625 0.2941030146484375 0.85366591015625 0.3184631591796875 0.8452607998046875 0.3316550615234375 0.8346958466796875 0.333406361328125 0.818857943359375 0.28427753125 0.8309985009765625
1 0.6354554951171875 0.811253689453125 0.6071065927734375 0.8278501142578125 0.59885671484375 0.8411196328125 0.5999461611328125 0.85357206640625 0.6119314873046875 0.865071234375 0.606463791015625 0.892213560546875 0.6425368994140624 0.8921945087890625 0.674874560546875 0.867406771484375 0.6797975341796875 0.834038228515625 0.6710614970703125 0.82382325390625 0.6354554951171875 0.811253689453125
1 0.5872594677734375 0.9236946220703125 0.5692617216796875 0.9331115634765625 0.5655453251953125 0.9444159853515625 0.5708958916015625 0.9517902138671875 0.5836206875 0.9538138759765625 0.623954916015625 0.948716619140625 0.6326133369140625 0.940116763671875 0.6284107822265625 0.92793669140625 0.5872594677734375 0.9236946220703125
1 0.602066490234375 0.8957352109375 0.574865599609375 0.9075257919921875 0.58204508203125 0.9178769482421875 0.6038368408203125 0.915970416015625 0.6215622255859375 0.9034403662109375 0.6179043935546875 0.8974865107421875 0.602066490234375 0.8957352109375
1 0.5134790810546875 0.90505407421875 0.4967655263671875 0.9112217255859375 0.4946056845703125 0.922389966796875 0.5095679384765625 0.93206021875 0.531359697265625 0.9301536865234376 0.5462443349609375 0.921009107421875 0.5452910693359375 0.9101132275390625 0.5134790810546875 0.90505407421875
1 0.4845268896484375 0.93268255859375 0.47586846875 0.9412824140625 0.4752651806640625 0.952314474609375 0.49888585546875 0.9533848701171875 0.5075442763671875 0.9447850146484374 0.5054429990234375 0.938694978515625 0.4845268896484375 0.93268255859375
1 0.521436134765625 0.97807594140625 0.535717484375 0.979963421875 0.5332076640625 0.9692037236328125 0.521436134765625 0.97807594140625
1 0.652498564453125 0.91641847265625 0.6517590947265625 0.925893978515625 0.664483890625 0.927917640625 0.666507552734375 0.9151928447265625 0.652498564453125 0.91641847265625
1 0.3685071533203125 0.7718699033203125 0.3489528525390625 0.781423025390625 0.3845588544921875 0.79399258984375 0.40269278125 0.7861322021484375 0.4001829609375 0.77537250390625 0.3685071533203125 0.7718699033203125
1 0.5520634208984375 0.7903171181640625 0.5607994580078125 0.80053209375 0.5731157109375 0.7978860927734375 0.5725709873046875 0.7916598759765625 0.5520634208984375 0.7903171181640625
1 0.5579982255859375 0.750586177734375 0.5458181533203125 0.754788732421875 0.5527252744140625 0.7620267802734375 0.5709953818359375 0.755722947265625 0.5579982255859375 0.750586177734375
1 0.509550298828125 0.7705095068359376 0.508402287109375 0.7753153505859375 0.5211270830078125 0.77733901171875 0.5270809375 0.7736811806640626 0.523559287109375 0.76928387890625 0.509550298828125 0.7705095068359376
1 0.473885732421875 0.775198220703125 0.47131734765625 0.781696798828125 0.4810652158203125 0.785549376953125 0.48816708203125 0.777085701171875 0.473885732421875 0.775198220703125
1 0.871526064453125 0.8204010927734375 0.864015654296875 0.82419510546875 0.863548546875 0.8367837197265625 0.8797949931640625 0.8432046826171875 0.8967809091796874 0.840150138671875 0.9071320654296875 0.83297065625 0.90306569140625 0.822347138671875 0.871526064453125 0.8204010927734375
1 0.8399088212890625 0.7996402158203125 0.834227328125 0.80641115625 0.8412706298828125 0.8152057578125 0.8569723525390625 0.81540050390625 0.8640742197265625 0.806936828125 0.8601440263671875 0.7978698642578125 0.8399088212890625 0.7996402158203125
1 0.8451613095703125 0.877604107421875 0.8413087314453125 0.8873519755859375 0.8616801171875 0.8871381787109375 0.869054345703125 0.881787611328125 0.8656688759765625 0.878946865234375 0.8451613095703125 0.877604107421875
1 0.753441740234375 0.85112222265625 0.7382847412109375 0.8571536943359375 0.7656994287109375 0.8657344990234375 0.774357849609375 0.857134642578125 0.753441740234375 0.85112222265625
1 0.7215330849609375 0.79117512890625 0.7132832060546875 0.8044446474609375 0.7383242548828125 0.80382230859375 0.7387913623046874 0.791233693359375 0.7215330849609375 0.79117512890625
1 0.7333441279296875 0.728971525390625 0.722856791015625 0.734594453125 0.7222535029296875 0.745626513671875 0.740328865234375 0.755024404296875 0.7655060947265625 0.755958619140625 0.796287201171875 0.7313070625 0.793777380859375 0.72054736328125 0.7333441279296875 0.728971525390625
1 0.8009801494140625 0.390538818359375 0.78609551171875 0.3996833984375 0.8179075 0.404742552734375 0.825281728515625 0.3993919853515625 0.82290808984375 0.3901888408203125 0.8009801494140625 0.390538818359375
1 0.779441701171875 0.3594853505859375 0.78167916015625 0.3671319404296875 0.7931197626953125 0.3724048916015625 0.80448275 0.3588630107421875 0.793042146484375 0.3535900595703125 0.779441701171875 0.3594853505859375
1 0.6621363603515625 0.327399587890625 0.6612607109375 0.3353185400390625 0.6770986142578125 0.33706983984375 0.6809511923828125 0.32732197265625 0.6758729873046875 0.3230608525390625 0.6621363603515625 0.327399587890625
1 0.8026347822265625 0.319812974609375 0.798782205078125 0.3295608427734375 0.805689326171875 0.336798890625 0.8243679765625 0.3351647197265625 0.8262554580078125 0.3208833701171875 0.8026347822265625 0.319812974609375
1 0.89826408203125 0.4447663173828125 0.8925825888671876 0.4515372578125 0.909237578125 0.4626278828125 0.92493930078125 0.46282262890625 0.93089315625 0.459164796875 0.9249978662109375 0.4455643515625 0.89826408203125 0.4447663173828125
1 0.961070974609375 0.4455452998046875 0.9574907587890625 0.4584062763671875 0.9860534580078125 0.46218123828125 0.9878047578125 0.446343333984375 0.961070974609375 0.4455452998046875
1 0.896202318359375 0.3853448955078125 0.8974279462890625 0.3993538828125 0.9154256923828125 0.3899369423828125 0.9068258369140625 0.3812785205078125 0.896202318359375 0.3853448955078125
1 0.8706398330078124 0.0393813173828125 0.8147400625 0.0458403818359375 0.817113701171875 0.0550435263671875 0.8446060048828125 0.0824391630859375 0.8630122939453125 0.0776918837890625 0.8759318349609375 0.064013822265625 0.89562231640625 0.0560172548828125 0.894941412109375 0.0482344833984375 0.8706398330078124 0.0393813173828125
1 0.7336440107421875 0.015292123046875 0.7061707587890625 0.0239695947265625 0.697512337890625 0.032569451171875 0.70259054296875 0.0368305712890625 0.7511160849609375 0.0357220732421875 0.7631599765625 0.0299629638671875 0.765319818359375 0.01879472265625 0.7336440107421875 0.015292123046875
1 0.8004396611328125 0.0078797919921875 0.7992916494140625 0.0126856357421875 0.80931187890625 0.0196513212890625 0.8217643125 0.018561875 0.8225037822265625 0.009086369140625 0.8004396611328125 0.0078797919921875
1 0.5914909560546875 0.093604580078125 0.6357553779296875 0.0975742880859375 0.6635009921875 0.092009923828125 0.6630924501953125 0.08734026171875 0.647118365234375 0.0840324072265625 0.5914909560546875 0.093604580078125