1 0.6150796875 0.4942953125 0.603175 0.493303125 0.593475 0.5049609375 0.593475 0.507440625 0.597884375 0.5146328125 0.603615625 0.5186015625 0.6111109375 0.5208328125 0.622134375 0.5161203125 0.630953125 0.5146328125 0.63624375 0.5124015625 0.6384484375 0.5126484375 0.6450625 0.505953125 0.6384484375 0.501240625 0.6150796875 0.4942953125
1 0.655203125 0.5545640625 0.646384375 0.5548109375 0.6397703125 0.5602671875 0.6437390625 0.563740625 0.6538796875 0.56646875 0.6578484375 0.5662203125 0.6626984375 0.56175625 0.6626984375 0.55704375 0.655203125 0.5545640625
1 0.6626984375 0.4985125 0.6543203125 0.4995046875 0.651675 0.5017359375 0.652115625 0.503471875 0.6538796875 0.5047125 0.661375 0.5044640625 0.664021875 0.5022328125 0.6626984375 0.4985125
1 0.533509375 0.490328125 0.5295421875 0.4890875 0.52821875 0.4900796875 0.528659375 0.4950390625 0.53306875 0.4970234375 0.536596875 0.495784375 0.533509375 0.490328125
1 0.4466484375 0.459078125 0.4417984375 0.4665171875 0.4409171875 0.47495 0.443121875 0.4826390625 0.4492953125 0.4875984375 0.4541453125 0.487846875 0.4642859375 0.482390625 0.4686953125 0.4759421875 0.471340625 0.4672625 0.4709 0.4630453125 0.4656078125 0.459078125 0.457671875 0.4563484375 0.4501765625 0.456596875 0.4466484375 0.459078125
1 0.3840390625 0.4682546875 0.373015625 0.4734625 0.369046875 0.4818953125 0.3694890625 0.4868546875 0.3743390625 0.4915671875 0.3849203125 0.4967765625 0.391534375 0.498015625 0.396825 0.4975203125 0.4087296875 0.490575 0.410934375 0.486359375 0.4091703125 0.4791671875 0.406525 0.4764390625 0.39594375 0.470734375 0.391975 0.470734375 0.3840390625 0.4682546875
1 0.362434375 0.5213296875 0.347884375 0.5260421875 0.3452375 0.5290171875 0.3456796875 0.5310015625 0.348765625 0.5376984375 0.3571421875 0.5404265625 0.3611109375 0.5404265625 0.376984375 0.53745 0.3791890625 0.528521875 0.377865625 0.52579375 0.37345625 0.5233140625 0.362434375 0.5213296875
1 0.392415625 0.52256875 0.3844796875 0.524553125 0.3796296875 0.5280265625 0.3787484375 0.535465625 0.3853609375 0.5436515625 0.391975 0.5453875 0.396384375 0.5451390625 0.4078484375 0.539434375 0.4118171875 0.535465625 0.4135796875 0.5255453125 0.4118171875 0.5235609375 0.4069671875 0.521578125 0.392415625 0.52256875
1 0.2751328125 0.4370046875 0.26366875 0.4397328125 0.2561734375 0.451140625 0.2566140625 0.46006875 0.259259375 0.4655265625 0.2623453125 0.4677578125 0.2791 0.472221875 0.2888 0.464534375 0.292328125 0.4588296875 0.2989421875 0.455109375 0.301146875 0.4513890625 0.2998234375 0.443453125 0.2954140625 0.4422125 0.291446875 0.439484375 0.28395 0.4377484375 0.2751328125 0.4370046875
1 0.130953125 0.434771875 0.1159609375 0.4360125 0.1115515625 0.439484375 0.1119921875 0.444196875 0.11375625 0.4513890625 0.118165625 0.459078125 0.123015625 0.4630453125 0.131834375 0.462053125 0.1432984375 0.46329375 0.1485890625 0.461309375 0.1538796875 0.454365625 0.1543203125 0.445684375 0.1525578125 0.4422125 0.1441796875 0.4370046875 0.1388890625 0.4352671875 0.130953125 0.434771875
1 0.2089953125 0.402778125 0.201940625 0.4040171875 0.194003125 0.4087296875 0.19268125 0.415178125 0.1948859375 0.4171625 0.202821875 0.418403125 0.2142859375 0.4174109375 0.2195765625 0.412203125 0.2195765625 0.408234375 0.21693125 0.40550625 0.2089953125 0.402778125
1 0.4501765625 0.38988125 0.444003125 0.39136875 0.43783125 0.3938484375 0.4369484375 0.39756875 0.4404765625 0.400296875 0.4514984375 0.4005453125 0.456790625 0.396578125 0.4563484375 0.39136875 0.4501765625 0.38988125
1 0.415784375 0.3985609375 0.411375 0.398065625 0.4074078125 0.4005453125 0.4082890625 0.4047625 0.4126984375 0.40550625 0.415784375 0.404265625 0.4175484375 0.400296875 0.415784375 0.3985609375
1 0.51366875 0.3630953125 0.50573125 0.3625984375 0.5035265625 0.36483125 0.50396875 0.366815625 0.50573125 0.3685515625 0.513228125 0.3688 0.514990625 0.3658234375 0.51366875 0.3630953125
1 0.580246875 0.3854171875 0.5683421875 0.383184375 0.5586421875 0.3888890625 0.55731875 0.3970734375 0.5639328125 0.4005453125 0.5727515625 0.40079375 0.5771609375 0.3998015625 0.5917109375 0.392609375 0.589946875 0.3931046875 0.583775 0.3911203125 0.580246875 0.3854171875
1 0.5291 0.2606640625 0.5251328125 0.2604171875 0.5211640625 0.262896875 0.5211640625 0.2693453125 0.5268953125 0.27108125 0.5291 0.2708328125 0.5321875 0.268353125 0.5321875 0.263640625 0.5291 0.2606640625
1 0.4629625 0.256696875 0.457671875 0.257440625 0.4563484375 0.26016875 0.457671875 0.26165625 0.462521875 0.2619046875 0.4651671875 0.26016875 0.4629625 0.256696875
1 0.306878125 0.2790171875 0.302028125 0.2790171875 0.2989421875 0.2807546875 0.2985015625 0.2842265625 0.30246875 0.2864578125 0.3064375 0.2862109375 0.3112875 0.2837296875 0.31040625 0.2810015625 0.306878125 0.2790171875
1 0.156525 0.263640625 0.1538796875 0.2599203125 0.1494703125 0.2609125 0.1494703125 0.2666171875 0.150353125 0.2678578125 0.1547625 0.2671125 0.156525 0.263640625
1 0.1622578125 0.233134375 0.1529984375 0.23363125 0.1490296875 0.23511875 0.1485890625 0.2415671875 0.1547625 0.248759375 0.1587296875 0.2502484375 0.1618171875 0.2504953125 0.169753125 0.248759375 0.1741625 0.245784375 0.1741625 0.2420640625 0.1710765625 0.2373515625 0.1622578125 0.233134375
1 0.0709875 0.459078125 0.0687828125 0.4578375 0.0630515625 0.45858125 0.0639328125 0.4623015625 0.0643734375 0.4630453125 0.07010625 0.46255 0.0709875 0.459078125
1 0.2658734375 0.474703125 0.2535265625 0.47495 0.244709375 0.4779265625 0.24515 0.4826390625 0.2477953125 0.4846234375 0.2513234375 0.4841265625 0.25573125 0.48511875 0.259259375 0.4841265625 0.264990625 0.4799109375 0.2658734375 0.474703125
1 0.3738984375 0.587796875 0.3743390625 0.5920140625 0.3703703125 0.5959828125 0.3703703125 0.6041671875 0.372575 0.6088796875 0.3805109375 0.6118546875 0.3849203125 0.612103125 0.391534375 0.6103671875 0.3981484375 0.6103671875 0.4034390625 0.6091265625 0.4122578125 0.610615625 0.416225 0.6130953125 0.430334375 0.616815625 0.4351859375 0.6217765625 0.43959375 0.6240078125 0.4466484375 0.6235125 0.451940625 0.6192953125 0.452821875 0.615328125 0.4462078125 0.6098703125 0.4307765625 0.5880453125 0.4232796875 0.5828375 0.4078484375 0.575396875 0.391975 0.5736609375 0.382715625 0.575396875 0.377865625 0.5778765625 0.3738984375 0.587796875
0 0 0.309771875 0.0022046875 0.3110125 0.0026453125 0.3142359375 0.0026453125 0.4268359375 0.005290625 0.4437 0.0114640625 0.4508921875 0.0097 0.4556046875 0.013228125 0.4635421875 0.0163140625 0.4650296875 0.02336875 0.478421875 0.04276875 0.501984375 0.0828921875 0.53819375 0.0917109375 0.53993125 0.09920625 0.543403125 0.1305109375 0.5607640625 0.1450625 0.5627484375 0.1763671875 0.576140625 0.1860671875 0.57886875 0.1992953125 0.580853125 0.2054671875 0.584078125 0.2244265625 0.5905265625 0.2328046875 0.5900296875 0.23941875 0.5927578125 0.245590625 0.5935015625 0.264109375 0.59300625 0.2676359375 0.5920140625 0.2707234375 0.59300625 0.2870375 0.5932546875 0.291446875 0.591765625 0.2949734375 0.5922625 0.2989421875 0.5912703125 0.3033515625 0.5920140625 0.30731875 0.5873015625 0.3112875 0.586309375 0.3143734375 0.5885421875 0.320546875 0.584821875 0.3258375 0.585565625 0.3276015625 0.5724203125 0.3328921875 0.571428125 0.3355375 0.5687 0.3417109375 0.5657234375 0.3509703125 0.5647328125 0.363315625 0.57118125 0.372575 0.5716765625 0.3791890625 0.5701890625 0.3800703125 0.5709328125 0.3835984375 0.576140625 0.3840390625 0.5811015625 0.392415625 0.584821875 0.387565625 0.5880453125 0.3835984375 0.599703125 0.402115625 0.603421875 0.401675 0.6076390625 0.4091703125 0.6068953125 0.414903125 0.60863125 0.416225 0.6116078125 0.430334375 0.6125984375 0.434303125 0.6150796875 0.4356265625 0.6192953125 0.4404765625 0.6200390625 0.44444375 0.6192953125 0.44753125 0.620784375 0.4484125 0.6232640625 0.4589953125 0.629215625 0.4700171875 0.63194375 0.5440921875 0.636409375 0.5485015625 0.6374015625 0.6296296875 0.6302078125 0.641534375 0.6299609375 0.646384375 0.6282234375 0.6485890625 0.6254953125 0.6529984375 0.6247515625 0.6732796875 0.626240625 0.68959375 0.6252484375 0.69444375 0.6232640625 0.69753125 0.6202875 0.7045859375 0.6185515625 0.7288359375 0.6200390625 0.923721875 0.595734375 0.9263671875 0.5922625 0.9259265625 0.584078125 0.9171078125 0.576884375 0.91534375 0.572171875 0.91049375 0.5674609375 0.8884484375 0.53521875 0.890653125 0.5290171875 0.8880078125 0.52256875 0.882715625 0.5178578125 0.8844796875 0.513640625 0.8703703125 0.4950390625 0.873015625 0.4861109375 0.8619921875 0.4719734375 0.8597890625 0.4670140625 0.8611109375 0.4630453125 0.85890625 0.459078125 0.84920625 0.447171875 0.8514109375 0.444196875 0.8514109375 0.4397328125 0.8403875 0.430059375 0.8271609375 0.42113125 0.8240734375 0.415178125 0.81216875 0.405009375 0.8015875 0.3928578125 0.7896828125 0.386409375 0.7861546875 0.3767359375 0.7720453125 0.369046875 0.7614640625 0.3611109375 0.750440625 0.356646875 0.7464734375 0.3494546875 0.745590625 0.3420140625 0.7323640625 0.33358125 0.7248671875 0.3244046875 0.7191359375 0.32118125 0.68959375 0.2951390625 0.6631390625 0.2822421875 0.664021875 0.279265625 0.6578484375 0.27579375 0.656525 0.2765375 0.651675 0.2762890625 0.6296296875 0.2673609375 0.626984375 0.2638890625 0.6194890625 0.259425 0.6119921875 0.2576890625 0.603615625 0.2576890625 0.5820109375 0.2522328125 0.579365625 0.2482640625 0.571428125 0.2442953125 0.5542328125 0.241815625 0.548059375 0.237846875 0.5410046875 0.2353671875 0.527778125 0.2338796875 0.5035265625 0.2279265625 0.4977953125 0.2239578125 0.491621875 0.221478125 0.4612 0.2157734375 0.4550265625 0.212796875 0.4435625 0.2095734375 0.4387125 0.2068453125 0.4276890625 0.2041171875 0.4096125 0.2033734375 0.4029984375 0.2041171875 0.3884484375 0.2001484375 0.348765625 0.1986609375 0.3381828125 0.1959328125 0.2623453125 0.1984125 0.23633125 0.203125 0.216490625 0.2053578125 0.2010578125 0.2053578125 0.151675 0.212053125 0.1291890625 0.2172625 0.1243390625 0.2202375 0.119046875 0.221478125 0.0952375 0.2239578125 0.0654765625 0.2286703125 0.04276875 0.23040625 0.0251328125 0.2328875 0.018959375 0.236359375 0.0207234375 0.2428078125 0.013228125 0.24454375 0.010140625 0.2485125 0.004409375 0.2522328125 0.00485 0.2562 0.0022046875 0.2599203125 0.0074953125 0.2688484375 0.013228125 0.271825 0.018078125 0.271578125 0.0202828125 0.2733140625 0.0273375 0.2755453125 0.0291 0.2807546875 0.028659375 0.283978125 0.0176359375 0.293403125 0.01366875 0.293403125 0.0061734375 0.2991078125 0 0.309771875
0 0.0035265625 0.0015625 0.005290625 0.0064484375 0.0022046875 0.0161203125 0.0026453125 0.227678125 0.004409375 0.233134375 0.00881875 0.23363125 0.0445328125 0.2264390625 0.05731875 0.222221875 0.083775 0.2177578125 0.0917109375 0.2135421875 0.1102296875 0.209078125 0.11860625 0.20386875 0.131834375 0.2013890625 0.1477078125 0.1951890625 0.1538796875 0.1939484375 0.170634375 0.1872515625 0.17504375 0.1842765625 0.2142859375 0.170634375 0.2186953125 0.1661703125 0.235009375 0.1567453125 0.23941875 0.15550625 0.2464734375 0.15079375 0.2561734375 0.146578125 0.259259375 0.1431046875 0.2711640625 0.1403765625 0.291446875 0.130953125 0.2993828125 0.12103125 0.3227515625 0.1078875 0.33465625 0.0959828125 0.3421515625 0.092509375 0.3465609375 0.087796875 0.35405625 0.084078125 0.36684375 0.0724203125 0.3743390625 0.0696921875 0.377865625 0.0642359375 0.38315625 0.0629953125 0.392415625 0.0629953125 0.39594375 0.06175625 0.3977078125 0.0587796875 0.4223984375 0.037203125 0.4241625 0.0327375 0.4276890625 0.0310015625 0.4276890625 0.027034375 0.4325390625 0.0203375 0.4365078125 0.0181046875 0.4448859375 0.009671875 0.45238125 0.0057046875 0.453703125 0.0015625 0.0035265625 0.0015625
1 0.0546734375 0.0811015625 0.0454140625 0.08209375 0.0401234375 0.084325 0.0401234375 0.090278125 0.04761875 0.0952375 0.05246875 0.0962296875 0.0564375 0.095734375 0.0634921875 0.091765625 0.0648140625 0.08755 0.0634921875 0.084078125 0.06040625 0.08209375 0.0546734375 0.0811015625
1 0.2901234375 0.0647328125 0.2888 0.066715625 0.288359375 0.0689484375 0.2910046875 0.071925 0.2985015625 0.07415625 0.3033515625 0.0736609375 0.3090828125 0.06944375 0.3090828125 0.064484375 0.302909375 0.0620046875 0.2954140625 0.0622515625 0.2901234375 0.0647328125
1 0.3417109375 0.0235609375 0.3373015625 0.02579375 0.33465625 0.0287703125 0.335096875 0.0327375 0.3377421875 0.0342265625 0.3430328125 0.0344734375 0.349646875 0.0327375 0.3518515625 0.0282734375 0.34920625 0.0235609375 0.3417109375 0.0235609375
0 0.9421875 0.7640625 0.9703125 0.7578125 0.9984375 0.7421875 0.9984375 0.3671875 0.975 0.3921875 0.9609375 0.4171875 0.959375 0.4359375 0.9484375 0.4484375 0.925 0.6390625 0.8890625 0.725 0.875 0.7375 0.875 0.7640625 0.9421875 0.7640625
0 0.553125 0.9609375 0.66875 0.8734375 0.7 0.8296875 0.6921875 0.8234375 0.6875 0.8 0.6640625 0.8 0.6515625 0.8125 0.553125 0.853125 0.3 0.9015625 0.175 0.903125 0.10625 0.91875 0.040625 0.9515625 0.0421875 0.975 0.0125 0.9984375 0.4625 1 0.553125 0.9609375
0 0.5421875 0.0609375 0.5984375 0.109375 0.8015625 0.2265625 0.94375 0.2234375 0.98125 0.23125 0.984375 0.221875 0.99375 0.221875 0.9390625 0.1984375 0.934375 0.1875 0.9359375 0.1359375 0.9296875 0.128125 0.9296875 0.1140625 0.9359375 0.1109375 0.9390625 0.096875 0.9328125 0.0828125 0.9328125 0.0515625 0.9453125 0.0296875 0.959375 0.03125 0.9828125 0.015625 0.9984375 0.015625 0.9828125 0.0015625 0.528125 0.0015625 0.525 0.0296875 0.5421875 0.0609375
1 0.4515625 0.90625 0.4578125 0.8890625 0.446875 0.8859375 0.4390625 0.89375 0.4328125 0.8921875 0.4328125 0.90625 0.4515625 0.90625
1 0.65 0.8734375 0.6484375 0.8546875 0.6359375 0.8578125 0.634375 0.875 0.65 0.8734375
1 0.0640625 0.9875 0.06875 0.978125 0.0515625 0.9703125 0.0453125 0.984375 0.0640625 0.9875
1 0.9953125 0.7328125 0.9828125 0.728125 0.975 0.73125 0.975 0.7390625 0.9953125 0.7328125
1 0.73125 0.090625 0.734375 0.0765625 0.7171875 0.0703125 0.709375 0.084375 0.73125 0.090625
1 0.8015625 0.0234375 0.80625 0.0109375 0.7796875 0.015625 0.775 0.01875 0.7796875 0.0234375 0.8015625 0.0234375
1 0.6734375 0.134375 0.6828125 0.1234375 0.6609375 0.1171875 0.65625 0.128125 0.6625 0.134375 0.6734375 0.134375
1 0.7453125 0.140625 0.74375 0.128125 0.73125 0.13125 0.73125 0.14375 0.7453125 0.140625
1 0.9375 0.134375 0.9375 0.11875 0.9234375 0.11875 0.921875 0.1359375 0.9375 0.134375
1 0.878125 0.1203125 0.88125 0.1046875 0.859375 0.1015625 0.8546875 0.1171875 0.878125 0.1203125
1 0.6078125 0.0796875 0.603125 0.0671875 0.6015625 0.0796875 0.6078125 0.0796875