1 0.36235237890625 0.487573552734375 0.366110294921875 0.493971439453125 0.3725866181640625 0.4958910048828125 0.378489021484375 0.4919153974609375 0.381031466796875 0.48695992578125 0.3836667109375 0.4766641611328125 0.38545548828125 0.4479308583984375 0.3813625625 0.432551234375 0.3795710576171875 0.429589201171875 0.3731716748046875 0.4303601083984375 0.3670094150390625 0.42804575 0.363059189453125 0.4292045654296875 0.3574917958984375 0.44216191015625 0.3604100810546875 0.4792310634765625 0.36235237890625 0.487573552734375
1 0.4789043779296875 0.576119892578125 0.4704678671875 0.5738914453125 0.4697026923828125 0.5755563056640625 0.4642251728515625 0.5974549794921875 0.4649498857421875 0.6087306083984375 0.467658900390625 0.615408482421875 0.4768461083984375 0.6097209677734375 0.4810339462890625 0.60547380078125 0.4905531083984375 0.5913578857421875 0.489037564453125 0.5866535078125 0.4789043779296875 0.576119892578125
1 0.371125083984375 0.5304788291015625 0.3668844208984375 0.5271288876953125 0.35877823828125 0.5307554501953125 0.3525742177734375 0.54137979296875 0.3518538583984375 0.54751608984375 0.354670150390625 0.555104771484375 0.3597065693359375 0.55500864453125 0.36498165625 0.5518274970703125 0.372472189453125 0.537834814453125 0.3729165888671875 0.5334408623046875 0.371125083984375 0.5304788291015625
1 0.4603032412109375 0.5191587470703125 0.4590006240234375 0.530559396484375 0.460829177734375 0.534865650390625 0.4666400810546875 0.5362321240234375 0.4709351953125 0.5328957646484375 0.4752466572265625 0.5215255517578125 0.4765186923828125 0.5119061103515625 0.474797904296875 0.508507578125 0.4674167607421875 0.509124572265625 0.4603032412109375 0.5191587470703125
1 0.573967720703125 0.445199541015625 0.567996388671875 0.4496103486328125 0.5623968701171875 0.46434865625 0.560735130859375 0.471674205078125 0.562961154296875 0.4814015673828125 0.5671007646484375 0.4869676728515625 0.5714409375 0.4881012060546875 0.586286712890625 0.47839946484375 0.5919758623046875 0.4726040302734375 0.5963256708984375 0.4625798251953125 0.5983322998046875 0.453076732421875 0.5974005556640625 0.4431082470703125 0.594768724609375 0.439119302734375 0.5821301416015625 0.4348853779296875 0.5763575859375 0.434864912109375 0.575881306640625 0.44103828515625 0.573967720703125 0.445199541015625
1 0.5710043759765625 0.4036604951171875 0.5701013427734375 0.4061957548828125 0.5731694814453125 0.4169487294921875 0.57443163671875 0.4184885693359375 0.5798818740234375 0.41577969921875 0.584974287109375 0.408997515625 0.5853046982421874 0.4005688701171875 0.583896673828125 0.3967737578125 0.5803600224609375 0.3953213720703125 0.5710043759765625 0.4036604951171875
1 0.4689357900390625 0.407582359375 0.4641880205078125 0.4121885419921875 0.4655721748046875 0.420888748046875 0.46975167578125 0.4278011064453125 0.472898623046875 0.426959599609375 0.47568466015625 0.422044291015625 0.4764754912109375 0.4154730390625 0.4745010693359375 0.4089115126953125 0.4732389140625 0.4073716728515625 0.4689357900390625 0.407582359375
1 0.3952902138671875 0.3731518193359375 0.399623919921875 0.371159923828125 0.402756388671875 0.3640673154296875 0.401930623046875 0.3550078505859375 0.3996115556640625 0.3506223251953125 0.3952713818359375 0.3494887919921875 0.3904002333984375 0.3612164765625 0.392764115234375 0.3700734375 0.3952902138671875 0.3731518193359375
1 0.2415293798828125 0.3974569365234375 0.243413927734375 0.3950771328125 0.250227373046875 0.3916919384765625 0.252386337890625 0.3875695458984375 0.2559183916015625 0.371611548828125 0.254089837890625 0.3673052958984375 0.2512574423828125 0.367748923828125 0.2344146748046875 0.37579601953125 0.2329519560546875 0.378688751953125 0.23039186328125 0.3916762880859375 0.233691146484375 0.396215482421875 0.2390112919921875 0.397504228515625 0.2415293798828125 0.3974569365234375
1 0.26207112890625 0.6466840859375 0.26034668359375 0.657571806640625 0.2634695166015625 0.6616369365234375 0.266928984375 0.660400392578125 0.270550912109375 0.6533837255859375 0.2728555009765625 0.6515181494140625 0.2760123291015625 0.639517361328125 0.27318155859375 0.625677578125 0.2736580830078125 0.619502662109375 0.271369353515625 0.6133374716796876 0.2691961552734375 0.6112072197265624 0.266570546875 0.61034524609375 0.25964982421875 0.6128196328125 0.2563103232421875 0.621219384765625 0.2616734140625 0.641264521484375 0.26207112890625 0.6466840859375
1 0.4101674287109375 0.7009429052734375 0.408866681640625 0.6980586005859375 0.4030943701171875 0.6980365908203126 0.399862390625 0.707345607421875 0.4004282998046875 0.710115107421875 0.4050524443359375 0.7126319697265625 0.4091021796875 0.70925674609375 0.4101674287109375 0.7009429052734375
1 0.4553293427734375 0.6393478857421875 0.4541886982421875 0.644971498046875 0.454653798828125 0.649955619140625 0.458849646484375 0.6488341240234375 0.4607502978515625 0.6384220107421875 0.4566542041015625 0.6373255537109375 0.4553293427734375 0.6393478857421875
1 0.4476225712890625 0.5421487236328125 0.4516355029296875 0.5374277353515625 0.4536501416015625 0.5310503154296875 0.4541634697265625 0.5262211630859375 0.4524105576171875 0.5246035947265625 0.4507649208984375 0.523896833984375 0.44601715234375 0.5285030166015625 0.4442175546875 0.5366989658203125 0.4476225712890625 0.5421487236328125
1 0.5125478388671875 0.66492782421875 0.5118453701171874 0.6630305126953125 0.507925482421875 0.6624096630859375 0.5044719931640625 0.66677472265625 0.5030846708984374 0.6723576826171875 0.5028231884765625 0.6803511279296875 0.5042698037109375 0.685490705078125 0.508603509765625 0.683498810546875 0.511251689453125 0.67945390234375 0.513091421875 0.672602662109375 0.5125478388671875 0.66492782421875
1 0.4864004501953125 0.6112342275390625 0.4858485302734375 0.6147189150390625 0.4867048779296875 0.621997171875 0.4903265615234375 0.6149820478515625 0.49094741015625 0.61106216015625 0.4889120703125 0.6080615068359375 0.4864004501953125 0.6112342275390625
1 0.4870101318359375 0.4028563115234375 0.4874864111328125 0.3966829384765625 0.4828319296875 0.3959457412109375 0.480251380859375 0.399553662109375 0.4795616025390625 0.40390875 0.480273625 0.4089319794921875 0.48527299609375 0.4074916328125 0.4870101318359375 0.4028563115234375
1 0.59310084375 0.429034224609375 0.5948923486328125 0.4319962578125 0.599760083984375 0.434553283203125 0.6014907529296875 0.4267925341796875 0.59976996484375 0.423394001953125 0.59721328515625 0.422096828125 0.594977380859375 0.423528748046875 0.5934071416015625 0.4255122158203125 0.59310084375 0.429034224609375
1 0.1938714482421875 0.376517228515625 0.1930438125 0.381742716796875 0.1945593564453125 0.38644709375 0.201890728515625 0.3956431298828125 0.209667798828125 0.400447 0.2171020947265625 0.3931419169921875 0.216391615234375 0.3881189326171875 0.21049108203125 0.3778095859375 0.19593090234375 0.3746112451171875 0.1938714482421875 0.376517228515625
1 0.4976420146484375 0.8018489541015625 0.4925224326171875 0.7961276357421875 0.487905 0.7967346591796876 0.48630572265625 0.8004995791015626 0.4878888974609375 0.8047669677734375 0.490199953125 0.8060268203125 0.494326873046875 0.8053405263671874 0.4976420146484375 0.8018489541015625
1 0.557503580078125 0.6506202392578125 0.559003103515625 0.6490732705078125 0.561646603515625 0.6419016357421875 0.560023537109375 0.636287994140625 0.5576049599609375 0.634118876953125 0.55410665625 0.6340125 0.5518932412109375 0.644821193359375 0.5535451005859375 0.64865492578125 0.557503580078125 0.6506202392578125
1 0.5074517685546875 0.392702515625 0.5061043359375 0.399631728515625 0.5133380673828125 0.3967592177734375 0.51364615234375 0.39323591015625 0.5123068134765625 0.389007140625 0.5105233193359375 0.3891707802734375 0.5074517685546875 0.392702515625
1 0.2511074052734375 0.5177202861328125 0.24805374609375 0.5132184130859375 0.2454664853515625 0.5137024482421875 0.2443180732421875 0.5161988447265625 0.244117509765625 0.5206314169921875 0.2461543935546875 0.5236323134765625 0.2528058671875 0.52602415625 0.2511074052734375 0.5177202861328125
1 0.62720746484375 0.6290731103515625 0.625975890625 0.6257520625 0.6245756328125 0.625084166015625 0.6211529697265625 0.6276664736328125 0.6207775 0.6316252255859375 0.6231960771484375 0.6337943427734375 0.624557986328125 0.6331162314453125 0.62720746484375 0.6290731103515625
1 0.573773982421875 0.714356439453125 0.573713064453125 0.7179173125 0.5781221669921875 0.7186156455078125 0.5790941279296875 0.715645185546875 0.578773353515625 0.7129160927734375 0.5751677724609375 0.7118989072265625 0.573773982421875 0.714356439453125
1 0.3127369765625 0.7136358203125 0.3168701181640625 0.716076498046875 0.31928247265625 0.715118642578125 0.3202160859375 0.710802173828125 0.31951207421875 0.7089046181640625 0.31485913671875 0.7081676650390625 0.3127369765625 0.7136358203125
0 0.3145412421875 0.33759462890625 0.312343685546875 0.3403725556640625 0.305491892578125 0.3424117431640625 0.292674990234375 0.3519887080078125 0.27735634765625 0.3535791123046875 0.274316921875 0.3553298837890625 0.271912578125 0.359413412109375 0.25897546484375 0.361828712890625 0.2525501796875 0.3675075556640625 0.2511016943359375 0.376652931640625 0.24780078515625 0.3863971484375 0.236419677734375 0.3805763369140625 0.23400732421875 0.3815341923828125 0.22067249609375 0.378529927734375 0.21542774609375 0.3799314111328125 0.212181533203125 0.3829877822265625 0.2089897705078125 0.3793578525390625 0.204688189453125 0.3795687841796875 0.2044122294921875 0.3813111279296875 0.2616681318359375 0.6698341845703125 0.2637355966796875 0.6710538740234375 0.2664122431640625 0.6795142548828125 0.267990494140625 0.6806564599609375 0.26843148046875 0.6905472177734375 0.269878095703125 0.695686794921875 0.272686376953125 0.7001498037109375 0.2759776494140625 0.7015633251953125 0.2795668828125 0.71061436328125 0.27971921875 0.7159950634765625 0.2831322451171875 0.724570494140625 0.2896150361328125 0.72961548828125 0.2948563720703125 0.7424987158203125 0.3150618251953125 0.7671268203125 0.324208572265625 0.774379794921875 0.3287941240234375 0.7755521923828125 0.3296745859375 0.7779238134765625 0.3373137978515625 0.783598083984375 0.3402296005859375 0.788970357421875 0.3442938134765625 0.7918462353515625 0.34426193359375 0.7936256552734375 0.351472849609375 0.7956615693359375 0.35691475 0.8041122236328125 0.3706776298828125 0.810756388671875 0.3799689462890625 0.8202628486328125 0.3925627138671875 0.8200253359375 0.3993598125 0.824673994140625 0.4072607509765625 0.8223532763671875 0.4220197060546875 0.82112034375 0.4353866591796875 0.82234364453125 0.4483927021484375 0.8194931435546875 0.4596921904296875 0.8194967548828125 0.471857662109375 0.815620884765625 0.47990292578125 0.8155551953125 0.4876512841796875 0.8078553203125 0.520364615234375 0.7947331318359375 0.54090576171875 0.7823629267578125 0.5446046298828126 0.778036732421875 0.5580180224609375 0.76944805859375 0.5778857392578125 0.75339908984375 0.59649130078125 0.73581028125 0.602072927734375 0.7291055810546875 0.6080315693359375 0.7184423740234375 0.6100218505859375 0.7169731337890625 0.6250641630859375 0.6711416962890625 0.630164341796875 0.667486728515625 0.636604431640625 0.6537737890625 0.6444798271484375 0.6246661591796875 0.649008201171875 0.600829521484375 0.6483496884765625 0.5574233564453125 0.637899466796875 0.515590740234375 0.62145696875 0.4687924013671875 0.617346396484375 0.4614448427734375 0.6107836123046875 0.43629923828125 0.6073705849609375 0.4277238076171875 0.6058102255859374 0.418547994140625 0.6006315947265625 0.402102595703125 0.596451849609375 0.3951917802734375 0.5944022763671875 0.3859384833984375 0.5904616865234374 0.375939560546875 0.585762390625 0.3707309267578125 0.584339888671875 0.360684712890625 0.5805130439453124 0.35472202734375 0.5700655498046875 0.3445847470703125 0.5430531181640625 0.326467265625 0.5414378193359375 0.32398083984375 0.5257919345703125 0.3197167236328125 0.5165376669921875 0.311554484375 0.4578929306640625 0.3044982392578125 0.448835814453125 0.3061881376953125 0.436970171875 0.3034165693359375 0.4329748876953125 0.3001054921875 0.4260093505859375 0.2981084423828125 0.41287005859375 0.299153369140625 0.4071843935546875 0.2964667958984375 0.391904099609375 0.299403208984375 0.3878782333984375 0.2978733388671875 0.3821139326171875 0.3009770029296875 0.3748545439453125 0.3087559052734375 0.3634008505859375 0.317656546875 0.36075112890625 0.3217012109375 0.347268806640625 0.3307250849609375 0.3357319501953125 0.3338082822265625 0.331436591796875 0.337146185546875 0.3223040791015625 0.3361458544921875 0.3145412421875 0.33759462890625
1 0.8529937109375 0.7572405654296875 0.8573336396484375 0.758375642578125 0.860549515625 0.757098935546875 0.87126060546875 0.7449562724609375 0.8747926591796875 0.728998275390625 0.87813992578125 0.7237257392578125 0.8809886689453125 0.715248259765625 0.879389716796875 0.7047279814453125 0.875394677734375 0.7014153603515625 0.86969259375 0.7009599384765625 0.861270560546875 0.7049825927734376 0.85474730859375 0.712878087890625 0.8502723310546875 0.7300250927734375 0.84963537890625 0.7419772900390625 0.8529937109375 0.7572405654296875
1 0.9062651494140626 0.7696961533203125 0.915393064453125 0.7532861015625 0.9182418076171875 0.74480862109375 0.916468193359375 0.7338129794921875 0.9115155078125 0.72543980859375 0.9054301875 0.7258159228515625 0.8962429794921875 0.7315034375 0.89376970703125 0.736022166015625 0.89245932421875 0.7442955986328125 0.8916765029296875 0.7539925234375 0.8929466689453125 0.7586580361328125 0.90066127734375 0.7670225361328125 0.9062651494140626 0.7696961533203125
1 0.8476486953125 0.8988003818359375 0.8470297158203125 0.88843531640625 0.8419471826171875 0.88405821875 0.8407923037109375 0.8834291865234375 0.8327213828125 0.8884012685546875 0.8292214541015624 0.9025783017578125 0.82964975 0.906216658203125 0.8355808642578125 0.914744796875 0.836919958984375 0.9189751103515625 0.839231259765625 0.9202334189453125 0.8437028232421875 0.917371123046875 0.8476486953125 0.8988003818359375
0 0.9270403427734375 1 0.9902574208984375 0.60086307421875 0.97660828515625 0.598255146484375 0.973569103515625 0.6000043740234375 0.967621640625 0.599510087890625 0.9664027578125 0.6024414404296875 0.9581890537109375 0.60515873828125 0.9556468525390625 0.610112666015625 0.9430530849609375 0.6103501787109376 0.935083216796875 0.6131060966796875 0.9172301396484375 0.6227776455078124 0.9133550673828125 0.626628232421875 0.9092988642578125 0.6268780283203125 0.9043059609375 0.631443802734375 0.89392552734375 0.63515627734375 0.8910993544921875 0.6387268759765625 0.88613833203125 0.6415132314453125 0.8831294873046875 0.6414827939453125 0.8794308642578125 0.6458074462890625 0.8577957568359375 0.6539877451171875 0.8516173935546875 0.6597056962890625 0.8433718095703125 0.6642024150390625 0.8390010546875 0.6648500888671875 0.8347059404296875 0.66818644921875 0.8251274853515626 0.671579826171875 0.810175732421875 0.6803725478515625 0.7798426318359375 0.6943178447265625 0.773181521484375 0.703083740234375 0.76607446875 0.71624334375 0.7295802109375 0.7738530302734375 0.7250778212890625 0.7784980771484376 0.72161494140625 0.7940193310546875 0.7228609931640625 0.80359148046875 0.7295792822265625 0.819834619140625 0.73074839453125 0.8267162958984375 0.741529271484375 0.8601187236328125 0.7504979423828125 0.881181044921875 0.765214810546875 0.9071720126953124 0.7923501826171875 0.9641464951171875 0.7951201162109375 0.96726349609375 0.7984639697265625 0.976275669921875 0.80959160546875 0.993215599609375 0.810861771484375 0.9978811123046875 0.8123209501953125 1 0.9270403427734375 1
1 0.9646114267578125 0.6914397431640625 0.968462140625 0.6924973359375 0.9761866298828125 0.6897025537109375 0.976669376953125 0.686654609375 0.9747094326171875 0.6863441845703125 0.9716557734375 0.6818423115234375 0.9671777412109375 0.6815791787109375 0.965325318359375 0.6821780185546875 0.962920974609375 0.6862615458984375 0.9646114267578125 0.6914397431640625
1 0.9694242109375 0.623007931640625 0.9645243505859376 0.6222318701171875 0.9621200078125 0.6263153984375 0.96677448828125 0.627052595703125 0.9694242109375 0.623007931640625
1 0.8144986181640625 0.9511370439453125 0.811759265625 0.946238833984375 0.80728745703125 0.9491026728515625 0.8056868798828125 0.9528658056640625 0.809162369140625 0.957880607421875 0.8126220810546875 0.9566425205078125 0.81401587109375 0.95418498828125 0.8144986181640625 0.9511370439453125
1 0.9689028720703124 0.624711412109375 0.9701202119140625 0.6217798154296875 0.964631626953125 0.6231426787109375 0.9689028720703124 0.624711412109375
1 0.814501345703125 0.9828323798828125 0.8166504296875 0.98986926953125 0.820081103515625 0.990412634765625 0.82381030859375 0.984306775390625 0.821422068359375 0.9803579931640625 0.817571109375 0.9793019443359375 0.814501345703125 0.9828323798828125
1 0.8164819912109375 0.9925208779296875 0.815885255859375 0.99153412890625 0.813933322265625 0.9943493779296875 0.816627859375 0.994776150390625 0.8164819912109375 0.9925208779296875
0 0.713933654296875 0.5576134130859375 0.7395892197265626 0.5854065068359375 0.7524865126953125 0.623834703125 0.76986021484375 0.643988171875 0.79659890234375 0.61500165234375 0.8733449921875 0.48003319921875 0.9298752822265625 0.322879158203125 0.9486052548828126 0.224599181640625 0.9512316416015625 0.1680639970703125 0.951979287109375 0.133378923828125 0.9376297802734375 0.0741550224609375 0.9285379404296875 0.0616411787109375 0.82822584375 0.0457533037109375 0.792289908203125 0.1128325419921875 0.729984375 0.2864736181640625 0.7061357548828125 0.387106833984375 0.6901568310546875 0.507970208984375 0.6918391142578125 0.557277935546875 0.713933654296875 0.5576134130859375
0 0.3696760205078125 0.90332848046875 0.3495225517578125 0.9207021826171875 0.3330211572265625 0.9449822236328125 0.3232583623046875 0.9766574609375 0.3834456201171875 0.986190185546875 0.3908072041015625 0.8797817265625 0.38642184375 0.8775051767578125 0.3696760205078125 0.90332848046875
0 0.2095646845703125 0.575811775390625 0.2110312578125 0.566552197265625 0.2020161083984375 0.563542361328125 0.178330333984375 0.49334787890625 0.17557928515625 0.4707644814453125 0.181354529296875 0.4542774453125 0.1918362509765625 0.448027703125 0.1942805400390625 0.4325950732421875 0.166746234375 0.4266520908203125 0.1357899248046875 0.442314791015625 0.1265303466796875 0.4408482177734375 0.1182341240234375 0.463263876953125 0.1094826572265625 0.5884359208984375 0.11359487109375 0.652366302734375 0.121541255859375 0.6821004677734375 0.1703170478515625 0.7736705625 0.1945970888671875 0.79017195703125 0.241139408203125 0.7959615595703124 0.247801318359375 0.7938527490234375 0.24123045703125 0.7754102822265625 0.254247517578125 0.7331766328125 0.239744630859375 0.654944716796875 0.228879458984375 0.613674423828125 0.2095646845703125 0.575811775390625
0 0.147278080078125 0.3697814287109375 0.1235012568359375 0.3201382236328125 0.1160293701171875 0.31737281640625 0.095554783203125 0.3267857744140625 0.0598009453125 0.3527624580078125 0.03460551953125 0.38199340625 0.0093190458984375 0.4317756318359375 0.00443046875 0.462640892578125 0.0134168994140625 0.525761296875 0.0081161552734375 0.5692170908203125 0.04291153125 0.679138603515625 0.0580230419921875 0.6736221474609375 0.10792503515625 0.6182467763671875 0.1145197197265625 0.4167982470703125 0.1414884775390625 0.416323748046875 0.1535134638671875 0.410318435546875 0.1549800361328125 0.4010588564453125 0.147278080078125 0.3697814287109375
0 0.537138826171875 0.2954793037109375 0.5179007421875 0.267120662109375 0.49695165625 0.2495648623046875 0.4647875615234375 0.2428885927734375 0.446833953125 0.246372927734375 0.4041737763671875 0.276001685546875 0.3991318203125 0.287858931640625 0.4089569453125 0.2957429853515625 0.5262449365234375 0.314319578125 0.537138826171875 0.2954793037109375
1 0.8943417255859375 0.0578070068359375 0.880696787109375 0.054063884765625 0.8792302138671875 0.063323462890625 0.886702099609375 0.0660888701171875 0.8943417255859375 0.0578070068359375
1 0.8856813076171876 0.1624277744140625 0.8819381845703125 0.176072712890625 0.887133521484375 0.18322348046875 0.8963164091796875 0.175186046875 0.897217435546875 0.1595089873046875 0.8856813076171876 0.1624277744140625
1 0.9191106240234375 0.0712218759765625 0.9049768271484375 0.070565279296875 0.9001792998046875 0.0808792626953125 0.915123072265625 0.0864100771484375 0.9196761708984375 0.077639357421875 0.9191106240234375 0.0712218759765625
1 0.1529671689453125 0.53362609765625 0.1532739287109375 0.5716421259765625 0.1594469814453125 0.572619841796875 0.16733103515625 0.5627947158203125 0.1675898232421875 0.53119616796875 0.1529671689453125 0.53362609765625
1 0.1397200400390625 0.5473477265625 0.125830671875 0.5451478662109375 0.1237075029296875 0.5685412412109375 0.1339447958984375 0.56383476171875 0.1397200400390625 0.5473477265625
1 0.141474119140625 0.4463790322265625 0.13692101953125 0.4551497529296875 0.1521859111328125 0.4686413115234375 0.156983439453125 0.458327328125 0.1535757939453125 0.4498777265625 0.141474119140625 0.4463790322265625
1 0.165850103515625 0.602109578125 0.16210698046875 0.6157545166015626 0.168845580078125 0.623149712890625 0.1757519189453125 0.619497638671875 0.180228328125 0.6012229111328125 0.165850103515625 0.602109578125
1 0.1774485615234375 0.63875008203125 0.166645720703125 0.637039080078125 0.166233552734375 0.64962961328125 0.17598198828125 0.64800966015625 0.1774485615234375 0.63875008203125
1 0.2039141025390625 0.6714173935546875 0.200659837890625 0.6819758056640625 0.2104849638671875 0.6898598603515625 0.2181245888671875 0.6815779970703125 0.215771349609375 0.6764593505859375 0.2039141025390625 0.6714173935546875
1 0.2124883662109375 0.7471283310546875 0.226454423828125 0.7588321982421875 0.2348273349609375 0.7459205458984375 0.2124883662109375 0.7471283310546875
1 0.0547974951171875 0.6240699921875 0.0478911572265625 0.6277220654296874 0.0411381982421875 0.6503821533203125 0.05982509375 0.642268029296875 0.0635682158203125 0.6286230908203125 0.0547974951171875 0.6240699921875
1 0.0186889267578125 0.542416072265625 0.008940490234375 0.5440360244140625 0.00924725 0.582052052734375 0.0207833779296875 0.579133265625 0.0186889267578125 0.542416072265625
1 0.010756900390625 0.4826266220703125 0.0188853837890625 0.4712582333984375 0.0210085537109375 0.447864859375 0.0135366669921875 0.4450994521484375 0.0076847333984375 0.45208248046875 0.004751587890625 0.47060163671875 0.010756900390625 0.4826266220703125
1 0.0834243896484375 0.3833976484375 0.0692905927734375 0.3827410517578125 0.066036328125 0.39329946484375 0.0783824326171875 0.3952548955078125 0.0834243896484375 0.3833976484375
1 0.1398061943359375 0.367016021484375 0.1441148642578125 0.3597885634765625 0.1385984091796875 0.3446770517578125 0.1300721171875 0.3385806904296875 0.1268178525390625 0.3491391025390625 0.1294922109375 0.3622184931640625 0.1398061943359375 0.367016021484375
1 0.3800523349609375 0.9476852998046875 0.3716027333984375 0.9510929453125 0.3695562529296875 0.983990326171875 0.3803590947265625 0.985701328125 0.3821611455078125 0.9543472099609375 0.3800523349609375 0.9476852998046875
1 0.341638498046875 0.93052730859375 0.33147789453125 0.944737794921875 0.333586705078125 0.951399705078125 0.345856119140625 0.9438511279296875 0.3493548134765625 0.931749453125 0.341638498046875 0.93052730859375
1 0.3321201318359375 0.960659283203125 0.325947080078125 0.9596815673828125 0.3201718359375 0.976168603515625 0.3294314140625 0.97763517578125 0.3321201318359375 0.960659283203125
1 0.446742904296875 0.266924205078125 0.4326091083984375 0.2662676083984375 0.4308981064453125 0.27707044921875 0.44584187890625 0.282601263671875 0.446742904296875 0.266924205078125
1 0.4212263603515625 0.2881944091796875 0.4078258505859375 0.2829080234375 0.4006750830078125 0.2881033603515625 0.4133423056640625 0.29801953515625 0.4212263603515625 0.2881944091796875
1 0.4533281240234375 0.25531138671875 0.44885171484375 0.2735861142578125 0.4663164658203125 0.2731883056640625 0.471113994140625 0.262874322265625 0.467461919921875 0.2559679833984375 0.4533281240234375 0.25531138671875
1 0.518619669921875 0.2925461572265625 0.51447873828125 0.2887263447265625 0.5104144970703125 0.2944105390625 0.51771864453125 0.3082232158203125 0.518619669921875 0.2925461572265625
1 0.68947119140625 0.0728180048828125 0.6804560419921875 0.0698081689453125 0.6816638271484375 0.0921471376953125 0.6916566923828125 0.088983921875 0.68947119140625 0.0728180048828125
1 0.69087543359375 0.0239991357421875 0.6833124990234375 0.041785005859375 0.6875301201171875 0.0551088251953125 0.6921599091796875 0.0558421123046875 0.6981795810546875 0.0378118134765625 0.6985917490234375 0.0252212802734375 0.69087543359375 0.0239991357421875
1 0.6913548271484375 0.210748322265625 0.6971300703125 0.1942612861328125 0.691613615234375 0.1791497744140625 0.684141728515625 0.1763843671875 0.6775565087890625 0.187997185546875 0.679742009765625 0.2041631015625 0.6913548271484375 0.210748322265625
1 0.7076597646484375 0.257626119140625 0.720983583984375 0.253408498046875 0.7213190625 0.2313139580078125 0.70921738671875 0.2278152646484375 0.7036098818359375 0.233255029296875 0.702464427734375 0.2504753515625 0.7076597646484375 0.257626119140625
1 0.7645398916015625 0.04832225390625 0.7577102431640625 0.0614783349609375 0.760140171875 0.07610098828125 0.7763060888671875 0.07391548828125 0.7792392353515625 0.0553963310546875 0.7645398916015625 0.04832225390625
0 0.739747169921875 0.2547983818359375 0.789035642578125 0.1233909541015625 0.7827379296875 0.04329465625 0.781927953125 0.0384204384765625 0.743346376953125 0.032309716796875 0.7099937509765625 0.133019623046875 0.6932958984375 0.228457501953125 0.6786781396484375 0.390667859375 0.684151517578125 0.49594522265625 0.6905689990234375 0.49537967578125 0.739747169921875 0.2547983818359375
0 0.2919133837890625 0.2756231298828125 0.299140841796875 0.2799317998046875 0.3213264306640625 0.2597160009765625 0.3667304755859375 0.267698283203125 0.3806126630859375 0.28492578515625 0.3920864599609375 0.24244770703125 0.3888465546875 0.2229508349609375 0.351271412109375 0.1505564931640625 0.333164423828125 0.135032814453125 0.3068522626953125 0.1213735166015625 0.2997781845703125 0.1360728603515625 0.28471464453125 0.2112038916015625 0.2919133837890625 0.2756231298828125
1 0.3432963095703125 0.180932896484375 0.3485683359375 0.1975876708984375 0.35961560546875 0.19775541015625 0.36789746875 0.20539503515625 0.377080357421875 0.1973576015625 0.354679056640625 0.159006095703125 0.3429751904296875 0.17297215234375 0.3432963095703125 0.180932896484375
1 0.3537636728515625 0.2047384384765625 0.3458029287109375 0.2050595576171875 0.3440008779296875 0.23641367578125 0.3575691259765625 0.230652791015625 0.3537636728515625 0.2047384384765625
1 0.358134673828125 0.2370702724609375 0.3554459560546875 0.254046166015625 0.3608857216796875 0.259653669921875 0.3693353232421875 0.256246025390625 0.3676386806640625 0.23699358203125 0.358134673828125 0.2370702724609375
1 0.30786358984375 0.21487032421875 0.29860401171875 0.2134037509765625 0.297137439453125 0.2226633291015625 0.3080169697265625 0.233878337890625 0.30786358984375 0.21487032421875
1 0.29557981640625 0.2524741845703125 0.2977653173828125 0.2686401015625 0.3028072744140625 0.2567828544921875 0.29557981640625 0.2524741845703125
1 0.3761793310546875 0.21303466015625 0.37049513671875 0.2089704189453125 0.3675619912109375 0.2274895751953125 0.374223900390625 0.2253807646484375 0.3761793310546875 0.21303466015625
1 0.12282573046875 0.713943443359375 0.11518610546875 0.722225306640625 0.1155839140625 0.7396900576171875 0.1237890869140625 0.73782567578125 0.13208530859375 0.7154100166015624 0.12282573046875 0.713943443359375