1 0.4776118134765625 0.3996845068359375 0.486477462890625 0.4063206240234375 0.4953744755859375 0.39306874609375 0.495747947265625 0.387310580078125 0.4911960966796875 0.368398373046875 0.4823425869140625 0.369334580078125 0.47483780859375 0.3766085517578125 0.47517773828125 0.390735650390625 0.4776118134765625 0.3996845068359375
1 0.4013995810546875 0.2189891044921875 0.3961567578125 0.206851412109375 0.3838730654296875 0.2141955087890625 0.382289390625 0.21926524609375 0.3838292373046875 0.22650965234375 0.39281854296875 0.2312249609375 0.3990559462890625 0.228006232421875 0.4013995810546875 0.2189891044921875
1 0.5281992470703125 0.0339527978515625 0.5350142548828125 0.0334514853515625 0.5364739482421875 0.03030102734375 0.5344248349609375 0.0231632724609375 0.5277906552734375 0.017000103515625 0.522502798828125 0.0171784072265625 0.521235423828125 0.0212336513671875 0.5227755947265625 0.0284795849609375 0.5281992470703125 0.0339527978515625
1 0.48378006640625 0.1456284453125 0.4784934140625 0.1458048955078125 0.479206814453125 0.1541738271484375 0.48735753515625 0.152441337890625 0.4870977578125 0.1487091025390625 0.48378006640625 0.1456284453125
1 0.628314626953125 0.26447191015625 0.624045859375 0.264432001953125 0.622087509765625 0.275261759765625 0.6299216064453125 0.274542236328125 0.6306800390625 0.2705951708984375 0.628314626953125 0.26447191015625
1 0.7030465302734376 0.2703582158203125 0.69992115625 0.2681823447265625 0.6961631845703125 0.2680354619140625 0.69254068359375 0.2735385654296875 0.6937627021484375 0.2817977900390625 0.69734169921875 0.288610357421875 0.706500017578125 0.2790903896484375 0.7030465302734376 0.2703582158203125
1 0.7433464580078125 0.214462625 0.752154935546875 0.2258424150390625 0.7572504736328125 0.2247593251953125 0.7604193505859375 0.2146195244140625 0.753400208984375 0.20664525390625 0.744739017578125 0.2084862470703125 0.7433464580078125 0.214462625
1 0.7303222509765624 0.1131024208984375 0.726811916015625 0.1091154482421875 0.7221700029296875 0.1148352353515625 0.729507296875 0.12179621484375 0.7321103837890625 0.1165097939453125 0.7303222509765624 0.1131024208984375
1 0.7433944853515625 0.0393286669921875 0.75462522265625 0.052086517578125 0.7634222099609375 0.0558970400390625 0.7641001650390625 0.041553583984375 0.7559261396484375 0.028146009765625 0.7521678427734375 0.02799759765625 0.7433944853515625 0.0393286669921875
1 0.765873111328125 0.15761014453125 0.770469994140625 0.1642063544921875 0.77594896484375 0.1649346904296875 0.778553580078125 0.1596479453125 0.7770134091796875 0.1524020107421875 0.7700045546875 0.151998861328125 0.765873111328125 0.15761014453125
1 0.44042521875 0.0393576533203125 0.443550267578125 0.04153199609375 0.4482593154296875 0.0386381298828125 0.448316162109375 0.0338929287109375 0.4455074130859375 0.030704091796875 0.4404134033203125 0.031786857421875 0.44042521875 0.0393576533203125
1 0.58509023828125 0.0786576533203125 0.588916873046875 0.0816301318359375 0.5910796806640625 0.0792774853515625 0.5907515654296875 0.07272118359375 0.58864560546875 0.0703286298828125 0.584252857421875 0.072208001953125 0.58509023828125 0.0786576533203125
0 0.4474478818359375 0 0.418460546875 0.0061614482421875 0.394073990234375 0.0141851611328125 0.382380921875 0.0318156171875 0.3790296884765625 0.0486202236328125 0.3646885 0.0838530966796875 0.3052623671875 0.29527384765625 0.3066785576171875 0.3044390625 0.314332150390625 0.3103855478515625 0.3175125185546875 0.307815015625 0.3454196962890625 0.311349396484375 0.355371568359375 0.3205932236328125 0.357738833984375 0.3267176875 0.3682679853515625 0.33867740234375 0.396210609375 0.364924171875 0.4094233251953125 0.381993857421875 0.4194991787109375 0.3893184033203125 0.423972080078125 0.3978338935546875 0.445256892578125 0.40277590234375 0.4492193232421875 0.411399896484375 0.4560458212890625 0.4184678515625 0.4749755087890625 0.4248577197265625 0.4875438115234375 0.43638559765625 0.5609281875 0.4359322841796875 0.5839088408203125 0.426314478515625 0.59550276171875 0.4257430419921875 0.60739996484375 0.41658816796875 0.623510291015625 0.4122165498046875 0.6358496259765625 0.40012910546875 0.64553023046875 0.3980714296875 0.665182580078125 0.37780031640625 0.6783605009765625 0.3721606708984375 0.6952041015625 0.348700720703125 0.711937388671875 0.33473205078125 0.72946047265625 0.2969283193359375 0.7746281748046875 0.216332462890625 0.7899201142578125 0.1780573115234375 0.8020767177734375 0.1300366953125 0.8141326455078125 0.099075423828125 0.8147552822265625 0.08947684375 0.822782021484375 0.089663634765625 0.8326652314453125 0.0960818662109375 0.844507115234375 0.091671869140625 0.843668529296875 0.0852240703125 0.8485030869140625 0.0804105986328125 0.839886927734375 0.0699355947265625 0.8048236083984375 0.05277728125 0.794170150390625 0.042735318359375 0.7790323017578125 0.01660859765625 0.76673506640625 0 0.4474478818359375 0
0 0.6716613076171875 0.961903302734375 0.678461453125 0.9412890009765625 0.6914709755859375 0.9273418916015626 0.70770716015625 0.875968568359375 0.729060224609375 0.7660009609375 0.73134930078125 0.701618115234375 0.717683138671875 0.5847174091796875 0.68493103125 0.4606916962890625 0.6656901748046875 0.41526184375 0.6532714208984375 0.4019274599609375 0.6117769111328125 0.4171370185546875 0.5996460205078125 0.4277025546875 0.544950080078125 0.440925943359375 0.4820955908203125 0.438312005859375 0.4477630869140625 0.4120640537109375 0.4276285576171875 0.445097109375 0.405263908203125 0.57285121484375 0.4144190009765625 0.645983376953125 0.4500948662109375 0.783764291015625 0.50493067578125 0.8839270830078125 0.568648755859375 0.95824078125 0.579959970703125 0.9813950234375 0.592932494140625 0.989819478515625 0.65406671875 0.976824998046875 0.655823982421875 0.9700618515625 0.6716613076171875 0.961903302734375
1 0.5797843134765625 0.559716865234375 0.58857062890625 0.5259011328125 0.5792085859375 0.5119170244140625 0.569388728515625 0.5108094853515625 0.557257837890625 0.521375021484375 0.5683401455078125 0.5509675478515625 0.5797843134765625 0.559716865234375
1 0.6024876552734375 0.68907332421875 0.59201807421875 0.6849090732421875 0.592209982421875 0.700842353515625 0.6013801162109375 0.698893181640625 0.6024876552734375 0.68907332421875
1 0.623263783203125 0.8619694189453125 0.6343611318359375 0.8164806103515625 0.6304627880859375 0.7981403427734375 0.6236996416015625 0.796383080078125 0.6001835390625 0.82853750390625 0.6037570205078125 0.845349416015625 0.623263783203125 0.8619694189453125
1 0.5891012314453125 0.7989449775390625 0.59290362109375 0.8093186044921875 0.5948897919921875 0.796117173828125 0.5891012314453125 0.7989449775390625
1 0.562417421875 0.8988638193359375 0.557603447265625 0.9062766904296875 0.56367987109375 0.927348806640625 0.57581076171875 0.9167832705078125 0.5746442666015625 0.896264923828125 0.562417421875 0.8988638193359375
1 0.6412271484375 0.9539956181640625 0.6521545458984375 0.9452832998046875 0.6480272939453126 0.93338131640625 0.6406144228515624 0.928567341796875 0.633622369140625 0.93324836328125 0.63566749609375 0.9503851376953125 0.6412271484375 0.9539956181640625
1 0.4702444375 0.6756499013671875 0.46172402734375 0.6806557841796875 0.46747558984375 0.7001995458984375 0.4750214130859375 0.690608595703125 0.4702444375 0.6756499013671875
1 0.5049827158203125 0.78647418359375 0.49581258203125 0.78842335546875 0.499939833984375 0.8003253388671875 0.50572839453125 0.79749753515625 0.5049827158203125 0.78647418359375
1 0.678056888671875 0.526049126953125 0.6652762734375 0.5335579521484375 0.6743134541015625 0.546013705078125 0.6694994794921875 0.5534265751953125 0.6984422822265625 0.539287556640625 0.6944479833984375 0.5129806494140625 0.6818962763671875 0.514051189453125 0.678056888671875 0.526049126953125
1 0.719078541015625 0.5987974716796876 0.7016169052734375 0.5993142431640625 0.719787220703125 0.6321923876953125 0.72404742578125 0.6296894462890625 0.719078541015625 0.5987974716796876
1 0.701144048828125 0.687272146484375 0.691649052734375 0.687692962890625 0.6957763046875 0.6995949462890625 0.701564865234375 0.696767142578125 0.701144048828125 0.687272146484375
1 0.6770961337890625 0.77704626953125 0.675663732421875 0.785337771484375 0.682943650390625 0.804556669921875 0.6868789931640625 0.800525373046875 0.6808025693359375 0.779453255859375 0.6770961337890625 0.77704626953125
1 0.7108968251953125 0.860913919921875 0.703255046875 0.8625382294921875 0.7047464033203125 0.8845849326171875 0.711413595703125 0.8783755556640624 0.7108968251953125 0.860913919921875
1 0.6659467451171875 0.9199879765625 0.6638646201171875 0.925222767578125 0.6677629638671875 0.94356303515625 0.67693309765625 0.94161386328125 0.6727098916015625 0.921745240234375 0.6659467451171875 0.9199879765625
1 0.6529961787109375 0.964273291015625 0.642851458984375 0.961637396484375 0.63748371484375 0.9739601962890625 0.65406671875 0.976824998046875 0.6529961787109375 0.964273291015625
1 0.6053744150390625 0.72520008984375 0.59870722265625 0.731409466796875 0.6058911865234375 0.7426617255859375 0.6132081025390625 0.7395090595703125 0.6053744150390625 0.72520008984375
1 0.663532841796875 0.7959033076171875 0.6600183154296875 0.8094296005859375 0.6687306337890625 0.820356998046875 0.672894884765625 0.809887416015625 0.6684427705078125 0.7964570771484375 0.663532841796875 0.7959033076171875
1 0.7313123017578125 0.7239896796875 0.724874017578125 0.7237607724609375 0.7208057216796875 0.742196994140625 0.7289642705078125 0.7580343203125 0.7313123017578125 0.7239896796875
1 0.6990468818359376 0.767588271484375 0.70558112109375 0.7757838193359375 0.7060389365234375 0.7629072509765625 0.6990468818359376 0.767588271484375
1 0.63137841796875 0.772387205078125 0.6234117783203125 0.7724831591796875 0.6226291005859375 0.783831373046875 0.6305957412109375 0.78373541796875 0.63137841796875 0.772387205078125
1 0.534347544921875 0.4511666171875 0.54097773828125 0.4673288046875 0.54319281640625 0.44768908984375 0.534347544921875 0.4511666171875
1 0.49103681640625 0.4428011181640625 0.4877511982421875 0.4498891259765625 0.4953559775390625 0.470636380859375 0.50443015625 0.460720568359375 0.5008566748046875 0.4439086572265625 0.49103681640625 0.4428011181640625
0 0 0.545036908203125 0.0494888251953125 0.7778635244140625 0.0769992265625 0.7720160087890625 0.112609220703125 0.75166761328125 0.135896416015625 0.7259514736328125 0.1512539697265625 0.6779597236328125 0.1514239208984375 0.641183234375 0.1829066640625 0.60893285546875 0.19572427734375 0.5790524658203124 0.240120587890625 0.524888337890625 0.2562238193359375 0.487919939453125 0.279835876953125 0.4637321552734375 0.266863353515625 0.4553077001953125 0.243288294921875 0.4571239189453125 0.2321689892578125 0.4499029580078125 0.21029223828125 0.4146178251953125 0.1699792646484375 0.375264396484375 0.169462494140625 0.3578027607421875 0.142675814453125 0.3219638583984375 0.0830479873046875 0.2819237080078125 0.0412656142578125 0.2732333466796875 0 0.28047587109375 0 0.545036908203125
1 0.109412640625 0.6389311572265625 0.1166336025390625 0.6278118515625 0.113384982421875 0.612528294921875 0.105418341796875 0.61262425 0.0957903935546875 0.6274499912109375 0.1014460009765625 0.6390271123046875 0.109412640625 0.6389311572265625
1 0.0785576650390625 0.6215284775390625 0.071565611328125 0.6262094990234375 0.074489369140625 0.63996469921875 0.0842132724609375 0.6331055986328125 0.0785576650390625 0.6215284775390625
1 0.1924756572265625 0.56376891015625 0.1763134697265625 0.570399103515625 0.1810904453125 0.5853577978515625 0.191464072265625 0.5815554072265625 0.1924756572265625 0.56376891015625
1 0.1208580185546875 0.317016931640625 0.1172475380859375 0.322576583984375 0.124527455078125 0.3417954833984375 0.1464782041015625 0.332337486328125 0.135262943359375 0.317149884765625 0.1208580185546875 0.317016931640625
1 0.12962929296875 0.358282533203125 0.1255609970703125 0.3767187548828125 0.1409405078125 0.381436775390625 0.1479325625 0.37675575390625 0.14370935546875 0.356887130859375 0.12962929296875 0.358282533203125
1 0.171965435546875 0.3620629658203125 0.157885373046875 0.3634583681640625 0.158306189453125 0.3729533642578125 0.1711827587890625 0.3734111787109375 0.171965435546875 0.3620629658203125
0 1 0.4474478818359375 0.9647091494140625 0.281417482421875 0.9566465546875 0.273546796875 0.9621102529296875 0.2691906376953125 0.940344498046875 0.166790810546875 0.8898868046875 0.1248014873046875 0.8443020419921875 0.1057374990234375 0.8110030810546875 0.114412818359375 0.7951877119140625 0.1752811376953125 0.7626563857421875 0.2476895791015625 0.72248328125 0.321722330078125 0.6599386123046875 0.3957180830078125 0.686363431640625 0.452400193359375 0.727465998046875 0.608196513671875 0.7480802998046875 0.614996658203125 0.7723640380859375 0.64657535546875 0.7951564189453125 0.656107349609375 0.81193133203125 0.6749054326171875 0.86395437890625 0.6941983291015625 0.870296708984375 0.6864605966796875 0.8634156513671875 0.6240269228515625 0.867350994140625 0.6199956259765625 0.9097830908203125 0.63174269921875 0.96046969140625 0.6672937373046876 0.970289548828125 0.6684012763671875 1 0.63857512890625 1 0.4474478818359375
1 0.984901423828125 0.60938617578125 0.97091731640625 0.6187482177734375 0.9731913505859375 0.62944670703125 0.9824574384765625 0.63546417578125 0.984901423828125 0.60938617578125
1 0.7334615087890625 0.5462206552734375 0.7197063076171875 0.5491444130859375 0.7180449990234375 0.5638742001953125 0.730921568359375 0.564332015625 0.7334615087890625 0.5462206552734375
1 0.780538837890625 0.2566678037109375 0.7741005537109374 0.2564388955078125 0.772343291015625 0.2632020419921875 0.7823550576171875 0.2802428623046875 0.780538837890625 0.2566678037109375
1 0.8332856064453125 0.23427428125 0.82944621875 0.24627221875 0.8375088125 0.254142904296875 0.8509391513671875 0.249690791015625 0.8485691630859376 0.2310256611328125 0.8332856064453125 0.23427428125
1 0.988437908203125 0.64856965234375 0.9792677744140625 0.65051882421875 0.977281603515625 0.6637202548828125 0.988858724609375 0.6580646474609375 0.988437908203125 0.64856965234375
0 0.9093021083984375 0.922573041015625 0.876933818359375 0.830413888671875 0.840918048828125 0.7661859541015625 0.805190142578125 0.725857939453125 0.774660029296875 0.709983615234375 0.7617834599609375 0.7095257998046876 0.7518306494140625 0.722823185546875 0.750973974609375 0.7789145283203125 0.7389020400390625 0.81981826953125 0.754613328125 0.9538557490234375 0.9093021083984375 0.922573041015625
1 0.75042712109375 0.9116155615234375 0.7569983583984375 0.8974395439453124 0.7478652236328125 0.8770171513671875 0.75042712109375 0.9116155615234375
1 0.772466908203125 0.7823331005859375 0.764921083984375 0.79192405078125 0.77057669140625 0.8035011708984375 0.7787722392578125 0.7969669326171875 0.772466908203125 0.7823331005859375
1 0.7803815078125 0.879690044921875 0.77088651171875 0.880110861328125 0.7738102705078125 0.8938660625 0.7841838974609375 0.8900636728515625 0.7803815078125 0.879690044921875
1 0.7451484150390625 0.804113896484375 0.7382523154296875 0.81676155859375 0.74215066015625 0.835101826171875 0.749046759765625 0.8224541640625 0.7451484150390625 0.804113896484375
1 0.855824703125 0.858861876953125 0.846979431640625 0.8623394052734376 0.8517564072265625 0.877298099609375 0.8606016787109375 0.8738205712890625 0.855824703125 0.858861876953125
0 0.3954521767578125 0.368871236328125 0.3484720107421875 0.335727185546875 0.3325757294921875 0.313547529296875 0.3012629384765625 0.30902141796875 0.2976894560546875 0.2922095068359375 0.3146343212890625 0.274231099609375 0.326152486328125 0.238237287109375 0.3093775732421875 0.2194392041015625 0.2827458037109375 0.2219051474609375 0.2741883955078125 0.249282595703125 0.2733687197265625 0.2830023740234375 0.2870718798828125 0.377531515625 0.307708138671875 0.4370414306640625 0.309391404296875 0.4750214130859375 0.3236633759765625 0.489559291015625 0.3245050087890625 0.5085492822265625 0.35064196484375 0.5413314736328125 0.38705659375 0.562344634765625 0.39960830078125 0.56127409375 0.409369203125 0.532043427734375 0.4065783974609375 0.503883302734375 0.4229475361328125 0.4381050546875 0.4237672119140625 0.4043852763671875 0.3954521767578125 0.368871236328125
1 0.4041714111328125 0.50758973828125 0.4148109443359375 0.4749774990234375 0.40850561328125 0.4603436669921875 0.3986857548828125 0.4592361279296875 0.3950752744140625 0.4647957802734375 0.3941596435546875 0.4905489189453125 0.4041714111328125 0.50758973828125
1 0.3528350859375 0.46898198828125 0.3520524091796875 0.480330201171875 0.3605358203125 0.4976958828125 0.366457333984375 0.480463154296875 0.359827140625 0.464300966796875 0.3528350859375 0.46898198828125
1 0.331172201171875 0.5023399052734375 0.335565359375 0.4854320390625 0.328935166015625 0.4692698515625 0.32217201953125 0.467512587890625 0.3189823544921875 0.4825672373046875 0.3225558369140625 0.4993791484375 0.331172201171875 0.5023399052734375
1 0.37477079296875 0.5346053251953125 0.367453876953125 0.5377579912109375 0.3676457861328125 0.553691271484375 0.378344275390625 0.5514172373046875 0.37477079296875 0.5346053251953125
1 0.296087103515625 0.337277498046875 0.3102261220703125 0.36622030078125 0.3171222216796875 0.353572638671875 0.3284704345703125 0.35435531640625 0.3276288017578125 0.33536532421875 0.307147453125 0.3141602548828125 0.2964489638671875 0.3164342890625 0.296087103515625 0.337277498046875
1 0.3101822080078125 0.2608007607421875 0.2974015927734375 0.2683095859375 0.30491041796875 0.2810902001953125 0.3119024716796875 0.2764091787109375 0.3101822080078125 0.2608007607421875
1 0.3746679228515625 0.3988475810546875 0.3658226513671875 0.4023251083984375 0.369071271484375 0.4176086650390625 0.3781454501953125 0.4076928525390625 0.3746679228515625 0.3988475810546875
1 0.334052044921875 0.41067556640625 0.324557048828125 0.4110963828125 0.3324866904296875 0.4333719931640625 0.3388290205078125 0.4256342607421875 0.334052044921875 0.41067556640625
1 0.391715658203125 0.5166269189453125 0.3882011318359375 0.5301532119140625 0.392003521484375 0.5405268388671876 0.4006198857421875 0.543487595703125 0.40000716015625 0.5180593203125 0.391715658203125 0.5166269189453125
1 0.324336267578125 0.214662228515625 0.2895089501953125 0.2236624111328125 0.2887262734375 0.2350106240234375 0.309479802734375 0.223677759765625 0.3072026435546875 0.2254924248046875 0.315385966796875 0.2264158837890625 0.3222958447265625 0.2276084248046875 0.3298959208984375 0.2182727099609375 0.324336267578125 0.214662228515625
1 0 0.32660770703125 0.00340354296875 0.3355930224609375 0.0179414208984375 0.32132105078125 0.0070510224609375 0.3076618046875 0.00061273828125 0.307432896484375 0 0.3086533232421875 0 0.32660770703125