1 0 0.8426512578125 0.01623873046875 0.844077048828125 0.021710703125 0.8404812451171875 0.023936244140625 0.8371016962890625 0.030924388671875 0.833170212890625 0.0390888271484375 0.8337411259765625 0.0564344921875 0.823903697265625 0.0627096025390625 0.815945478515625 0.0638786240234375 0.8027667978515625 0.063567322265625 0.796556517578125 0.0605977373046875 0.792813689453125 0.0557681123046875 0.7801005107421874 0.051438251953125 0.781564541015625 0.0434328818359375 0.7894033349609375 0.0357335361328125 0.7928433857421875 0.0310037744140625 0.800026263671875 0.024263298828125 0.8004383251953125 0.0213247236328125 0.7997911396484375 0.018601521484375 0.7960639736328124 0.0205775078125 0.789130234375 0.0192148544921875 0.783731404296875 0.0171717353515625 0.7774015888671875 0.0128723388671875 0.774890875 0.0114809443359375 0.777003650390625 0.00962984375 0.7857129267578125 0 0.7975574482421875 0 0.8426512578125
1 0 0.87826768359375 0.001222298828125 0.881038341796875 0.008769576171875 0.88333446875 0.01378001171875 0.8827998642578125 0.0148602685546875 0.878013560546875 0.0142702900390625 0.8722270595703125 0.0105880537109375 0.867991130859375 0.006444169921875 0.8668179609375 0 0.87210350390625 0 0.87826768359375
1 0.1212553046875 0.5866662197265625 0.1160909140625 0.5858633896484375 0.108268623046875 0.5910616474609375 0.099456287109375 0.5926555 0.090584474609375 0.602200509765625 0.08269876953125 0.604744126953125 0.0786817685546875 0.612418546875 0.0729929736328125 0.619092662109375 0.064989599609375 0.6340035087890625 0.061897341796875 0.6355540810546875 0.05840690625 0.6463603623046875 0.0587797890625 0.65168998046875 0.0610088857421875 0.6553825947265625 0.076993892578125 0.6472183896484375 0.084599197265625 0.6415616923828125 0.0919256611328125 0.6327920224609375 0.107693298828125 0.6206357431640624 0.111743140625 0.6195922666015625 0.1188525078125 0.6103657158203125 0.120055546875 0.6002844521484375 0.1227734716796875 0.59340259375 0.12283478125 0.5889867392578125 0.1212553046875 0.5866662197265625
1 0.1367480380859375 0.5820027666015625 0.1370845244140625 0.5736292783203125 0.1326910869140625 0.5689019169921875 0.128516466796875 0.5681682978515625 0.124683994140625 0.573203849609375 0.12453203515625 0.57893846875 0.1280589208984375 0.58537360546875 0.132512109375 0.5856850029296875 0.1367480380859375 0.5820027666015625
1 0.1376800537109375 0.59355999609375 0.1361981728515625 0.600528287109375 0.1360479365234375 0.6097997666015625 0.1375353671875 0.6169756923828125 0.1395458095703125 0.6202113154296875 0.1493207333984375 0.626198388671875 0.1511790517578125 0.63163187890625 0.1532510751953125 0.6339868408203125 0.15640674609375 0.635090908203125 0.1605795341796875 0.632289224609375 0.171465287109375 0.6295136904296875 0.1801217265625 0.62304866015625 0.1827781787109375 0.6170459052734375 0.1834528212890625 0.6002974794921875 0.1824610546875 0.5931562138671875 0.1797993251953125 0.5885499453125 0.1757154658203125 0.58649600390625 0.1552427060546875 0.5841810078125 0.1469244765625 0.5858094111328125 0.1376800537109375 0.59355999609375
1 0.254991087890625 0.7825394814453125 0.257001201171875 0.7787016015625 0.257308783203125 0.774302966796875 0.250711162109375 0.7477640302734375 0.2481742109375 0.744934857421875 0.2457297412109375 0.74432222265625 0.2403193505859375 0.7470373642578125 0.2380937001953125 0.7504184716796874 0.2367656103515625 0.7551874462890625 0.236123263671875 0.7714964287109375 0.2383526328125 0.7787242353515625 0.24370510546875 0.7839603603515625 0.24760115625 0.7851162001953125 0.254991087890625 0.7825394814453125
1 0.27789978125 0.8424835322265625 0.2751454609375 0.8356622841796875 0.2664833623046875 0.8279846572265624 0.25683348828125 0.8273098720703125 0.247805888671875 0.83198214453125 0.2450902333984375 0.84947125 0.24657966015625 0.8637192294921875 0.248931810546875 0.865652078125 0.2535080537109375 0.8642037109375 0.2644517255859375 0.85347691015625 0.2731714697265625 0.849668078125 0.2769117333984375 0.845951181640625 0.27789978125 0.8424835322265625
1 0.297693798828125 0.8474044052734375 0.294228658203125 0.8436253583984376 0.2897754697265625 0.8433139609375 0.2861274150390625 0.845712203125 0.28520094921875 0.8482991904296875 0.284737853515625 0.8513602802734375 0.287680146484375 0.862616380859375 0.2923831630859375 0.870017162109375 0.296867197265625 0.86988744921875 0.300267037109375 0.8639382431640625 0.300572896484375 0.856002748046875 0.297693798828125 0.8474044052734375
1 0.3883384169921875 0.6888787939453125 0.3827706806640625 0.6867210888671875 0.37831948828125 0.69348174609375 0.3774617685546875 0.71287070703125 0.3782055380859375 0.716457890625 0.380928740234375 0.7201850556640625 0.3896181298828125 0.72034941015625 0.3961700869140625 0.708432109375 0.3975903857421875 0.7023444794921875 0.397186765625 0.6974544130859375 0.39310118359375 0.6918636103515625 0.3883384169921875 0.6888787939453125
1 0.433993201171875 0.4697484697265625 0.43534830859375 0.453931029296875 0.4343854462890625 0.44281491015625 0.431910076171875 0.4391050751953125 0.4268056005859375 0.4374230322265625 0.41641534765625 0.4366964755859375 0.412612052734375 0.4412923662109375 0.41137628125 0.444741126953125 0.4142875654296875 0.4529015859375 0.413980255859375 0.4608354130859375 0.417849015625 0.4695045263671875 0.421221783203125 0.4710654765625 0.432663279296875 0.4709821416015625 0.433993201171875 0.4697484697265625
1 0.4494775625 0.5256381865234375 0.448764529296875 0.521611451171875 0.4475885087890625 0.5206442470703125 0.444559173828125 0.5213173837890624 0.443786771484375 0.5252402470703125 0.445333953125 0.528000208984375 0.4494775625 0.5256381865234375
1 0.3440512490234375 0.6857819326171875 0.3405280810546875 0.6899557109375 0.3407146044921875 0.694388896484375 0.342880669921875 0.6989605048828125 0.3474584716796875 0.69751224609375 0.3474549169921875 0.6904400830078125 0.3459384716796875 0.6872405693359375 0.3440512490234375 0.6857819326171875
1 0.358233697265625 0.653624166015625 0.361946669921875 0.65742054296875 0.36373812890625 0.6531256708984375 0.3630559404296875 0.648657826171875 0.3590676806640625 0.648820640625 0.358233697265625 0.653624166015625
1 0.45619897265625 0.632186908203125 0.4569986650390625 0.620750771484375 0.4583866689453125 0.6151025849609375 0.4637008583984375 0.599561990234375 0.4689844755859375 0.58799769921875 0.4688904345703125 0.585781052734375 0.461902017578125 0.5861773427734375 0.4533377880859375 0.59132371875 0.4502474169921875 0.5999479033203124 0.44601870703125 0.61777290625 0.4435507734375 0.6352809013671875 0.447108232421875 0.637739734375 0.4535102255859375 0.63862910546875 0.45619897265625 0.632186908203125
0 0 0.8792597646484375 0.0039437783203125 0.881228646484375 0.00472183984375 0.8914484404296875 0.0062690205078125 0.89420840234375 0.0323419755859375 0.901778412109375 0.0341984619140625 0.9036766005859375 0.0428878515625 0.903840955078125 0.0490744716796875 0.9078103056640625 0.0662084267578125 0.9081234599609375 0.0709403486328125 0.9115493876953125 0.0735713408203125 0.9165952080078125 0.096891916015625 0.9208777138671875 0.112940392578125 0.918906458984375 0.1197785732421875 0.9277816484375 0.122500052734375 0.927971953125 0.132363466796875 0.92203145703125 0.150700625 0.9158001005859375 0.15580343359375 0.9174835927734375 0.1600393623046875 0.9138013564453125 0.1642754541015625 0.9136558720703125 0.170552396484375 0.909232955078125 0.1914556845703125 0.905391111328125 0.203079822265625 0.8955952958984374 0.2061413427734375 0.894484275390625 0.2170255380859375 0.8917086318359375 0.2282840654296875 0.894264275390625 0.23462258984375 0.8889606962890625 0.2425681005859375 0.88553942578125 0.248503169921875 0.8788825322265625 0.2515032177734375 0.8786506142578125 0.2539116728515625 0.86909377734375 0.2574770078125 0.866691318359375 0.265106896484375 0.8689932216796875 0.262908263671875 0.86132586328125 0.2603405751953125 0.8589362421875 0.2605866845703125 0.8554167109375 0.2638634697265625 0.8512272705078126 0.2679440478515625 0.8497442421875 0.270138962890625 0.846802685546875 0.2716552978515625 0.8500037578125 0.27456313671875 0.85109049609375 0.284920658203125 0.84518455078125 0.2897138876953125 0.844194623046875 0.29457053125 0.8458593359375 0.2954987197265625 0.846809208984375 0.293090373046875 0.8563644873046875 0.2970478974609375 0.856641224609375 0.30004622265625 0.8528724462890624 0.302460119140625 0.857461384765625 0.3007934384765625 0.8635333515625 0.3001783818359375 0.872329060546875 0.300952779296875 0.8754782509765625 0.30318042578125 0.879169197265625 0.306674580078125 0.87897183203125 0.3109432412109375 0.88192209765625 0.3145604501953125 0.879964966796875 0.3323981162109375 0.86309159375 0.3349023359375 0.8592882646484375 0.340591404296875 0.8561493427734375 0.3438682978515625 0.85195834375 0.34828891796875 0.849173990234375 0.3524289736328125 0.8397398046875 0.3521791455078125 0.8326504208984375 0.374064494140625 0.804124765625 0.3769089189453125 0.80255686328125 0.379534634765625 0.79699366015625 0.3837705625 0.793311423828125 0.384756669921875 0.78631003125 0.4295350498046875 0.6970630869140625 0.433271486328125 0.682738833984375 0.43895872265625 0.6760646103515625 0.4398851884765625 0.673477623046875 0.440313994140625 0.663783921875 0.44223006640625 0.6577293935546875 0.4406195810546875 0.6523132333984375 0.4368142900390625 0.6498370703125 0.4388225712890625 0.6424638876953125 0.4388515849609375 0.6384874755859375 0.443087404296875 0.6348067978515625 0.44336425 0.6308477158203125 0.4456190791015625 0.627026947265625 0.4467280771484375 0.6147290380859375 0.4488921455078125 0.612228591796875 0.44997240234375 0.6074422880859375 0.454919533203125 0.604251484375 0.456464609375 0.599940951171875 0.4596477353515625 0.5970684970703125 0.458750009765625 0.59214387890625 0.461717490234375 0.5888162109375 0.4632611162109375 0.584504009765625 0.4687979521484375 0.583564513671875 0.4701569423828125 0.581892740234375 0.4715140458984375 0.573147353515625 0.4739549609375 0.5666878251953125 0.4764517978515625 0.5452049775390625 0.4783678701171875 0.5391504501953125 0.478890716796875 0.5316733955078125 0.48055912109375 0.5291382900390625 0.4813605361328125 0.521239013671875 0.4791256171875 0.499866990234375 0.476000791015625 0.4983218115234375 0.4706463232421875 0.4860136337890625 0.4723127314453125 0.4764064736328125 0.469462646484375 0.4638317177734375 0.4603969287109375 0.4512640234375 0.44093767578125 0.4344328017578125 0.4266806591796875 0.432109185546875 0.414801416015625 0.42420659375 0.3819860439453125 0.4135149013671875 0.3477813828125 0.41200648046875 0.335782640625 0.4129358173828125 0.33031066796875 0.41653162109375 0.31073391015625 0.4156043818359375 0.287047833984375 0.4236717763671875 0.2805843681640625 0.4236615078125 0.2561580771484375 0.4352138818359375 0.2401713466796875 0.4398412255859375 0.226225794921875 0.4472646416015625 0.2191471640625 0.456051640625 0.215282123046875 0.45799144140625 0.2116977548828125 0.4665795166015625 0.206227505859375 0.4737121806640625 0.1893777783203125 0.487119462890625 0.1837195556640625 0.4898172744140625 0.1700562353515625 0.503889072265625 0.1588936357421875 0.510623689453125 0.1495241630859375 0.513061984375 0.1460933134765625 0.5159155498046875 0.1443325908203125 0.519770869140625 0.14133254296875 0.5200027861328125 0.1229411845703125 0.5447943232421875 0.12183019140625 0.5500201796875 0.11447116015625 0.55569409765625 0.102231966796875 0.574285623046875 0.0962335927734375 0.578286318359375 0.0946284931640625 0.583477623046875 0.091413072265625 0.58678951953125 0.09200121875 0.5890407177734375 0.0910765849609375 0.5951630068359375 0.0809618427734375 0.60895353125 0.0660409521484375 0.63319205859375 0.0522510224609375 0.641951458984375 0.026661533203125 0.684361923828125 0.0201420361328125 0.6993765341796875 0.021008861328125 0.7012039521484374 0.019494412109375 0.7050764931640625 0.017979798828125 0.7054122822265625 0.015661939453125 0.710112044921875 0.009169623046875 0.7176149404296875 0.0050641318359375 0.7372169296875 0.0052214775390625 0.7420897763671875 0.0032745048828125 0.745047103515625 0.0050063779296875 0.7487049482421875 0.005384810546875 0.768178783203125 0.0115099580078125 0.77302723828125 0.0104622685546875 0.78090929296875 0.00403508984375 0.794603689453125 0 0.7992673173828125 0 0.8792597646484375
1 0.4990739169921875 0.0190466337890625 0.497584763671875 0.00833384765625 0.4942733056640625 0.00235704296875 0.4926972197265625 0.0035719345703125 0.484940119140625 0.01850000390625 0.4860566630859375 0.0274183642578125 0.4878516767578125 0.03019565625 0.494438197265625 0.0284461591796875 0.4990739169921875 0.0190466337890625
1 0.45524515625 0.244049890625 0.45298876953125 0.2478705498046875 0.4521873544921875 0.255769826171875 0.4563037822265625 0.260919517578125 0.4599534501953125 0.2620596953125 0.4623023193359375 0.26045557421875 0.4640630419921875 0.2566002548828125 0.465852505859375 0.245233330078125 0.46381121875 0.2424388173828125 0.4576570576171875 0.241566775390625 0.45524515625 0.244049890625
1 0.4047516064453125 0.102175791015625 0.4050284521484375 0.0982167080078125 0.4009120244140625 0.0930670166015625 0.3970468193359375 0.0914700654296875 0.3933372919921875 0.09474741015625 0.392534044921875 0.099111384765625 0.39501124609375 0.106356521484375 0.400640564453125 0.1076335634765625 0.4047516064453125 0.102175791015625
1 0.625271162109375 0.88091793359375 0.6258573134765625 0.876097078125 0.6237219853515625 0.8710859189453125 0.6208448828125 0.86955962890625 0.6181236767578125 0.872904517578125 0.617785357421875 0.877742703125 0.619488052734375 0.881840208984375 0.6241583369140625 0.88260848828125 0.625271162109375 0.88091793359375
1 0.56310238671875 0.8597750693359375 0.5618376015625 0.8672002421875 0.5626139951171875 0.877421486328125 0.5660174990234375 0.878542884765625 0.5705901875 0.870022353515625 0.570434400390625 0.8651496162109376 0.5675248388671875 0.860526017578125 0.56310238671875 0.8597750693359375
1 0.64930480859375 0.729228052734375 0.653602482421875 0.72820190625 0.6519612607421875 0.723225296875 0.65106380859375 0.7218358720703125 0.6484363701171875 0.72386221484375 0.647448322265625 0.7273298642578125 0.64930480859375 0.729228052734375
0 0.6270213837890625 1 0.6289635107421875 0.9916749853515625 0.63322834375 0.9840178955078125 0.6475916005859375 0.9386123447265625 0.651449259765625 0.9189930244140625 0.6575978701171875 0.905720849609375 0.658245494140625 0.900020890625 0.6630042685546875 0.8888616005859376 0.6663066220703125 0.873622025390625 0.669087578125 0.8658611728515625 0.6707232509765625 0.856693564453125 0.6709965419921875 0.8456623193359375 0.6726339365234375 0.840031572265625 0.6757116484375 0.8031188447265625 0.674989181640625 0.7708022265625 0.67055934765625 0.7523717587890625 0.670427296875 0.7329135859375 0.6663990869140625 0.712301130859375 0.6655268203125 0.6963279375 0.6599802783203125 0.6654423564453125 0.6570378759765625 0.654187814453125 0.6474727744140625 0.6309765458984375 0.6455835556640624 0.6224458544921875 0.6353381533203125 0.6018403525390625 0.632737732421875 0.5928182294921875 0.628930609375 0.586806763671875 0.6251540595703124 0.5768189951171875 0.6114143388671875 0.552874107421875 0.599656154296875 0.5361396962890626 0.59315984765625 0.529498484375 0.5905597001953125 0.5240115537109375 0.5789590263671875 0.515686740234375 0.5758339267578125 0.510606369140625 0.5715960029296875 0.5072165517578126 0.5663068359375 0.5046366259765624 0.5527301748046874 0.5032455517578125 0.5490499345703125 0.506081677734375 0.544844578125 0.5057876103515625 0.5438873759765624 0.5088141494140626 0.544938783203125 0.511541009765625 0.534646671875 0.5271736484375 0.5275334775390625 0.52579284375 0.52144278515625 0.531113751953125 0.517706185546875 0.5419012529296875 0.5152980029296875 0.554993283203125 0.5112323525390625 0.5953721005859375 0.508316251953125 0.654836974609375 0.51216810546875 0.781075677734375 0.518720904296875 0.8509263681640625 0.52315445703125 0.8799657509765625 0.527461236328125 0.9001559833984375 0.53579056640625 0.926816013671875 0.55182495703125 0.9677169609375 0.56665456640625 1 0.6270213837890625 1
0 0.336002328125 0 0.3359360986328125 0.008964029296875 0.336927591796875 0.0125701015625 0.3341176220703125 0.0243073671875 0.3367541650390625 0.043497404296875 0.3356451669921875 0.0557953134765625 0.34060156640625 0.0773576416015625 0.340916421875 0.0906400849609375 0.343453646484375 0.097004451171875 0.345223201171875 0.110830318359375 0.347203015625 0.1145039345703125 0.3542964658203125 0.144614283203125 0.353587095703125 0.14765815234375 0.3606769912109375 0.1706963388671875 0.3672708935546875 0.1866263603515625 0.370399546875 0.19877889453125 0.3976405341796875 0.2714029140625 0.4176048291015625 0.3130203681640625 0.4315616455078125 0.3374221376953125 0.441682435546875 0.3597872958984375 0.459723275390625 0.3897797587890625 0.4661288232421875 0.3977412939453125 0.481354251953125 0.4253252470703125 0.490356666015625 0.4352367421875 0.49063706640625 0.4383498232421875 0.4940407333984375 0.44300797265625 0.5047131103515625 0.4503844716796875 0.5086706337890625 0.450661208984375 0.513308349609375 0.4483337373046875 0.52038698046875 0.4395467373046875 0.5282111044921876 0.4378837822265625 0.5299698310546875 0.4269564091796875 0.5387221435546875 0.4262433271484375 0.5423700888671875 0.42384664453125 0.547161705078125 0.4193182978515625 0.5521992119140625 0.411273537109375 0.5567391689453125 0.39612050390625 0.560813923828125 0.3769580654296875 0.5641989443359375 0.33211151171875 0.556798900390625 0.228167107421875 0.5524903984375 0.204440013671875 0.551462236328125 0.1835956416015625 0.5359033056640625 0.093224541015625 0.5169427021484375 0.0052673447265625 0.513694548828125 0.00194673828125 0.513611958984375 0 0.51322034375 0 0.51020039453125 0.0021441044921875 0.5072618193359375 0.00149691796875 0.507032740234375 0 0.336002328125 0
1 0.6782202421875 0.3299192705078125 0.677318798828125 0.3143857373046875 0.6723336591796875 0.3003350146484375 0.6671385322265625 0.299971736328125 0.6617283056640625 0.30622362890625 0.6505420791015625 0.327542123046875 0.648318533203125 0.3379937265625 0.6440210498046876 0.3407866904296875 0.63789770703125 0.34124347265625 0.6258120322265625 0.3541004873046875 0.6219815546875 0.3662080927734375 0.6209630439453125 0.3736504873046875 0.6216777998046875 0.3812140830078125 0.623751546875 0.387105904296875 0.627804669921875 0.3895993974609375 0.6325039677734375 0.3863912646484375 0.6378165986328125 0.370850560546875 0.640259236328125 0.3679278935546875 0.6449602568359375 0.36825662109375 0.6521674931640625 0.3718540732421875 0.663918294921875 0.3709089658203125 0.667814181640625 0.3685280537109375 0.671583349609375 0.3608363037109375 0.6770494990234375 0.33956108984375 0.6782202421875 0.3299192705078125
1 0.74108710546875 0.1526556484375 0.739417142578125 0.15519064453125 0.737904525390625 0.1625984873046875 0.734196830078125 0.169411134765625 0.7240258330078125 0.1797502646484375 0.72146169921875 0.184432806640625 0.7201643466796875 0.188762228515625 0.7214385087890625 0.20608862890625 0.7288682822265625 0.22428873828125 0.7364700322265625 0.2115598779296875 0.74781732421875 0.2057231435546875 0.7604505947265625 0.163733361328125 0.7604160302734375 0.153565556640625 0.7618057021484375 0.1479159208984375 0.7601646435546875 0.146476064453125 0.7540104833984375 0.1456040224609375 0.7507336982421875 0.149793462890625 0.7458478759765625 0.1485684111328125 0.74108710546875 0.1526556484375
1 0.7595288544921875 0.2622340068359375 0.7601457412109375 0.256973599609375 0.758906142578125 0.24981500390625 0.7537707666015625 0.24503576171875 0.75132441015625 0.237349513671875 0.7478898974609375 0.233132474609375 0.743436708984375 0.2328210771484375 0.739479458984375 0.236079533203125 0.7369460615234374 0.2403225224609375 0.7341073505859375 0.2595713935546875 0.736959158203125 0.2756830107421875 0.7404551435546874 0.2790209462890625 0.752546095703125 0.276772955078125 0.7595288544921875 0.2622340068359375
1 0.786072396484375 0.28442088671875 0.789597287109375 0.28378396875 0.7923477802734376 0.279997861328125 0.7946507119140624 0.23640230859375 0.79195824609375 0.232235591796875 0.7870724248046875 0.2310105400390625 0.77900230078125 0.2361914677734375 0.7740895712890625 0.2460133232421875 0.7730709501953125 0.2534572763671875 0.7731053505859375 0.260088328125 0.7755825517578125 0.2673334658203125 0.7798839453125 0.2769162333984375 0.783690958984375 0.2829292578125 0.786072396484375 0.28442088671875
1 0.797367484375 0.3042163876953125 0.79000645703125 0.3028182529296875 0.784443998046875 0.311269572265625 0.7796870546875 0.3259641650390625 0.7835883828125 0.337729029296875 0.78692874609375 0.33973098046875 0.79295812890625 0.3388259267578125 0.80013080078125 0.33225557421875 0.8026964931640626 0.3275731416015625 0.803498181640625 0.32320905859375 0.801543826171875 0.3084868671875 0.797367484375 0.3042163876953125
1 0.7742553603515625 0.3574087421875 0.7753356181640625 0.3526224375 0.772767765625 0.346696064453125 0.765808634765625 0.3466511357421875 0.75514180859375 0.353418853515625 0.7522067880859375 0.359843830078125 0.7510034765625 0.366389900390625 0.7514993046875 0.3699613115234375 0.7574996748046875 0.3730326708984375 0.764241818359375 0.3726191591796875 0.7729924072265625 0.368369216796875 0.77521794921875 0.36498966796875 0.7742553603515625 0.3574087421875
1 0.847052953125 0.3545423623046875 0.8478889326171875 0.3568108916015625 0.852620689453125 0.3567000673828125 0.856268634765625 0.3543033837890625 0.856576052734375 0.346367998046875 0.854316111328125 0.3431164951171875 0.8498321865234375 0.3432446494140625 0.848719361328125 0.344935203125 0.847391271484375 0.3497041767578125 0.847052953125 0.3545423623046875
1 0.83026196875 0.2782289375 0.8270210888671875 0.292589408203125 0.827303484375 0.30277454296875 0.8296849228515625 0.3042661728515625 0.837724474609375 0.303061548828125 0.8449911875 0.29870784375 0.8462578037109375 0.29481797265625 0.846838677734375 0.27938809375 0.842321912109375 0.2728853046875 0.8351165078125 0.272823154296875 0.83026196875 0.2782289375
1 0.8369294345703125 0.2433356005859375 0.8334064306640625 0.2510461298828125 0.83606816015625 0.2556523984375 0.841820533203125 0.25516967578125 0.843519673828125 0.2521950185546875 0.8438579921875 0.24735683203125 0.84221676953125 0.2423802236328125 0.8369294345703125 0.2433356005859375
1 0.8717605068359375 0.104334505859375 0.8699095712890625 0.1165805341796875 0.8720467314453125 0.12512699609375 0.8764095966796875 0.1338306611328125 0.880706998046875 0.1292693212890625 0.882775302734375 0.1210153681640625 0.8806668837890625 0.10495730078125 0.8787470927734375 0.1004029130859375 0.8772939521484375 0.0998595986328125 0.874851150390625 0.0992455146484375 0.8717605068359375 0.104334505859375
1 0.8998831201171875 0.0541458583984375 0.897192486328125 0.053514443359375 0.89351396875 0.0598874296875 0.8897177822265625 0.078627646484375 0.891051421875 0.088002888671875 0.8947643955078125 0.091799265625 0.8987835009765625 0.0911953408203125 0.9022466455078125 0.0879023330078125 0.905460234375 0.081055134765625 0.9056989619140625 0.0598560859375 0.90439961328125 0.0571134541015625 0.8998831201171875 0.0541458583984375
1 0.79452751171875 0.3981627548828125 0.7881580869140625 0.4003691337890625 0.787882962890625 0.4078650771484375 0.7910063388671875 0.409408587890625 0.7940987060546875 0.40785645703125 0.7972814501953125 0.401450369140625 0.796197638671875 0.399164509765625 0.79452751171875 0.3981627548828125
1 0.603447779296875 0.4250225732421875 0.604839173828125 0.4229097978515625 0.603445783203125 0.41795051953125 0.6017755478515625 0.4169503232421875 0.59769341015625 0.4184332431640625 0.595932796875 0.42228700390625 0.5966457216796875 0.4263152978515625 0.59757401953125 0.4272636123046875 0.603447779296875 0.4250225732421875
0 1 0.03374245703125 0.9918482998046875 0.0331724345703125 0.99070473828125 0.0353025400390625 0.9854254423828125 0.0349333759765625 0.9826940908203124 0.0325323095703125 0.9230678173828125 0.0283628349609375 0.9207926435546875 0.030413810546875 0.909637509765625 0.0300754677734375 0.8561115263671875 0.0258908662109375 0.848135169921875 0.0297532470703125 0.8398169404296875 0.031381650390625 0.8224463623046875 0.059338041015625 0.8124289921875 0.0639411025390625 0.8110683349609376 0.065614326171875 0.810205173828125 0.07085751171875 0.804233708984375 0.0638112998046875 0.799007845703125 0.063887572265625 0.795421646484375 0.0689403447265625 0.7800863681640625 0.0784750859375 0.7571512255859375 0.10781230078125 0.7465822685546875 0.127404021484375 0.74587133984375 0.1304477822265625 0.6855998984375 0.2172846767578125 0.682355572265625 0.2245714267578125 0.6766683359375 0.231245650390625 0.672991650390625 0.241153939453125 0.667704478515625 0.2456460673828125 0.66245159765625 0.256770806640625 0.6507062373046875 0.271861689453125 0.6428876640625 0.287668861328125 0.63992018359375 0.290996529296875 0.6369851630859374 0.297421505859375 0.6335219091796875 0.300716072265625 0.628887748046875 0.3101157060546875 0.6246518193359375 0.3137979423828125 0.6212519794921875 0.3197471484375 0.61513038671875 0.321970857421875 0.61173226953125 0.331456923828125 0.6066929306640625 0.3359663828125 0.6033562861328124 0.344573345703125 0.59896484375 0.3469180380859375 0.5950726201171875 0.3563695546875 0.589629826171875 0.359525697265625 0.5860779169921875 0.3712110810546875 0.5804811669921875 0.3730297890625 0.5781325703125 0.378169103515625 0.57222807421875 0.3808496943359375 0.56864359765625 0.3894393271484375 0.5639733134765625 0.388671048828125 0.5658623681640625 0.3936649873046875 0.5694505634765625 0.3956842685546875 0.5700697197265625 0.4010311083984375 0.5666118525390625 0.4149331396484375 0.562685337890625 0.4177520439453125 0.5544900546875 0.4176222412109375 0.5521414580078124 0.4227615556640625 0.5497925888671875 0.4243656767578125 0.5377632177734375 0.425733005859375 0.534826638671875 0.432157873046875 0.5344883193359375 0.4369960595703125 0.5413243955078125 0.4388007529296875 0.5476016103515625 0.437913029296875 0.55384781640625 0.4339296650390625 0.5673610634765625 0.4326660986328125 0.572185138671875 0.431235060546875 0.573884388671875 0.42825884375 0.5854504990234375 0.426415853515625 0.5993077236328125 0.4344567587890625 0.6259396484375 0.4447176279296875 0.6529699150390625 0.449259541015625 0.6583205556640624 0.45096036328125 0.6620643740234375 0.4543156298828125 0.6679399658203125 0.455609892578125 0.690980140625 0.4567793173828125 0.695031431640625 0.4557375087890625 0.6975033564453125 0.4523736220703125 0.7041820859375 0.449305470703125 0.722211771484375 0.447471189453125 0.737301048828125 0.441454419921875 0.7450890498046875 0.4296235517578125 0.765371458984375 0.4168980078125 0.786185818359375 0.4179117880859375 0.7892783486328125 0.4198964091796875 0.7976906201171875 0.42048465234375 0.8256471884765625 0.418902826171875 0.83244897265625 0.4140749091796875 0.8502615615234375 0.41178374609375 0.852424072265625 0.40928319140625 0.8593198974609375 0.406671921875 0.8610498837890626 0.4032561533203125 0.865502798828125 0.400032357421875 0.8718107509765625 0.3987050830078125 0.8732636181640625 0.3957132041015625 0.881766375 0.391445931640625 0.8859082626953125 0.3855470478515625 0.89045366015625 0.3845397900390625 0.898089701171875 0.378443541015625 0.901241818359375 0.3724754462890625 0.906900041015625 0.369777634765625 0.912185490234375 0.3617486455078125 0.91774767578125 0.3497621328125 0.933388814453125 0.332291896484375 0.934778212890625 0.3231070673828125 0.93712525 0.31796764453125 0.9520877548828125 0.3031017255859375 0.9576209267578125 0.2950916259765625 0.9578977734375 0.29113254296875 0.9618550234375 0.2878740869140625 0.9638943154296875 0.2835965458984375 0.97557992578125 0.272921626953125 0.977867048828125 0.268661416015625 0.9803677138671875 0.257785923828125 0.9804582001953125 0.252930408203125 0.9816324990234375 0.2503607509765625 0.9849708662109375 0.2452906484375 0.9948632939453125 0.2353737392578125 1 0.2275720576171875 1 0.03374245703125
1 0.4857080859375 0.0857361083984375 0.4862326552734375 0.0817959140625 0.485335203125 0.0804064892578125 0.4808205419921875 0.0809741953125 0.4802958642578125 0.084915947265625 0.48314212109375 0.08688334765625 0.4857080859375 0.0857361083984375
1 0.462712478515625 0.2012571689453125 0.4678787001953125 0.2055953017578125 0.4693913173828125 0.198187458984375 0.4673192939453125 0.1958324970703125 0.464659287109375 0.19476308984375 0.462712478515625 0.2012571689453125
1 0.505914681640625 0.2767641083984375 0.5050173935546876 0.2789114345703125 0.5050824208984375 0.285104494140625 0.5093185126953125 0.284959009765625 0.5109270029296875 0.2833031162109375 0.51172869140625 0.2789390341796875 0.5108619755859375 0.277110056640625 0.505914681640625 0.2767641083984375
1 0.5376099228515625 0.833241544921875 0.534642443359375 0.836569212890625 0.534859703125 0.8405628466796875 0.5369947587890626 0.8420388134765625 0.5407983271484375 0.840978115234375 0.54203409765625 0.83752935546875 0.53856895703125 0.83375030859375 0.5376099228515625 0.833241544921875
1 0.8583003623046875 0.1652721396484375 0.8535993408203125 0.164943412109375 0.851744578125 0.1665820849609375 0.85122200390625 0.17759433203125 0.85311105859375 0.1825882705078125 0.8593844462890625 0.17109319140625 0.8591655185546875 0.1671010078125 0.8583003623046875 0.1652721396484375
1 0.71660034765625 0.2503918681640625 0.7166275302734375 0.242880154296875 0.7134716943359375 0.238239333984375 0.710471646484375 0.238471251953125 0.710165787109375 0.24640674609375 0.7152396904296875 0.2520650927734375 0.71660034765625 0.2503918681640625
1 0.5875883017578125 0.6802708564453125 0.5876496103515625 0.675855001953125 0.5844307431640625 0.67209317578125 0.5802561240234375 0.6713595576171875 0.5801963740234375 0.675775521484375 0.58313511328125 0.6799594599609375 0.5875883017578125 0.6802708564453125
1 0.802071234375 0.3933867197265625 0.8050098095703125 0.3940339052734375 0.80803887109375 0.389825576171875 0.8076677109375 0.388032818359375 0.803460796875 0.3877386416015625 0.802348080078125 0.3894276376953125 0.802071234375 0.3933867197265625
1 0.9155483095703125 0.2603252236328125 0.9170916630859375 0.2524778291015625 0.9149255986328125 0.2479062216796875 0.9109972529296875 0.2471898232421875 0.906669115234375 0.25219071484375 0.9063922685546875 0.256149796875 0.9076008583984375 0.2602127509765625 0.910631916015625 0.2630764755859375 0.9155483095703125 0.2603252236328125
1 0.6550382197265625 0.4410055869140625 0.6562125185546875 0.4384359296875 0.6558413583984375 0.436643171875 0.651419015625 0.4358906640625 0.6507695595703125 0.4380553212890625 0.6513269697265625 0.4407460712890625 0.6550382197265625 0.4410055869140625
1 0.60682831640625 0.8495738232421876 0.603582267578125 0.853323712890625 0.6044184111328125 0.8591289931640625 0.6068321435546875 0.8601811796875 0.610943458984375 0.858258599609375 0.61128177734375 0.8534204140625 0.6082814560546875 0.8501171376953125 0.60682831640625 0.8495738232421876
0 1 0.276966171875 0.9708338046875 0.3073744794921875 0.943791037109375 0.31331504296875 0.9189174775390625 0.355432546875 0.8666741669921875 0.4081666953125 0.7901129521484375 0.4278740615234375 0.7737630517578125 0.4376949736328125 0.769567126953125 0.6096962666015625 0.795955927734375 0.6131078671875 0.8213310068359375 0.60861700390625 0.8310429248046876 0.6265255966796875 0.887046908203125 0.6320080927734375 0.9528062607421875 0.6099790712890625 0.9961661572265625 0.572286888671875 1 0.5174603837890625 1 0.276966171875
1 0.8625651474609375 0.48932776953125 0.8785880634765625 0.4841829384765625 0.8819996640625 0.4577941376953125 0.879209259765625 0.4529000673828125 0.866521720703125 0.4551454990234375 0.8625651474609375 0.48932776953125
1 0.94085959375 0.5120321201171875 0.9433992373046876 0.4981128701171875 0.9366957138671875 0.4819809599609375 0.919659076171875 0.479223326171875 0.8767679287109374 0.5326114423828125 0.8722336123046875 0.55265647265625 0.8836132177734375 0.5691153671875 0.8982954296875 0.560744154296875 0.9047154228515625 0.5361320361328125 0.92150130078125 0.520076349609375 0.94085959375 0.5120321201171875
1 0.9789870283203125 0.3251740791015625 0.95727430859375 0.3220894619140625 0.9504945615234375 0.329446953125 0.9488596435546875 0.3528273603515625 0.9558901513671875 0.3642831904296875 0.9674549755859375 0.35569398828125 0.9789870283203125 0.3251740791015625
1 0.930111865234375 0.396939537109375 0.920868697265625 0.3947268759765625 0.9170973427734375 0.4038610498046875 0.92202418359375 0.4230013544921875 0.9299266474609374 0.4219876328125 0.93703337890625 0.4099540595703125 0.930111865234375 0.396939537109375
1 0.9901051923828125 0.390170470703125 0.98430639453125 0.3834997177734375 0.9748452373046875 0.3844044443359375 0.9624084580078125 0.4054631962890625 0.966321578125 0.416701037109375 0.9822355 0.413114900390625 0.9901051923828125 0.390170470703125
1 0.907450966796875 0.429813873046875 0.8995485029296875 0.43082759375 0.9016849404296875 0.4450738271484375 0.907450966796875 0.429813873046875
1 0.9612422890625 0.444539537109375 0.94387866796875 0.4464579853515625 0.9559122412109375 0.4535647158203125 0.9612422890625 0.444539537109375
1 0.8222898681640625 0.505307232421875 0.823706796875 0.485044212890625 0.81522658984375 0.4719206953125 0.8059834208984376 0.46970803515625 0.810943033203125 0.510779046875 0.8222898681640625 0.505307232421875
1 0.8380513427734375 0.548699900390625 0.8319255615234376 0.546705228515625 0.8298218955078125 0.554389703125 0.8380513427734375 0.548699900390625
1 0.8022776083984375 0.522703625 0.8072806728515625 0.51835452734375 0.8047082578125 0.510343068359375 0.786003931640625 0.509035134765625 0.7864726806640625 0.5247310673828125 0.8022776083984375 0.522703625
1 0.8342144462890625 0.513972658203125 0.844983537109375 0.49436360546875 0.8425201171875 0.484793453125 0.828164888671875 0.488488583984375 0.82696594921875 0.505634216796875 0.8342144462890625 0.513972658203125
1 0.9038541484375 0.48125076953125 0.9146560107421875 0.4835724248046875 0.9186453544921875 0.4713208623046875 0.9060668095703125 0.4720076005859375 0.9038541484375 0.48125076953125
1 0.882937162109375 0.48918600390625 0.8922893251953125 0.489839970703125 0.8942839970703125 0.483714189453125 0.8882672099609376 0.48016082421875 0.882937162109375 0.48918600390625
0 0.804676212890625 0.7123955234375 0.8301930576171875 0.728276673828125 0.836351609375 0.7522020537109375 0.828122162109375 0.7578918564453125 0.8319262880859375 0.770688390625 0.8958220537109375 0.8425079833984375 0.93181377734375 0.8653868701171875 0.954867201171875 0.871697869140625 0.9754572041015624 0.8684387158203125 0.9917736064453125 0.61270393359375 0.916335107421875 0.6387550693359375 0.87551485546875 0.662528001953125 0.8305962646484375 0.7001111904296875 0.804676212890625 0.7123955234375
1 0.9712491455078125 0.6598245029296875 0.978497642578125 0.6681629443359375 0.98962648828125 0.6658085185546875 0.9898117060546875 0.6407604228515625 0.9712491455078125 0.6598245029296875
1 0.9713474580078125 0.725616626953125 0.9780182119140625 0.719817830078125 0.9773314736328125 0.70723928515625 0.9586271474609375 0.7059313505859375 0.95286112109375 0.7211913056640625 0.9713474580078125 0.725616626953125
1 0.971663759765625 0.7882913642578125 0.9662247177734375 0.7988752373046875 0.9709335693359376 0.8211329287109375 0.9787270390625 0.8216779013671875 0.9810159228515625 0.7889453310546874 0.971663759765625 0.7882913642578125
1 0.8560803388671875 0.6940616328125 0.8483958642578125 0.691957966796875 0.8487556181640625 0.70921259375 0.8560803388671875 0.6940616328125
1 0.9069181279296875 0.8182228486328125 0.91670626953125 0.8126420400390625 0.909784755859375 0.799627517578125 0.898764904296875 0.80042325 0.899451642578125 0.813001794921875 0.9069181279296875 0.8182228486328125
0 0.7679674970703125 1 0.7709199658203125 0.9935381552734375 0.7792690888671875 0.9189388408203125 0.786811798828125 0.9006704931640624 0.7788765634765625 0.879753505859375 0.787432994140625 0.8693876220703125 0.785078568359375 0.8582587763671875 0.7921852998046875 0.846225203125 0.799117494140625 0.791888908203125 0.794484865234375 0.746141814453125 0.8017112724609375 0.66519873046875 0.8202410625 0.62420394140625 0.8109978935546875 0.62199128125 0.780183771484375 0.637066017578125 0.7630381396484375 0.635867078125 0.74520576953125 0.62208959375 0.714031892578125 0.6199097041015625 0.6891255625 0.6400965 0.668023357421875 0.6730798310546875 0.677866359375 0.7787112568359374 0.6767329619140625 0.8397183046875 0.631347951171875 1 0.7679674970703125 1
1 0.6858671357421875 0.8434896591796875 0.67452030078125 0.8489614736328125 0.6696590009765625 0.8736825859375 0.668569056640625 0.8892695244140625 0.6774852412109374 0.8961582666015625 0.6902490048828125 0.8704234326171875 0.6858671357421875 0.8434896591796875
1 0.7539695078125 0.6759571396484375 0.772782828125 0.6757063798828125 0.7749627177734375 0.64453250390625 0.76416085546875 0.6422108486328125 0.75114633203125 0.649132361328125 0.7539695078125 0.6759571396484375
1 0.747179078125 0.75066544921875 0.7635617490234375 0.7627752451171875 0.772772146484375 0.7430571982421875 0.764150173828125 0.709561666015625 0.750230923828125 0.7070220224609375 0.740115798828125 0.717278912109375 0.7391348486328125 0.73130715625 0.747179078125 0.75066544921875
1 0.73337950390625 0.67921629296875 0.724245330078125 0.6754449384765625 0.719242265625 0.6797940361328125 0.719057046875 0.7048421318359375 0.7248558447265625 0.7115128857421875 0.7313086083984375 0.7088314755859375 0.73337950390625 0.67921629296875
1 0.6744654404296875 0.7377492392578126 0.6833488544921875 0.7227072734375 0.67874899609375 0.6988908876953125 0.670301560546875 0.707698078125 0.6744654404296875 0.7377492392578126
1 0.706194970703125 0.664784841796875 0.7155471337890625 0.66543880859375 0.7162011005859374 0.6560866455078125 0.7084076318359375 0.6555416728515625 0.706194970703125 0.664784841796875
0 0.84379944921875 1 0.8499225126953125 0.894119416015625 0.81238277734375 0.8037807158203125 0.798354533203125 0.802799765625 0.7942127421875 0.862030130859375 0.7679543310546875 1 0.84379944921875 1
1 0.804393408203125 0.8956346572265625 0.8116091337890625 0.882042390625 0.8036738994140625 0.8611254033203125 0.7959894248046875 0.8590217373046874 0.7933407861328124 0.874499681640625 0.804393408203125 0.8956346572265625
1 0.827076396484375 0.95204184765625 0.8459987109375 0.9502323935546875 0.848974333984375 0.9300783681640625 0.8194681455078126 0.926448779296875 0.818051216796875 0.946711798828125 0.827076396484375 0.95204184765625
1 0.7297506416015626 0.9327056435546875 0.7460243173828125 0.9463741337890625 0.741424458984375 0.922557748046875 0.7352986787109375 0.920563076171875 0.7297506416015626 0.9327056435546875
0 0.7025197509765625 0.06776165234375 0.7131470771484375 0.0277805859375 0.71412802734375 0.0137523408203125 0.552023869140625 0.0024169140625 0.5380177138671876 0.090717490234375 0.562030724609375 0.217701880859375 0.6160507177734375 0.1619593388671875 0.631931869140625 0.136442494140625 0.6847529228515625 0.097845583984375 0.7025197509765625 0.06776165234375
1 0.68139545703125 0.01146345703125 0.6622117001953125 0.061810408203125 0.6621354765625 0.085299810546875 0.680153064453125 0.07402919921875 0.694475521484375 0.0484033603515625 0.705036166015625 0.013116576171875 0.68139545703125 0.01146345703125
1 0.6357139052734375 0.059957501953125 0.6136742021484375 0.061548966796875 0.5775300322265625 0.0856488828125 0.562880591796875 0.1159508037109375 0.562226625 0.125302966796875 0.5738242197265625 0.1386444736328125 0.5938364794921875 0.1212480810546875 0.6113090947265625 0.117770939453125 0.6333160263671875 0.0942487666015625 0.6357139052734375 0.059957501953125
1 0.6524891015625 0.1112526328125 0.6532520625 0.1003417763671875 0.64545859375 0.0997968037109375 0.6210972353515625 0.112190130859375 0.6226887001953125 0.1342298330078125 0.64215598828125 0.12462691015625 0.6524891015625 0.1112526328125
1 0.6074828798828125 0.01569287890625 0.6081368466796875 0.0063407158203125 0.5956672958984375 0.005468759765625 0.5943593623046876 0.0241730859375 0.6074828798828125 0.01569287890625
0 0.726979421875 0.1211604501953125 0.686780365234375 0.11365051171875 0.6562932265625 0.1240491669921875 0.6526308671875 0.1316246474609375 0.6364989560546875 0.138328171875 0.583165701171875 0.2066492587890625 0.5718188662109375 0.212121072265625 0.5632952060546875 0.2444176650390625 0.5676008515625 0.29484083984375 0.577421763671875 0.3111907392578125 0.5707510107421875 0.316989537109375 0.5715467431640625 0.3280093876953125 0.581149666015625 0.34747667578125 0.593619216796875 0.348348630859375 0.6224058955078124 0.317468966796875 0.68092743359375 0.2197506865234375 0.7258132529296875 0.1602367900390625 0.7358956064453125 0.1280491923828125 0.726979421875 0.1211604501953125
1 0.689418322265625 0.1655233857421875 0.678725455078125 0.161643037109375 0.6667246533203125 0.176467013671875 0.66733516796875 0.2125349609375 0.6921325029296875 0.1939068583984375 0.6951081259765625 0.1737528330078125 0.689418322265625 0.1655233857421875
1 0.6346353681640625 0.2321767841796875 0.64833662890625 0.23783381640625 0.655116376953125 0.2304763251953125 0.6559555615234375 0.19607606640625 0.64116435546875 0.20600597265625 0.6346353681640625 0.2321767841796875
1 0.5850406962890625 0.2694329892578125 0.5914934609375 0.266751580078125 0.59080672265625 0.2541730341796875 0.5812365712890625 0.256636455078125 0.5850406962890625 0.2694329892578125
1 0.7169732919921875 0.1298586455078125 0.707730123046875 0.1276459853515625 0.7031958076171875 0.147691015625 0.7169732919921875 0.1298586455078125
1 0.665591255859375 0.2374740625 0.6736027138671875 0.234901646484375 0.67113929296875 0.2253314951171875 0.6632368291015625 0.2263452158203125 0.665591255859375 0.2374740625
1 0.6143944375 0.3200413828125 0.6037015703125 0.316161033203125 0.6038433349609375 0.3365330478515625 0.6143944375 0.3200413828125
0 0.1479534111328125 0 0.1607703544921875 0.10976093359375 0.167364884765625 0.1274515380859375 0.1890013798828125 0.154025556640625 0.2033566083984375 0.15033042578125 0.2369939052734375 0.162080466796875 0.26436365625 0.1514638232421875 0.307832546875 0.1122129462890625 0.32904374609375 0.077670921875 0.3345590126953125 0.043597646484375 0.33397790625 0 0.1479534111328125 0
1 0.236206884765625 0 0.233494673828125 0.0553263251953125 0.2251890029296875 0.0845055302734375 0.2324375 0.0928439716796875 0.2405579521484375 0.08871286328125 0.244874279296875 0.0717852197265625 0.2742387021484375 0.055042794921875 0.271707921875 0 0.236206884765625 0
1 0.230998482421875 0.0238254658203125 0.210408478515625 0.0270846181640625 0.202070037109375 0.034333115234375 0.1980372412109375 0.092004787109375 0.2058307099609375 0.092549759765625 0.216272818359375 0.0776167880859375 0.230998482421875 0.0238254658203125
1 0.1762810693359375 0.1343402802734375 0.2197065078125 0.140509513671875 0.2269222333984375 0.1269172470703125 0.2244588125 0.1173470947265625 0.2067682080078125 0.123941625 0.1919442314453125 0.1119408232421875 0.1779159873046875 0.110959873046875 0.1762810693359375 0.1343402802734375
1 0.2390975712890625 0.1543959921875 0.2565701875 0.1509188505859375 0.2555564658203125 0.14301638671875 0.2463132978515625 0.1408037265625 0.2390975712890625 0.1543959921875
1 0.2806586953125 0.0304306767578125 0.29367321875 0.0235091640625 0.2918637646484375 0.0045868486328125 0.2792852197265625 0.0052735869140625 0.2806586953125 0.0304306767578125
1 0.313674796875 0.07346358984375 0.32179525 0.06933248046875 0.3213265009765625 0.0536365478515625 0.3152007197265625 0.0516418759765625 0.309979666015625 0.059108361328125 0.313674796875 0.07346358984375
1 0.27858780078125 0.060045859375 0.28638126953125 0.06059083203125 0.287035236328125 0.0512386689453125 0.2796777451171875 0.0444589208984375 0.27858780078125 0.060045859375
0 0 0.6873412470703125 0.019127294921875 0.6793930078125 0.036098390625 0.6382892255859375 0.04244216015625 0.6371665087890624 0.047346912109375 0.567025287109375 0.0462021064453125 0.4713999912109375 0.0410572763671875 0.4553770751953125 0.0439673564453125 0.3913616328125 0.038604537109375 0.3784561044921875 0.0082263935546875 0.38729606640625 0 0.504938970703125 0 0.6873412470703125
1 0 0.5105722919921875 0.021001564453125 0.5181935771484375 0.0197370830078125 0.49147779296875 0.0106029091796875 0.4877064384765625 0.000814767578125 0.49328724609375 0 0.50493896484375 0 0.5105722919921875
1 0 0.686852083984375 0.006221765625 0.6847558271484375 0.025045767578125 0.6171542490234375 0.0259177236328125 0.60468469921875 0 0.57319008984375 0 0.686852083984375
1 0.0241730859375 0.4056406376953125 0.0348659541015625 0.409520986328125 0.0354871494140625 0.3782381162109375 0.024685287109375 0.3759164609375 0.0174695615234375 0.3895087265625 0.0241730859375 0.4056406376953125
0 0.5632423017578125 1 0.5395137705078125 0.9428977177734374 0.51798626953125 0.914765005859375 0.50606169140625 0.906099580078125 0.4731439033203125 0.9288587919921875 0.4648054609375 0.9361072880859375 0.4529464248046875 0.971303279296875 0.4753458818359375 0.98696644140625 0.47770030859375 0.998095287109375 0.50493897265625 1 0.5632423017578125 1
1 0.49587034375 0.9398458720703124 0.5095716044921875 0.945502904296875 0.5123292373046875 0.9284662666015625 0.4998596865234375 0.927594310546875 0.49587034375 0.9398458720703124
0 0.5192614326171875 0.8741299716796875 0.5103559287109375 0.7998904111328125 0.5075505927734375 0.6608137490234375 0.5167424248046875 0.5293644228515625 0.5016349169921875 0.4766195927734375 0.497067830078125 0.4747339150390625 0.486734716796875 0.4881081923828125 0.4675730498046875 0.6277366708984375 0.465927451171875 0.7184678955078125 0.4756286865234375 0.8037273076171875 0.5146181220703125 0.8957336962890625 0.5192614326171875 0.8741299716796875
1 0.4923383408203125 0.8111610224609375 0.5040449296875 0.8229438349609375 0.51271035546875 0.8110192568359375 0.5086554697265625 0.77940940234375 0.5039793876953125 0.7790824189453125 0.4923383408203125 0.8111610224609375
1 0.5143018203125 0.833058958984375 0.504622673828125 0.83708107421875 0.4988566474609375 0.8523410283203126 0.5033475107421875 0.8777161083984375 0.5095822861328125 0.8781520859375 0.516689017578125 0.866118513671875 0.5143018203125 0.833058958984375
1 0.50187499609375 0.5627837314453125 0.5120991142578125 0.5509681474609375 0.5108346328125 0.52425236328125 0.5030411640625 0.523707390625 0.50187499609375 0.5627837314453125
0 0.7146309990234375 0.499345306640625 0.6767535986328125 0.481033505859375 0.6653739931640625 0.4645746123046875 0.639203181640625 0.4580456240234375 0.6200956484375 0.484903173828125 0.6219051025390625 0.50382548828125 0.6058059619140626 0.532459720703125 0.6467900693359375 0.6183403291015624 0.6841331787109375 0.5770947802734375 0.7172034150390625 0.5073567646484375 0.7146309990234375 0.499345306640625
1 0.6752932177734375 0.5467166357421875 0.68943045703125 0.546138892578125 0.6898664345703125 0.5399041171875 0.688634724609375 0.535119041015625 0.6697124091796876 0.5369284951171875 0.6752932177734375 0.5467166357421875
1 0.674312267578125 0.560744880859375 0.686454833984375 0.56629291796875 0.6947932763671875 0.5590444208984375 0.69522925390625 0.5528096455078125 0.6796423154296874 0.551719701171875 0.674312267578125 0.560744880859375
1 0.6512695244140625 0.4870830634765625 0.6671834462890625 0.4834969267578125 0.666714697265625 0.467800994140625 0.6524684638671875 0.469937431640625 0.6512695244140625 0.4870830634765625
1 0.621392900390625 0.533549666015625 0.633862451171875 0.5344216220703125 0.6327397353515625 0.5280778525390625 0.6266139541015625 0.5260831806640625 0.621392900390625 0.533549666015625
1 0.5581511025390625 0.4523779111328125 0.5639498994140625 0.4590486640625 0.571601603515625 0.4392216220703125 0.559132052734375 0.438349666015625 0.5581511025390625 0.4523779111328125
1 0.5910909794921875 0.5189002255859375 0.598775455078125 0.5210038916015625 0.615452337890625 0.5065068984375 0.61665127734375 0.4893612666015625 0.6121931845703125 0.4859168955078125 0.5956252958984375 0.4988551943359375 0.5886275595703125 0.5093300732421875 0.5910909794921875 0.5189002255859375