1 0.854496875 0.644096875 0.85405625 0.6463296875 0.8571421875 0.6505453125 0.8703703125 0.6515375 0.8756609375 0.650296875 0.876984375 0.64459375 0.8761015625 0.642609375 0.872575 0.6408734375 0.8602296875 0.6401296875 0.8562609375 0.64136875 0.854496875 0.644096875
1 0.16049375 0.5396828125 0.16049375 0.5424109375 0.1631390625 0.544890625 0.169753125 0.5463796875 0.1772484375 0.5463796875 0.1825390625 0.5419140625 0.184303125 0.53670625 0.17989375 0.5342265625 0.1723984375 0.5334828125 0.16534375 0.53521875 0.16049375 0.5396828125
1 0.505290625 0.683284375 0.5163140625 0.6822921875 0.5202828125 0.6783234375 0.518959375 0.6763390625 0.5114640625 0.6728671875 0.50396875 0.67261875 0.5 0.6755953125 0.500440625 0.6798109375 0.505290625 0.683284375
1 0.4603171875 0.7810015625 0.4594359375 0.7829859375 0.463403125 0.7869546875 0.4748671875 0.78745 0.4832453125 0.78521875 0.48545 0.7829859375 0.485890625 0.779265625 0.4823640625 0.77728125 0.4709 0.7767859375 0.462521875 0.7787703125 0.4603171875 0.7810015625
1 0.4025578125 0.756696875 0.4082890625 0.7557046875 0.411375 0.751984375 0.4096125 0.74925625 0.4043203125 0.747271875 0.39594375 0.7482640625 0.3937390625 0.7504953125 0.3950625 0.7547125 0.4025578125 0.756696875
1 0.6768078125 0.8072921875 0.689153125 0.80704375 0.692240625 0.8033234375 0.6904765625 0.798859375 0.6825390625 0.7971234375 0.675484375 0.79761875 0.6715171875 0.801090625 0.6719578125 0.8045640625 0.6768078125 0.8072921875
1 0.6353609375 0.8102671875 0.641534375 0.8102671875 0.64594375 0.8072921875 0.6432984375 0.80381875 0.6393296875 0.8025796875 0.6300703125 0.8020828125 0.627425 0.8045640625 0.627865625 0.8077875 0.6353609375 0.8102671875
1 0.4977953125 0.747271875 0.509259375 0.7467765625 0.51366875 0.7442953125 0.5127859375 0.7408234375 0.509259375 0.7388390625 0.4973546875 0.738590625 0.4938265625 0.7415671875 0.4933859375 0.7442953125 0.4977953125 0.747271875
1 0.5291 0.758184375 0.5313046875 0.7557046875 0.5304234375 0.751984375 0.522928125 0.7509921875 0.519840625 0.7524796875 0.518959375 0.755953125 0.5211640625 0.7579359375 0.5291 0.758184375
1 0.48941875 0.7361109375 0.4832453125 0.734375 0.4806 0.73511875 0.4797171875 0.737103125 0.481921875 0.7400796875 0.485890625 0.740328125 0.48941875 0.7361109375
1 0.5485015625 0.568453125 0.5533515625 0.570684375 0.56040625 0.5709328125 0.57186875 0.5682046875 0.5767203125 0.5642359375 0.574515625 0.5592765625 0.5692234375 0.5580359375 0.56040625 0.5580359375 0.54761875 0.5602671875 0.5485015625 0.568453125
1 0.944003125 0.4880953125 0.9514984375 0.4861109375 0.9506171875 0.481646875 0.94444375 0.4811515625 0.939153125 0.4821421875 0.9356265625 0.4861109375 0.938271875 0.4875984375 0.944003125 0.4880953125
1 0.377425 0.475446875 0.3840390625 0.478421875 0.3888890625 0.4791671875 0.390653125 0.4744546875 0.3880078125 0.4702375 0.3849203125 0.4682546875 0.3800703125 0.4697421875 0.37654375 0.4744546875 0.377425 0.475446875
1 0.174603125 0.3591265625 0.1759265625 0.361359375 0.18474375 0.3638390625 0.189153125 0.362846875 0.1917984375 0.3583828125 0.1900359375 0.3561515625 0.1851859375 0.3546625 0.178571875 0.355159375 0.175484375 0.3563984375 0.174603125 0.3591265625
0 0.1164015625 0.5111609375 0.117284375 0.521578125 0.11860625 0.52256875 0.1238984375 0.523065625 0.1247796875 0.529265625 0.13139375 0.5314984375 0.1344796875 0.5404265625 0.1393296875 0.5416671875 0.137125 0.5498515625 0.1432984375 0.5642359375 0.141534375 0.5758921875 0.142415625 0.584078125 0.1446203125 0.587053125 0.1450625 0.5915171875 0.15564375 0.5947421875 0.1587296875 0.6088796875 0.164021875 0.6188 0.164021875 0.6225203125 0.165784375 0.6245046875 0.17019375 0.6245046875 0.1732796875 0.6279765625 0.1741625 0.6540171875 0.1768078125 0.65699375 0.1772484375 0.6619546875 0.1816578125 0.6641859375 0.1865078125 0.66493125 0.1997359375 0.6765875 0.2045859375 0.6850203125 0.2094359375 0.6884921875 0.212521875 0.6937 0.2200171875 0.6966765625 0.2209 0.701884375 0.2283953125 0.7170140625 0.2323640625 0.719990625 0.2376546875 0.7209828125 0.2420640625 0.7266859375 0.2513234375 0.732390625 0.260140625 0.7348703125 0.26366875 0.7400796875 0.2707234375 0.744046875 0.2751328125 0.75 0.2791 0.752728125 0.28306875 0.7532234375 0.287478125 0.7571921875 0.2901234375 0.7638890625 0.3148140625 0.7834828125 0.3174609375 0.787203125 0.3223109375 0.790178125 0.3280421875 0.7919140625 0.32980625 0.7946421875 0.335096875 0.7973703125 0.3373015625 0.8025796875 0.3417109375 0.8048109375 0.34435625 0.8107640625 0.3522921875 0.8187 0.3597890625 0.821428125 0.367725 0.826140625 0.3747796875 0.82738125 0.391534375 0.839534375 0.391975 0.841765625 0.3985890625 0.8452375 0.400353125 0.8484625 0.4043203125 0.8489578125 0.419753125 0.8546625 0.42504375 0.8536703125 0.42989375 0.857390625 0.4373890625 0.860615625 0.4404765625 0.8650796875 0.4510578125 0.8685515625 0.4545859375 0.868303125 0.4629625 0.873759375 0.46693125 0.8745046875 0.4731046875 0.8812 0.476190625 0.8829359375 0.481921875 0.883928125 0.4845671875 0.8869046875 0.495590625 0.891865625 0.50485 0.900296875 0.508378125 0.907490625 0.499559375 0.91170625 0.5035265625 0.915675 0.5030859375 0.9268359375 0.5017640625 0.92733125 0.5035265625 0.928075 0.5035265625 0.9325390625 0.5017640625 0.935515625 0.5079359375 0.936259375 0.5123453125 0.9412203125 0.5313046875 0.935515625 0.541446875 0.936259375 0.5449734375 0.933284375 0.547178125 0.9283234375 0.54761875 0.92113125 0.5546734375 0.919890625 0.5537921875 0.915178125 0.55555625 0.9114578125 0.55246875 0.9040171875 0.55555625 0.89608125 0.5533515625 0.892609375 0.5533515625 0.8881453125 0.5564375 0.8854171875 0.56040625 0.8859125 0.5639328125 0.883184375 0.5683421875 0.884425 0.574515625 0.881696875 0.5828921875 0.87574375 0.583775 0.876240625 0.5881828125 0.8658234375 0.5917109375 0.86334375 0.5961203125 0.8616078125 0.603175 0.8616078125 0.6067015625 0.8625984375 0.6106703125 0.8618546875 0.622575 0.8645828125 0.6247796875 0.860615625 0.63624375 0.8563984375 0.6384484375 0.856646875 0.642415625 0.85243125 0.646384375 0.8536703125 0.6481484375 0.85243125 0.660053125 0.849703125 0.66534375 0.8452375 0.67019375 0.8452375 0.6820984375 0.841765625 0.69268125 0.84300625 0.698853125 0.841765625 0.7010578125 0.842509375 0.7032625 0.841021875 0.70723125 0.8422625 0.7112 0.841765625 0.7094359375 0.8385421875 0.722221875 0.82415625 0.730159375 0.8256453125 0.7477953125 0.8249015625 0.75 0.8216765625 0.7561734375 0.819196875 0.759259375 0.8157234375 0.7667546875 0.8125 0.7711640625 0.8122515625 0.7760140625 0.808284375 0.7795421875 0.8087796875 0.78306875 0.8072921875 0.7870375 0.808284375 0.7905640625 0.80555625 0.7945328125 0.805803125 0.8099640625 0.801090625 0.8143734375 0.7973703125 0.8187828125 0.796875 0.8258375 0.7938984375 0.835978125 0.7827375 0.849646875 0.780009375 0.852734375 0.77728125 0.8571421875 0.7765375 0.8597890625 0.7740578125 0.8650796875 0.773065625 0.867725 0.7681046875 0.8756609375 0.7638890625 0.8805109375 0.762896875 0.8893296875 0.751984375 0.9276890625 0.748015625 0.92989375 0.7420640625 0.9351859375 0.737846875 0.938271875 0.732390625 0.938271875 0.7239578125 0.943121875 0.722965625 0.947090625 0.7189984375 0.9594359375 0.7172625 0.9629625 0.7115578125 0.966490625 0.7103171875 0.967371875 0.7063484375 0.9704578125 0.7033734375 0.97663125 0.701140625 0.9872140625 0.6879953125 0.9925046875 0.685515625 0.9925046875 0.6763390625 0.9969140625 0.6701390625 0.9973546875 0.658978125 0.999559375 0.6567453125 0.999559375 0.653521875 0.9964734375 0.6483140625 0.9969140625 0.6411203125 0.9977953125 0.63988125 0.999559375 0.63988125 0.999559375 0.6361609375 0.9964734375 0.6307046875 0.9964734375 0.6267359375 0.999559375 0.6254953125 0.999559375 0.61631875 0.9973546875 0.6158234375 0.9973546875 0.6130953125 0.999559375 0.6123515625 0.999559375 0.4796625 0.9969140625 0.4744546875 0.9969140625 0.45709375 0.9973546875 0.4541171875 0.999559375 0.4536203125 0.999559375 0.44766875 0.9973546875 0.447171875 0.9973546875 0.4375 0.999559375 0.4370046875 0.999559375 0.430059375 0.9969140625 0.4283234375 0.9973546875 0.42261875 0.999559375 0.4221234375 0.999559375 0.3903765625 0.9964734375 0.387153125 0.994709375 0.3807046875 0.9973546875 0.366071875 0.99603125 0.3189484375 0.9964734375 0.3129953125 0.999559375 0.311259375 0.999559375 0.3087796875 0.9964734375 0.3067953125 0.9973546875 0.3033234375 0.999559375 0.303075 0.9969140625 0.296875 0.999559375 0.2946421875 0.9964734375 0.2924109375 0.9933859375 0.283234375 0.989859375 0.2810015625 0.9823640625 0.2795140625 0.9783953125 0.2767859375 0.961640625 0.2733140625 0.943121875 0.2651296875 0.9387125 0.2646328125 0.9356265625 0.2653765625 0.923721875 0.2606640625 0.9184296875 0.26016875 0.911375 0.2579359375 0.9029984375 0.2576890625 0.87654375 0.2517359375 0.87169375 0.2524796875 0.8602296875 0.2514875 0.8549375 0.2524796875 0.8456796875 0.251240625 0.8412703125 0.252728125 0.8333328125 0.253471875 0.82980625 0.252728125 0.826278125 0.2544640625 0.8179015625 0.2549609375 0.8090828125 0.257440625 0.802909375 0.257440625 0.783509375 0.2624015625 0.7764546875 0.2611609375 0.7676359375 0.2633921875 0.7517640625 0.2624015625 0.7477953125 0.263640625 0.7438265625 0.2619046875 0.727071875 0.2633921875 0.71208125 0.2624015625 0.7063484375 0.2638890625 0.679453125 0.26488125 0.6622578125 0.2619046875 0.6582890625 0.26016875 0.6300703125 0.256696875 0.626984375 0.25545625 0.6247796875 0.256696875 0.6194890625 0.255953125 0.6111109375 0.2532234375 0.6049375 0.2547125 0.59920625 0.2537203125 0.5956796875 0.251240625 0.5912703125 0.252728125 0.5881828125 0.2509921875 0.5815703125 0.2497515625 0.5467375 0.2490078125 0.522928125 0.2455359375 0.514109375 0.242559375 0.4982359375 0.2395828125 0.48941875 0.2353671875 0.4783953125 0.2338796875 0.471340625 0.228421875 0.463403125 0.2291671875 0.458553125 0.226934375 0.4171078125 0.2239578125 0.3840390625 0.2232140625 0.3791890625 0.22420625 0.369046875 0.222221875 0.3664015625 0.2232140625 0.352734375 0.2234625 0.3227515625 0.2271828125 0.3161375 0.230903125 0.3130515625 0.230903125 0.3099640625 0.22891875 0.3064375 0.22891875 0.30555625 0.2306546875 0.2619046875 0.243303125 0.2235453125 0.2591765625 0.217371875 0.2646328125 0.2054671875 0.27108125 0.2014984375 0.275296875 0.2014984375 0.280009375 0.198853125 0.2827375 0.1962078125 0.2837296875 0.193121875 0.287203125 0.18474375 0.290921875 0.17504375 0.2986109375 0.1723984375 0.30233125 0.166225 0.3048109375 0.1547625 0.31324375 0.1243390625 0.3881453125 0.123015625 0.3923609375 0.12345625 0.40625 0.1212515625 0.412946875 0.1102296875 0.4342765625 0.11375625 0.4481640625 0.107584375 0.462796875 0.1067015625 0.4712296875 0.1111109375 0.480159375 0.1106703125 0.482390625 0.114196875 0.4833828125 0.1159609375 0.4868546875 0.1155203125 0.4952875 0.118165625 0.501240625 0.1164015625 0.5111609375
1 0.957671875 0.39756875 0.962521875 0.3963296875 0.9656078125 0.392609375 0.9638453125 0.3881453125 0.9598765625 0.3874015625 0.948853125 0.388640625 0.9462078125 0.3908734375 0.9466484375 0.393353125 0.957671875 0.39756875
1 0.957671875 0.271825 0.9541453125 0.2708328125 0.9510578125 0.268353125 0.947090625 0.269840625 0.94268125 0.2740578125 0.943121875 0.2765375 0.96605 0.282490625 0.9783953125 0.28125 0.9823640625 0.283978125 0.9841265625 0.2827375 0.9845671875 0.2790171875 0.9823640625 0.2762890625 0.9783953125 0.2762890625 0.9744265625 0.27430625 0.957671875 0.271825