0 0.1189713017578125 0.51065400390625 0.132106369140625 0.5176954736328125 0.1780392998046875 0.5331107265625 0.18722841015625 0.538439400390625 0.2290396396484375 0.552903083984375 0.2613646484375 0.5595641005859375 0.2943926298828125 0.5631802099609375 0.3307723466796875 0.56356112890625 0.3523139404296875 0.560516396484375 0.368173025390625 0.555758853515625 0.3873712265625 0.5365380048828124 0.387919333984375 0.526642044921875 0.373805060546875 0.51255920703125 0.33936677734375 0.484964400390625 0.32190076953125 0.47411675390625 0.3135903740234375 0.4649819482421875 0.2900233779296875 0.4467122763671875 0.2614559658203125 0.4312971689453125 0.2036307861328125 0.4147399736328125 0.1806371328125 0.4090305712890625 0.1187572470703125 0.3987534736328125 0.068342869140625 0.4027494990234375 0.036063974609375 0.4109324306640625 0.0279754375 0.415880345703125 0.023121626953125 0.4444263583984375 0.048404296875 0.4703083251953125 0.09980223828125 0.5034221767578125 0.1189713017578125 0.51065400390625
2 0.170126048828125 0.4583200009765625 0.1597819921875 0.4467111865234375 0.1530993994140625 0.4455692880859375 0.140240564453125 0.4486140927734375 0.140274060546875 0.4522299267578125 0.15432133984375 0.45908109765625 0.1700716748046875 0.4623164482421875 0.170126048828125 0.4583200009765625
2 0.188102310546875 0.4255873447265625 0.1757037099609375 0.4191168017578125 0.1694061015625 0.4200682841796875 0.16870312890625 0.4231131904296875 0.1730340693359375 0.4269193671875 0.190345212890625 0.4309159599609375 0.188102310546875 0.4255873447265625
2 0.249334056640625 0.513890314453125 0.2360023671875 0.5152223525390625 0.23524501953125 0.522263705078125 0.243488421875 0.5241668447265625 0.2491374345703125 0.5222638212890625 0.249334056640625 0.513890314453125
2 0.1645483876953125 0.497523201171875 0.1729675322265625 0.49866511328125 0.178670919921875 0.4927656435546875 0.17677950390625 0.4859145751953125 0.1614685263671875 0.4807761572265625 0.1486640673828125 0.479824515625 0.14157561328125 0.484201517578125 0.146027921875 0.4912429140625 0.14979813671875 0.4937169375 0.15665647265625 0.4940976083984375 0.1645483876953125 0.497523201171875
2 0.0807249482421875 0.44690083203125 0.083603830078125 0.441952873046875 0.0667320439453125 0.43605321484375 0.0557520078125 0.4347209736328125 0.0534338515625 0.4410010859375 0.0603591806640625 0.4486134248046875 0.0645687529296875 0.449184380859375 0.0807249482421875 0.44690083203125
2 0.2479402734375 0.452230828125 0.251467751953125 0.44823441015625 0.249697703125 0.4446185615234375 0.227143408203125 0.437006091796875 0.2151089140625 0.4402412109375 0.211669306640625 0.443857015625 0.213351484375 0.4478534775390625 0.2197160869140625 0.454133662109375 0.231432591796875 0.456036830078125 0.2479402734375 0.452230828125
2 0.114639904296875 0.4278704140625 0.0950314833984375 0.4225416533203125 0.09120689453125 0.4240640771484375 0.091186015625 0.431676357421875 0.1048483125 0.4364341474609375 0.11417966796875 0.4373857607421875 0.114639904296875 0.4278704140625
2 0.2238382451171875 0.5340626455078125 0.2228590400390625 0.52702127734375 0.20989971484375 0.5192185810546875 0.2012169560546875 0.5192185087890625 0.1972836162109375 0.528733826171875 0.2077699208984375 0.5359655810546875 0.216837662109375 0.5380590341796875 0.2238382451171875 0.5340626455078125
2 0.334592578125 0.5319701953125 0.3202816845703125 0.526260865234375 0.306916498046875 0.523977068359375 0.2984429794921875 0.5268316025390625 0.2959825771484375 0.537488775390625 0.3112935537109375 0.542627193359375 0.32665890625 0.5437691640625 0.334592578125 0.5319701953125
2 0.352929041015625 0.557852103515625 0.3510376240234375 0.55100103515625 0.341794140625 0.54966880859375 0.3352329150390625 0.551762130859375 0.331475318359375 0.5605162216796875 0.33854289453125 0.5637515009765625 0.346577056640625 0.562800033203125 0.352929041015625 0.557852103515625
2 0.272256357421875 0.482299541015625 0.2684735244140625 0.4685974033203125 0.256405533203125 0.4682166884765625 0.2548573427734375 0.4786835615234375 0.2618370458984375 0.482299453125 0.268519638671875 0.4834413515625 0.272256357421875 0.482299541015625
2 0.2910656748046875 0.509894216796875 0.2804914990234375 0.5030430751953126 0.2745453740234375 0.5024721044921875 0.2618831611328125 0.4971434013671875 0.258146443359375 0.498285212890625 0.2578284541015625 0.5034234990234375 0.2792069228515625 0.5123681083984375 0.2894504912109375 0.513129421875 0.2910656748046875 0.509894216796875
2 0.2701513427734375 0.44252535546875 0.273854564453125 0.4377677109375 0.2605437529296875 0.4314874677734375 0.2541582724609375 0.432819564453125 0.2544553837890625 0.4352935576171875 0.2575226259765625 0.4408124873046875 0.263029392578125 0.4432865244140625 0.2701513427734375 0.44252535546875
0 0.469027017578125 0.57022303125 0.5123446806640625 0.5894444033203124 0.5317773583984375 0.595534390625 0.5586499755859375 0.5957249228515625 0.5810159091796875 0.59287050390625 0.6055116376953125 0.5732690859375 0.6465611630859375 0.5647056142578125 0.659131146484375 0.5403464208984375 0.66208528125 0.523789734375 0.6614031875 0.5192223603515626 0.6569843759765625 0.515796796875 0.657478107421875 0.509897283203125 0.627270275390625 0.47526115234375 0.6226757197265625 0.4725968154296875 0.6003306650390625 0.467838953125 0.5483763564453125 0.46346145703125 0.524010255859375 0.4674577001953125 0.5205706484375 0.4710735048828125 0.508151171875 0.4722152431640625 0.50115058984375 0.4762116318359375 0.482872859375 0.4764017861328125 0.4692775556640625 0.4788756630859375 0.4567158330078125 0.4843944619140625 0.4349232431640625 0.4998091484375 0.4252530185546875 0.5116081025390625 0.4227382412109375 0.52626172265625 0.4317977236328125 0.5471955703125 0.4541888935546875 0.566797380859375 0.469027017578125 0.57022303125
2 0.505833015625 0.47849535546875 0.502832765625 0.48020809375 0.4989746796875 0.47811468359375 0.4978867255859375 0.4790662099609375 0.497271625 0.4817305029296875 0.505163541015625 0.485156095703125 0.5112854072265625 0.48496583984375 0.5100425888671875 0.4790663115234375 0.505833015625 0.47849535546875
2 0.5751489404296874 0.5317819013671875 0.5619386201171875 0.5363491591796875 0.5593233525390625 0.5401552783203125 0.5615327587890625 0.5418680595703125 0.586526578125 0.5464356376953124 0.5883718798828125 0.5384427578125 0.5751489404296874 0.5317819013671875
2 0.5679017197265624 0.57821675390625 0.5704834912109376 0.5707948017578125 0.5657131923828125 0.56889169140625 0.5538209453125 0.56774975 0.547435462890625 0.569081845703125 0.547293216796875 0.57345890625 0.5523606259765625 0.577836009765625 0.563252791015625 0.5795488642578125 0.5679017197265624 0.57821675390625
2 0.64914293359375 0.557283662109375 0.6462849306640625 0.55461933984375 0.6370414453125 0.55328711328125 0.634932529296875 0.56242183203125 0.6392634697265624 0.5662280087890625 0.6469126494140625 0.5631831611328125 0.64914293359375 0.557283662109375
2 0.616227603515625 0.49676575390625 0.61198453515625 0.4925789638671875 0.6022138212890625 0.4935304169921875 0.601983703125 0.4982880908203125 0.609963490234375 0.5013330693359375 0.6148760341796875 0.498859119140625 0.616227603515625 0.49676575390625
2 0.592585810546875 0.5690822236328125 0.589585560546875 0.5707949619140625 0.592828546875 0.5755526640625 0.6043358125 0.5746012255859375 0.6076875478515625 0.5713660341796875 0.592585810546875 0.5690822236328125
0 0.926305228515625 0.601627517578125 0.9364609248046875 0.6027694443359375 0.9610488837890625 0.6128559228515625 0.9685223193359375 0.61057230078125 0.969103923828125 0.604292173828125 0.976104505859375 0.60029578515625 0.988293865234375 0.603911720703125 0.9996292900390625 0.5548126044921875 0.99421039453125 0.551957953125 0.9872641875 0.5519578955078125 0.9710409990234375 0.54700977734375 0.9476958603515625 0.5428228271484375 0.9232962626953125 0.543203236328125 0.915734955078125 0.5458674716796875 0.9074915537109375 0.5439643330078126 0.8891259521484375 0.544535099609375 0.8833890673828125 0.546818736328125 0.887962744140625 0.557095353515625 0.888799703125 0.5685137822265625 0.8960891357421875 0.58583178125 0.912467189453125 0.5976309541015625 0.926305228515625 0.601627517578125
2 0.90567148828125 0.5744134404296874 0.9019891455078125 0.5715588046875 0.8938336142578125 0.5692750517578125 0.8907789912109375 0.5749842373046875 0.8965828681640625 0.5799322685546875 0.9051442587890625 0.5766971201171875 0.90567148828125 0.5744134404296874
2 0.898733541015625 0.5555729873046875 0.8948419580078125 0.549863744140625 0.8863349423828125 0.5491024453125 0.8851382373046875 0.558046865234375 0.891766455078125 0.5631852099609375 0.896679 0.560711259765625 0.898733541015625 0.5555729873046875
2 0.9112952646484375 0.550054189453125 0.9179234833984375 0.5551925341796875 0.924836193359375 0.5515767587890625 0.918856572265625 0.5473899541015625 0.9112952646484375 0.550054189453125
2 0.9767361259765625 0.5599507021484375 0.9689655791015624 0.559760330078125 0.9665260546875 0.5628052216796875 0.97176920703125 0.5664210986328125 0.9808034521484374 0.56489871875 0.9767361259765625 0.5599507021484375
2 0.93753626171875 0.5905898046875 0.9293807314453125 0.5883060517578125 0.9224345244140625 0.5883059931640625 0.9200828720703125 0.5909702724609375 0.923974455078125 0.596679515625 0.9286568818359375 0.5989632392578125 0.9313935166015626 0.5983923408203125 0.93753626171875 0.5905898046875
2 0.9865111982421875 0.5890677578125 0.991632982421875 0.5894484150390625 0.993302541015625 0.58221676171875 0.98441054296875 0.57936208203125 0.9766399951171875 0.5791717099609375 0.9751126826171875 0.582026302734375 0.9756734091796875 0.58335845703125 0.9808830634765625 0.5833585 0.9865111982421875 0.5890677578125
0 0.6151153251953125 0.6332158779296875 0.625865244140625 0.63930579296875 0.6236893349609375 0.6412088447265625 0.616655255859375 0.641589400390625 0.654696271484375 0.653579060546875 0.6557842265625 0.65262753515625 0.672622515625 0.6549113603515625 0.71375165234375 0.6648076689453125 0.73615108203125 0.6655690849609375 0.758692759765625 0.6619534404296875 0.7812553154296875 0.6507255146484375 0.81006110546875 0.6425425537109375 0.8192375966796875 0.63664311328125 0.831556583984375 0.6246538740234375 0.82994966015625 0.6090486845703125 0.8325523095703125 0.5940144521484375 0.7948962763671875 0.584118171875 0.787828701171875 0.5808828935546875 0.7750242412109375 0.5799312509765625 0.7521184599609375 0.573841234375 0.712177767578125 0.573840900390625 0.700637005859375 0.5711765048828125 0.679237658203125 0.5698441767578125 0.6441886328125 0.5749821728515625 0.628505291015625 0.5789784892578125 0.6167679072265625 0.5846876015625 0.60248225 0.6014345 0.5932178876953125 0.6077145537109375 0.5913725859375 0.61570743359375 0.5940883427734375 0.62274881640625 0.5998043486328125 0.6280774599609374 0.6151153251953125 0.6332158779296875
2 0.7767399150390625 0.5875435458984375 0.7761456923828125 0.58259555859375 0.7702539423828125 0.578028140625 0.7613075693359375 0.579169908203125 0.75981375390625 0.585640333984375 0.7618474169921875 0.5881143427734375 0.76752992578125 0.5898271533203125 0.7767399150390625 0.5875435458984375
2 0.6720530732421875 0.5934421875 0.6684586015625 0.5902069375 0.65783005078125 0.587352244140625 0.6521810380859375 0.5892552666015625 0.651950919921875 0.5940129404296876 0.6674376396484375 0.598390130859375 0.6709986142578125 0.598009546875 0.6720530732421875 0.5934421875
2 0.7191579287109375 0.6564342060546875 0.7198609013671875 0.653389298828125 0.71561783203125 0.6492025087890625 0.708462384765625 0.64634784375 0.698515927734375 0.6480605244140625 0.6969342412109375 0.6549115634765625 0.7034745869140625 0.660430521484375 0.7085085 0.6611917919921875 0.7191579287109375 0.6564342060546875
2 0.7414568701171875 0.6463481201171875 0.735247130859375 0.6469189892578125 0.734456287109375 0.6503445087890625 0.7393144560546875 0.651867005859375 0.7430511748046875 0.6507251953125 0.7414568701171875 0.6463481201171875
2 0.793641294921875 0.645967943359375 0.77706662109375 0.6425422783203125 0.7742756103515624 0.647109623046875 0.7792551484375 0.65186733984375 0.782728251953125 0.651867369140625 0.793641294921875 0.645967943359375
2 0.7713171181640625 0.6335977998046874 0.76898634375 0.6286497978515625 0.759060765625 0.622750197265625 0.7534117529296875 0.6246532197265625 0.752390791015625 0.6328364130859375 0.7627557265625 0.636832947265625 0.7689654658203126 0.636262078125 0.7713171181640625 0.6335977998046874
2 0.626961458984375 0.6195138720703125 0.628685392578125 0.6082857724609375 0.6264759873046875 0.606572990234375 0.6101649267578125 0.6020054853515625 0.606549576171875 0.6063825166015625 0.6067044404296875 0.6132335703125 0.6092109580078126 0.617420345703125 0.620697345703125 0.6240811875 0.626961458984375 0.6195138720703125
2 0.80449560546875 0.6139964541015624 0.79984667578125 0.615328564453125 0.7987043466796875 0.620276537109375 0.80585979296875 0.623131203125 0.8077050947265625 0.6151383232421875 0.80449560546875 0.6139964541015624
0 0.34557352734375 0.691257263671875 0.364148369140625 0.693541103515625 0.384162650390625 0.6933509638671875 0.4508754697265625 0.6826943291015625 0.4824722705078125 0.6699440234375 0.502164205078125 0.6448236611328125 0.5039760087890625 0.6332149482421875 0.5029298115234375 0.6189419130859375 0.4877149658203125 0.594582486328125 0.4778772587890625 0.5883022724609375 0.4602690048828125 0.5818316865234375 0.4519921064453125 0.5763127138671875 0.4473431767578125 0.57764482421875 0.44266075 0.5753611005859375 0.430119904296875 0.5732676181640625 0.3945645283203125 0.573077013671875 0.3432253203125 0.5660352236328124 0.3158924677734375 0.5753600390625 0.2850656328125 0.5922971064453125 0.2758347666015625 0.602192994140625 0.2730019990234375 0.621984900390625 0.2822707197265625 0.64577335546875 0.3117420849609375 0.6798385595703125 0.34557352734375 0.691257263671875
2 0.3192068037109375 0.6174179189453125 0.3147879931640625 0.61399235546875 0.3037200849609375 0.6130407275390625 0.2972467314453125 0.6147534365234375 0.292664794921875 0.6233172138671875 0.295610669921875 0.6256009228515625 0.312624701171875 0.627123521484375 0.3173615029296875 0.6254107978515625 0.3192068037109375 0.6174179189453125
2 0.343016537109375 0.6421580302734375 0.346050283203125 0.6440611259765625 0.351644921875 0.64615455078125 0.35546951171875 0.6446321259765625 0.343016537109375 0.6421580302734375
2 0.365206728515625 0.6400648388671875 0.36952505078125 0.6326429013671875 0.3638090439453125 0.6273142568359374 0.3556535146484375 0.6250305048828125 0.3477072236328125 0.625601359375 0.3447739677734375 0.6345457646484375 0.346071162109375 0.636448845703125 0.35257801171875 0.638351970703125 0.365206728515625 0.6400648388671875
2 0.417504263671875 0.66176027734375 0.4138762939453125 0.6549091943359375 0.403193369140625 0.656050947265625 0.4028753798828125 0.6611892333984375 0.40711844921875 0.6653760234375 0.4156254638671875 0.6661373232421876 0.417504263671875 0.66176027734375
2 0.4405814287109375 0.6370205576171875 0.4317438056640625 0.6301694306640625 0.4130475966796875 0.62465037109375 0.41255386328125 0.630549884765625 0.4209521298828125 0.639304078125 0.4377904189453125 0.6415879033203125 0.4405814287109375 0.6370205576171875
2 0.469002236328125 0.626744216796875 0.4584615576171875 0.6235089091796875 0.4510968720703125 0.61779963671875 0.4493938154296875 0.6214154560546875 0.458859158203125 0.6368304033203125 0.4685754970703125 0.6398753974609375 0.469002236328125 0.626744216796875
2 0.4038419658203125 0.6570024873046875 0.4108634267578125 0.645393818359375 0.405938263671875 0.6366396533203125 0.4005863623046875 0.6410166708984375 0.3855724970703125 0.6383522470703125 0.3821998818359375 0.64919971875 0.3897403125 0.6541477646484375 0.4011053310546875 0.6575733857421875 0.4038419658203125 0.6570024873046875
0 0.52012440234375 0.7287492080078125 0.5652329921875 0.743974146484375 0.5754556826171875 0.7523477412109375 0.590678787109375 0.7578667724609375 0.6053955419921875 0.758057203125 0.61725429296875 0.755583310546875 0.63630198828125 0.75957991796875 0.6564585166015625 0.7550127177734375 0.6671079462890624 0.7502551318359375 0.6730749482421875 0.7432138212890625 0.67750201953125 0.727798990234375 0.67477364453125 0.7095294931640626 0.6697606103515625 0.7011559423828125 0.6462144921875 0.675273990234375 0.6108639970703125 0.6478694833984375 0.6095333056640625 0.642350568359375 0.60246573046875 0.6391152900390625 0.586066798828125 0.6349283984375 0.5589305673828125 0.6358797060546875 0.5335643837890625 0.6404468623046875 0.5122655263671875 0.64996203515625 0.4933853134765625 0.6640445966796875 0.4895189677734375 0.68079158203125 0.494314501953125 0.7051509208984374 0.5064286083984375 0.720375583984375 0.52012440234375 0.7287492080078125
2 0.5559220576171875 0.6564328388671875 0.5546792373046875 0.6505333115234375 0.5525912001953125 0.65205575 0.5468208193359375 0.650723552734375 0.5360835185546875 0.655861751953125 0.5405023310546875 0.6592873154296875 0.5485699892578125 0.661951681640625 0.5559220576171875 0.6564328388671875
2 0.62625504296875 0.7504450966796875 0.620221046875 0.7502547392578125 0.6189573486328125 0.7519674912109375 0.618342248046875 0.7546317841796875 0.622024591796875 0.7574864208984375 0.6283222021484375 0.7565349384765625 0.6292009169921875 0.7527288056640625 0.62625504296875 0.7504450966796875