0 0.5641804599609375 0.375955 0.5227772470703125 0.472714671875 0.5192233740234375 0.495407953125 0.5236338466796875 0.516706732421875 0.5408599013671875 0.5349441484375 0.67474990625 0.582209958984375 0.7560538740234375 0.58514055078125 0.80721224609375 0.55615566796875 0.8180041669921875 0.5403695078125 0.8085081982421874 0.451704482421875 0.788791375 0.40815365625 0.7304198857421875 0.3403080732421875 0.69415203125 0.324587298828125 0.6200861103515625 0.328563828125 0.5918089443359374 0.3470028095703125 0.5641804599609375 0.375955
0 1 0.0418344130859375 0.9218205458984375 0.0349945966796875 0.8999511708984375 0.051902896484375 0.8903526552734375 0.0719760478515625 0.880209416015625 0.09827541796875 0.8774081826171874 0.1482213330078125 0.8872409580078126 0.1971812900390625 0.909603783203125 0.2284158623046875 0.9199812822265625 0.2711496025390625 1 0.2155236044921875 1 0.0418344130859375
0 0.84902705859375 0.149920888671875 0.854863783203125 0.119062166015625 0.8606228935546875 0.107018275390625 0.874813455078125 0.1061684970703125 0.9031418955078125 0.0333604267578125 0.7801741123046875 0.0226021396484375 0.7662690830078125 0.0381159384765625 0.7339972783203125 0.1022138427734375 0.731999958984375 0.1250433056640625 0.7620415966796875 0.1402193564453125 0.806273796875 0.15454562890625 0.84902705859375 0.149920888671875
0 0.916868173828125 0.2708772412109375 0.907684080078125 0.2324304931640625 0.8961395185546875 0.220964017578125 0.87660426953125 0.175337787109375 0.8534375302734375 0.1712196689453125 0.810892185546875 0.209323259765625 0.7856768544921875 0.28240369140625 0.7768309794921875 0.329729478515625 0.7742113203125 0.3775999892578125 0.7845624765625 0.3847794716796875 0.8030858955078125 0.4240433046875 0.83074072265625 0.43064537109375 0.851520650390625 0.4261895048828125 0.9162209033203125 0.385841634765625 0.950620328125 0.351207951171875 0.9765882998046875 0.3053801533203125 0.9867051962890625 0.24352652734375 0.9662884169921875 0.24383158203125 0.9589727529296875 0.2557392919921875 0.9447821904296875 0.2565890703125 0.9390230810546875 0.2686329609375 0.916868173828125 0.2708772412109375
0 0.386440271484375 0 0.3832791298828125 0.02343028125 0.3884422421875 0.0719816953125 0.4028407216796875 0.1046107685546875 0.424918013671875 0.1211813212890625 0.4607187607421875 0.12431348046875 0.521761181640625 0.08991946484375 0.532345185546875 0.040654453125 0.5311254375 0.0008132041015625 0.5199709052734375 0 0.386440271484375 0
0 0.2464119638671875 0.5300962041015626 0.2251136552734375 0.576332544921875 0.2188361640625 0.63015691015625 0.2364517109375 0.6797977705078125 0.2823180810546875 0.6754453935546875 0.3343067099609375 0.6548983134765625 0.4229776142578125 0.591552107421875 0.469362365234375 0.5454192548828125 0.503190724609375 0.4814575302734375 0.501607828125 0.445767091796875 0.4794265771484375 0.4124571142578125 0.4583611162109375 0.4022489599609375 0.4194472607421875 0.3988444384765625 0.3808189384765625 0.4101039375 0.3089845966796875 0.4602841123046875 0.2464119638671875 0.5300962041015626
0 0.5605902763671875 1 0.6168761025390626 0.9389400556640625 0.6240878076171875 0.9102929208984375 0.6379928369140625 0.8947791220703125 0.653713611328125 0.858511267578125 0.6719500849609376 0.7576334775390625 0.6665790556640625 0.6756032119140625 0.63850839453125 0.60204344140625 0.6078180751953125 0.576354181640625 0.5561662529296875 0.557196193359375 0.5255022763671875 0.5670611904296875 0.513984056640625 0.5911489736328125 0.507109158203125 0.5800910419921875 0.482567439453125 0.5737613359375 0.450346908203125 0.5834901533203125 0.400485900390625 0.633501455078125 0.3809257197265625 0.6777985703125 0.3705232900390625 0.72498817578125 0.366373419921875 0.8082767626953125 0.3755838564453125 0.882277767578125 0.40318741015625 0.9432489228515625 0.422800275390625 0.970060322265625 0.456603703125 0.996021943359375 0.5020730986328125 1 0.5605902763671875 1
0 0.6734553662109375 0.81213874609375 0.6778394951171876 0.79788326953125 0.69083665234375 0.7927464990234375 0.72466501171875 0.7287847744140625 0.7417344228515625 0.6591742490234375 0.7443540810546875 0.61130373828125 0.7380239052734375 0.59401958984375 0.720720234375 0.594597005859375 0.666734287109375 0.637973548828125 0.662531732421875 0.65015362109375 0.673557912109375 0.7034005693359375 0.6734553662109375 0.81213874609375
0 1 0.4563015634765625 0.93043780859375 0.4205461142578125 0.892354208984375 0.425579396484375 0.88210701171875 0.4351393388671875 0.83551434375 0.44779333984375 0.8186777802734375 0.4609593701171875 0.814864716796875 0.504542888671875 0.822855404296875 0.53870264453125 0.816914720703125 0.55282194140625 0.76694975390625 0.5860938173828125 0.763395880859375 0.6087870986328126 0.7704786962890625 0.6533238818359375 0.799716419921875 0.69561638671875 0.85614186328125 0.7319223427734375 0.9312196142578125 0.7343082119140625 0.9668124443359375 0.7039615205078125 0.984738455078125 0.678343056640625 1 0.50390279296875 1 0.4563015634765625
0 0.934289513671875 1 0.9423775078125 0.9653264482421875 0.9368775888671875 0.9564801025390625 0.9407169951171875 0.9484508408203125 0.9324407744140625 0.8996270654296875 0.9076647958984375 0.8242642509765625 0.872096896484375 0.76468759765625 0.8386566181640625 0.7345751650390625 0.788016626953125 0.72177957421875 0.7287123349609375 0.754234365234375 0.717998029296875 0.751205693359375 0.6612108486328125 0.84452815234375 0.64048360546875 0.9200925322265625 0.6175247841796875 0.949453265625 0.61441679296875 1 0.934289513671875 1
0 0.4104682607421875 0.1429213359375 0.375653001953125 0.1105973173828125 0.350748134765625 0.108418423828125 0.3321734423828125 0.1235236787109375 0.3175157724609375 0.1117848427734375 0.3133132177734375 0.1239649150390625 0.302417337890625 0.1230116484375 0.2616101220703125 0.1591760146484375 0.226276482421875 0.1686324697265625 0.2442288349609375 0.1785682626953125 0.2518563740234375 0.2168788291015625 0.2732073681640625 0.24175100390625 0.2851926953125 0.2302518369140625 0.2974372119140625 0.197862431640625 0.3396194072265625 0.16390965234375 0.365068998046875 0.1598623291015625 0.4118695830078125 0.1806871796875 0.420197078125 0.1751418671875 0.4104682607421875 0.1429213359375
2 0.6422937041015625 0.3974280634765625 0.633603060546875 0.4071241865234375 0.63251361328125 0.4195766201171875 0.641852939453125 0.420393705078125 0.651451455078125 0.4003205537109375 0.6422937041015625 0.3974280634765625
2 0.801218876953125 0.4991664501953125 0.8030346220703125 0.4784123935546875 0.7905821884765625 0.4773229462890625 0.7875730380859375 0.4937900107421875 0.801218876953125 0.4991664501953125
2 0.42012228515625 0.444911904296875 0.4348575712890625 0.43783591015625 0.4388785517578125 0.4277312431640625 0.423676158203125 0.4222186240234375 0.4103158525390625 0.431506205078125 0.4095895546875 0.439807828125 0.42012228515625 0.444911904296875
2 0.56693606640625 0.8822885859375 0.55466520703125 0.879123734375 0.5256617431640624 0.905864337890625 0.523845998046875 0.92661839453125 0.54885482421875 0.945536712890625 0.5674295166015625 0.9304314580078125 0.565950578125 0.9114804462890626 0.573629390625 0.895421923828125 0.56693606640625 0.8822885859375
2 0.64284407421875 0.8931122587890625 0.63900466796875 0.90114151953125 0.6371889228515625 0.9218955751953125 0.6550373173828125 0.9150919423828126 0.6520018251953125 0.89600475 0.64284407421875 0.8931122587890625
2 0.838579001953125 0.7533899970703125 0.828227845703125 0.746210513671875 0.8258673779296875 0.773190787109375 0.831367296875 0.7820371328125 0.8406026640625 0.7661147919921875 0.838579001953125 0.7533899970703125
2 0.824439712890625 0.699870685546875 0.8276304375 0.6813282158203126 0.8167345576171875 0.6803749501953125 0.813906982421875 0.694766609375 0.824439712890625 0.699870685546875
2 0.7002272509765625 0.7391944951171875 0.711019171875 0.7234083359375 0.6991114619140625 0.716092671875 0.6959207373046875 0.7346351416015625 0.7002272509765625 0.7391944951171875
2 0.72588334765625 0.6431484208984375 0.7132493388671876 0.64413437890625 0.7117967431640625 0.660737625 0.722692623046875 0.661690890625 0.7329398203125 0.652130947265625 0.72588334765625 0.6431484208984375
2 0.69594566796875 0.644711794921875 0.69062732421875 0.633790044921875 0.682662978515625 0.6351845458984375 0.68157353125 0.6476369794921875 0.69594566796875 0.644711794921875
2 0.86848469140625 0.214361951171875 0.8575888125 0.213408685546875 0.854579662109375 0.2298757490234375 0.8618177099609375 0.23678287109375 0.868951798828125 0.2269505654296875 0.86848469140625 0.214361951171875
2 0.8547875791015624 0.2633546005859375 0.841141740234375 0.257978162109375 0.834552375 0.26158425 0.8348379072265625 0.2762482705078125 0.8486653212890625 0.2795493037109375 0.8547875791015624 0.2633546005859375
2 0.94610307421875 0.0622145390625 0.9401360478515625 0.0407795791015625 0.9255823359375 0.04578016796875 0.929811234375 0.0691543525390625 0.94610307421875 0.0622145390625
2 0.9629659794921875 0.0846027646484375 0.9503319716796875 0.085588724609375 0.9504359306640625 0.1023281494140625 0.9613318095703125 0.103281416015625 0.9667277705078124 0.0953883359375 0.9629659794921875 0.0846027646484375
2 0.9181128525390625 0.22079514453125 0.9127168916015626 0.2286882236328125 0.9153892353515625 0.251926228515625 0.936817845703125 0.2579835712890625 0.94550848828125 0.2482874482421875 0.948517638671875 0.2318203837890625 0.9431992939453125 0.2208986318359375 0.9181128525390625 0.22079514453125
2 0.9158549306640625 0.139037240234375 0.920057486328125 0.12685716796875 0.9064116474609375 0.121480728515625 0.900470962890625 0.135600025390625 0.9158549306640625 0.139037240234375
2 0.8730753271484375 0.1081077216796875 0.8554085068359375 0.11283594921875 0.8546045927734375 0.139952404296875 0.869988560546875 0.1433896171875 0.877304224609375 0.1314819072265625 0.8730753271484375 0.1081077216796875
2 0.811798646484375 0.07346862890625 0.8056500458984375 0.05410907421875 0.7933791865234375 0.050944220703125 0.795869955078125 0.076257630859375 0.811798646484375 0.07346862890625
2 0.9773395283203125 0.207155185546875 0.970205439453125 0.2169874892578125 0.96701471484375 0.235529958984375 0.989351197265625 0.2312102744140625 0.9833841708984375 0.2097753134765625 0.9773395283203125 0.207155185546875
2 0.479811833984375 0.06742775 0.4713027646484375 0.0750484697265625 0.468656763671875 0.0873647216796875 0.4805644736328125 0.0946803857421875 0.4854933271484375 0.0741986904296875 0.479811833984375 0.06742775
2 0.3670663173828125 0.1370328662109375 0.38245028515625 0.140470080078125 0.3958105908203125 0.1311825 0.3891172666015625 0.118049162109375 0.36768865625 0.111991818359375 0.3631229521484375 0.1283227021484375 0.3670663173828125 0.1370328662109375
2 0.3428101318359375 0.1453671826171875 0.329449826171875 0.1546547626953125 0.3268038251953125 0.166971015625 0.3330300419921875 0.1675157392578125 0.3498666044921875 0.154349708984375 0.3428101318359375 0.1453671826171875