2 0.20210481640625 0.781720375 0.20758084765625 0.79353372265625 0.218712486328125 0.7937699482421875 0.2269669892578125 0.769965982421875 0.2145112373046875 0.7609288017578125 0.20210481640625 0.781720375
2 0.283442150390625 0.737242748046875 0.2742720166015625 0.7352935751953125 0.2738388671875 0.7373313837890625 0.26925380078125 0.7363567978515625 0.265330791015625 0.7397826875 0.2640313427734375 0.7458961103515624 0.2625029873046875 0.745571248046875 0.260337240234375 0.7557602861328125 0.2614324462890625 0.758122955078125 0.270602580078125 0.7600721279296875 0.2740924404296875 0.7586840439453125 0.28041010546875 0.751507400390625 0.2845373564453125 0.73960541796875 0.283442150390625 0.737242748046875
2 0.4184337578125 0.5380393427734375 0.4171343095703125 0.5441527646484375 0.4204199287109375 0.5512407734375 0.4234766396484375 0.551890498046875 0.4269418349609375 0.535588037109375 0.42584662890625 0.5332253681640625 0.4227899169921875 0.53257564453125 0.4184337578125 0.5380393427734375
2 0.4490502021484375 0.5743653349609374 0.4464513056640625 0.5865921806640625 0.44754651171875 0.5889548505859376 0.4536599345703125 0.590254298828125 0.455621439453125 0.5885413525390625 0.4553925322265625 0.582103068359375 0.4521069130859375 0.5750150595703125 0.4490502021484375 0.5743653349609374
2 0.4613155439453125 0.336296400390625 0.4774653994140625 0.335469404296875 0.4778738828125 0.318517220703125 0.4621571767578125 0.317306408203125 0.4613155439453125 0.336296400390625
2 0.4681472705078125 0.2440339736328125 0.478183703125 0.2419075302734375 0.478159037109375 0.226993154296875 0.467893697265625 0.2226813125 0.4681472705078125 0.2440339736328125
2 0.4159611875 0.0987592763671875 0.4131087177734375 0.0896334599609375 0.4054669404296875 0.088009150390625 0.403505435546875 0.089722095703125 0.401772837890625 0.0978733251953125 0.400244482421875 0.097548462890625 0.3998113330078125 0.099586271484375 0.4037590087890625 0.111074755859375 0.4098724306640625 0.1123742041015625 0.4157569462890625 0.1072353671875 0.416190095703125 0.105197560546875 0.4146617392578125 0.1048726982421875 0.4159611875 0.0987592763671875
2 0.6240711259765624 0.1642931708984375 0.6201481162109375 0.1677190625 0.6184155185546875 0.1758702919921875 0.619510724609375 0.1782329619140625 0.63020921484375 0.18050699609375 0.634132224609375 0.1770811044921875 0.6354316728515625 0.1709676826171875 0.633241259765625 0.1662423427734375 0.6240711259765624 0.1642931708984375
2 0.636812033203125 0.08180628515625 0.6309275185546875 0.0869451220703125 0.6315895751953124 0.0913455986328125 0.640759708984375 0.093294771484375 0.6427212138671875 0.0915818251953125 0.6444538115234375 0.083430595703125 0.64335860546875 0.08106792578125 0.636812033203125 0.08180628515625
2 0 0.70894340234375 0.0033692529296875 0.7096595595703125 0.004668701171875 0.70354613671875 0.0024782890625 0.6988207978515625 0 0.698294021484375 0 0.70894340234375
2 0.0644788125 0.7077396640625 0.06842648828125 0.7192281494140625 0.081086482421875 0.7197892373046875 0.0880662041015625 0.7170130712890626 0.087608388671875 0.704136501953125 0.0644788125 0.7077396640625
2 0.25718878125 0.5676619521484375 0.254794126953125 0.5714127041015625 0.2561182412109375 0.5802136591796875 0.2591749521484375 0.5808633828125 0.265059466796875 0.575724546875 0.265925765625 0.571648931640625 0.2648305595703125 0.56928626171875 0.25718878125 0.5676619521484375
2 0.1756502021484375 0.0945368759765625 0.1710651357421875 0.0935622900390625 0.1686704814453125 0.09731304296875 0.167142125 0.096988181640625 0.1630148740234375 0.1088901640625 0.1645432294921875 0.1092150263671875 0.164110080078125 0.111252833984375 0.1717518583984375 0.1128771435546875 0.1741465126953125 0.1091263916015625 0.1756748681640625 0.1094512529296875 0.177840615234375 0.0992622158203125 0.175217052734375 0.0965746845703125 0.1756502021484375 0.0945368759765625
0 0.6288396875 0.540164978515625 0.6028329765625 0.5197279482421875 0.574227369140625 0.51151776171875 0.5545876533203125 0.51373283984375 0.543505345703125 0.5433253662109375 0.521291400390625 0.5726816669921875 0.5067438984375 0.61857665234375 0.532416123046875 0.7007089970703125 0.52792971875 0.75939191796875 0.544766296875 0.7778797763671875 0.5899549091796875 0.7832251591796875 0.6058511904296875 0.76104550390625 0.6269205986328125 0.69949778125 0.6400946552734375 0.614973087890625 0.6386965439453125 0.56142900390625 0.6288396875 0.540164978515625
0 0.5337155712890626 0.69459557421875 0.5194532236328125 0.6489664951171875 0.5052402080078126 0.63316616796875 0.476405693359375 0.618517697265625 0.4700880283203125 0.625694341796875 0.4677180400390625 0.644359470703125 0.44723669140625 0.665564541015625 0.41055615625 0.6577678525390624 0.40118178125 0.664294771484375 0.3578737607421875 0.7402844169921875 0.32462683984375 0.8290619970703125 0.310357576171875 0.911224021484375 0.315041306640625 0.97185611328125 0.353250197265625 0.9799776640625 0.394695375 0.9653584697265625 0.4197617900390625 0.9451279853515625 0.4903266376953125 0.8536331953125 0.5235982255859375 0.7797699921875 0.533993810546875 0.7308626123046875 0.5337155712890626 0.69459557421875
0 0.472750087890625 0.3877140400390625 0.4548183037109375 0.3668635126953125 0.4209409072265625 0.33836388671875 0.3744281806640625 0.3242175498046875 0.3451851826171875 0.3265212626953125 0.31573794140625 0.3373010693359375 0.2860864599609375 0.356556966796875 0.2830544140625 0.370821619140625 0.28857977734375 0.41246371875 0.3101000849609375 0.4915836708984375 0.349731751953125 0.568163681640625 0.386461619140625 0.6057891220703125 0.4247445068359375 0.658653802734375 0.4380665576171875 0.663615369140625 0.46249558203125 0.6538987841796875 0.47159171875 0.611104826171875 0.5018312607421875 0.5515062763671875 0.5043808251953125 0.509450677734375 0.496207234375 0.4502066689453125 0.472750087890625 0.3877140400390625
0 0 0.790837005859375 0.0579006591796875 0.8213547509765625 0.120358998046875 0.843150185546875 0.1884729443359375 0.8533685 0.22884758203125 0.8513010126953126 0.264612486328125 0.8333445625 0.300785875 0.7984359287109375 0.32062983203125 0.7877447587890625 0.36177210546875 0.7219441494140625 0.372167689453125 0.67303676953125 0.3900254765625 0.6491441689453125 0.394790119140625 0.6267282861328125 0.389314087890625 0.614914939453125 0.334522193359375 0.60965819140625 0.27145112890625 0.61329103125 0.161279279296875 0.6431201884765625 0.1370544970703125 0.6443606806640625 0.0561503115234375 0.6868005 0 0.72952587109375 0 0.790837005859375
0 0.5900565693359375 0.31680387109375 0.5582955869140624 0.2482864560546875 0.5036586025390625 0.20472486328125 0.477676556640625 0.199202208984375 0.4412495947265625 0.2127581806640625 0.427339484375 0.248139267578125 0.4143450029296875 0.3092734931640625 0.4137322783203125 0.33470176953125 0.419641458984375 0.34447730859375 0.45066638671875 0.3638511181640625 0.4880829755859375 0.4207914140625 0.503236287109375 0.4772592548828125 0.506824810546875 0.535528677734375 0.5225415166015625 0.5367394912109374 0.538233556640625 0.5230359267578125 0.5471501171875 0.5036324384765625 0.5780763818359375 0.4633487412109375 0.592852791015625 0.4238920390625 0.5999874228515625 0.38281102734375 0.5962193232421875 0.3479320732421875 0.5900565693359375 0.31680387109375
0 0.3767908720703125 0 0.3637435234375 0.066361306640625 0.377931873046875 0.0672472568359375 0.3797138017578125 0.0889247802734375 0.3932894267578125 0.1152390068359375 0.4162394267578125 0.1350263134765625 0.441355173828125 0.14462458203125 0.45864956640625 0.1759890107421875 0.5154276318359375 0.1944471904296875 0.5394235068359375 0.1867684130859375 0.5481358251953125 0.1758410166015625 0.5704553505859375 0.0783511181640625 0.5815376572265625 0.048758591796875 0.580597361328125 0.008091076171875 0.5425318408203125 0 0.48579091796875 0 0.484335623046875 0.002539146484375 0.4878501494140625 0.016065439453125 0.47715166015625 0.0137914052734375 0.47075870703125 0 0.3767908720703125 0
0 0.569817958984375 0.088865017578125 0.563982775390625 0.123832607421875 0.5666803349609375 0.171263267578125 0.57959390234375 0.193177017578125 0.6001245830078125 0.201800701171875 0.6280681337890625 0.20561041015625 0.6597057861328125 0.199555943359375 0.674915345703125 0.1580614345703125 0.70061915234375 0.12731705078125 0.730425544921875 0.0697563076171875 0.7364896357421875 0.041227001953125 0.6096361181640625 0.014263455078125 0.569817958984375 0.088865017578125
0 0.82927234765625 0.3186636025390625 0.80632234765625 0.298876294921875 0.796768396484375 0.32879368359375 0.79401458984375 0.379325373046875 0.7857600859375 0.40312933984375 0.7871088662109375 0.426844669921875 0.779467087890625 0.4252203603515625 0.777047767578125 0.414056736328125 0.76349680859375 0.40265688671875 0.7543266748046875 0.40070771484375 0.7106664189453125 0.395687193359375 0.678162466796875 0.4058172744140625 0.6616041279296875 0.4235964541015625 0.632280216796875 0.5089481416015625 0.664171443359375 0.5242463359375 0.7046447431640624 0.58183635546875 0.7380889912109375 0.6123737890625 0.7603769345703125 0.6277606181640625 0.7771888466796875 0.631334099609375 0.79267664453125 0.62610662890625 0.8092349833984375 0.6083274501953125 0.808932078125 0.5571460361328125 0.8211342578125 0.5448305546875 0.82982191015625 0.51898878125 0.8430206328125 0.44937846484375 0.8382629052734375 0.3440032421875 0.82927234765625 0.3186636025390625
0 0.80551621484375 0.603277248046875 0.7850348662109375 0.624482318359375 0.759077486328125 0.6338740400390624 0.7367332958984375 0.7164495625 0.71933332421875 0.753218732421875 0.71133239453125 0.7983753603515625 0.7163506103515624 0.7973121376953125 0.7479142666015625 0.746514541015625 0.767553982421875 0.744299462890625 0.7993712109375 0.7148545283203125 0.814809677734375 0.6797983037109375 0.8219196435546875 0.6238029150390625 0.8101012822265625 0.6042518349609375 0.80551621484375 0.603277248046875
0 0 0.636236568359375 0.0461701259765625 0.5909645908203125 0.0784451708984375 0.5743962255859375 0.1166293955078125 0.5676033984375 0.125063474609375 0.52040896484375 0.1277679501953125 0.440048521484375 0.113456271484375 0.3645906884765625 0.1035994150390625 0.3433266630859375 0.084139275390625 0.3221512724609375 0.06164708984375 0.31524053515625 0.0293473798828125 0.3168945244140625 0 0.454963091796875 0 0.636236568359375
0 0.2159261767578125 0.0328118828125 0.1886446826171875 0.0334026513671875 0.10707844140625 0.0714419931640625 0.0865230947265625 0.04790393359375 0.031513126953125 0.306705486328125 0.0845724248046875 0.32011346484375 0.1301448544921875 0.293592287109375 0.185704384765625 0.2351159140625 0.20267120703125 0.2003845517578125 0.2193844560546875 0.1443005283203125 0.2282516845703125 0.0950682861328125 0.2222685068359375 0.040549615234375 0.2159261767578125 0.0328118828125
0 0.282237447265625 0.404725986328125 0.2261214384765625 0.39066828515625 0.17986228515625 0.3978746083984375 0.1431817509765625 0.390077919921875 0.14396713671875 0.469050279296875 0.1505630400390625 0.4981406728515625 0.1771015634765625 0.5761974033203126 0.2009425283203125 0.6068234716796875 0.2271534814453125 0.61878441015625 0.28976673046875 0.602275 0.3235947958984375 0.6009458720703125 0.3379873876953125 0.59335573046875 0.3451713505859375 0.5821034716796875 0.3547746337890625 0.5820148369140625 0.3105332333984375 0.48954586328125 0.2944889580078125 0.422239259765625 0.282237447265625 0.404725986328125
0 0.252705375 0.100266078125 0.2330656591796875 0.10248115625 0.226110603515625 0.1201717001953125 0.2259063623046875 0.1286477919921875 0.2366048515625 0.1309218251953125 0.2505396279296875 0.110455115234375 0.261467025390625 0.11916743359375 0.254945119140625 0.134820169921875 0.246331462890625 0.205405072265625 0.2601359951171875 0.238157583984375 0.25909012109375 0.2656236669921875 0.275011068359375 0.258358388671875 0.3170443056640625 0.2033965419921875 0.3674060439453125 0.169373859375 0.3478719072265625 0.1034553388671875 0.2710209765625 0.089250044921875 0.252705375 0.100266078125
0 1 0.097237859375 0.9321191552734375 0.0828093408203125 0.9250831875 0.1835478583984375 0.9376376025390625 0.2522425458984375 0.986594314453125 0.2924668828125 1 0.2975626796875 1 0.097237859375
0 0.9235972470703125 0.3408428544921875 0.891346869140625 0.37232559765625 0.87022812890625 0.4040445673828125 0.8593993955078125 0.45498975390625 0.8695344912109375 0.5125208173828125 0.8842053212890625 0.5411977138671875 0.9042781865234375 0.5369448271484375 0.91296583984375 0.5111030546875 0.951329640625 0.480919759765625 0.996500501953125 0.343559662109375 0.996908986328125 0.3266074775390625 0.9835869345703125 0.321645912109375 0.9235972470703125 0.3408428544921875
0 0.68384965625 0.28136342578125 0.6764121201171875 0.2712630234375 0.6825008759765625 0.2576480947265625 0.6634985517578125 0.2493492734375 0.6453378603515625 0.2220604619140625 0.6197889638671875 0.2144999990234375 0.6032059599609375 0.2173648017578125 0.5857566572265624 0.22430521875 0.5598239423828125 0.248611318359375 0.5589823095703125 0.2676013095703125 0.5859046513671875 0.313791478515625 0.603959763671875 0.409213888671875 0.6211801591796875 0.3958351875 0.6358016591796875 0.3946833310546875 0.6804831240234375 0.357323392578125 0.685680916015625 0.3328697021484375 0.680409126953125 0.3125802626953125 0.68384965625 0.28136342578125
0 0.9048920166015625 1 0.9613522412109375 0.734375525390625 0.947597041015625 0.7314517666015625 0.9127231005859375 0.760246978515625 0.8813883525390624 0.817482859375 0.86722466796875 0.83151128515625 0.863988380859375 0.854252029296875 0.8867094736328125 0.867601052734375 0.889561943359375 0.8767268681640625 0.8537723720703125 0.87976894140625 0.830896369140625 0.904724763671875 0.8108728359375 0.93880640234375 0.8069991572265625 0.9720610478515626 0.81001750390625 1 0.9048920166015625 1
0 0.825402587890625 0.750205935546875 0.804389427734375 0.713791306640625 0.7982760048828125 0.7124918583984375 0.78258396484375 0.7261954228515625 0.769082337890625 0.7446243251953125 0.7566265849609375 0.73558714453125 0.71112815234375 0.806851451171875 0.709624462890625 0.8214409658203125 0.73955418359375 0.8384521064453125 0.73313094140625 0.9137623486328125 0.736874375 0.93372692578125 0.7563591806640625 0.9698166923828125 0.7648672568359375 0.9673653876953126 0.792532568359375 0.93490805859375 0.8325796357421875 0.8667447802734375 0.8366822216796875 0.839928421875 0.82374398828125 0.8031002958984375 0.825402587890625 0.750205935546875
0 0.741956484375 1 0.7456853564453125 0.98245703515625 0.7384520615234375 0.963880541015625 0.71682617578125 0.9528941884765625 0.70482823828125 0.9567335771484375 0.671339015625 1 0.741956484375 1