0 0.27136526953125 0.7712190341796875 0.22381040234375 0.7923647021484375 0.16416648046875 0.8371624541015625 0.1237060126953125 0.9066291669921875 0.0951164453125 0.9399456982421875 0.0932515849609375 0.9524801533203126 0.1038302802734375 0.9616719296875 0.141160953125 0.951643892578125 0.2099004814453125 0.9504440390625 0.255917720703125 0.9605799716796874 0.2871629609375 0.960034583984375 0.3412122998046875 0.952840197265625 0.39507075390625 0.9347099765625 0.4383505107421875 0.9073879794921875 0.49563872265625 0.84700396484375 0.498904865234375 0.795376599609375 0.4691972529296875 0.7646403876953125 0.4272642392578125 0.749744951171875 0.418986712890625 0.753014912109375 0.4132285146484375 0.7812447060546875 0.378117205078125 0.7990476943359375 0.333583056640625 0.754505638671875 0.27136526953125 0.7712190341796875
0 0.6173640859375 0.7776815068359375 0.5675080478515625 0.7863654365234375 0.540810611328125 0.8087097744140626 0.5307773017578125 0.8307632392578125 0.5312681513671875 0.858883955078125 0.587553580078125 0.9797950546875 0.6128770048828125 0.998105888671875 0.6337071650390625 0.997742296875 0.6978443515625 0.9716189697265625 0.7099061376953125 0.9464046220703125 0.6843100185546875 0.91247116796875 0.6898500625 0.8717432783203125 0.678916865234375 0.842242095703125 0.6173640859375 0.7776815068359375
0 0.87490071484375 0.968528439453125 0.91239500390625 0.967873974609375 0.91199959765625 0.9452211748046875 0.9240477490234374 0.9192256962890625 0.9148703330078125 0.8709410107421875 0.880942150390625 0.8371529931640626 0.8805876484375 0.8168435869140624 0.8639507890625 0.8186967216796875 0.8595393330078125 0.80470908203125 0.8113845400390625 0.7914849853515625 0.7756187646484375 0.7717936845703125 0.7569261591796875 0.77524544140625 0.738751671875 0.8083801767578125 0.7392970595703126 0.8396254169921875 0.7567792705078125 0.886202404296875 0.8182775107421875 0.94763846875 0.87490071484375 0.968528439453125
0 0.8738037548828125 0.666939150390625 0.881399546875 0.6246126396484375 0.8725766328125 0.596637359375 0.844842958984375 0.559615740234375 0.782325208984375 0.55914425390625 0.748669720703125 0.5409788564453125 0.719725650390625 0.5539859814453125 0.705417232421875 0.569863115234375 0.6999317275390625 0.613715529296875 0.7329494775390625 0.714717173828125 0.756435310546875 0.747124724609375 0.7959853466796875 0.744871638671875 0.8516268525390625 0.70952017578125 0.8738037548828125 0.666939150390625
2 0.22314539453125 0.8736386865234375 0.2377265068359375 0.873384171875 0.23545260546875 0.862484697265625 0.22089876171875 0.86430147265625 0.22314539453125 0.8736386865234375
2 0.665072025390625 0.8846776845703125 0.66912898046875 0.87835591796875 0.6625254306640626 0.8581555888671875 0.6519740029296875 0.8505260751953125 0.6567126923828125 0.8832608583984375 0.665072025390625 0.8846776845703125
2 0.622729970703125 0.8463483173828125 0.6580321650390625 0.8394811630859375 0.6557037255859375 0.8254571640625 0.6243766767578125 0.821315765625 0.622729970703125 0.8463483173828125
2 0.6765506123046875 0.945424107421875 0.686802076171875 0.9358687392578126 0.67992583203125 0.9000457900390625 0.6530102392578125 0.90989203125 0.66402524609375 0.94408 0.6765506123046875 0.945424107421875
2 0.5596395634765625 0.813069328125 0.5699182958984375 0.8050762216796875 0.5696183330078125 0.78789133984375 0.553063283203125 0.79443126171875 0.5491426748046875 0.808564337890625 0.5596395634765625 0.813069328125
2 0.25761896484375 0.9386719443359375 0.2637043974609375 0.929189294921875 0.2427651591796875 0.923303837890625 0.23243188671875 0.928172419921875 0.23465125 0.93594737109375 0.25761896484375 0.9386719443359375
2 0.355138947265625 0.91509139453125 0.3697473291015625 0.916399142578125 0.371666728515625 0.9069892109375 0.3549480615234375 0.904155560546875 0.355138947265625 0.91509139453125
2 0.22662969140625 0.8345094169921875 0.24126534375 0.8373794267578125 0.232715123046875 0.825026767578125 0.2223545830078125 0.8283330869140625 0.22662969140625 0.8345094169921875
2 0.1962843408203125 0.886609451171875 0.2000686015625 0.864665064453125 0.187597775390625 0.866445482421875 0.175372373046875 0.8822862578125 0.1775917353515625 0.8900612080078125 0.1962843408203125 0.886609451171875
2 0.8222737421875 0.6990933701171875 0.834580953125 0.687939380859375 0.832388859375 0.6817266923828125 0.8074472060546874 0.6852875263671875 0.8055550751953126 0.6962597197265625 0.8222737421875 0.6990933701171875
2 0.742819169921875 0.68329013671875 0.72593688671875 0.6710829140625 0.7261823115234375 0.6851432724609375 0.742819169921875 0.68329013671875
2 0.7299938408203125 0.6647611474609375 0.7404634599609375 0.6677038759765626 0.7445204150390625 0.661382109375 0.729830224609375 0.655387576171875 0.7299938408203125 0.6647611474609375
2 0.723308482421875 0.639874033203125 0.7296120693359375 0.6428894794921876 0.7356702314453125 0.631844568359375 0.72520061328125 0.62890183984375 0.723308482421875 0.639874033203125
2 0.8087728623046875 0.880606638671875 0.82738366015625 0.872468095703125 0.8167504248046875 0.8601517958984375 0.8042523291015625 0.860369951171875 0.8087728623046875 0.880606638671875
2 0.8125025849609375 0.8555377275390625 0.827001888671875 0.850596427734375 0.8268110029296875 0.83966059375 0.81220262109375 0.838352845703125 0.806171728515625 0.85096001953125 0.8125025849609375 0.8555377275390625
2 0.7644841376953125 0.85012494140625 0.7811482666015624 0.8498340673828125 0.7872336982421875 0.84035141796875 0.7642659833984375 0.8376268447265625 0.7644841376953125 0.85012494140625
2 0.7534964013671875 0.817499234375 0.765994498046875 0.8172810791015624 0.765830880859375 0.8079075068359375 0.75333278515625 0.808125662109375 0.7534964013671875 0.817499234375
2 0.8347885654296875 0.81920575 0.8222359306640625 0.8162993818359375 0.8203165302734375 0.8257093125 0.8347885654296875 0.81920575
2 0.7782471689453125 0.80300256640625 0.79071799609375 0.8012221494140624 0.7842780625 0.790395392578125 0.7760005361328125 0.793665353515625 0.7782471689453125 0.80300256640625
0 0.3419696591796875 0.7574847255859375 0.3886686318359375 0.806677208984375 0.419886603515625 0.80456955859375 0.4383883232421875 0.7901819677734375 0.4383065146484375 0.785495181640625 0.4195866396484375 0.7873846767578125 0.406843119140625 0.7735424736328125 0.4249357978515625 0.7357209521484375 0.422007431640625 0.6873271884765625 0.398248904296875 0.639297017578125 0.3662673896484375 0.597661330078125 0.28207412890625 0.5491233125 0.278071712890625 0.558569603515625 0.2532118671875 0.5668172236328125 0.243205828125 0.59043294921875 0.243723947265625 0.620115927734375 0.2701108779296875 0.6993549814453125 0.3419696591796875 0.7574847255859375
0 0.4106651923828125 0.634392076171875 0.46271332421875 0.631920833984375 0.4815968154296875 0.639404912109375 0.52528561328125 0.6355168447265624 0.5483078662109375 0.6413659423828125 0.56905621875 0.636315564453125 0.608360830078125 0.6200021201171875 0.6411436982421875 0.5881751318359375 0.6488758369140625 0.5536599306640625 0.6337493359375 0.522669205078125 0.610427119140625 0.4996352255859375 0.57474315234375 0.4846307109375 0.4872837490234375 0.48772005859375 0.42879568359375 0.4793645439453125 0.4041539931640625 0.5001102607421875 0.3944206474609375 0.5393486064453125 0.3618286650390625 0.5821114287109375 0.36404802734375 0.58988637890625 0.4106651923828125 0.634392076171875
0 0.75599281640625 0.483029724609375 0.7551201962890625 0.43303733984375 0.7378561416015625 0.39895844921875 0.7187272255859375 0.3774140126953125 0.6850444677734375 0.357686353515625 0.66032096875 0.3737452841796875 0.6167412490234375 0.3838823994140625 0.592344982421875 0.4186884736328125 0.5953551572265625 0.4717690234375 0.6545249580078125 0.5191810888671875 0.6505225419921875 0.5286273798828125 0.704790037109375 0.5339310888671875 0.7400376923828125 0.5239394111328125 0.75599281640625 0.483029724609375
0 0.4339812255859375 0.4183272470703125 0.399360765625 0.4642509521484375 0.3978231376953125 0.4955325517578125 0.4308514306640625 0.4777659228515625 0.4768141298828125 0.4847773310546875 0.5038387998046875 0.4811801376953125 0.53234655859375 0.4431768203125 0.5356945087890626 0.3962362412109375 0.48353730078125 0.3924584345703125 0.4339812255859375 0.4183272470703125
0 0.429078919921875 0.376218890625 0.3811968203125 0.3786174140625 0.3267929794921875 0.36550239453125 0.2997137705078125 0.365975064453125 0.2894350380859375 0.373968169921875 0.2714787060546875 0.4196010009765625 0.2491109169921875 0.4512461923828125 0.2481186767578125 0.513773033203125 0.267411208984375 0.544691041015625 0.2737420654296875 0.5492687490234375 0.3049327666015625 0.545598837890625 0.389572880859375 0.5003647744140625 0.429078919921875 0.376218890625
0 0.216147705078125 0.3533690732421875 0.20806106640625 0.3675748681640625 0.2425891748046875 0.435732650390625 0.25103031640625 0.44183626171875 0.2634193349609375 0.43536905859375 0.2792926513671875 0.3897725859375 0.278856341796875 0.3647763935546875 0.23588708984375 0.290515 0.209026037109375 0.303485765625 0.216147705078125 0.3533690732421875
0 0.2063430947265625 0.2691523603515625 0.235559857421875 0.2717678564453125 0.278730537109375 0.238196810546875 0.3051007421875 0.1971053291015625 0.3045826240234375 0.1674223505859375 0.2754203984375 0.16793137890625 0.2115013671875 0.2065528017578125 0.2016862138671875 0.2411043623046875 0.2063430947265625 0.2691523603515625
0 0.3580593056640625 0.1274204609375 0.393743271484375 0.1424249755859375 0.4061868291015625 0.1390822958984375 0.45522478515625 0.0835305048828125 0.4746369375 0.0019292880859375 0.3684031201171875 0.0037836064453125 0.3364110634765625 0.0809161923828125 0.3367655654296875 0.1012255986328125 0.3580593056640625 0.1274204609375
0 0.5316859091796875 0.1665837236328125 0.4999498203125 0.13900839453125 0.47481728125 0.1316333955078125 0.454014390625 0.1335592490234375 0.4731160361328125 0.1535414228515625 0.5214344453125 0.176139091796875 0.533959810546875 0.1774831982421875 0.5316859091796875 0.1665837236328125
0 0.585165791015625 0 0.5662896435546875 0.000329484375 0.5543642041015625 0.0333551416015625 0.5591028935546875 0.06608992578125 0.603146193359375 0.082511265625 0.6452973623046875 0.1099047978515625 0.664208123046875 0.1189511376953125 0.682955267578125 0.1186239052734375 0.6911237158203125 0.109104896484375 0.669284587890625 0.05166479296875 0.6084184921875 0 0.585165791015625 0
0 0.63371396875 0 0.6796723984375 0.0499207353515625 0.7098708603515625 0.1087776630859375 0.737359109375 0.1317389248046875 0.764629203125 0.1422020888671875 0.8082634619140625 0.135189498046875 0.834879091796875 0.108158375 0.83441551171875 0.081599919921875 0.806627298828125 0.04145377734375 0.7999651396484375 0 0.63371396875 0
0 0.9980317177734375 0.502245990234375 0.9936413466796875 0.2507218046875 0.93726356640625 0.2438921923828125 0.887407529296875 0.2525761220703125 0.8733172646484375 0.280951353515625 0.84670163671875 0.3079824765625 0.832774990234375 0.345731279296875 0.8503390068359375 0.396995052734375 0.8884877607421875 0.4338348759765625 0.91424749609375 0.4771419033203125 0.933294603515625 0.493999552734375 0.9541520341796875 0.49519822265625 0.96892403125 0.50587954296875 0.9980317177734375 0.502245990234375
0 0.844645890625 0.30958109765625 0.891491751953125 0.2478166181640625 0.97892388671875 0.2431650087890625 0.9929596123046875 0.21166525390625 0.991623412109375 0.1351144150390625 0.9830186533203125 0.1196372314453125 0.964080623046875 0.1090286298828125 0.920337287109375 0.109792171875 0.89344896484375 0.12120067578125 0.8901828212890625 0.172828041015625 0.8113176328125 0.3101628447265625 0.809589119140625 0.3305086103515625 0.818193876953125 0.3459857939453125 0.82871803515625 0.3520530458984375 0.844645890625 0.30958109765625
0 0.933321873046875 0.495561814453125 0.91002692578125 0.47409009765625 0.890598046875 0.435360779296875 0.844062689453125 0.3955418681640625 0.84233417578125 0.4158876337890625 0.8663381279296875 0.4779781640625 0.91802121484375 0.5739657890625 0.9562790458984375 0.61705466015625 0.956524470703125 0.6311150185546875 0.9998587666015625 0.6069175458984375 0.998086255859375 0.5053705146484375 0.933321873046875 0.495561814453125
0 0.8193831875 0.533493595703125 0.8617797822265625 0.5749474873046875 0.8975182861328125 0.593076525390625 0.92870898828125 0.58940661328125 0.8579515244140625 0.4749990771484375 0.8209208154296875 0.50221199609375 0.8193831875 0.533493595703125
0 0.929661591796875 0.0471198955078125 0.9178725 0.08795686328125 0.920282748046875 0.1066676484375 0.9911598330078125 0.1085559599609375 0.9895509384765625 0.0163825009765625 0.9543032822265625 0.0263741787109375 0.929661591796875 0.0471198955078125
0 0.81718491015625 0.288182099609375 0.793917232421875 0.2682726435546875 0.7855851669921875 0.268418080078125 0.7323811796875 0.32404258984375 0.73078901171875 0.352199666015625 0.7707208193359375 0.3718182470703125 0.8279166806640625 0.425515720703125 0.8404693154296875 0.42842208984375 0.831837287109375 0.4113826435546875 0.83962396484375 0.379991966796875 0.8053549130859375 0.326675673828125 0.81718491015625 0.288182099609375
0 0.7346110849609375 0.213049267578125 0.7295451630859375 0.16156733984375 0.7018660283203125 0.127670244140625 0.6687286572265625 0.1391878251953125 0.652009990234375 0.1363541748046875 0.658504462890625 0.150305455078125 0.6464426767578125 0.175519802734375 0.6429856494140626 0.216211333984375 0.64739710546875 0.2301989736328125 0.6703102822265625 0.2297990224609375 0.695988208984375 0.268419263671875 0.7023190654296875 0.2729969716796875 0.7126523369140625 0.2681283896484375 0.7346110849609375 0.213049267578125
0 0.3145068544921875 0.139119837890625 0.3000620888671875 0.147185662109375 0.311158904296875 0.1860604169921875 0.2950401630859375 0.21759653125 0.2998061220703125 0.2518935771484375 0.37260260546875 0.2443719580078125 0.3849370849609375 0.23478023046875 0.3800620498046875 0.19423413671875 0.349999935546875 0.143188517578125 0.33953031640625 0.1402457900390625 0.3145068544921875 0.139119837890625
0 0.1533783466796875 0.099738419921875 0.1676867646484375 0.0838612861328125 0.1816406806640625 0.0476747451171875 0.1519330693359375 0.016938533203125 0.13302230859375 0.007892193359375 0.0642827802734375 0.0090920458984375 0.0458083291015625 0.0250418994140625 0.0316907958984375 0.0518548681640625 0.031990759765625 0.06903975 0.040759134765625 0.093890505859375 0.0577504951171875 0.1123467763671875 0.0848842421875 0.114998630859375 0.130601517578125 0.107949681640625 0.1533783466796875 0.099738419921875
0 0.2802787080078125 0.0881469384765625 0.2871654951171875 0.0052016142578125 0.1850977099609375 0.0069832138671875 0.1925466103515625 0.0756136650390625 0.2052083232421875 0.08476908203125 0.2407559423828125 0.0919622861328125 0.272028453125 0.0929791611328125 0.2802787080078125 0.0881469384765625
0 0.1285730400390625 0.111110564453125 0.072440685546875 0.118341310546875 0.062952763671875 0.171640015625 0.0386655751953125 0.2126951376953125 0.1000820078125 0.2694444169921875 0.1271884853515625 0.270534009765625 0.139141193359375 0.23907061328125 0.1256341298828125 0.18148507421875 0.124843318359375 0.1361794755859375 0.134903896484375 0.1156882734375 0.1285730400390625 0.111110564453125
0 0 0.24471846484375 0.0181899169921875 0.2333681357421875 0.0487534228515625 0.1937661982421875 0.0627346083984375 0.1591419189453125 0.0623255673828125 0.13570798828125 0.0409772890625 0.1063886015625 0.018282267578125 0.1192866494140625 0.0056478251953125 0.111693494140625 0 0.1153619892578125 0 0.24471846484375