0 0.6854166669921875 0.7546875 0.5791666669921876 0.74375 0.5395833330078125 0.75625 0.6333333330078125 0.8125 0.69375 0.825 0.7354166669921876 0.8203125 0.7416666669921875 0.8046875 0.7333333330078124 0.7875 0.6854166669921875 0.7546875
0 1 0.515625 0.8625 0.521875 0.8041666669921875 0.5421875 0.7645833330078124 0.578125 0.7458333330078125 0.6203125 0.75 0.65625 0.7625 0.6734375 0.8020833330078125 0.6953125 0.88125 0.6875 0.975 0.659375 1 0.640625 1 0.515625
0 0.3354166669921875 0.403125 0.3291666669921875 0.38125 0.3145833330078125 0.36875 0.2458333330078125 0.3890625 0.2020833330078125 0.4515625 0.2125 0.51875 0.2333333330078125 0.5234375 0.275 0.515625 0.3104166669921875 0.4875 0.3270833330078125 0.4546875 0.3354166669921875 0.403125
0 0.28125 0.278125 0.2520833330078125 0.25625 0.225 0.2421875 0.18125 0.23125 0.1458333330078125 0.2375 0.0791666669921875 0.23125 0.0333333330078125 0.240625 0.0291666669921875 0.2484375 0.1020833330078125 0.328125 0.1729166669921875 0.3515625 0.2291666669921875 0.3515625 0.26875 0.3359375 0.2979166669921875 0.3078125 0.28125 0.278125
0 0.375 0.48125 0.3520833330078125 0.490625 0.3166666669921875 0.521875 0.29375 0.5734375 0.3041666669921875 0.5984375 0.3625 0.5859375 0.3791666669921875 0.5765625 0.4104166669921875 0.5359375 0.375 0.48125
0 0.3583333330078125 0.096875 0.3416666669921875 0.0625 0.3125 0.0359375 0.2916666669921875 0.028125 0.2625 0.0015625 0.2291666669921875 0.0015625 0.1979166669921875 0.046875 0.1354166669921875 0.0609375 0.1270833330078125 0.078125 0.1291666669921875 0.1015625 0.1625 0.190625 0.2 0.2171875 0.2520833330078125 0.240625 0.2645833330078125 0.240625 0.2791666669921875 0.2296875 0.2958333330078125 0.2296875 0.3354166669921875 0.1984375 0.3604166669921875 0.1234375 0.3583333330078125 0.096875
0 0.1604166669921875 0.6296875 0.0895833330078125 0.60625 0.0416666669921875 0.60625 0.01875 0.6140625 0.0020833330078125 0.634375 0.0020833330078125 0.7375 0.025 0.734375 0.0479166669921875 0.740625 0.1145833330078125 0.71875 0.13125 0.7015625 0.13125 0.6546875 0.1604166669921875 0.6296875
0 0.4291666669921875 0.6078125 0.3854166669921875 0.596875 0.3208333330078125 0.60625 0.30625 0.6140625 0.3041666669921875 0.6203125 0.3583333330078125 0.671875 0.44375 0.671875 0.4708333330078125 0.6546875 0.4729166669921875 0.646875 0.4291666669921875 0.6078125
0 0.5833333330078125 0.9 0.6166666669921875 0.884375 0.6208333330078125 0.86875 0.6104166669921876 0.8515625 0.59375 0.84375 0.5604166669921875 0.8484375 0.5 0.8765625 0.4708333330078125 0.909375 0.4708333330078125 0.9359375 0.4916666669921875 0.9359375 0.5479166669921876 0.9171875 0.5708333330078125 0.91875 0.5833333330078125 0.9
0 0.9916666669921875 1 0.9791666669921875 0.990625 0.9770833330078125 0.978125 0.9916666669921875 0.9640625 0.9604166669921875 0.9375 0.90625 0.9171875 0.8854166669921875 0.9015625 0.8354166669921875 0.9015625 0.8145833330078125 0.9109375 0.8145833330078125 0.94375 0.8270833330078124 0.9671875 0.8625 1 0.9916666669921875 1
0 1 0.8578125 0.9958333330078125 0.821875 0.9645833330078125 0.8015625 0.9270833330078125 0.790625 0.875 0.784375 0.8479166669921875 0.7875 0.8375 0.8140625 0.8395833330078125 0.83125 0.8958333330078125 0.90625 0.9166666669921875 0.921875 0.94375 0.9265625 0.95625 0.9171875 0.96875 0.8859375 1 0.8578125
0 0.7166666669921875 1 0.7333333330078124 0.984375 0.7416666669921875 0.965625 0.66875 0.9484375 0.6208333330078125 0.9671875 0.6104166669921876 1 0.7166666669921875 1
2 0.0020833330078125 0.6578125 0.0166666669921875 0.65625 0.01875 0.6484375 0.00625 0.6359375 0.0020833330078125 0.6578125
2 0.1270833330078125 0.659375 0.13125 0.6875 0.1416666669921875 0.6875 0.15625 0.6390625 0.14375 0.6421875 0.1270833330078125 0.659375
2 0.0333333330078125 0.7234375 0.04375 0.721875 0.0458333330078125 0.709375 0.03125 0.715625 0.0333333330078125 0.7234375
2 0.39375 0.5296875 0.3833333330078125 0.5421875 0.3854166669921875 0.5546875 0.39375 0.553125 0.4083333330078125 0.5390625 0.4083333330078125 0.528125 0.39375 0.5296875
2 0.35 0.5546875 0.3666666669921875 0.55 0.3666666669921875 0.540625 0.3520833330078125 0.5359375 0.35 0.5546875
2 0.3604166669921875 0.51875 0.3770833330078125 0.51875 0.3770833330078125 0.50625 0.3604166669921875 0.5125 0.3604166669921875 0.51875
2 0.18125 0.2578125 0.19375 0.2546875 0.1875 0.2421875 0.1770833330078125 0.24375 0.18125 0.2578125
2 0.2375 0.321875 0.2520833330078125 0.31875 0.25 0.309375 0.2375 0.3109375 0.2375 0.321875
2 0.2791666669921875 0.39375 0.2916666669921875 0.3953125 0.2916666669921875 0.3828125 0.28125 0.38125 0.2791666669921875 0.39375
2 0.25 0.0484375 0.2625 0.0453125 0.2645833330078125 0.0359375 0.2541666669921875 0.03125 0.25 0.0484375
2 0.3166666669921875 0.646875 0.33125 0.65 0.33125 0.64375 0.3125 0.6265625 0.3 0.625 0.3166666669921875 0.646875
2 0.5979166669921875 0.775 0.6083333330078124 0.784375 0.6270833330078125 0.7796875 0.6270833330078125 0.7734375 0.6125 0.7671875 0.5979166669921875 0.775
2 0.5354166669921875 0.7484375 0.5770833330078124 0.7578125 0.5854166669921875 0.7546875 0.58125 0.7421875 0.54375 0.7421875 0.5354166669921875 0.7484375
2 0.8354166669921875 0.634375 0.8479166669921875 0.6328125 0.84375 0.6234375 0.83125 0.6234375 0.8354166669921875 0.634375
2 0.8583333330078124 0.6203125 0.8729166669921875 0.6203125 0.8708333330078125 0.60625 0.8583333330078124 0.6046875 0.8583333330078124 0.6203125
2 0.9979166669921875 1 1 0.9734375 0.9791666669921875 0.978125 0.9791666669921875 0.9890625 0.9979166669921875 1
2 0.9770833330078125 0.95 0.9895833330078125 0.9484375 0.9854166669921876 0.940625 0.9708333330078125 0.94375 0.9770833330078125 0.95
2 0.9020833330078125 0.79375 0.93125 0.7921875 0.91875 0.7859375 0.8854166669921875 0.784375 0.9020833330078125 0.79375
2 0.58125 0.896875 0.5833333330078125 0.9015625 0.6041666669921875 0.9 0.6125 0.8890625 0.5916666669921875 0.8890625 0.58125 0.896875
2 0.6333333330078125 0.9625 0.6458333330078125 0.9609375 0.6458333330078125 0.953125 0.63125 0.95625 0.6333333330078125 0.9625
0 0.20625 1 0.23125 0.984375 0.2833333330078125 0.9671875 0.3208333330078125 0.946875 0.3208333330078125 0.9375 0.2979166669921875 0.9140625 0.2791666669921875 0.9078125 0.24375 0.909375 0.19375 0.925 0.1333333330078125 0.93125 0.0708333330078125 0.928125 0.1041666669921875 1 0.20625 1
2 0.2645833330078125 0.9140625 0.2708333330078125 0.909375 0.2625 0.9046875 0.2416666669921875 0.909375 0.2645833330078125 0.9140625