0 0.4465945830078125 0.3365430517578125 0.4146948779296875 0.3734919521484375 0.3996891806640625 0.4274049453125 0.4005606181640625 0.4670095185546875 0.410951064453125 0.4984456455078125 0.406046123046875 0.5108619326171875 0.4222856669921875 0.5653203134765625 0.445246927734375 0.5928085625 0.520997865234375 0.6399711142578125 0.58479609375 0.6556702724609375 0.678677251953125 0.6489743701171875 0.740005421875 0.627124701171875 0.7763010400390625 0.6069217353515625 0.86829388671875 0.529348751953125 0.93790721875 0.3909592607421875 0.938307169921875 0.3680460849609375 0.8135455458984375 0.263769478515625 0.7639167529296875 0.2420666982421875 0.7094193779296875 0.230697189453125 0.6313062763671875 0.2293337197265625 0.5857098046875 0.2452070361328125 0.4937896767578125 0.3186139892578125 0.4465945830078125 0.3365430517578125
0 0.348820916015625 0 0.3014532001953125 0.05688405859375 0.25861766015625 0.09364207421875 0.2247921005859375 0.151393865234375 0.2081877822265625 0.2073626044921875 0.2037906865234375 0.280213626953125 0.2133085126953125 0.3616421376953125 0.2520730078125 0.4685849599609375 0.28131967578125 0.4940992705078125 0.293926849609375 0.488068376953125 0.300430412109375 0.473596341796875 0.3127830712890625 0.4821465615234375 0.33163929296875 0.47622474609375 0.3666271640625 0.441413400390625 0.41669344921875 0.348523029296875 0.43369771875 0.2696411142578125 0.43845840625 0.175959931640625 0.4289769384765625 0.092448404296875 0.4111751337890625 0.0379627548828125 0.3943902021484375 0.0147496162109375 0.3804025625 0.0103381591796875 0.3805830146484375 0 0.348820916015625 0
0 0.2835715791015625 0.5441461943359375 0.2581754365234375 0.5666230595703124 0.242080146484375 0.59342957421875 0.2172645673828125 0.672175142578125 0.2125038798828125 0.7658563251953125 0.2473087724609375 0.8310570185546875 0.2635483154296875 0.8855153984375 0.273284296875 0.9544458125 0.289996509765625 0.9818249853515625 0.302276451171875 0.994541236328125 0.3975744345703125 0.9962046689453125 0.424860072265625 0.955007927734375 0.44302665234375 0.8990664580078125 0.4517469423828125 0.847127404296875 0.4352892431640625 0.8051671201171875 0.457888095703125 0.7638885703125 0.425808958984375 0.6320586337890625 0.4003412802734375 0.5691045732421876 0.365100078125 0.5289000732421875 0.32615260546875 0.521969291015625 0.311983169921875 0.5279729140625 0.2991578408203125 0.5465019033203125 0.2835715791015625 0.5441461943359375
0 1 0.3463311884765625 0.9790726015625 0.2708260654296875 0.9622876708984375 0.24761292578125 0.94648325390625 0.2577553125 0.93689152734375 0.2700897919921875 0.941396517578125 0.2805866806640625 0.9339839755859375 0.347134115234375 0.9555284111328125 0.36626303125 0.955310255859375 0.378761126953125 0.9327841220703125 0.41587364453125 0.935145103515625 0.45967151953125 0.7967195244140625 0.601027189453125 0.793267767578125 0.619719794921875 0.7595149267578125 0.6733055556640625 0.762457654296875 0.6837751748046875 0.754464548828125 0.6940539072265625 0.7538464423828125 0.7294651796875 0.761003287109375 0.7670958154296875 0.7855995283203125 0.790445302734375 0.8560467568359375 0.783340359375 0.9143594794921875 0.755187103515625 0.939828341796875 0.7285442041015625 0.9712917373046875 0.71659149609375 0.9955255693359375 0.6711741845703125 1 0.4148342119140625 1 0.3463311884765625
0 1 0.1765529013671875 0.9872486865234374 0.16053529296875 0.9115704677734375 0.1092067080078125 0.85525631640625 0.11239104296875 0.8097325625 0.1240983271484375 0.780993740234375 0.1590187509765625 0.747749927734375 0.1834422861328125 0.7426995498046876 0.2041906376953125 0.748585005859375 0.2251298759765625 0.807581646484375 0.2622755830078125 0.86032160546875 0.2996600498046875 0.8849372412109375 0.307036609375 0.89308185546875 0.288077947265625 0.921148625 0.2468948408203125 0.9127909453125 0.27545098046875 0.9385628662109375 0.263868013671875 0.9577099619140625 0.2412820693359375 0.982015330078125 0.2812956845703125 1 0.2742815107421875 1 0.1765529013671875
0 0.9588978037109375 1 0.9618055390625 0.9914678037109375 0.9903989248046875 0.9648794443359375 0.9923623212890625 0.8523965791015625 0.972561943359375 0.8228798525390625 0.929400353515625 0.7887880537109375 0.8998264521484375 0.78202088671875 0.7917758583984374 0.7947204111328126 0.72659598046875 0.8581758642578124 0.727867369140625 0.8748672607421875 0.738621408203125 0.8854732275390625 0.7490118544921875 0.916909353515625 0.7453783017578125 0.9460170390625 0.7837076689453125 0.98835909375 0.805397541015625 0.9991559462890625 0.8726475263671875 0.9961624970703125 0.8788729560546875 1 0.9588978037109375 1
0 0.574585078125 0.7930129833984375 0.6207257548828125 0.835491384765625 0.7065047294921875 0.845323265625 0.7109918203125 0.79712965234375 0.7357525810546875 0.7812406171875 0.701032271484375 0.7709101748046875 0.698852146484375 0.7465642509765625 0.7018503525390625 0.724042314453125 0.713845736328125 0.6933449033203125 0.712865220703125 0.6599893779296875 0.70679796875 0.6494652197265625 0.58007294921875 0.6576714794921875 0.5208887880859375 0.6462201630859375 0.5140943515625 0.6773563251953125 0.5319325166015625 0.7297589599609375 0.574585078125 0.7930129833984375
2 0.343525197265625 0.0638693798828125 0.3310271005859375 0.0636512255859375 0.327611703125 0.080260814453125 0.335313935546875 0.086646208984375 0.343525197265625 0.0638693798828125
2 0.3510069091796875 0.2619467880859375 0.33687383203125 0.265867396484375 0.338181580078125 0.28047577734375 0.3522419384765625 0.2807212021484375 0.3510069091796875 0.2619467880859375
2 0.4221390478515625 0.6632493359375 0.4049905244140625 0.6608663564453126 0.4046632919921875 0.6796135009765625 0.418614572265625 0.6861079736328125 0.4221390478515625 0.6632493359375
2 0.4270428056640625 0.7404300068359375 0.426933728515625 0.7466790546875 0.4347813974609375 0.7447323857421875 0.4270428056640625 0.7404300068359375
2 0.445825126953125 0.8282711826171875 0.45512598046875 0.832600830078125 0.46159318359375 0.8202118115234375 0.45905040625 0.7868290166015625 0.446552310546875 0.786610861328125 0.438522845703125 0.7989726103515625 0.4398669521484375 0.8114979765625 0.445825126953125 0.8282711826171875
2 0.3625901123046875 0.7622251376953125 0.3580851220703125 0.75172825 0.3486751904296875 0.7536476494140625 0.34206255078125 0.774368732421875 0.3621538017578125 0.787221330078125 0.3625901123046875 0.7622251376953125
2 0.757700515625 0.50866548046875 0.770344048828125 0.5005515712890625 0.75846405859375 0.46492214453125 0.7211515654296875 0.4538525986328125 0.7192620712890625 0.4725724736328125 0.7421142548828125 0.5063097705078125 0.757700515625 0.50866548046875
2 0.4842694853515625 0.4163793955078125 0.4716623115234375 0.4224102890625 0.4744959619140625 0.439128955078125 0.4870304169921875 0.4372640947265625 0.4842694853515625 0.4163793955078125
2 0.782628720703125 0.15487998828125 0.7669333818359375 0.158773326171875 0.76355434375 0.1732998994140625 0.7791042451171875 0.1777386259765625 0.782628720703125 0.15487998828125
2 0.98757237109375 0.410579025390625 0.975001556640625 0.41452690234375 0.9779442841796875 0.424996521484375 0.9873905751953125 0.42099410546875 0.98757237109375 0.410579025390625
2 0.9985070224609375 0.5003668701171875 0.99894333203125 0.475370677734375 0.986408876953125 0.4772355380859375 0.9813584990234375 0.4979838896484375 0.990586634765625 0.5064795712890625 0.9985070224609375 0.5003668701171875
2 0.8374462314453125 0.68508410546875 0.8345762216796875 0.670448453125 0.8219690478515626 0.6764793466796875 0.815429126953125 0.6930343974609375 0.8325776494140625 0.6954173759765625 0.8374462314453125 0.68508410546875
2 0.8183354951171875 0.7055870322265625 0.8136123505859375 0.707588240234375 0.80536473046875 0.7324480849609375 0.8180082626953125 0.7243341767578125 0.8183354951171875 0.7055870322265625
2 0.81593697265625 0.7534691318359374 0.804892060546875 0.7595272939453125 0.8093243330078125 0.77419021484375 0.821931505859375 0.7681593212890625 0.81593697265625 0.7534691318359374
2 0.8755234501953125 0.5628133544921875 0.8676757802734375 0.5647600234375 0.8628071982421875 0.5750932958984375 0.8799920810546875 0.5753932587890624 0.8755234501953125 0.5628133544921875
2 0.933980427734375 0.6159249921875 0.9246795732421875 0.61159534375 0.916504671875 0.6322891572265625 0.936705 0.63889270703125 0.933980427734375 0.6159249921875
2 0.955310255859375 0.378761126953125 0.9474989462890625 0.3786247802734375 0.9441199072265625 0.3931513544921875 0.9534934794921875 0.393314970703125 0.955310255859375 0.378761126953125
2 0.8889340732421875 0.2421652333984375 0.8763632587890625 0.246113109375 0.87919691015625 0.2628317763671875 0.8948558896484375 0.261021455078125 0.8889340732421875 0.2421652333984375
2 1 0.275682509765625 0.986774833984375 0.2772114609375 0.9894630478515625 0.30226219140625 1 0.300694517578125 1 0.275682509765625
2 0.9558920029296875 0.34543287109375 0.9603242744140625 0.360095791015625 0.9653019345703125 0.3435134716796875 0.9558920029296875 0.34543287109375
2 0.7055617568359375 0.720287765625 0.69306366015625 0.7200696103515625 0.6881223603515625 0.7345689140625 0.7052345234375 0.7390349091796875 0.7055617568359375 0.720287765625
2 0.69066513671875 0.767951708984375 0.678167041015625 0.7677335537109375 0.673225740234375 0.7822328583984375 0.6872497392578125 0.784561298828125 0.69066513671875 0.767951708984375
2 0.6510995576171875 0.79643219921875 0.6451050244140625 0.781742009765625 0.632570568359375 0.7836068701171875 0.629336966796875 0.7898013798828125 0.63395103515625 0.7940492197265625 0.6510995576171875 0.79643219921875
2 0.9579550146484375 0.9434766279296875 0.9423687529296875 0.9411209169921875 0.941968802734375 0.96403409375 0.960643228515625 0.9685273583984375 0.9579550146484375 0.9434766279296875
2 0.7550802890625 0.8378365517578125 0.748903958984375 0.833561443359375 0.744071736328125 0.8418116982421875 0.7501389892578125 0.8523358564453125 0.7550802890625 0.8378365517578125