0 0.1229166669921875 0.415625 0.14375 0.4109375 0.2375 0.3578125 0.2708333330078125 0.3203125 0.2833333330078125 0.2828125 0.2875 0.1828125 0.2020833330078125 0.1109375 0.1875 0.1109375 0.1833333330078125 0.1234375 0.1375 0.1453125 0.0666666669921875 0.159375 0.0020833330078125 0.18125 0 0.3765625 0.0333333330078125 0.4015625 0.0645833330078125 0.4125 0.1229166669921875 0.415625
0 0.5520833330078125 0.403125 0.55625 0.365625 0.5979166669921875 0.3609375 0.6166666669921875 0.35 0.6729166669921876 0.346875 0.7208333330078125 0.2984375 0.74375 0.2640625 0.7479166669921875 0.2390625 0.7395833330078125 0.2203125 0.7458333330078125 0.2125 0.7291666669921875 0.196875 0.6854166669921875 0.1859375 0.6041666669921875 0.190625 0.55 0.203125 0.4875 0.24375 0.44375 0.30625 0.4416666669921875 0.3375 0.4708333330078125 0.39375 0.5375 0.41875 0.5520833330078125 0.403125
0 0.55 0.521875 0.5854166669921875 0.54375 0.6104166669921876 0.546875 0.6291666669921875 0.5625 0.6770833330078125 0.5765625 0.725 0.578125 0.825 0.546875 0.8729166669921875 0.546875 0.875 0.559375 0.90625 0.559375 0.9520833330078124 0.528125 0.9604166669921875 0.5 0.9729166669921875 0.4921875 0.9625 0.4578125 0.9416666669921875 0.4375 0.8916666669921876 0.4390625 0.8979166669921875 0.4109375 0.88125 0.4 0.81875 0.375 0.7395833330078125 0.353125 0.7 0.35 0.6270833330078125 0.35625 0.6 0.3640625 0.5666666669921875 0.390625 0.5625 0.40625 0.53125 0.434375 0.4770833330078125 0.4421875 0.4770833330078125 0.4484375 0.5208333330078125 0.459375 0.5125 0.4890625 0.55 0.521875
0 0.6 0.96875 0.7125 0.9328125 0.7583333330078125 0.9046875 0.8166666669921875 0.815625 0.8895833330078124 0.7640625 0.9416666669921875 0.7078125 0.9583333330078125 0.65625 0.95 0.59375 0.9395833330078125 0.5859375 0.9229166669921876 0.5921875 0.9041666669921875 0.56875 0.8895833330078124 0.5640625 0.8729166669921875 0.565625 0.8708333330078125 0.575 0.8125 0.5765625 0.8104166669921875 0.565625 0.7833333330078125 0.565625 0.7 0.59375 0.6270833330078125 0.65 0.575 0.70625 0.53125 0.8046875 0.53125 0.925 0.5395833330078125 0.9703125 0.5541666669921875 0.9921875 0.6 0.96875
0 0.3375 0.6671875 0.3458333330078125 0.678125 0.40625 0.70625 0.44375 0.715625 0.5208333330078125 0.715625 0.55625 0.7078125 0.575 0.6984375 0.61875 0.65 0.6916666669921875 0.590625 0.6 0.5578125 0.53125 0.5171875 0.4583333330078125 0.4421875 0.4729166669921875 0.4328125 0.4729166669921875 0.4078125 0.3916666669921875 0.3984375 0.3791666669921875 0.3890625 0.3125 0.3953125 0.2729166669921875 0.40625 0.2520833330078125 0.41875 0.2354166669921875 0.45 0.2104166669921875 0.5484375 0.2145833330078125 0.584375 0.275 0.646875 0.3375 0.6671875
0 0.8604166669921876 0.2640625 0.8854166669921875 0.2546875 0.9229166669921876 0.2703125 0.91875 0.3078125 0.9083333330078125 0.321875 0.9375 0.315625 0.9458333330078125 0.325 0.9416666669921875 0.346875 0.9604166669921875 0.353125 0.9979166669921875 0.35 0.9979166669921875 0.1625 0.8583333330078124 0.1890625 0.8270833330078124 0.203125 0.8 0.2375 0.7979166669921876 0.25 0.8416666669921875 0.2484375 0.8458333330078125 0.259375 0.8604166669921876 0.2640625
0 0.0354166669921875 0.9671875 0.0541666669921875 0.9390625 0.0604166669921875 0.9125 0.05625 0.8453125 0.0395833330078125 0.78125 0.03125 0.76875 0.0041666669921875 0.753125 0 0.9609375 0.0145833330078125 0.959375 0.0229166669921875 0.9671875 0.0354166669921875 0.9671875
0 0.1854166669921875 0.971875 0.1166666669921875 0.9734375 0.0875 0.9859375 0.0854166669921875 0.9984375 0.275 0.9984375 0.2583333330078125 0.984375 0.1854166669921875 0.971875
0 0.3875 0.9765625 0.3916666669921875 0.9984375 0.5145833330078124 0.9984375 0.5354166669921875 0.9828125 0.525 0.9234375 0.5229166669921875 0.8 0.5166666669921876 0.7953125 0.4875 0.8 0.4354166669921875 0.7953125 0.3791666669921875 0.8296875 0.35625 0.8515625 0.3541666669921875 0.890625 0.3729166669921875 0.9390625 0.375 0.971875 0.3875 0.9765625
2 0.1833333330078125 0.096875 0.1729166669921875 0.0921875 0.1520833330078125 0.1078125 0.1479166669921875 0.1296875 0.1645833330078125 0.13125 0.1854166669921875 0.1078125 0.1833333330078125 0.096875
2 0.2395833330078125 0.321875 0.2395833330078125 0.3328125 0.2666666669921875 0.328125 0.2666666669921875 0.3203125 0.2395833330078125 0.321875
2 0.5583333330078125 0.315625 0.5541666669921875 0.3265625 0.5770833330078124 0.3328125 0.5791666669921876 0.3171875 0.5583333330078125 0.315625
2 0.5895833330078125 0.2328125 0.5916666669921875 0.246875 0.6104166669921876 0.2421875 0.6083333330078124 0.2296875 0.5895833330078125 0.2328125
2 0.6375 0.234375 0.6395833330078124 0.2421875 0.6520833330078125 0.2375 0.65 0.2328125 0.6375 0.234375
2 0.53125 0.2359375 0.5270833330078125 0.24375 0.5375 0.246875 0.5416666669921875 0.2375 0.53125 0.2359375
2 0.4645833330078125 0.3703125 0.4604166669921875 0.384375 0.4708333330078125 0.384375 0.4833333330078125 0.3703125 0.4645833330078125 0.3703125
2 0.5625 0.36875 0.5625 0.3828125 0.5875 0.3765625 0.58125 0.3671875 0.5625 0.36875
2 0.9083333330078125 0.284375 0.9395833330078125 0.271875 0.9104166669921875 0.2609375 0.9083333330078125 0.284375
2 0.6833333330078125 0.5484375 0.6833333330078125 0.5375 0.6708333330078124 0.5328125 0.6375 0.540625 0.6354166669921875 0.5546875 0.65 0.5640625 0.6729166669921876 0.559375 0.6833333330078125 0.5484375
2 0.93125 0.44375 0.93125 0.4328125 0.9145833330078125 0.41875 0.8958333330078125 0.425 0.89375 0.4359375 0.9041666669921875 0.4453125 0.9229166669921876 0.4484375 0.93125 0.44375
2 0.8270833330078124 0.5703125 0.8125 0.5828125 0.825 0.6015625 0.86875 0.6046875 0.8770833330078125 0.565625 0.8270833330078124 0.5703125
2 0.45 0.8796875 0.4541666669921875 0.8703125 0.4125 0.8546875 0.3979166669921875 0.85625 0.39375 0.86875 0.4104166669921875 0.8875 0.4333333330078125 0.890625 0.45 0.8796875
2 0.4458333330078125 0.9640625 0.4354166669921875 0.9703125 0.44375 0.9875 0.4666666669921875 0.9828125 0.4625 0.965625 0.4458333330078125 0.9640625
2 0.4791666669921875 0.45 0.4895833330078125 0.4703125 0.5166666669921876 0.46875 0.5166666669921876 0.45625 0.4791666669921875 0.45
2 0.5270833330078125 0.478125 0.525 0.4921875 0.5375 0.5 0.5604166669921875 0.478125 0.5270833330078125 0.478125
2 0.4145833330078125 0.6265625 0.4375 0.621875 0.4125 0.615625 0.4145833330078125 0.6265625
2 0.4041666669921875 0.5328125 0.4020833330078125 0.5390625 0.4229166669921875 0.546875 0.4229166669921875 0.5375 0.4041666669921875 0.5328125
2 0.9520833330078124 0.478125 0.9458333330078125 0.4828125 0.9583333330078125 0.4875 0.9625 0.48125 0.9520833330078124 0.478125
2 0.0354166669921875 0.965625 0.0020833330078125 0.959375 0 0.9890625 0.0208333330078125 0.9921875 0.0333333330078125 0.9828125 0.0354166669921875 0.965625
2 0.0854166669921875 0.9875 0.0583333330078125 0.99375 0.0520833330078125 0.9984375 0.0958333330078125 0.9984375 0.0979166669921875 0.99375 0.0854166669921875 0.9875
2 0.5145833330078124 0.828125 0.5125 0.8453125 0.5208333330078125 0.85 0.5270833330078125 0.8265625 0.5145833330078124 0.828125