0 0.5522282978515625 0.547190076171875 0.5656993828125 0.5099367333984375 0.5598762998046874 0.4194750146484375 0.5422162998046876 0.3849452890625 0.49441117578125 0.340505171875 0.437999375 0.3172081318359375 0.3227626181640625 0.3147422939453125 0.23368905078125 0.3005766630859375 0.202694146484375 0.304856833984375 0.2165464912109375 0.391479146484375 0.233661767578125 0.4197826552734375 0.2319622109375 0.4481637802734375 0.2666339970703125 0.4859105732421875 0.268131986328125 0.5030326689453125 0.3642161640625 0.5495227900390625 0.463666759765625 0.5627805498046875 0.526065109375 0.5588898701171875 0.547772431640625 0.5679700048828125 0.6041515400390625 0.6147969326171875 0.6061942529296875 0.6381452451171875 0.6317800244140624 0.643749123046875 0.63249362109375 0.628002005859375 0.619768826171875 0.6259783447265626 0.5553931494140625 0.559460935546875 0.5522282978515625 0.547190076171875
0 0.2594653330078125 0.666911626953125 0.2720920498046875 0.739524951171875 0.283694705078125 0.7526260673828125 0.33969796484375 0.7712534443359375 0.4531316767578125 0.77701396484375 0.4881412099609375 0.7708140908203125 0.5478159423828125 0.7357923271484375 0.578979720703125 0.709538822265625 0.6074198798828125 0.6521542333984375 0.56584097265625 0.607169392578125 0.5372265302734375 0.5908512099609375 0.494220427734375 0.577360603515625 0.416749515625 0.576296087890625 0.359182880859375 0.5876063896484375 0.304781099609375 0.61118755078125 0.26946651171875 0.6378042041015625 0.2594653330078125 0.666911626953125
0 0.74373762109375 0.4175054501953125 0.723255927734375 0.422434302734375 0.6706244970703125 0.4662506689453125 0.6283374013671875 0.5326890498046875 0.6275911103515625 0.5719660546875 0.6343293583984375 0.601177435546875 0.6503551865234375 0.6170285107421875 0.6466129189453125 0.622061322265625 0.6746826376953124 0.6321532880859375 0.704146859375 0.634280908203125 0.805977916015625 0.6269403134765625 0.8981782333984375 0.5812305869140625 0.925327380859375 0.5568967861328125 0.937676326171875 0.5307208974609375 0.9270596298828125 0.5049857734375 0.8918431201171875 0.461012763671875 0.8688774765625 0.4614535283203125 0.8467616123046875 0.4477037314453125 0.79572625 0.4380525302734375 0.74373762109375 0.4175054501953125
0 0.7705325556640625 0.7476765185546875 0.720755513671875 0.72850441796875 0.704969353515625 0.7392963388671875 0.6974521240234375 0.772891849609375 0.7037164423828125 0.84449334375 0.7231467919921875 0.8992582734375 0.77884499609375 0.9383024306640625 0.806506173828125 0.9437247333984375 0.8458027001953125 0.9387182646484376 0.9215032607421875 0.9195475751953125 0.94116787109375 0.9052793974609376 0.95018308984375 0.888805982421875 0.9470182373046875 0.876535123046875 0.9206480732421874 0.838062033203125 0.90673034375 0.7984994951171875 0.886689884765625 0.784568123046875 0.867330330078125 0.7784195224609375 0.809082791015625 0.7819470537109375 0.7847553408203125 0.7668222763671875 0.7705325556640625 0.7476765185546875
0 0.0780333916015625 0.911781265625 0.11273787109375 0.925998169921875 0.154044416015625 0.96786990234375 0.19129823046875 0.9395151201171875 0.21347948046875 0.9062051416015625 0.2341954345703125 0.8322431796875 0.2354864482421875 0.799192392578125 0.223747611328125 0.78453472265625 0.2042518759765625 0.7768295673828125 0.130114689453125 0.7660625771484375 0.07189984375 0.746060220703125 0.044783390625 0.746864134765625 0.0224986513671875 0.755087669921875 0.033496607421875 0.90469844921875 0.0780333916015625 0.911781265625
0 0.3191754013671875 1 0.32763219921875 0.9918946513671875 0.4368443046875 0.9494019921875 0.4402107236328125 0.9161696298828125 0.4033600439453125 0.8535179697265625 0.360762484375 0.844697025390625 0.3213297783203125 0.8481469404296875 0.250869474609375 0.8794069140625 0.2087512529296875 0.9238719619140625 0.189598673828125 0.967896244140625 0.1939542841796875 1 0.3191754013671875 1
0 0.5234666171875 0.9355496474609375 0.572290392578125 0.9438258681640626 0.5988621240234375 0.9367957373046875 0.6424783349609375 0.9094527861328126 0.668810396484375 0.8757796591796875 0.6767361689453125 0.8468538115234375 0.6720352255859375 0.745314638671875 0.644374048828125 0.7398923349609375 0.58847427734375 0.746351400390625 0.5200566865234375 0.8009596875 0.4546677685546875 0.866282279296875 0.4569828427734375 0.8927437001953125 0.50910765234375 0.9148473349609375 0.5234666171875 0.9355496474609375
0 1 0.7141426357421875 0.9508204833984375 0.728766431640625 0.8966910634765625 0.755460701171875 0.8947191455078125 0.780728716796875 0.9132289228515625 0.801067880859375 0.9272828330078124 0.8421869716796875 0.9582123515625 0.884966576171875 0.9930530107421875 0.90074003515625 1 0.9019285419921875 1 0.7141426357421875
2 0.219438982421875 0.4006368974609375 0.228116455078125 0.4281101494140625 0.243630251953125 0.4142051201171875 0.2406015810546875 0.4034908154296875 0.227604423828125 0.398354044921875 0.219438982421875 0.4006368974609375
2 0.241761822265625 0.4645595791015625 0.247410623046875 0.4813185263671875 0.2656480390625 0.4985445810546875 0.2634691455078125 0.4736397138671875 0.249791083984375 0.460720171875 0.241761822265625 0.4645595791015625
2 0.427867423828125 0.44043510546875 0.44474303125 0.4420956181640625 0.458726146484375 0.434598380859375 0.4576367001953125 0.4221459462890625 0.4307926083984375 0.42606296875 0.427867423828125 0.44043510546875
2 0.2986748359375 0.3262605126953125 0.3017035078125 0.336974818359375 0.317762029296875 0.329296005859375 0.30891568359375 0.3237960869140625 0.2986748359375 0.3262605126953125
2 0.380841283203125 0.3331880966796875 0.3777799189453125 0.3460036796875 0.38842930859375 0.348208916015625 0.3977168896484375 0.334848609375 0.380841283203125 0.3331880966796875
2 0.4446014404296875 0.344862958984375 0.44126771484375 0.35456543359375 0.4539925107421875 0.3565890947265625 0.457326236328125 0.34688662109375 0.4446014404296875 0.344862958984375
2 0.4783199609375 0.3717138720703125 0.477197822265625 0.382791326171875 0.4897864365234375 0.38325843359375 0.4945146640625 0.3655916142578125 0.4783199609375 0.3717138720703125
2 0.49587647265625 0.38115715625 0.4950266943359375 0.39534771875 0.5013890927734375 0.3963595498046875 0.508601267578125 0.3831808173828125 0.49587647265625 0.38115715625
2 0.5350803291015624 0.542416455078125 0.5522282978515625 0.547190076171875 0.5609711552734375 0.5276035537109375 0.5460347734375 0.524204912109375 0.536066287109375 0.529782447265625 0.5350803291015624 0.542416455078125
2 0.500332337890625 0.3603772275390625 0.5101319501953125 0.3767730263671875 0.52411506640625 0.3692757880859375 0.51251241015625 0.3561746728515625 0.500332337890625 0.3603772275390625
2 0.6876743857421875 0.541613953125 0.71271543359375 0.5409916142578125 0.714109935546875 0.5330272685546875 0.700704236328125 0.5232208359375 0.684509533203125 0.52934309375 0.6876743857421875 0.541613953125
2 0.2499545478515625 0.3430707333984375 0.256997849609375 0.3518653359375 0.27720718359375 0.3438233740234375 0.270572423828125 0.3396984345703125 0.2499545478515625 0.3430707333984375
2 0.212733427734375 0.34789562890625 0.23307894140625 0.341410220703125 0.21593097265625 0.336636599609375 0.212733427734375 0.34789562890625
2 0.2053142763671875 0.3109014765625 0.210418353515625 0.32143420703125 0.226476875 0.31375539453125 0.2259321513671875 0.307529177734375 0.2114043125 0.3088001982421875 0.2053142763671875 0.3109014765625
2 0.2771036953125 0.3187369326171875 0.277784599609375 0.326519703125 0.2921762578125 0.3236921279296875 0.2916315341796875 0.3174659111328125 0.2771036953125 0.3187369326171875
2 0.2599230341796875 0.33749319921875 0.2741785107421875 0.3331090693359375 0.257166724609375 0.329892001953125 0.2599230341796875 0.33749319921875
2 0.4517155380859375 0.402273890625 0.4500486748046875 0.4071251279296875 0.4627734697265625 0.4091487900390625 0.464031791015625 0.3996278896484375 0.4517155380859375 0.402273890625
2 0.448114859375 0.504539361328125 0.460294931640625 0.500336806640625 0.4432831435546875 0.4971197392578125 0.448114859375 0.504539361328125
2 0.443332064453125 0.7606181669921875 0.45204223046875 0.76456153125 0.4658891650390625 0.7555077392578124 0.4625881318359375 0.741680326171875 0.4445903857421875 0.7510972666015625 0.443332064453125 0.7606181669921875
2 0.53542889453125 0.689821998046875 0.54828987109375 0.6934022138671875 0.5530180986328125 0.67573539453125 0.548458744140625 0.671428880859375 0.536414853515625 0.677187990234375 0.53542889453125 0.689821998046875
2 0.1589742109375 0.904699861328125 0.1663225673828125 0.89307768359375 0.153597771484375 0.8910540224609375 0.1589742109375 0.904699861328125
2 0.200101064453125 0.777192716796875 0.200645787109375 0.78341893359375 0.220413884765625 0.794237197265625 0.2216722060546875 0.784716296875 0.2084026875 0.7764664189453125 0.200101064453125 0.777192716796875
2 0.2464136083984375 0.900186841796875 0.2448829267578125 0.9065946337890625 0.255804677734375 0.9119129775390625 0.2588660419921875 0.8990973955078125 0.2464136083984375 0.900186841796875
2 0.576947826171875 0.87754271875 0.5780372724609375 0.8899951533203125 0.59062588671875 0.8904622607421875 0.5960350185546875 0.8805782119140625 0.576947826171875 0.87754271875
2 1 0.862449146484375 0.9937993017578125 0.86146303125 0.99254098046875 0.8709839306640625 1 0.8725285166015625 1 0.862449146484375
2 0.7760451748046875 0.7628789111328125 0.806871205078125 0.7805720732421875 0.819732181640625 0.7841522890625 0.8629071572265625 0.7756695634765625 0.7746833662109375 0.747313369140625 0.7760451748046875 0.7628789111328125