0 0.298175685546875 0.7409757265625 0.3186731337890625 0.7027763173828125 0.3226189833984375 0.6708071455078125 0.3137326767578125 0.59843398828125 0.268977822265625 0.5031782109375 0.209311197265625 0.4916135419921875 0.1740119267578125 0.5631150693359375 0.185746044921875 0.633039580078125 0.1675061611328125 0.702446478515625 0.183158642578125 0.752999064453125 0.232648517578125 0.8098918359375 0.2512587578125 0.8076067861328124 0.2632127685546875 0.776753314453125 0.298175685546875 0.7409757265625
0 0 0.5263377158203125 0.038819333984375 0.8210971943359375 0.0972989453125 0.78453109765625 0.149122328125 0.719396580078125 0.179233763671875 0.656927955078125 0.1816562470703125 0.6125519560546875 0.1714180087890625 0.56763151953125 0.1567536181640625 0.5379473984375 0.1041620361328125 0.48143546875 0.0522771650390625 0.456321447265625 0 0.466399392578125 0 0.5263377158203125
0 0 0.38812390234375 0.012826607421875 0.4170868125 0.0370500126953125 0.4476962138671875 0.0897240537109375 0.466416400390625 0.1229986845703125 0.493815470703125 0.157625248046875 0.4937618212890625 0.179364681640625 0.478498681640625 0.1954359775390625 0.4555355869140625 0.21288669140625 0.3925225224609375 0.213984728515625 0.363001998046875 0.2058051328125 0.32202675 0.180113333984375 0.25381602734375 0.1530421171875 0.2256552724609375 0.1333613251953125 0.244863599609375 0.0848320556640625 0.2214365419921875 0.0062738095703125 0.2226863662109375 0 0.2212398916015625 0 0.38812390234375
0 0.51441049609375 0.5276163173828124 0.54638816796875 0.55727361328125 0.599062208984375 0.5759937998046875 0.625426716796875 0.5727566455078125 0.640907763671875 0.5834496845703125 0.6601632255859375 0.5223140048828125 0.65849591015625 0.4574503818359375 0.64800377734375 0.410462142578125 0.627444841796875 0.3584130126953125 0.590588201171875 0.3146619267578125 0.559852515625 0.307940900390625 0.5393825537109375 0.3335430625 0.5202370380859375 0.344289751953125 0.508111591796875 0.3352836748046875 0.4772934462890625 0.3663543916015625 0.464323857421875 0.3889366455078125 0.4652569755859375 0.4349996064453125 0.4757765947265625 0.469390599609375 0.51441049609375 0.5276163173828124
0 0.7522798837890625 0.939195177734375 0.78510169921875 0.9372641435546875 0.82624054296875 0.9133221201171875 0.8739741279296875 0.8276999775390625 0.8912534072265625 0.7248273662109375 0.8829023759765625 0.6439925703125 0.8673048671875 0.56824548828125 0.830564689453125 0.5895484462890626 0.79974654296875 0.620619162109375 0.739997458984375 0.6468462373046875 0.7107301669921875 0.6777265322265625 0.691783572265625 0.715735521484375 0.68050878515625 0.790584150390625 0.6875903427734374 0.8610799228515625 0.7148604814453124 0.9165029775390625 0.7360096669921875 0.93489597265625 0.7522798837890625 0.939195177734375
0 0.5311465595703125 0.7921316943359376 0.561964705078125 0.7610609775390625 0.5736373359375 0.7407369501953125 0.585166017578125 0.6679561259765625 0.5617317822265625 0.6309528916015625 0.5237771044921875 0.616722330078125 0.4909552900390625 0.6186533642578125 0.4402574306640625 0.6416701083984375 0.4192796806640625 0.6631366611328126 0.395625552734375 0.726911408203125 0.4014651259765625 0.774470912109375 0.41973901171875 0.8079097998046875 0.4494316337890625 0.8189568564453125 0.472948328125 0.81816834765625 0.5311465595703125 0.7921316943359376
0 0.3736257099609375 0.624663708984375 0.381661357421875 0.613182162109375 0.4077379677734375 0.5050314169921875 0.404917642578125 0.494882814453125 0.345896240234375 0.4244675166015625 0.2991442314453125 0.41551508984375 0.266830205078125 0.421581732421875 0.263419630859375 0.4450892646484375 0.279778822265625 0.5270397607421875 0.323518099609375 0.6140243203125 0.3451750732421875 0.636552923828125 0.36014833203125 0.643110353515625 0.37644603515625 0.6348123115234375 0.3736257099609375 0.624663708984375
0 0.804056234375 0.5403288046875 0.8947948984375 0.522890560546875 0.9168157138671875 0.497097978515625 0.9388915009765625 0.4461108994140625 0.96008914453125 0.3238663642578125 0.9541945986328125 0.3015013564453125 0.940010509765625 0.2885500927734375 0.9209749404296875 0.2489077900390625 0.9052399990234375 0.2361469462890625 0.861843591796875 0.228881482421875 0.8106379443359375 0.2477626181640625 0.7534003173828125 0.3072649853515625 0.7251211162109376 0.3590137470703125 0.7167491142578125 0.4062192333984375 0.7245648701171875 0.49551566796875 0.7570503310546876 0.5293085732421875 0.804056234375 0.5403288046875
0 0.425840236328125 1 0.440133029296875 0.935542416015625 0.4384107412109375 0.8958732890625 0.40539000390625 0.8705420224609375 0.377502130859375 0.861372349609375 0.35243458203125 0.862351279296875 0.2978458466796875 0.89214269921875 0.2724694306640625 0.9162483203125 0.27988734375 0.9510201533203125 0.291985302734375 0.972623478515625 0.3239904619140625 0.9896835263671875 0.3488490263671875 1 0.425840236328125 1
0 0.157106685546875 1 0.1787730078125 0.9865242001953125 0.1943365146484375 0.95942549609375 0.1830826982421875 0.906233841796875 0.1632854453125 0.860388126953125 0.094423646484375 0.7995769921875 0.036479310546875 0.8276814501953125 0.05704476171875 0.99517361328125 0.07223777734375 1 0.157106685546875 1
0 0.5132980029296875 0.800620158203125 0.4631079326171875 0.82777251171875 0.546551662109375 0.9560595107421875 0.55991909375 0.9880018583984375 0.5655872314453125 0.9957018134765625 0.697409767578125 0.979516041015625 0.68643733203125 0.9157949443359376 0.6666400791015625 0.869949228515625 0.644221421875 0.8412172109375 0.6253847734375 0.8288372099609375 0.5319082431640625 0.7983351083984375 0.5132980029296875 0.800620158203125
0 0.48651349609375 0 0.395895328125 0.01112651171875 0.394543396484375 0.0385792333984375 0.366490603515625 0.1049930478515625 0.405035529296875 0.0855674736328125 0.4874571650390625 0.0901402216796875 0.5334749775390625 0.080291986328125 0.5968885302734375 0.0326251845703125 0.6156260419921875 0 0.48651349609375 0
0 0.5308810595703125 0.0848084375 0.441720734375 0.0894590126953125 0.4759009970703125 0.1755182919921875 0.4921437275390625 0.1924147451171875 0.5364182802734375 0.2709376650390625 0.5436647578125 0.265849953125 0.550149552734375 0.2545588251953125 0.5500330908203125 0.189504783203125 0.539397009765625 0.0900597470703125 0.5308810595703125 0.0848084375
0 0.3927936220703125 0.011507353515625 0.2702762060546875 0.0265506005859375 0.2543213720703125 0.1145677392578125 0.2590629072265625 0.191647767578125 0.268848330078125 0.207238099609375 0.2947050478515625 0.1998653359375 0.3203628447265625 0.1652302724609375 0.36152917578125 0.1286910009765625 0.3662641953125 0.0903279951171875 0.391441689453125 0.0389600751953125 0.3927936220703125 0.011507353515625
0 0.2441576533203125 0.3907819111328125 0.2604278701171875 0.395081115234375 0.302664751953125 0.34161856640625 0.3143923544921875 0.29610004296875 0.311627001953125 0.2607569453125 0.25819127734375 0.2358333447265625 0.2525506259765625 0.215536142578125 0.2551720302734375 0.198422443359375 0.2237021474609375 0.1729007568359375 0.2025254755859375 0.1671050087890625 0.194489828125 0.178586556640625 0.1970287724609375 0.1992646015625 0.18456697265625 0.2259824638671875 0.18425810546875 0.2491091552734375 0.2045631474609375 0.2990904794921875 0.216578646484375 0.358485546875 0.2441576533203125 0.3907819111328125
0 0.1533719560546875 0.0744882998046875 0.1631024052734375 0.1152731259765625 0.1888216904296875 0.1708866015625 0.2115767021484375 0.1638946796875 0.248996103515625 0.18658687890625 0.2530584150390625 0.219671751953125 0.2592893154296875 0.2063128203125 0.24870820703125 0.0816732890625 0.2348604736328125 0.0329980859375 0.1533719560546875 0.0744882998046875
0 0.047268705078125 0.146287546875 0.045408984375 0.1696046591796875 0.0867467490234375 0.1729249345703125 0.1117868115234375 0.1845432529296875 0.162855025390625 0.22864835546875 0.1724140400390625 0.2295736357421875 0.190036189453125 0.206420119140625 0.1507780380859375 0.0790047490234375 0.100924322265625 0.0704331650390625 0.07763403515625 0.0858867255859375 0.047268705078125 0.146287546875
0 0.23185934765625 0.8162856708984375 0.1895884638671875 0.76690243359375 0.1638691787109375 0.7112889580078126 0.1592166181640625 0.711860220703125 0.1146397138671875 0.771907025390625 0.116108107421875 0.8095083486328125 0.1705044365234375 0.8678976611328125 0.1925867392578125 0.9323536171875 0.204966080078125 0.943427498046875 0.219177654296875 0.9437815146484375 0.2347411611328125 0.916682810546875 0.2354413564453125 0.8326376865234375 0.23185934765625 0.8162856708984375
0 0.328128716796875 0.86953362109375 0.356860734375 0.8471149638671875 0.384069384765625 0.8122894794921875 0.3942186474609375 0.779558625 0.3930041484375 0.744025107421875 0.3549055234375 0.67733775 0.326990162109375 0.6807653251953125 0.3209856708984375 0.7087893095703125 0.298937369140625 0.7471791396484375 0.2681192236328125 0.778249857421875 0.2778771591796875 0.806437435546875 0.258930564453125 0.8444464248046875 0.2609067470703125 0.8861833564453125 0.2740752578125 0.8908634033203126 0.328128716796875 0.86953362109375
0 0 0.1462382177734375 0.0198886201171875 0.1412534833984375 0.0125256806640625 0.0812871533203125 0.00197857421875 0.059493408203125 0 0.0597363466796875 0 0.1462382177734375
0 0 0.4507710107421875 0.006314326171875 0.4409751865234375 0.0099787958984375 0.419535458984375 0 0.39525748046875 0 0.4507710107421875
0 0.6293241083984376 0.6814250029296876 0.604256560546875 0.6824039326171875 0.5837316259765625 0.7332005908203125 0.579984697265625 0.7924320615234375 0.5853714541015625 0.8106614599609375 0.626427837890625 0.8245111796875 0.6542882255859375 0.846278099609375 0.6760276591796875 0.8310149599609375 0.679040390625 0.752982828125 0.6644034873046875 0.710701458984375 0.6293241083984376 0.6814250029296876
0 0.738357630859375 0.5693853671875 0.67967909765625 0.5786891630859375 0.6602522001953125 0.5999652958984375 0.6711971494140625 0.676283640625 0.6812089794921875 0.7065390244140625 0.690767994140625 0.7074643046875 0.7324970869140625 0.6498661455078125 0.7932892353515625 0.6193130419921875 0.7997740302734375 0.6080219150390626 0.775015349609375 0.5858741533203125 0.738357630859375 0.5693853671875
0 0.7737538173828125 0.2166087802734375 0.7892623515625 0.2147045712890625 0.8082089453125 0.1766955830078125 0.8142134375 0.1486715986328125 0.690193626953125 0.0232677373046875 0.68573998828125 0.0511012998046875 0.7021266669921875 0.120454548828125 0.7412683564453125 0.1828158740234375 0.7737538173828125 0.2166087802734375
0 0.68187465234375 0 0.6927875439453125 0.018751287109375 0.7623835400390625 0.0983630830078125 0.818358208984375 0.143964728515625 0.851406431640625 0.15669874609375 0.8824234990234375 0.1528903291015625 0.8587903427734375 0.088624794921875 0.8676976201171875 0.032957669921875 0.865947845703125 0.005885791015625 0.8646202822265625 0 0.68187465234375 0
0 0.9062830634765625 0.2318209169921875 0.9047596962890625 0.21941408984375 0.9107092158203125 0.2165846025390625 0.8785051357421875 0.1722622529296875 0.814130978515625 0.186463341796875 0.785625369140625 0.223547052734375 0.7549171689453125 0.2042287783203125 0.721532591796875 0.2272186982421875 0.704418232421875 0.2545078232421875 0.7061954931640625 0.2689824541015625 0.7412473857421875 0.3108561572265625 0.8088331962890625 0.2458852353515625 0.838580791015625 0.2317377958984375 0.9062830634765625 0.2318209169921875
2 0.0611019833984375 0.43844606640625 0.0624264287109375 0.4235905927734375 0.0466640009765625 0.4234269970703125 0.0427731240234375 0.4302016728515625 0.047144302734375 0.4401598544921875 0.0611019833984375 0.43844606640625
2 0.011694568359375 0.3437615517578125 0.02460918359375 0.34637379296875 0.0261875234375 0.333586125 0.010171201171875 0.331354724609375 0.011694568359375 0.3437615517578125
2 0.2482604814453125 0.642155603515625 0.2524327392578125 0.6248514833984375 0.248315455078125 0.616961107421875 0.2359086279296875 0.618484474609375 0.238701466796875 0.6412303232421875 0.2482604814453125 0.642155603515625
2 0.2982581455078125 0.7031839833984375 0.2998364853515625 0.690396314453125 0.288191341796875 0.6981230947265625 0.2982581455078125 0.7031839833984375
2 0.372809052734375 0.643654791015625 0.377742994140625 0.6325540859375 0.3728640263671875 0.6184602958984375 0.3640666953125 0.6237384296875 0.3660978505859375 0.6402808662109375 0.372809052734375 0.643654791015625
2 0.359545052734375 0.445880419921875 0.3461501337890625 0.4265353203125 0.3466304365234375 0.443268177734375 0.359545052734375 0.445880419921875
2 0.37297397265625 0.5680713046875 0.3827868818359375 0.571064388671875 0.3856621806640625 0.5560184951171875 0.373255353515625 0.5575418623046875 0.37297397265625 0.5680713046875
2 0.1108443271484375 0.9717760263671875 0.123505048828125 0.97232046484375 0.12536476953125 0.9490033525390625 0.1114070888671875 0.9507171396484375 0.1108443271484375 0.9717760263671875
2 0.3848375830078125 0.933935927734375 0.395947451171875 0.9346707861328125 0.400627498046875 0.921502275390625 0.3892637353515625 0.9186996123046876 0.3848375830078125 0.933935927734375
2 0.4533499970703125 0.7995849326171875 0.46601071875 0.8001293701171875 0.4673351640625 0.7852738974609375 0.4559714013671875 0.782471234375 0.4533499970703125 0.7995849326171875
2 0.7619083271484375 0.67144264453125 0.775076837890625 0.67612269140625 0.778741306640625 0.654682962890625 0.761681919921875 0.6567775927734375 0.7619083271484375 0.67144264453125
2 0.8448652392578125 0.6675537529296875 0.8448927255859375 0.6549565048828125 0.8319781103515625 0.652344263671875 0.8280872333984375 0.659118939453125 0.832458412109375 0.6690771201171875 0.8448652392578125 0.6675537529296875
2 0.848261357421875 0.8875295361328125 0.860215369140625 0.8566760654296875 0.8519533125 0.853492560546875 0.8452146240234375 0.8627158828125 0.8402531962890625 0.8864138369140625 0.848261357421875 0.8875295361328125
2 0.8729860361328124 0.8068315126953125 0.880486408203125 0.803811603515625 0.8818108544921875 0.7889561298828125 0.8717165634765625 0.7964924892578125 0.8729860361328124 0.8068315126953125
2 0.8411262509765625 0.367858875 0.8416615263671875 0.3593972353515625 0.8272510302734375 0.3317809189453125 0.8264343740234374 0.3507720009765625 0.836219796875 0.36636233203125 0.8411262509765625 0.367858875
2 0.929490890625 0.254159099609375 0.93228373046875 0.27690494921875 0.940010509765625 0.2885500927734375 0.9542220849609375 0.288904109375 0.9563631865234375 0.2550575546875 0.9473394482421875 0.2456706357421875 0.929490890625 0.254159099609375
2 0.8908909912109375 0.2987791689453125 0.9025086484375 0.30364963671875 0.8984463369140625 0.270564763671875 0.8849964453125 0.2764141611328125 0.8908909912109375 0.2987791689453125
2 0.912190640625 0.4850719931640625 0.92279271875 0.4816712421875 0.912780888671875 0.4514158583984375 0.9018974287109375 0.4653460517578125 0.912190640625 0.4850719931640625
2 0.915937568359375 0.425840521484375 0.9270474365234375 0.4265753798828125 0.9216606796875 0.4083459814453125 0.9144142021484375 0.4134336943359375 0.915937568359375 0.425840521484375
2 0.860676125 0.5270798193359375 0.8888453798828125 0.525720048828125 0.89688102734375 0.5142385009765625 0.863551423828125 0.51203392578125 0.860676125 0.5270798193359375
2 0.8188580576171876 0.5070266865234375 0.8144593916015626 0.5096657548828125 0.816463060546875 0.5388054375 0.8477340224609375 0.5370648251953125 0.8503554267578125 0.519951126953125 0.8343665908203125 0.505122478515625 0.8188580576171876 0.5070266865234375
2 0.8565248388671876 0.4163436572265625 0.86712691796875 0.41294290625 0.86224794921875 0.3988491171875 0.8531967236328125 0.4020594462890625 0.8565248388671876 0.4163436572265625
2 0.7962889365234375 0.3103948408203125 0.8073988046875 0.31112969921875 0.807426291015625 0.298532451171875 0.7945116748046875 0.295920208984375 0.7962889365234375 0.3103948408203125
2 0.8931550703125 0.4454296904296875 0.881057111328125 0.4238263662109375 0.8841038447265624 0.4486400205078125 0.8931550703125 0.4454296904296875
2 0.8744008818359374 0.3952579462890625 0.883706001953125 0.3941154208984375 0.8788270341796875 0.380021630859375 0.872877515625 0.382851119140625 0.8744008818359374 0.3952579462890625
2 0.85826809765625 0.327972501953125 0.8662762587890624 0.3290882021484375 0.8699132412109375 0.3202457216796875 0.85725251953125 0.319701283203125 0.85826809765625 0.327972501953125
2 0.891536212890625 0.2399285380859375 0.8701056474609375 0.23206498828125 0.87577378515625 0.2397649423828125 0.891536212890625 0.2399285380859375
2 0.7716467177734375 0.3533011220703125 0.7732250576171875 0.340513453125 0.763130767578125 0.3480498125 0.7716467177734375 0.3533011220703125
2 0.8144528759765625 0.3942227197265625 0.82375799609375 0.3930801943359375 0.8250824423828125 0.3782247216796875 0.81448036328125 0.3816254716796875 0.8144528759765625 0.3942227197265625
2 0.76398142578125 0.4319045166015625 0.7719895869140625 0.4330202177734375 0.7720170732421875 0.4204229697265625 0.764262806640625 0.42137507421875 0.76398142578125 0.4319045166015625
2 0.7743910986328125 0.5166845009765625 0.78395011328125 0.517609779296875 0.7821728525390625 0.5031351484375 0.7757155439453125 0.5018290283203125 0.7743910986328125 0.5166845009765625
2 0.808002083984375 0.5083596328125 0.7976813857421875 0.5012309404296875 0.7976538994140625 0.5138281875 0.808002083984375 0.5083596328125
2 0.54708836328125 0.47322848828125 0.5550965244140625 0.4743441884765625 0.5558856943359375 0.467950353515625 0.547877533203125 0.466834654296875 0.54708836328125 0.47322848828125
2 0.4930349033203125 0.49455826953125 0.5080356474609375 0.4885184521484375 0.4974610556640625 0.479321955078125 0.48660508203125 0.4806549013671875 0.4930349033203125 0.49455826953125
2 0.70122103515625 0.0617943388671875 0.7029982958984375 0.076268970703125 0.712303416015625 0.0751264462890625 0.7123309033203125 0.0625291982421875 0.70122103515625 0.0617943388671875
2 0.860828013671875 0.220610265625 0.8698792392578125 0.2173999345703125 0.864238587890625 0.197102732421875 0.8564568349609375 0.210652083984375 0.860828013671875 0.220610265625
2 0.9479636982421875 0.3148602880859375 0.957268818359375 0.3137177626953125 0.9541945986328125 0.3015013564453125 0.9466942265625 0.3045212666015625 0.9479636982421875 0.3148602880859375
2 0.2590470263671875 0.9095004677734375 0.268606041015625 0.910425748046875 0.27148133984375 0.895379853515625 0.2601175771484375 0.89257719140625 0.2590470263671875 0.9095004677734375
2 0.268263171875 0.83070665234375 0.2763263056640625 0.8066278564453125 0.2673300537109375 0.78464369140625 0.2567004873046875 0.800641689453125 0.2574071982421875 0.8320395986328125 0.268263171875 0.83070665234375