2 0.7206676982421875 0.61047755078125 0.7285807373046875 0.6022396240234374 0.728090087890625 0.59287747265625 0.71519834375 0.58572987890625 0.6927219580078126 0.5947310380859375 0.693212607421875 0.604093189453125 0.70194339453125 0.611458849609375 0.7206676982421875 0.61047755078125
2 0.3659690009765625 0.6494068974609375 0.355403060546875 0.6468313466796874 0.3073067373046875 0.64465803515625 0.2881374541015625 0.6769555400390626 0.3684583544921875 0.6570996572265625 0.3659690009765625 0.6494068974609375
2 0.749402494140625 0.4024385771484375 0.7680450224609375 0.399896919921875 0.76988017578125 0.395106810546875 0.739772181640625 0.3779089716796875 0.7426247392578125 0.3527251669921875 0.7135798193359375 0.3558119912109375 0.708074359375 0.370182318359375 0.737773478515625 0.3795783642578125 0.749402494140625 0.4024385771484375
2 0.6412919931640625 0.688175736328125 0.6275825 0.665424556640625 0.6108568984375 0.6647364638671875 0.6008633828125 0.6730834228515625 0.6012722578125 0.680885216796875 0.6163262548828125 0.6894841357421875 0.6412919931640625 0.688175736328125
2 0.4622147275390625 0.415924806640625 0.47171759375 0.3982156953125 0.452420865234375 0.3882744833984375 0.440101546875 0.392049400390625 0.4409192958984375 0.407652986328125 0.4518123369140625 0.41646997265625 0.4622147275390625 0.415924806640625
2 0.2753996943359375 0.593132306640625 0.2625897255859375 0.5875450712890625 0.24602767578125 0.5899776953125 0.2407675400390625 0.609029099609375 0.2700577841796875 0.6106233515625 0.2753996943359375 0.593132306640625
2 0.6647401123046875 0.6181025244140625 0.66392236328125 0.6024989375 0.6305529375 0.6026831103515625 0.62680085546875 0.610702970703125 0.6419366279296875 0.620862248046875 0.6647401123046875 0.6181025244140625
2 0.601443216796875 0.405498861328125 0.57456055078125 0.4100370107421875 0.5817832841796875 0.42843421484375 0.610501103515625 0.41910595703125 0.601443216796875 0.405498861328125
2 0.5077590537109375 0.5684377138671876 0.4847102431640625 0.5665163623046875 0.48569154296875 0.585240666015625 0.5049882705078125 0.5951818779296875 0.5077590537109375 0.5684377138671876
2 0.8098542412109375 0.36171897265625 0.7986341005859375 0.346660552734375 0.7756670654296876 0.3462995595703125 0.7696709560546875 0.3513077353515625 0.787050755859375 0.364478697265625 0.8098542412109375 0.36171897265625
2 0.566286462890625 0.809454931640625 0.5735453017578125 0.78873413671875 0.5567379267578125 0.7864856845703125 0.544827482421875 0.79806239453125 0.5453181318359375 0.807424546875 0.566286462890625 0.809454931640625
2 0.7979724921875 0.6126847548828125 0.788832830078125 0.5975173017578125 0.768273373046875 0.6032887099609375 0.7667653193359375 0.61432025390625 0.775332556640625 0.618565197265625 0.7979724921875 0.6126847548828125
2 0.5621424814453125 0.6109622841796875 0.55349346875 0.605156982421875 0.53693141796875 0.6075896064453125 0.539911419921875 0.6246445185546875 0.5568005712890625 0.6284533291015625 0.5621424814453125 0.6109622841796875
2 0.3891356904296875 0.6137706083984374 0.388645041015625 0.6044084560546875 0.37991425390625 0.5970427958984375 0.36751316015625 0.5992573544921875 0.364088177734375 0.6135186484375 0.379060400390625 0.620557208984375 0.3891356904296875 0.6137706083984374
2 0.673543109375 0.547232185546875 0.6484138212890626 0.5454198671875 0.6471510927734375 0.561132486328125 0.66820119921875 0.56472323046875 0.673543109375 0.547232185546875
2 0.50887520703125 0.350893662109375 0.49231315625 0.353326287109375 0.491459302734375 0.3768407001953125 0.511609884765625 0.363267498046875 0.50887520703125 0.350893662109375
2 0.6026794052734376 0.5087005986328125 0.5901965361328125 0.509354798828125 0.5825288232421875 0.52227380078125 0.6055776337890625 0.52419515234375 0.6026794052734376 0.5087005986328125
2 0.524109728515625 0.163902583984375 0.507547677734375 0.166335208984375 0.5103641298828125 0.1802694033203125 0.5289248837890625 0.17616738671875 0.524109728515625 0.163902583984375
2 0.6223563134765625 0.28705453125 0.60571248828125 0.287926796875 0.6041226591796875 0.297397982421875 0.61893133203125 0.3013158251953125 0.6223563134765625 0.28705453125
2 0.8318038720703125 0.3824736611328125 0.8234819599609375 0.3829097939453125 0.824054384765625 0.3938323046875 0.832458072265625 0.3949565302734375 0.8318038720703125 0.3824736611328125
2 0.72094912890625 0.576040626953125 0.7001443466796875 0.5771309599609376 0.7007167705078124 0.5880534697265625 0.7235202568359375 0.58529374609375 0.72094912890625 0.576040626953125
2 0.950503755859375 0.975511626953125 0.9704090126953125 0.957257349609375 0.9735068955078126 0.93675462109375 0.962777404296875 0.9310583525390626 0.9484593818359375 0.9365026611328126 0.9333236103515625 0.9263433828125 0.92308476953125 0.9300092666015625 0.9202322109375 0.9551930712890625 0.9401013642578125 0.9760567939453125 0.950503755859375 0.975511626953125
2 0.979120669921875 0.805030294921875 0.974060189453125 0.788084416015625 0.9514202548828125 0.7939648583984374 0.9438343154296875 0.80844421875 0.9483223720703124 0.8144675869140625 0.979120669921875 0.805030294921875
2 1 0.80891365234375 0.9878514580078125 0.812395955078125 1 0.827383509765625 1 0.80891365234375
2 0.3598911162109375 0.65285471484375 0.3531590322265625 0.643819662109375 0.30098352734375 0.6434247763671875 0.299475474609375 0.6544563193359375 0.318690427734375 0.6628371728515625 0.3598911162109375 0.65285471484375
2 0.24602767578125 0.5899776953125 0.2469272001953125 0.607141640625 0.26565150390625 0.606160341796875 0.2710751884765625 0.5902296552734375 0.24602767578125 0.5899776953125
2 0.5718736982421875 0.796644962890625 0.5712194990234375 0.78416209375 0.560817107421875 0.784707259765625 0.5529040693359375 0.7929451865234375 0.557637451171875 0.8036496298828125 0.5718736982421875 0.796644962890625
2 0.5450101611328125 0.9607758271484375 0.555821427734375 0.9680324541015625 0.570221224609375 0.9641485048828125 0.5794787666015625 0.9417583173828125 0.57767971875 0.9074304267578125 0.561035892578125 0.9083026923828125 0.551696576171875 0.929132521484375 0.5650789697265625 0.945642267578125 0.5450101611328125 0.9607758271484375
2 0.3805058095703125 0.767558021484375 0.38800997265625 0.751518302734375 0.3791156357421875 0.7410319248046875 0.3968586396484375 0.7213263212890625 0.359246482421875 0.720168203125 0.3611273056640625 0.7560564521484375 0.37010341796875 0.7681031875 0.3805058095703125 0.767558021484375
2 0.51987130859375 0.8791671513671875 0.504980861328125 0.87368894921875 0.504290556640625 0.900324080078125 0.517100525390625 0.9059113154296875 0.51987130859375 0.8791671513671875
2 0.4463090322265625 0.7891437294921875 0.4293381064453125 0.783774560546875 0.412776056640625 0.786207185546875 0.4195899150390625 0.7968025966796874 0.4466361318359375 0.7953851640625 0.4463090322265625 0.7891437294921875
2 0.4638258427734375 0.924349765625 0.4550950546875 0.91698410546875 0.4468549169921875 0.9189805966796875 0.4479179912109375 0.939265259765625 0.456403453125 0.94194984375 0.4638258427734375 0.924349765625
2 0.47178455078125 0.956790197265625 0.4613821591796875 0.9573353642578125 0.45787540234375 0.9700362998046875 0.4646892607421875 0.9806317099609375 0.47178455078125 0.956790197265625
2 0.5318730927734375 0.9489471572265625 0.5129852392578125 0.9468077392578125 0.515638142578125 0.957621216796875 0.5343624462890625 0.95663991796875 0.5318730927734375 0.9489471572265625
2 0.4507153134765625 0.7936067392578126 0.4738458974609375 0.79708844921875 0.4754357275390625 0.7876172646484375 0.4507153134765625 0.7936067392578126
2 0.508542853515625 0.9814627294921875 0.5002209404296875 0.9818988623046875 0.4984675625 0.988249330078125 0.5089517275390625 0.9892645224609375 0.508542853515625 0.9814627294921875
2 0.3862374638671875 0.5982760546875 0.3653509072265625 0.5978060283203125 0.3622530244140625 0.6183087578125 0.3811408779296875 0.62044817578125 0.3862374638671875 0.5982760546875
2 0.6931308330078125 0.6025328310546875 0.6952930859375 0.60398415625 0.707775955078125 0.60332995703125 0.7076941796875 0.6017695986328125 0.7180965712890625 0.601224431640625 0.7221757529296875 0.5994460068359375 0.7217668779296875 0.5916442138671875 0.719604625 0.590192888671875 0.6987998427734375 0.591283220703125 0.6948024365234375 0.5946220048828125 0.6950477607421875 0.599303080078125 0.692967283203125 0.59941211328125 0.6931308330078125 0.6025328310546875
2 0.7782381943359375 0.355552677734375 0.78672365625 0.3582372626953125 0.7869689814453125 0.362918337890625 0.7892130087890625 0.3659300224609375 0.793455740234375 0.367272314453125 0.7996971748046875 0.36694521484375 0.7997789501953125 0.3685055732421875 0.806020384765625 0.3681784736328125 0.8061021591796875 0.36973883203125 0.810426666015625 0.3726414833984375 0.8187485791015625 0.3722053505859375 0.82074728125 0.3705359580078125 0.820420181640625 0.3642945234375 0.8032039326171875 0.354244279296875 0.792801541015625 0.3547894453125 0.7927197666015625 0.3532290869140625 0.7906392880859375 0.3533381201171875 0.7903939638671875 0.3486570439453125 0.78606945703125 0.3457543935546875 0.777747544921875 0.3461905263671875 0.7757488408203125 0.34785991796875 0.775912390625 0.3509806357421875 0.777992869140625 0.3508716025390625 0.7782381943359375 0.355552677734375
2 0.7895688037109375 0.611560529296875 0.7936479853515624 0.6097821044921875 0.7955649140625 0.606552353515625 0.7954013642578125 0.60343163671875 0.7889146044921875 0.59907766015625 0.77019030078125 0.6000589599609375 0.76619289453125 0.6033977431640625 0.76660176953125 0.6111995361328125 0.7687640224609374 0.6126508623046875 0.7895688037109375 0.611560529296875
2 0.66394890234375 0.4835845810546875 0.672189041015625 0.4815880888671875 0.6888328662109375 0.4807158232421875 0.69107689453125 0.4837275068359375 0.6915675439453125 0.4930896591796875 0.6959738251953125 0.4975526689453125 0.702215259765625 0.497225568359375 0.702133484375 0.4956652099609375 0.7083749189453125 0.4953381103515625 0.7124541005859375 0.493559685546875 0.7118816767578126 0.4826371748046875 0.7096376484375 0.479625490234375 0.7067394208984376 0.4641309375 0.700089111328125 0.456656244140625 0.6980086337890625 0.45676527734375 0.6900138203125 0.4634428447265625 0.690095595703125 0.465003203125 0.6630493779296875 0.4664206357421875 0.6570532685546875 0.4714288115234375 0.6574621435546875 0.4792306044921875 0.66394890234375 0.4835845810546875
2 0.712480640625 0.374645328125 0.7123988662109375 0.3730849697265625 0.71864030078125 0.3727578701171875 0.729778666015625 0.386255931640625 0.734103171875 0.38915858203125 0.746586041015625 0.3885043828125 0.7463407158203125 0.383823306640625 0.7484211953125 0.3837142734375 0.7478487705078125 0.3727917626953125 0.7431971640625 0.363647677734375 0.7410349111328125 0.3621963525390625 0.707665484375 0.362380525390625 0.70566678125 0.3640499169921875 0.7039134033203125 0.3704003857421875 0.70831968359375 0.37486339453125 0.712480640625 0.374645328125
2 0.80774722265625 0.48074236328125 0.81606913671875 0.4803062294921875 0.8201483173828125 0.4785278046875 0.844296306640625 0.4616158193359375 0.8441327568359375 0.4584951025390625 0.84197050390625 0.4570437763671875 0.81284380859375 0.4585702421875 0.8087646279296875 0.4603486669921875 0.804767220703125 0.463687451171875 0.805584970703125 0.479291037109375 0.80774722265625 0.48074236328125
2 0.7584699453125 0.4958420302734375 0.7688723369140625 0.49529686328125 0.7708710400390625 0.4936274716796875 0.7691537666015625 0.4608599404296875 0.7648292607421875 0.4579572890625 0.7606683037109375 0.45817535546875 0.7566708974609375 0.4615141396484375 0.75475396875 0.464743890625 0.75622591796875 0.492830345703125 0.7584699453125 0.4958420302734375
2 0.761967138671875 0.403344736328125 0.7660463193359375 0.4015663115234375 0.767963248046875 0.398336560546875 0.767554373046875 0.390534767578125 0.7632298671875 0.3876321171875 0.746586041015625 0.3885043828125 0.744587337890625 0.3901737744140625 0.745241537109375 0.4026566435546875 0.7474037900390625 0.4041079697265625 0.761967138671875 0.403344736328125
2 0.6808837236328125 0.5280717490234375 0.6851264541015625 0.529414041015625 0.6870433837890625 0.5261842900390625 0.6858985341796875 0.50433926953125 0.6838180556640625 0.504448302734375 0.68357273046875 0.4997672265625 0.677249521484375 0.4985339677734375 0.675250818359375 0.500203359375 0.673333890625 0.5034331103515625 0.67398808984375 0.5159159794921875 0.6808837236328125 0.5280717490234375
2 0.764021076171875 0.522150060546875 0.7641028515625 0.5237104189453125 0.7661833291015625 0.5236013857421875 0.766428654296875 0.5282824619140625 0.77075316015625 0.5311851123046875 0.7790750732421875 0.5307489794921875 0.7830724794921875 0.5274101962890625 0.7825000556640626 0.516487685546875 0.780337802734375 0.515036359375 0.7740963681640625 0.5153634599609375 0.7740145927734375 0.5138031005859375 0.76785493359375 0.5156905595703125 0.7658562294921875 0.517359951171875 0.7661015537109375 0.52204102734375 0.764021076171875 0.522150060546875
2 0.915895984375 0.5141906337890625 0.921973869140625 0.51074281640625 0.92164676953125 0.5045013818359375 0.9171587138671875 0.498478013671875 0.908755025390625 0.4973537880859375 0.9047576201171875 0.500692572265625 0.9053300439453125 0.5116150830078126 0.9096545498046875 0.5145177333984375 0.915895984375 0.5141906337890625
2 0.9085192666015625 0.5724690703125 0.914760701171875 0.5721419697265625 0.9188398818359375 0.570363544921875 0.920756810546875 0.567133794921875 0.9204297109375 0.5608923603515625 0.91186247265625 0.5566474169921874 0.9057028134765625 0.558534875 0.9037041103515625 0.560204267578125 0.904194759765625 0.5695664189453125 0.9085192666015625 0.5724690703125
2 0.8822812333984374 0.5096937314453125 0.8947641025390625 0.50903953125 0.894355228515625 0.50123773828125 0.8921112001953125 0.4982260546875 0.8837075126953124 0.497101828125 0.8796283310546875 0.49888025390625 0.8776296279296875 0.5005496455078124 0.8779567275390625 0.506791080078125 0.8822812333984374 0.5096937314453125
2 0.785116853515625 0.566419162109375 0.7913582880859374 0.5660920625 0.793356990234375 0.564422669921875 0.793029890625 0.5581812353515625 0.7908676376953125 0.55672991015625 0.782463951171875 0.5556056845703125 0.7784665439453125 0.55894446875 0.7787118681640625 0.563625544921875 0.78087412109375 0.5650768701171875 0.785116853515625 0.566419162109375
2 0.75409976953125 0.4522610205078125 0.7562620224609375 0.4537123466796875 0.76250345703125 0.4533852470703125 0.7645021611328126 0.4517158544921875 0.76401151171875 0.442353703125 0.7618492578125 0.4409023779296875 0.7556078232421874 0.4412294775390625 0.7516104169921874 0.4445682607421875 0.751773966796875 0.447688978515625 0.7538544453125 0.4475799453125 0.75409976953125 0.4522610205078125
2 0.925071751953125 0.490240087890625 0.927070455078125 0.4885706962890625 0.9268251298828125 0.4838896201171875 0.9225006240234375 0.48098696875 0.916259189453125 0.481314068359375 0.9142604853515625 0.4829834609375 0.914505810546875 0.487664537109375 0.9167498388671875 0.490676220703125 0.925071751953125 0.490240087890625
2 0.80628483984375 0.5324522646484375 0.7978811513671875 0.5313280390625 0.79388374609375 0.5346668232421875 0.7962913232421875 0.540799224609375 0.80669371484375 0.5402540576171875 0.80628483984375 0.5324522646484375
2 0.832376296875 0.393396171875 0.8363737041015625 0.3900573876953125 0.83612837890625 0.3853763125 0.8338843505859375 0.3823646279296875 0.829641619140625 0.3810223359375 0.819239228515625 0.381567501953125 0.8152418212890625 0.3849062861328125 0.8155689208984375 0.391147720703125 0.8219739052734375 0.393941337890625 0.832376296875 0.393396171875
2 1 0.95169574609375 0.988560892578125 0.9453535400390625 0.9782402763671875 0.947459064453125 0.9748152939453125 0.961720359375 0.9897057412109375 0.9671985615234375 1 0.9543186357421874 1 0.95169574609375
2 0.9215310458984375 0.9003624521484375 0.9149625107421875 0.8944481171875 0.9025614169921875 0.89666267578125 0.90146223828125 0.9154960126953126 0.9120281787109376 0.9180715634765625 0.9215310458984375 0.9003624521484375
2 0.63704926171875 0.6868334443359375 0.6340692587890625 0.6697785322265625 0.606941267578125 0.6696356064453125 0.6011087080078125 0.6777644990234375 0.6076772421875 0.683678833984375 0.63704926171875 0.6868334443359375
2 0.8191787392578125 0.8979032880859374 0.823257919921875 0.89612486328125 0.839165771484375 0.881209369140625 0.8367581943359375 0.8750769677734375 0.830516759765625 0.8754040673828125 0.826437578125 0.8771824931640625 0.81269198046875 0.8935493115234375 0.8129373046875 0.8982303876953125 0.8191787392578125 0.8979032880859374
2 0.76594016015625 0.8772237392578125 0.772018044921875 0.8737759228515625 0.77152739453125 0.8644137705078125 0.7650406357421875 0.8600597939453125 0.758799201171875 0.86038689453125 0.7548835703125 0.8652860361328125 0.751049712890625 0.871745537109375 0.7513768125 0.8779869716796875 0.76594016015625 0.8772237392578125
2 0.8035523173828125 0.8783818583984375 0.8038794169921875 0.88462329296875 0.8060416708984375 0.8860746181640625 0.810202626953125 0.8858565517578125 0.8160351865234375 0.8777276591796875 0.81546276171875 0.8668051484375 0.8133005087890625 0.8653538232421875 0.80705907421875 0.8656809228515625 0.80306166796875 0.8690197060546875 0.8011447392578125 0.87224945703125 0.80147183984375 0.8784908916015625 0.8035523173828125 0.8783818583984375
2 0.8366764189453125 0.873516609375 0.8406738251953125 0.8701778251953125 0.8400196259765625 0.8576949560546875 0.837857373046875 0.856243630859375 0.8316159384765625 0.85657073046875 0.82761853125 0.8599095146484375 0.8281091806640625 0.869271666015625 0.8303532099609375 0.8722833505859375 0.8366764189453125 0.873516609375
2 0.25496552734375 0.282839001953125 0.26137051171875 0.285632619140625 0.2655314677734375 0.285414552734375 0.2756885341796875 0.280188310546875 0.275443208984375 0.275507234375 0.2732809560546875 0.2740559091796875 0.24415426171875 0.275582375 0.2422373330078125 0.278812125 0.2424008828125 0.2819328427734375 0.2445631357421875 0.28338416796875 0.25496552734375 0.282839001953125
2 0.3054333232421875 0.3302627138671875 0.3046973486328125 0.316219486328125 0.2984559140625 0.3165465859375 0.29270512890625 0.326235837890625 0.297193185546875 0.3322592060546875 0.3034346201171875 0.33193210546875 0.3054333232421875 0.3302627138671875
2 0.303061849609375 0.2850123134765625 0.3051423291015625 0.2849032802734375 0.3071410322265625 0.2832338876953125 0.3069774814453125 0.2801131708984375 0.303915705078125 0.261497900390625 0.299754748046875 0.261715966796875 0.297756044921875 0.2633853583984375 0.2982466943359375 0.2727475107421875 0.30248942578125 0.274089802734375 0.303061849609375 0.2850123134765625
2 0.2781417822265625 0.3269990703125 0.284383216796875 0.326671970703125 0.2882988486328125 0.321772828125 0.2879717490234375 0.3155313935546875 0.281730314453125 0.3158584931640625 0.2776511328125 0.31763691796875 0.2757342041015625 0.3208666689453125 0.275979529296875 0.3255477451171875 0.2781417822265625 0.3269990703125
2 0.266794197265625 0.26970193359375 0.2707916025390625 0.2663631494140625 0.270628052734375 0.2632424326171875 0.2684657998046875 0.2617911064453125 0.2601438876953125 0.2622272392578125 0.25814518359375 0.2638966318359375 0.2583905087890625 0.2685777080078125 0.2605527626953125 0.270029033203125 0.266794197265625 0.26970193359375
2 0.536419482421875 0.080331310546875 0.542415591796875 0.075323134765625 0.542170267578125 0.07064205859375 0.54425074609375 0.070533025390625 0.5441689716796875 0.0689726669921875 0.5358470576171875 0.0694087998046875 0.5298509482421875 0.0744169755859375 0.5300962724609375 0.0790980517578125 0.5322585263671875 0.080549376953125 0.536419482421875 0.080331310546875
2 0.3811652626953125 0.1432303896484375 0.3809199375 0.1385493134765625 0.3787576845703125 0.13709798828125 0.37251625 0.137425087890625 0.3705993212890625 0.140654837890625 0.3730068994140625 0.1467872392578125 0.37716785546875 0.1465691728515625 0.3811652626953125 0.1432303896484375
2 0.45568970703125 0.0923853994140625 0.453527455078125 0.09093407421875 0.449366498046875 0.091152140625 0.4497753720703125 0.0989539345703125 0.4540181044921875 0.1002962265625 0.4559350322265625 0.0970664755859375 0.45568970703125 0.0923853994140625
2 0.54559525 0.0563807646484375 0.5454317001953125 0.053260046875 0.543269447265625 0.0518087216796875 0.539108490234375 0.0520267880859375 0.537109787109375 0.0536961796875 0.5373551123046875 0.058377255859375 0.543596546875 0.05805015625 0.54559525 0.0563807646484375
2 0.514551626953125 0.06113698046875 0.5104724453125 0.0629154052734375 0.5127164736328125 0.0659270888671875 0.516795654296875 0.0641486640625 0.514551626953125 0.06113698046875
2 0.4869786552734375 0.092310259765625 0.487142205078125 0.0954309775390625 0.491303162109375 0.0952129111328125 0.4911396123046875 0.092092193359375 0.4869786552734375 0.092310259765625
2 0.52068474609375 0.17816387890625 0.52268344921875 0.1764944873046875 0.522356349609375 0.170253052734375 0.5201940966796875 0.1688017265625 0.5118721845703125 0.169237859375 0.50962815625 0.16622617578125 0.507547677734375 0.166335208984375 0.503550271484375 0.1696739931640625 0.5039591455078125 0.1774757861328125 0.5061213994140625 0.178927111328125 0.52068474609375 0.17816387890625
2 0.1917143017578125 0.110913697265625 0.184736892578125 0.0971975693359375 0.16609436328125 0.0997392275390625 0.16691211328125 0.1153428134765625 0.18571819140625 0.115921873046875 0.1917143017578125 0.110913697265625
2 0.3539406767578125 0.698541248046875 0.3513695498046875 0.6892881298828125 0.336806201171875 0.6900513623046876 0.329220263671875 0.70453072265625 0.346027638671875 0.7067791748046875 0.3539406767578125 0.698541248046875
2 0.431209365234375 0.7398664521484375 0.431454689453125 0.7445475283203125 0.4461815869140625 0.7469050126953125 0.4480167412109375 0.7421149033203125 0.431209365234375 0.7398664521484375
2 0.499174841796875 0.7629034853515625 0.50549805078125 0.764136744140625 0.5009282197265625 0.756553017578125 0.499174841796875 0.7629034853515625
2 0.47678023046875 0.7734650029296875 0.4826127900390625 0.7653361103515625 0.47637135546875 0.7656632099609375 0.47678023046875 0.7734650029296875
2 0.698773302734375 0.7101975771484375 0.6991004033203125 0.71643901171875 0.709748119140625 0.720574921875 0.7135002001953125 0.7125550625 0.698773302734375 0.7101975771484375
2 0.40773255078125 0.5705505927734374 0.3871730927734375 0.5763220009765625 0.39182469921875 0.5854660859375 0.4124659306640625 0.5812550361328125 0.40773255078125 0.5705505927734374
2 0.392524568359375 0.6386273134765625 0.3995837529296875 0.6539037998046875 0.402926958984375 0.6380821474609375 0.392524568359375 0.6386273134765625
0 0.131272119140625 0.23142966015625 0.1078866435546875 0.1434705166015625 0.0818578310546875 0.1244942529296875 0.0462443779296875 0.1216667421875 0.0500877998046875 0.1950035986328125 0.0895807802734375 0.2320499658203125 0.131272119140625 0.23142966015625
0 0.2511964697265625 0.489569576171875 0.2823218681640625 0.48637371875 0.2430742119140625 0.4540084267578125 0.1914254619140625 0.423857693359375 0.1852658017578125 0.4257451513671875 0.1974672421875 0.4595278759765625 0.21933509765625 0.478722205078125 0.2511964697265625 0.489569576171875
0 0.7832286201171875 0.8090379853515625 0.82483818359375 0.8068573203125 0.8449069921875 0.791723759765625 0.827608966796875 0.7801131572265625 0.798073396484375 0.7738378291015625 0.7544651298828124 0.7776878857421875 0.7463067666015625 0.781244736328125 0.7534477255859375 0.7980815810546875 0.7832286201171875 0.8090379853515625
0 0.87745866796875 0.775936 0.899199080078125 0.75289161328125 0.8972364814453125 0.715443005859375 0.890586171875 0.7079683125 0.8561632373046875 0.7676641806640625 0.856735662109375 0.77858669140625 0.87745866796875 0.775936
2 0.6076846513671875 0.40517176171875 0.6222479990234375 0.404408529296875 0.6221662236328125 0.4028481708984375 0.6346490927734375 0.4021939716796875 0.6386465 0.3988551875 0.642316806640625 0.38927496875 0.6421532568359375 0.386154251953125 0.6376652001953125 0.3801308837890625 0.6333406943359375 0.377228232421875 0.6229383037109375 0.3777733994140625 0.616942193359375 0.38278157421875 0.6053588486328125 0.4005997197265625 0.6055223984375 0.4037204365234375 0.6076846513671875 0.40517176171875
2 0.6162062197265625 0.3687383466796875 0.626608609375 0.3681931806640625 0.6265268349609375 0.366632822265625 0.6390097041015625 0.365978623046875 0.6575704580078126 0.3618766064453125 0.665647046875 0.3567593974609375 0.663403017578125 0.353747712890625 0.6445151640625 0.351608294921875 0.636193251953125 0.352044427734375 0.6361114765625 0.3504840693359375 0.6257090859375 0.3510292353515625 0.61755072265625 0.3545860859375 0.6116363876953125 0.3611546201171875 0.611881712890625 0.3658356962890625 0.6162062197265625 0.3687383466796875
2 0.5504847705078125 0.348712998046875 0.550730095703125 0.3533940732421875 0.5486496171875 0.3535031064453125 0.5492220419921875 0.3644256171875 0.547141564453125 0.364534650390625 0.5475504384765625 0.372336443359375 0.553791873046875 0.37200934375 0.5577075048828125 0.3671102021484375 0.5574621796875 0.3624291259765625 0.559542658203125 0.3623200927734375 0.5590520087890625 0.3529579404296875 0.561132486328125 0.3528489072265625 0.5603147373046875 0.3372453212890625 0.556072005859375 0.3359030283203125 0.554073302734375 0.3375724208984375 0.552156375 0.3408021708984375 0.55256525 0.34860396484375 0.5504847705078125 0.348712998046875
2 0.5860621201171875 0.3906585078125 0.5923035556640625 0.390331408203125 0.5943022578125 0.3886620166015625 0.59405693359375 0.3839809404296875 0.5918946806640625 0.382529615234375 0.5898142021484375 0.3826386484375 0.5898959765625 0.3841990068359375 0.5836545419921875 0.3845261064453125 0.5816558388671875 0.386195498046875 0.581819388671875 0.3893162158203125 0.5860621201171875 0.3906585078125
2 0.571979857421875 0.32098753515625 0.5718163076171875 0.3178668173828125 0.5696540546875 0.3164154921875 0.5634943955078126 0.3183029501953125 0.5638214951171875 0.324544384765625 0.5679824501953125 0.324326318359375 0.571979857421875 0.32098753515625
2 0.6090652607421875 0.3519015009765625 0.6153066953125 0.3515744013671875 0.6173053984375 0.349905009765625 0.616978298828125 0.3436635751953125 0.6148978203125 0.3437726083984375 0.61465249609375 0.3390915322265625 0.610409763671875 0.337749240234375 0.6084110615234375 0.3394186318359375 0.6045772041015625 0.3458781337890625 0.60474075390625 0.3489988505859375 0.6090652607421875 0.3519015009765625
2 0.50009875 0.30284964453125 0.4853718515625 0.3004921591796875 0.48194687109375 0.3147534541015625 0.4968373173828125 0.3202316552734375 0.50009875 0.30284964453125
0 0 0.02785448828125 0.022495697265625 0.0665841630859375 0.103153263671875 0.132766072265625 0.1843375830078125 0.1691921337890625 0.2318614814453125 0.1604429345703125 0.229607888671875 0.077634892578125 0.1893789326171875 0.026545296875 0.163922544921875 0.0184915439453125 0.1121559150390625 0.025898451171875 0.0618973388671875 0.022273814453125 0 0.0270714365234375 0 0.02785448828125
0 0.3682374140625 0.175200794921875 0.4080935986328125 0.17937059765625 0.408865677734375 0.154295826171875 0.38626184765625 0.1210582685546875 0.354155150390625 0.105529822265625 0.321276375 0.1150761474609375 0.31401753515625 0.1357969423828125 0.33164266015625 0.15364898046875 0.3682374140625 0.175200794921875
0 0.507675123046875 0.20857392578125 0.55328209375 0.2030544775390625 0.5215386005859375 0.1546494658203125 0.4878420751953125 0.1485922041015625 0.44631428515625 0.1523332275390625 0.4164972861328125 0.1804948232421875 0.4298796796875 0.1970045693359375 0.507675123046875 0.20857392578125
0 0.4256273837890625 0.115865919921875 0.427835306640625 0.157995603515625 0.4344038408203125 0.1639099375 0.4771943583984375 0.144456294921875 0.4803740166015625 0.1255139248046875 0.518594703125 0.0984765546875 0.5330762763671875 0.096152962890625 0.562484400390625 0.06018957421875 0.5472668525390625 0.0484699375 0.5037403603515626 0.053880353515625 0.456216462890625 0.062629552734375 0.43447605078125 0.085673939453125 0.4256273837890625 0.115865919921875
0 0.471864169921875 0.600047126953125 0.511357150390625 0.637093494140625 0.610411919921875 0.696052669921875 0.6813935029296875 0.697026615234375 0.741400271484375 0.687623216796875 0.798672361328125 0.665845982421875 0.8669192666015625 0.6544460927734375 0.856389431640625 0.6127525419921875 0.74685049609375 0.552778173828125 0.6306251474609375 0.5244471123046875 0.5223585048828125 0.5285564814453125 0.497638091796875 0.53454595703125 0.465577064453125 0.5596958681640625 0.471864169921875 0.600047126953125
0 0.8688235244140625 0.6561096484375 0.8897100810546875 0.6565796748046875 0.9427394404296875 0.6334601484375 0.940776841796875 0.5960115400390625 0.929965576171875 0.5887549130859375 0.87354733984375 0.5870177353515625 0.8618004453125 0.601715162109375 0.86417191796875 0.6469655634765625 0.8688235244140625 0.6561096484375
2 0.9301920263671875 0.591165115234375 0.90199926171875 0.588896876953125 0.8852067724609375 0.5872907138671875 0.872386591796875 0.5877185068359375 0.86939528515625 0.5975166123046876 0.881468466796875 0.6033755927734376 0.9214164990234375 0.6070289443359375 0.9348277890625 0.6018778046875 0.9301920263671875 0.591165115234375
2 0.900994634765625 0.643051796875 0.914213560546875 0.6458935546875 0.9360559208984375 0.6327558466796875 0.892893349609375 0.62930694921875 0.8914117763671875 0.633917369140625 0.8941667646484375 0.6411455908203125 0.900994634765625 0.643051796875
2 0.5203911708984374 0.9345064091796875 0.5329663564453125 0.92840866796875 0.5295140390625 0.9157563837890625 0.51955249609375 0.915518029296875 0.51387686328125 0.9222226953125 0.5203911708984374 0.9345064091796875
2 0.47499028125 0.8698376318359375 0.481842001953125 0.8780903505859375 0.493711734375 0.87978865234375 0.504937578125 0.8764058759765625 0.509333107421875 0.8650196025390625 0.502600787109375 0.8560596650390625 0.48988541015625 0.8531132861328125 0.48939496484375 0.8505620205078125 0.4801153076171875 0.85895605859375 0.47499028125 0.8698376318359375
2 0.240879078125 0.6635432841796876 0.2483705625 0.6662893486328125 0.2530510400390625 0.6511846279296875 0.2373434775390625 0.635727703125 0.235540794921875 0.6483424609375 0.2335656884765625 0.659339025390625 0.240879078125 0.6635432841796876
2 0.2410243603515625 0.5401274814453125 0.2336853720703125 0.5289462509765624 0.223848126953125 0.5372099169921875 0.2303631630859375 0.5436559052734375 0.2410243603515625 0.5401274814453125