0 1 0.6089385751953125 0.9806576318359375 0.5915608466796874 0.86614309765625 0.52110746875 0.7831647802734375 0.48995459375 0.685089310546875 0.483340546875 0.652410794921875 0.4900982919921875 0.6070394931640625 0.50994021484375 0.5668011962890624 0.5621906611328125 0.55630826953125 0.589164205078125 0.550703919921875 0.6470030107421875 0.576351435546875 0.7157117734375 0.6157717060546875 0.7648374033203125 0.63090878125 0.7671858564453125 0.6981988349609375 0.83246304296875 0.8000829130859375 0.8764413076171875 0.94866269140625 0.895621955078125 0.9877586875 0.8894297568359375 1 0.890021666015625 1 0.6089385751953125
0 0.09127167578125 0.662818765625 0.069734634765625 0.7532386201171875 0.136211556640625 0.7601114541015624 0.1737387275390625 0.7573316875 0.308812587890625 0.73119216015625 0.3585436865234375 0.7122416904296875 0.4454776826171875 0.6351936279296875 0.4756719873046875 0.5861159697265625 0.4970045224609375 0.521040134765625 0.49109830859375 0.4571145400390625 0.4544690078125 0.412292794921875 0.4525135771484375 0.3999466904296875 0.436643216796875 0.3929684482421875 0.34076760546875 0.40024376953125 0.314404318359375 0.420239072265625 0.2680552998046875 0.4339079423828125 0.2125377529296875 0.4695946630859375 0.180388017578125 0.5063262158203125 0.13126554296875 0.609025056640625 0.119061615234375 0.625195759765625 0.106959939453125 0.6286944541015625 0.1071021142578125 0.6429097265625 0.09127167578125 0.662818765625
0 0.5191950068359374 0.381475505859375 0.51909275390625 0.394147515625 0.595164732421875 0.42164831640625 0.64141149609375 0.4206514560546875 0.7371449306640625 0.3991608623046875 0.8491577392578125 0.3339604736328125 0.915270466796875 0.25862819921875 0.9435093408203125 0.1972044375 0.95326898046875 0.1656011044921875 0.931412560546875 0.0409227041015625 0.8879567666015625 0.0462234482421875 0.85077627734375 0.03787446875 0.817608904296875 0.0415456875 0.7157822626953125 0.117788560546875 0.58535255078125 0.1732500859375 0.5212575849609375 0.2213691728515625 0.4975830146484375 0.258340369140625 0.48855666015625 0.2945734912109375 0.5202973837890625 0.3085299755859375 0.504222515625 0.3268957529296875 0.488249900390625 0.33258951953125 0.5191950068359374 0.381475505859375
0 0.4706373544921875 0 0.36441204296875 0.0168244365234375 0.34077739453125 0.0806829140625 0.345399134765625 0.176451484375 0.38526833984375 0.2017763583984375 0.4829572060546875 0.192631869140625 0.531119478515625 0.177093830078125 0.5760019228515625 0.1541653818359375 0.5943789033203125 0.137016962890625 0.6290751806640625 0.10304603125 0.667011365234375 0.0495782265625 0.6757423017578125 0 0.4706373544921875 0
0 0 0.356614044921875 0.080544109375 0.36868819140625 0.1185601376953125 0.368994951171875 0.1594693896484375 0.3609335859375 0.218755623046875 0.33572380078125 0.2818728720703125 0.281431662109375 0.306382982421875 0.23641824609375 0.3019832626953125 0.2086395107421875 0.2922859541015625 0.2006835537109375 0.2977257197265625 0.195076048828125 0.2725446533203125 0.195900384765625 0.20906320703125 0.167987416015625 0.1764869443359375 0.1620731513671875 0.06934519921875 0.1648049462890625 0 0.175788146484375 0 0.356614044921875
0 0.4004831962890625 0.99035494140625 0.4681423408203125 0.97805680859375 0.5774041005859375 0.9354398173828125 0.55453004296875 0.7777010830078125 0.5131319326171875 0.7826759228515625 0.4445574033203125 0.7492417119140625 0.357708146484375 0.72028391015625 0.2222876044921875 0.7575521845703125 0.1463977236328125 0.7711539375 0.161716896484375 0.8146049453125 0.1514683984375 0.8431217529296875 0.1574768671875 0.894375337890625 0.1918040537109375 0.9379797255859375 0.2373574541015625 0.959240357421875 0.2883506201171875 0.974893484375 0.3602673076171875 0.976158814453125 0.4004831962890625 0.99035494140625
2 0.9806702509765625 0.84467512890625 0.9691596875 0.83858833984375 0.9595022998046875 0.8575196640625 0.9667952421875 0.8769302734375 0.979385775390625 0.87651810546875 0.984825541015625 0.8709106005859375 0.9806702509765625 0.84467512890625
2 0.8289577158203125 0.672538916015625 0.846988013671875 0.666519244140625 0.8422416123046875 0.649869255859375 0.8070165546875 0.6538663798828125 0.811029669921875 0.6658865791015625 0.8289577158203125 0.672538916015625
2 0.7319447001953125 0.5660920576171875 0.7323313046875 0.58185059375 0.7547213994140625 0.5767223740234375 0.7559036220703125 0.5575514072265625 0.7319447001953125 0.5660920576171875
2 0.8806841669921875 0.6928218330078125 0.8759776884765625 0.7030591259765625 0.8893015078125 0.707276748046875 0.8917058740234375 0.695822095703125 0.8806841669921875 0.6928218330078125
2 0.8111494365234375 0.7465484248046875 0.807176244140625 0.7614155068359375 0.8179535224609376 0.7628725078125 0.8203578876953125 0.7514178564453124 0.8111494365234375 0.7465484248046875
2 0.9772307333984375 0.729735591796875 0.9789417353515625 0.7405384326171875 0.99128783984375 0.738583001953125 0.9918789501953125 0.7289975185546875 0.9772307333984375 0.729735591796875
2 0.86426751171875 0.562535927734375 0.8673029111328125 0.5683830751953125 0.8817067001953125 0.56610173828125 0.8781824423828125 0.5571680654296876 0.86426751171875 0.562535927734375
2 0.67184044140625 0.6926779169921875 0.67840009765625 0.7074587373046874 0.698488080078125 0.70111316015625 0.6901151689453126 0.6882015078125 0.67184044140625 0.6926779169921875
2 0.6335225478515625 0.5706067578125 0.631362611328125 0.5836046728515625 0.6441975732421875 0.584735767578125 0.64478868359375 0.5751502841796875 0.6335225478515625 0.5706067578125
2 0.699897216796875 0.5901516015625 0.707536841796875 0.59843346484375 0.7178252626953125 0.5968039384765625 0.7138121484375 0.5847837392578125 0.699897216796875 0.5901516015625
2 0.332918580078125 0.577086353515625 0.3238123818359375 0.559544912109375 0.307453162109375 0.54948014453125 0.2925605166015625 0.5486749541015625 0.2695793095703125 0.5633886572265625 0.271534740234375 0.57573476171875 0.2851029892578125 0.5814956455078125 0.332918580078125 0.577086353515625
2 0.1962135615234375 0.6461976044921875 0.18926730078125 0.615658248046875 0.1650639501953125 0.6226556357421875 0.141002775390625 0.6438682958984375 0.145504748046875 0.658975021484375 0.15907299609375 0.66473590625 0.1796498359375 0.6614768544921875 0.1962135615234375 0.6461976044921875
2 0.2669130009765625 0.4799661904296875 0.2596599794921875 0.48744286328125 0.2618598388671875 0.50133223046875 0.26925503515625 0.508070830078125 0.2813567109375 0.50457213671875 0.2843521884765625 0.483532001953125 0.2669130009765625 0.4799661904296875
2 0.3858097392578125 0.4848644482421875 0.41378177734375 0.4883439970703125 0.4194659716796875 0.484279755859375 0.413986283203125 0.462999978515625 0.401884607421875 0.466498671875 0.3858097392578125 0.4848644482421875
2 0.2915652861328125 0.449168046875 0.2950895439453125 0.4581017197265625 0.303564708984375 0.4583413623046875 0.3024448173828125 0.4379530380859375 0.2915652861328125 0.449168046875
2 0.19438279296875 0.5547329169921875 0.19330282421875 0.561231875 0.2081954697265625 0.562037064453125 0.2170173173828125 0.5511479609375 0.19438279296875 0.5547329169921875
2 0.41746572265625 0.604826796875 0.4143280712890625 0.6116516591796874 0.4315228291015625 0.6136742080078125 0.4321139404296875 0.604088724609375 0.41746572265625 0.604826796875
2 0.3613171435546875 0.62321171875 0.361214890625 0.635883728515625 0.3740498525390625 0.63701482421875 0.3808140146484375 0.626451625 0.3613171435546875 0.62321171875
2 0.1551796484375 0.7333775517578125 0.1610060185546875 0.7435285830078125 0.1772230615234375 0.7393780791015625 0.1738010576171875 0.717772396484375 0.1551796484375 0.7333775517578125
2 0.3454642958984375 0.70956733203125 0.3541838896484375 0.7113502373046875 0.357565970703125 0.7060686376953125 0.3454642958984375 0.70956733203125
2 0.7786501884765625 0.2217335859375 0.8143641044921875 0.2208229873046875 0.8079067001953125 0.193370158203125 0.78007683984375 0.2041058818359375 0.76919730859375 0.215320890625 0.7786501884765625 0.2217335859375
2 0.908102185546875 0.1600990078125 0.9061467548828125 0.1477529033203125 0.896938302734375 0.1428834716796875 0.8683751552734374 0.1489894072265625 0.8572511953125 0.15866115234375 0.86283313671875 0.1672689208984375 0.8782146396484375 0.17116063671875 0.908102185546875 0.1600990078125
2 0.5157330810546875 0.3329825419921875 0.521172845703125 0.327375037109375 0.517750841796875 0.3057693544921875 0.49208091796875 0.3035071640625 0.5024092607421875 0.3287649208984375 0.5157330810546875 0.3329825419921875
2 0.5437674482421875 0.296902798828125 0.563366572265625 0.2874706953125 0.5598423154296875 0.2785370224609375 0.547007353515625 0.277405927734375 0.541567587890625 0.283013431640625 0.5437674482421875 0.296902798828125
2 0.6320034326171875 0.281345615234375 0.6396430576171875 0.289627478515625 0.6496870498046875 0.286454689453125 0.6479760478515625 0.27565184765625 0.6320034326171875 0.281345615234375
2 0.50136921484375 0.3621511591796875 0.514795287109375 0.353696771484375 0.515875255859375 0.347197814453125 0.502062578125 0.3398936669921875 0.494218447265625 0.3569558232421875 0.50136921484375 0.3621511591796875
2 0.8386248916015625 0.334046736328125 0.8548419345703125 0.329896232421875 0.8574907294921875 0.31998484375 0.8399093662109375 0.302203759765625 0.8326563447265625 0.3096804326171875 0.8386248916015625 0.334046736328125
2 0.8459003203125 0.260123490234375 0.8600596796875 0.2562988916015625 0.8654994453125 0.25069138671875 0.860406361328125 0.2451701455078125 0.839829521484375 0.2484291962890625 0.8459003203125 0.260123490234375
2 0.6494202119140625 0.3513579990234375 0.6704859111328125 0.3511854736328125 0.6662283662109375 0.33762201171875 0.6503580048828125 0.33064376953125 0.6423716982421875 0.3334906533203125 0.6494202119140625 0.3513579990234375
2 0.584641671875 0.1021737236328125 0.594441234375 0.097457671875 0.5919969462890625 0.0820250419921875 0.576371013671875 0.0765900625 0.572153392578125 0.0899138818359375 0.584641671875 0.1021737236328125
2 0.4615097978515625 0.0172654306640625 0.480762240234375 0.0189620732421875 0.481108921875 0.0078333271484375 0.471900470703125 0.0029638955078125 0.4618564794921875 0.0061366845703125 0.4615097978515625 0.0172654306640625
2 0.4617318173828125 0.0852552666015625 0.474669033203125 0.0737143525390625 0.475749001953125 0.0672153955078125 0.45566101953125 0.07356097265625 0.4509545400390625 0.0837982666015625 0.4617318173828125 0.0852552666015625
2 0.4243069013671875 0.0753630234375 0.4219025341796875 0.0868176748046875 0.4386084365234375 0.085753697265625 0.4368974345703125 0.07495085546875 0.4243069013671875 0.0753630234375
2 0.3890818427734375 0.0793601474609375 0.3869219052734375 0.0923580625 0.3995124384765625 0.09194589453125 0.3978014365234375 0.0811430537109375 0.3890818427734375 0.0793601474609375
2 0.14179066796875 0.196044083984375 0.154136771484375 0.19408865234375 0.1504703388671875 0.17093970703125 0.1281824970703125 0.1633959169921875 0.1318489296875 0.18654486328125 0.14179066796875 0.196044083984375
2 0.1008814150390625 0.20410544921875 0.0989659072265625 0.218646626953125 0.11542737890625 0.2160393857421875 0.1155296328125 0.2033673759765625 0.1008814150390625 0.20410544921875
2 0.0238716435546875 0.1973188779296875 0.05096821875 0.1819533642578125 0.0510704716796875 0.16928135546875 0.0142765869140625 0.1766909111328125 0.0146631923828125 0.1924494462890625 0.0238716435546875 0.1973188779296875
2 0.070544935546875 0.238967833984375 0.05663000390625 0.2443356962890625 0.063780771484375 0.249531033203125 0.0740691923828125 0.2479015068359375 0.070544935546875 0.238967833984375
2 0.1883841142578125 0.1839184765625 0.20170793359375 0.18813609765625 0.2096942412109375 0.1852892138671875 0.206169984375 0.176355541015625 0.191032908203125 0.174007087890625 0.1883841142578125 0.1839184765625
2 0.2322041044921875 0.26082283984375 0.2424925234375 0.259193314453125 0.2446524609375 0.2461953994140625 0.231084212890625 0.240434515625 0.2243200498046875 0.2509977138671875 0.2322041044921875 0.26082283984375
2 0.1437460986328125 0.2083901875 0.1433994169921875 0.2195189345703125 0.155501091796875 0.216020240234375 0.154278947265625 0.2083039248046875 0.1437460986328125 0.2083901875
2 0.5206090380859375 0.11073351953125 0.5207512138671875 0.1249487919921875 0.5328528896484375 0.1214500986328125 0.5336884287109375 0.1134078779296875 0.5206090380859375 0.11073351953125
2 0.46714917578125 0.1460943349609375 0.4665580634765625 0.155679818359375 0.476846484375 0.15405029296875 0.4776820234375 0.146008072265625 0.46714917578125 0.1460943349609375
2 0.345603640625 0.1511074658203125 0.3450125302734375 0.16069294921875 0.3555453798828125 0.1606066865234375 0.3563809189453125 0.1525644658203125 0.345603640625 0.1511074658203125
2 0.1399325947265625 0.3308063974609375 0.141052486328125 0.35119472265625 0.1515853359375 0.3511084599609375 0.1532564150390625 0.33502401953125 0.1399325947265625 0.3308063974609375
2 0 0.199299228515625 0.0053524873046875 0.2002520244140625 0.0100589658203125 0.19001473046875 0 0.189896509765625 0 0.199299228515625
2 0.7658229521484375 0.633497201171875 0.764742982421875 0.639996158203125 0.7798800576171875 0.642344611328125 0.7835065673828125 0.638606275390625 0.7658229521484375 0.633497201171875
2 0.3534057861328125 0.8396135947265625 0.366831859375 0.8311592060546875 0.3608633134765625 0.8067929033203125 0.3361711044921875 0.8107037646484375 0.328082544921875 0.8262226572265625 0.3534057861328125 0.8396135947265625
2 0.315185251953125 0.864650853515625 0.3203805888671875 0.8575000859375 0.3161230439453125 0.8439366240234375 0.2957906328125 0.8487389384765625 0.2964216669921875 0.866040736328125 0.315185251953125 0.864650853515625
2 0.269956125 0.8987080478515626 0.293323935546875 0.899752880859375 0.289901931640625 0.8781471982421875 0.2809379091796875 0.8748210302734375 0.2670229794921875 0.8801888916015626 0.269956125 0.8987080478515626
2 0.296546328125 0.786922154296875 0.29644407421875 0.7995941640625 0.315696517578125 0.801290806640625 0.3137410869140625 0.7889447021484375 0.296546328125 0.786922154296875
2 0.327024984375 0.7662750419921875 0.3202608212890625 0.776838240234375 0.3372111513671875 0.777317525390625 0.337557833984375 0.766188779296875 0.327024984375 0.7662750419921875
2 0.4691249501953125 0.8244494326171875 0.454721162109375 0.8267307685546875 0.443739376953125 0.850617787109375 0.454761083984375 0.85361805078125 0.476662322265625 0.8454033046875 0.479799974609375 0.8385784423828125 0.4691249501953125 0.8244494326171875
2 0.4883773935546875 0.8261460751953125 0.492879365234375 0.84125280078125 0.5111540927734375 0.8367763916015625 0.5087098046875 0.82134376171875 0.4883773935546875 0.8261460751953125
2 0.417495857421875 0.9512749345703125 0.4028476396484375 0.9520130078125 0.3896659951171875 0.9620106591796875 0.40166541796875 0.971183974609375 0.4219978291015625 0.96638166015625 0.43106410546875 0.9570358193359375 0.417495857421875 0.9512749345703125
2 0.4075541181640625 0.9417757138671875 0.4102029140625 0.9318643251953125 0.39893677734375 0.927320798828125 0.3765466826171875 0.9324490185546875 0.36542272265625 0.9421207646484375 0.3689469794921875 0.9510544375 0.3840840537109375 0.953402890625 0.4075541181640625 0.9417757138671875
2 0.30320334375 0.948811392578125 0.3058920615234375 0.9657872861328125 0.3218646748046875 0.9600935185546875 0.3219669287109375 0.947421509765625 0.30320334375 0.948811392578125
2 0.5172024833984376 0.9149172587890625 0.5244555048828125 0.9074405859375 0.5248021865234375 0.89631183984375 0.509909541015625 0.8955066494140625 0.5084828896484375 0.913134353515625 0.5172024833984376 0.9149172587890625
2 0.3590276494140625 0.87510864453125 0.3666672744140625 0.8833905068359375 0.38881294140625 0.8767190244140625 0.3788712041015625 0.8672198037109375 0.3590276494140625 0.87510864453125
2 0.2657833203125 0.7791387216796875 0.26592549609375 0.793353994140625 0.2805737138671875 0.7926159208984375 0.2760717412109375 0.7775091962890625 0.2657833203125 0.7791387216796875
2 0.463395939453125 0.9614068203125 0.462804828125 0.9709923037109375 0.475150931640625 0.969036873046875 0.4782885849609375 0.9622120107421875 0.463395939453125 0.9614068203125
0 0.677818927734375 0 0.65554072265625 0.0703787197265625 0.6249598134765625 0.1036978408203125 0.697712041015625 0.096920951171875 0.746954283203125 0.074883955078125 0.8000275400390625 0.0237646044921875 0.80742093359375 0 0.677818927734375 0
0 0.2621714931640625 0.3035357744140625 0.2568739033203125 0.3233585517578125 0.262211416015625 0.330423056640625 0.303609525390625 0.325448216796875 0.3169333447265625 0.329665837890625 0.3521584033203125 0.3256687138671875 0.3820459482421875 0.3146070849609375 0.38807682421875 0.2994140966796875 0.31677365625 0.2221167109375 0.2769219638671875 0.2901256923828125 0.2621714931640625 0.3035357744140625
0 0.4877036064453125 0.2092818564453125 0.4859926044921875 0.198479015625 0.4008942734375 0.2072113369140625 0.34955442578125 0.2026869560546875 0.365464708984375 0.23655248046875 0.4189420849609375 0.29452551953125 0.4453053740234375 0.2745302177734375 0.4877036064453125 0.2092818564453125
0 1 0.8993095166015626 0.9542446328125 0.90422972265625 0.925050451171875 0.893033859375 0.902171498046875 0.895075552734375 0.8388322275390625 0.8813778564453125 0.80081619921875 0.8810710966796875 0.708873859375 0.846592052734375 0.6915768466796876 0.8572415146484375 0.695669806640625 0.92303627734375 0.7243127998046875 0.9707049052734374 0.9506580439453125 0.9348553408203125 0.953795697265625 0.928030478515625 0.9650618330078125 0.9325740048828125 0.992891693359375 0.92183828125 1 0.921295751953125 1 0.8993095166015626
0 0.41629771875 1 0.4165979853515625 0.9988764462890625 0.337632783203125 0.9797437705078125 0.27370240234375 0.9756315576171875 0.1950838828125 0.945370134765625 0.1255320908203125 1 0.41629771875 1