0 0.6037699013671874 0.583348201171875 0.535335826171875 0.5395493447265625 0.494506521484375 0.483165310546875 0.4609845400390625 0.4693214609375 0.4329375771484375 0.556399060546875 0.431358138671875 0.697328326171875 0.4390557060546875 0.725657884765625 0.446991111328125 0.72864371484375 0.451009044921875 0.7658440791015625 0.491143291015625 0.81417253515625 0.519747931640625 0.8319091376953125 0.5546265400390625 0.838059177734375 0.5834690185546875 0.8304520517578124 0.619128115234375 0.80818083984375 0.6513454169921875 0.769436705078125 0.664978654296875 0.74010853125 0.67091432421875 0.682450798828125 0.6584183349609375 0.64534212890625 0.6310179150390625 0.6087786142578125 0.6037699013671874 0.583348201171875
0 0.5399702490234375 0.2373251396484375 0.4989031064453125 0.2062848330078125 0.4605827021484375 0.18366187109375 0.4183113388671875 0.1714484765625 0.37878671484375 0.167652427734375 0.371546365234375 0.1727221748046875 0.346926171875 0.168380970703125 0.325714287109375 0.15670772265625 0.31409924609375 0.1625926982421875 0.2866803662109375 0.2101159443359375 0.290103703125 0.3106756279296875 0.2957495869140625 0.3386434189453125 0.3398682802734375 0.4003672734375 0.4065219990234375 0.4422656005859375 0.45742382421875 0.46552040234375 0.54045751953125 0.4865078994140625 0.5914447783203125 0.47328587109375 0.609605111328125 0.4542755712890625 0.631292673828125 0.41526136328125 0.634938822265625 0.382585591796875 0.6320396767578125 0.3630351455078125 0.602706494140625 0.3134379990234375 0.5399702490234375 0.2373251396484375
0 0.3255885 0.5533365634765625 0.2723452060546875 0.615345517578125 0.3518851591796875 0.6801418876953125 0.41536840625 0.7040285302734375 0.4284924794921875 0.701582845703125 0.4360410751953125 0.5268008134765625 0.4283769931640625 0.5222762216796875 0.3936507919921875 0.527259283203125 0.3255885 0.5533365634765625
0 0.848194916015625 0.4328812275390625 0.8417350546875 0.40952972265625 0.796598033203125 0.40157084765625 0.7450681240234375 0.417870400390625 0.6831943681640625 0.4688379462890625 0.664101138671875 0.5051363974609375 0.6567753564453125 0.546682974609375 0.6654393046875 0.58152934765625 0.6887028720703126 0.59356436328125 0.7535427470703125 0.6097571943359374 0.786369671875 0.615545466796875 0.818501541015625 0.613278162109375 0.901587181640625 0.57398386328125 0.9164581259765625 0.5496337431640625 0.919561623046875 0.5200354951171875 0.8852776123046875 0.4505261357421875 0.8704921015625 0.4383994267578125 0.848194916015625 0.4328812275390625
0 0.917198998046875 1 0.92345376953125 0.9538647001953126 0.86407388671875 0.930701591796875 0.7825827119140625 0.9369583525390625 0.777394044921875 0.9423898662109375 0.7831588486328125 0.9576857939453125 0.8231406904296875 0.9948811484375 0.8236497724609375 1 0.917198998046875 1
0 0.4727479755859375 0 0.4851543828125 0.0563063828125 0.524050923828125 0.0996567861328125 0.563337708984375 0.1287965634765625 0.591789943359375 0.135400064453125 0.6118830400390625 0.12942339453125 0.6516120166015625 0.08407075 0.6528162373046875 0.065243837890625 0.646322890625 0.0180873671875 0.5437443330078126 0 0.4727479755859375 0
2 0.319745130859375 0.1905604892578125 0.3507916982421875 0.194448232421875 0.372360341796875 0.168105888671875 0.3095721494140625 0.15227482421875 0.30441696875 0.1815113037109375 0.319745130859375 0.1905604892578125
2 0.3914651630859375 0.4316776533203125 0.403351529296875 0.424253916015625 0.3988244326171875 0.4139360419921875 0.3809019375 0.4076026142578125 0.3690155712890625 0.4150263515625 0.3914651630859375 0.4316776533203125
2 0.5505669609375 0.28520514453125 0.5504145556640625 0.2740720419921875 0.533729767578125 0.27271666796875 0.5359338564453126 0.284211537109375 0.5505669609375 0.28520514453125
2 0.4216677021484375 0.224398228515625 0.429026970703125 0.2066566181640625 0.4100191748046875 0.20647823828125 0.4070345966796875 0.2234046220703125 0.4216677021484375 0.224398228515625
2 0.4956287421875 0.3088367392578125 0.506006076171875 0.2979737109375 0.5032593369140625 0.2895563662109375 0.487812255859375 0.293179044921875 0.47634962109375 0.310197123046875 0.4956287421875 0.3088367392578125
2 0.446302921875 0.33663116015625 0.44587919140625 0.3270368212890625 0.433026443359375 0.3279437431640625 0.4316698173828125 0.3356375537109375 0.446302921875 0.33663116015625
2 0.39558698828125 0.34831442578125 0.3989952978515625 0.3409823828125 0.389008208984375 0.33763478515625 0.381225208984375 0.345782056640625 0.39558698828125 0.34831442578125
2 0.3217598935546875 0.3590957783203125 0.3294239736328125 0.36362037109375 0.3471940634765625 0.3588206962890625 0.3525016494140625 0.340717318359375 0.342514560546875 0.337369720703125 0.3332225283203125 0.342077701171875 0.3217598935546875 0.3590957783203125
2 0.355605146484375 0.3111190712890625 0.3528584072265625 0.3027017265625 0.333850611328125 0.30252334765625 0.3360547001953125 0.3140182158203125 0.355605146484375 0.3111190712890625
2 0.3079072783203125 0.3296809189453125 0.302566205078125 0.32397933203125 0.3031423427734375 0.3447067734375 0.3079072783203125 0.3296809189453125
2 0.4628872509765625 0.2665716376953125 0.462192193359375 0.2585160595703125 0.4457787314453125 0.255621923828125 0.445388486328125 0.2698325498046875 0.4628872509765625 0.2665716376953125
2 0.42041153515625 0.3035069365234375 0.4126285341796875 0.3116542080078125 0.421377916015625 0.310023751953125 0.42041153515625 0.3035069365234375
2 0.3309699267578125 0.1988861396484375 0.31250478125 0.195630236328125 0.30472178125 0.2037775078125 0.312385861328125 0.2083021005859375 0.3309699267578125 0.1988861396484375
2 0.4534393779296875 0.45212500390625 0.4579329892578125 0.438637912109375 0.450268908203125 0.4341133193359375 0.4338554462890625 0.43121918359375 0.44004398046875 0.4561094501953125 0.4534393779296875 0.45212500390625
2 0.4943206298828125 0.4482272431640625 0.4915738896484375 0.4398098984375 0.4813154755859375 0.4380010634765625 0.4794161982421875 0.4487723984375 0.4943206298828125 0.4482272431640625
2 0.5140234814453125 0.4564612001953125 0.5044601240234375 0.4627079423828125 0.516770220703125 0.464878544921875 0.5140234814453125 0.4564612001953125
2 0.566724125 0.39752976953125 0.5596026943359375 0.3899276533203125 0.5505819873046875 0.39309687109375 0.5553804091796875 0.401875982421875 0.566724125 0.39752976953125
2 0.5812567705078125 0.3271084794921875 0.5707270302734375 0.32683840625 0.5752541279296876 0.3371562802734375 0.5812567705078125 0.3271084794921875
2 0.4497816376953125 0.184930560546875 0.45059561328125 0.1803142734375 0.426246744140625 0.1744343076171875 0.4254327685546875 0.17905059375 0.4497816376953125 0.184930560546875
2 0.5016983583984375 0.3463988701171875 0.5056493173828125 0.335989302734375 0.4959335546875 0.331102943359375 0.488693205078125 0.3361726904296875 0.5016983583984375 0.3463988701171875
2 0.35884258984375 0.3767406875 0.3607418671875 0.3659693525390625 0.3443284052734375 0.3630752158203125 0.3429717783203125 0.3707690263671875 0.35884258984375 0.3767406875
2 0.8117033818359375 0.5438554873046875 0.807718935546875 0.53046008984375 0.7943235380859375 0.5344445361328125 0.7985793095703125 0.546301171875 0.8117033818359375 0.5438554873046875
2 0.593544974609375 0.6053443310546875 0.593663892578125 0.5926724677734375 0.577521755859375 0.5882395693359375 0.5827439091796875 0.6066130205078125 0.593544974609375 0.6053443310546875
2 0.51527621484375 0.56933098046875 0.5148524833984375 0.559736640625 0.5004907041015625 0.557204271484375 0.5047464755859375 0.5690609072265626 0.51527621484375 0.56933098046875
2 0.444024994140625 0.6614833369140625 0.4379888642578125 0.647726171875 0.431562490234375 0.6481796328125 0.4309009208984375 0.663929021484375 0.444024994140625 0.6614833369140625
2 0.4522132646484375 0.747017166015625 0.45233218359375 0.734345302734375 0.4364613720703125 0.7283736416015625 0.4408695498046875 0.7513633798828125 0.4522132646484375 0.747017166015625
2 0.322789814453125 0.605201013671875 0.3297588388671875 0.601670029296875 0.32755475 0.59017516015625 0.3134642958984375 0.5861040283203125 0.307190328125 0.597690591796875 0.322789814453125 0.605201013671875
2 0.85608653515625 0.9879975576171875 0.8556628037109375 0.9784032177734375 0.8433527060546875 0.976232615234375 0.84350511328125 0.987365716796875 0.85608653515625 0.9879975576171875
2 0.5159631123046875 0.085537853515625 0.51608203125 0.072865990234375 0.501991576171875 0.0687948583984375 0.5013300068359375 0.0845442470703125 0.5159631123046875 0.085537853515625
2 0.28417105859375 0 0.2795623701171875 0.0105353388671875 0.3049965400390625 0.0102602578125 0.3043014833984375 0.0022046796875 0.299358109375 0 0.28417105859375 0
0 0.5857688408203126 0.2295346259765625 0.5778334345703126 0.2265487958984375 0.56591358203125 0.2101675673828125 0.5497714453125 0.2057346689453125 0.44383094140625 0.1346965654296875 0.419210748046875 0.130355361328125 0.3803811796875 0.134614888671875 0.3537427890625 0.1537168828125 0.3567608544921875 0.1605954658203125 0.41269894140625 0.1672856513671875 0.482065912109375 0.193796357421875 0.5366808583984375 0.2319853193359375 0.59612771484375 0.3027583583984375 0.619238875 0.303660271484375 0.62675055078125 0.2970517626953125 0.6330245185546876 0.28546519921875 0.6269883896484375 0.2717080341796875 0.60179205859375 0.246639388671875 0.5997068896484375 0.2224726552734375 0.5857688408203126 0.2295346259765625
2 0.452647296875 0.180676041015625 0.4527662158203125 0.1680041767578125 0.439218412109375 0.160855521484375 0.444440564453125 0.17922897265625 0.452647296875 0.180676041015625
2 0.5909062861328125 1 0.6250938388671875 0.9663065615234375 0.5789904345703125 0.95183087109375 0.543755068359375 0.983696423828125 0.530359669921875 0.9876808701171875 0.565220658203125 1 0.5909062861328125 1