0 0.343860087890625 0.7446607451171875 0.3703270869140625 0.7265385205078125 0.38781146484375 0.689968546875 0.38672085546875 0.658737583984375 0.394503806640625 0.6428312734375 0.43686389453125 0.6022657158203125 0.43023598828125 0.5915530009765625 0.345307599609375 0.607026384765625 0.2117283056640625 0.602310361328125 0.135128173828125 0.6174929169921874 0.0161035166015625 0.7310910185546875 0.0081569736328125 0.7423126845703125 0.01142880078125 0.83600557421875 0.0178385849609375 0.8404720966796875 0.070490025390625 0.8558314453125 0.2016600712890625 0.8512508857421875 0.2777694306640625 0.8220143974609375 0.3160744501953125 0.7847173515625 0.343860087890625 0.7446607451171875
0 0.3127282783203125 0.80828598828125 0.3074636337890625 0.8366119775390625 0.3141460703125 0.848886240234375 0.354795900390625 0.878735765625 0.380107853515625 0.8872325673828125 0.4552257568359375 0.8892997490234374 0.5817954306640625 0.8723722197265625 0.61028996484375 0.8526157392578125 0.636048068359375 0.814193388671875 0.65851453125 0.8009012236328125 0.66202429296875 0.7820172314453125 0.653423384765625 0.7745003193359375 0.5860884326171875 0.756526826171875 0.5708596181640625 0.73829719921875 0.54971179296875 0.7296549833984375 0.4225422841796875 0.7294054833984375 0.360898314453125 0.755009923828125 0.3263757099609375 0.78123071875 0.3127282783203125 0.80828598828125
0 0.292160474609375 0.935643876953125 0.2926512490234375 0.949697810546875 0.305688939453125 0.964877048828125 0.3581222587890625 0.9739902041015625 0.4027180947265625 0.99744812109375 0.4630979560546875 0.9953396103515625 0.483591416015625 0.985243248046875 0.4718178330078125 0.9465680810546875 0.4754911884765625 0.932368732421875 0.4583438994140625 0.91889645703125 0.459662537109375 0.896962076171875 0.448979564453125 0.88951787109375 0.4177486005859375 0.89060848046875 0.3420308623046875 0.8713642685546875 0.309927412109375 0.847470107421875 0.26625859375 0.8505585078125 0.237436876953125 0.86094569921875 0.232063171875 0.886148591796875 0.292160474609375 0.935643876953125
0 0.256150048828125 1 0.230189322265625 0.951879029296875 0.1789110498046875 0.9161468486328125 0.1109762646484375 0.8809963251953125 0.066707611328125 0.8669076962890625 0.0123558193359375 0.8625518935546875 0.01715561328125 1 0.256150048828125 1
0 0.3450894775390625 0.60078019140625 0.351063017578125 0.5927543291015624 0.349045390625 0.534977046875 0.2781461455078125 0.534325998046875 0.24516030078125 0.544858603515625 0.2741357021484375 0.5985675947265625 0.3450894775390625 0.60078019140625
0 0.315568771484375 0.53145571875 0.338416947265625 0.529094390625 0.3618104287109375 0.5423485439453125 0.4436206748046875 0.4972784521484375 0.4488853193359375 0.468952462890625 0.3602934814453125 0.439213658203125 0.287257642578125 0.4370737685546875 0.264954771484375 0.455050578125 0.265500076171875 0.4706660595703125 0.315568771484375 0.53145571875
0 0.3655333154296875 0.2310915078125 0.37314276953125 0.26991208984375 0.3884806455078125 0.2912648134765625 0.3659051220703125 0.3014338828125 0.3529120556640625 0.34722773046875 0.387860998046875 0.392910859375 0.41547313671875 0.4075811455078125 0.4406214990234375 0.411393302734375 0.45684176953125 0.398319259765625 0.485718015625 0.3894936162109375 0.5038567587890626 0.371662220703125 0.522605244140625 0.311596318359375 0.52354216796875 0.278731099609375 0.481856259765625 0.2192121591796875 0.4435066162109375 0.195536119140625 0.4280596787109375 0.1710602998046875 0.411403166015625 0.1716419580078125 0.395510078125 0.194085291015625 0.3569869375 0.22513614453125 0.3655333154296875 0.2310915078125
0 0.46949774609375 0.40256766015625 0.464941998046875 0.451193775390625 0.47803421875 0.4679345615234375 0.57408182421875 0.4723977666015625 0.571781638671875 0.46622428125 0.62257904296875 0.4284909921875 0.6425271982421875 0.4027791484375 0.650865361328125 0.34307678125 0.6421553916015625 0.3324367734375 0.6231441611328125 0.3252833984375 0.562873359375 0.330515005859375 0.5256688564453125 0.3396314775390625 0.5100484208984375 0.36988255078125 0.46949774609375 0.40256766015625
0 0.669385818359375 0.3361762236328125 0.6535472607421875 0.360181103515625 0.650582802734375 0.394680578125 0.6328803037109375 0.425004359375 0.65122726171875 0.4728306943359375 0.679439236328125 0.5046780107421875 0.726835939453125 0.4889518095703125 0.759112888671875 0.458119078125 0.764650185546875 0.437600830078125 0.7493222158203126 0.3568365693359375 0.7198015087890625 0.287512095703125 0.7053906513671875 0.29270569140625 0.683360431640625 0.3184902421875 0.681769142578125 0.3326168828125 0.669385818359375 0.3361762236328125
0 0.608911798828125 0.5743693369140624 0.6277049072265625 0.57527651953125 0.6586086875 0.56481662109375 0.6726923623046875 0.550253736328125 0.659545611328125 0.53195140234375 0.598075140625 0.5028289501953125 0.535449623046875 0.5003255244140625 0.5275576083984375 0.5131087392578125 0.5369764755859375 0.544048873046875 0.608911798828125 0.5743693369140624
0 1 0.6040256962890626 0.9451602177734375 0.59233287890625 0.8994093349609374 0.5954939873046875 0.85025775 0.6206621845703125 0.820062865234375 0.651422208984375 0.7934868046875 0.666421337890625 0.795841521484375 0.67415637109375 0.836055107421875 0.6915135107421875 1 0.6857884287109375 1 0.6040256962890626
0 0.7939874853515625 0.6210637333984375 0.8583678857421875 0.6141251630859375 0.8993548037109375 0.593932439453125 0.8434216298828126 0.5442917392578125 0.8009623876953125 0.522322662109375 0.7826055234375 0.533907865234375 0.740800646484375 0.5306773662109375 0.7138974033203125 0.5363072060546875 0.7008597138671875 0.5211279677734375 0.6926405185546874 0.5245418935546875 0.68583911328125 0.5685560712890625 0.7708121279296875 0.6140557724609375 0.7939874853515625 0.6210637333984375
0 0.6379565458984375 0.212197564453125 0.6581674462890625 0.2537049990234375 0.6835884609375 0.2653248974609375 0.754487705078125 0.2659759462890625 0.79344708984375 0.2474174775390625 0.8400803671875 0.2098296025390625 0.887095357421875 0.183172564453125 0.8357625537109376 0.1458788349609375 0.8146692587890625 0.1387981669921875 0.7916029619140625 0.134913302734375 0.725085966796875 0.1403630322265625 0.6839354560546875 0.155871111328125 0.6395478359375 0.198070923828125 0.6379565458984375 0.212197564453125
0 0.731305248046875 0 0.714695458984375 0.0219034931640625 0.7126580185546875 0.0829492861328125 0.7013107724609375 0.116178041015625 0.757362916015625 0.1095302998046875 0.7695281181640625 0.099724767578125 0.8436099423828125 0.0721225341796875 0.8781325478515625 0.045901740234375 0.895671455078125 0.010893314453125 0.8943795166015625 0 0.731305248046875 0
0 0.541435998046875 0 0.5349290400390625 0.007856193359375 0.51985391015625 0.053722748046875 0.5343093916015625 0.1095022392578125 0.5668490869140625 0.14588878515625 0.6131998037109375 0.15990470703125 0.6338568544921875 0.1544929892578125 0.6705160537109375 0.1297610361328125 0.7022476982421875 0.083312822265625 0.709757998046875 0.0595987705078125 0.7080130224609374 0.0096292294921875 0.7004824326171875 0 0.541435998046875 0
0 0.49660901171875 0 0.3389423505859375 0.0068829375 0.3927389306640625 0.055034796875 0.44073546875 0.056485625 0.4821041015625 0.0472237392578125 0.4918055263671875 0.026560076171875 0.5123535166015625 0.0180252626953125 0.5176705888671875 0 0.49660901171875 0
0 0.186113892578125 0.107590421875 0.23280169921875 0.0715640947265625 0.2630511142578125 0.0423656181640625 0.274343830078125 0.0075753154296875 0.016167865234375 0.0165910185546875 0.012330919921875 0.0261057216796875 0.0156671845703125 0.0619486220703125 0.061571751953125 0.1228836962890625 0.0611256025390625 0.1698028486328125 0.0697265107421875 0.177319759765625 0.186113892578125 0.107590421875
0 0 0.43469435546875 0.039110287109375 0.43479509765625 0.055984921875 0.4404596328125 0.0599309287109375 0.434068025390625 0.05741262109375 0.4216483466796875 0.03818326953125 0.408248779296875 0.040557798828125 0.2971607373046875 0 0.240697935546875 0 0.43469435546875
0 0.3067645556640625 0.100250302734375 0.3612254091796875 0.1077292021484375 0.4188688408203125 0.0869548203125 0.4119137529296875 0.06687281640625 0.373673169921875 0.046319873046875 0.3368057568359375 0.0053940966796875 0.2805900224609375 0.007357193359375 0.278671548828125 0.012114544921875 0.285517576171875 0.029073453125 0.2816806318359375 0.03858815625 0.26529676953125 0.0469775556640625 0.2657875439453125 0.0610314892578125 0.3067645556640625 0.100250302734375
0 0.4906951044921875 0.1141521884765625 0.534527513671875 0.115748431640625 0.51769915625 0.051713912109375 0.526873435546875 0.015954763671875 0.5065980986328125 0.0322973173828125 0.4920236484375 0.0328062685546875 0.488186703125 0.04232097265625 0.42621555078125 0.0585561240234375 0.4269244462890625 0.0788562509765625 0.459082427734375 0.1043119599609375 0.4906951044921875 0.1141521884765625
0 0.527706296875 0.2785856845703125 0.56315591796875 0.278911208984375 0.575430181640625 0.2722287724609375 0.6176812080078125 0.228540119140625 0.589578294921875 0.1998158984375 0.5535288369140625 0.1823133447265625 0.48668466015625 0.17839378515625 0.44647107421875 0.1610366455078125 0.4424160068359375 0.16430515625 0.445534150390625 0.1939018642578125 0.48607491796875 0.22062829296875 0.527706296875 0.2785856845703125
0 0.908508224609375 0 0.897971640625 0.0170667998046875 0.8908975849609375 0.0532732373046875 0.902398515625 0.0841406640625 0.978760712890625 0.1815349921875 0.98692537890625 0.1765595185546875 0.98075978515625 0 0.908508224609375 0
0 1 0.5509676884765625 0.9971225751953126 0.468569025390625 0.9633733037109375 0.45723995703125 0.9589365234375 0.4495776298828125 0.863161568359375 0.4529221650390625 0.86879801953125 0.4949385517578125 0.8883545546875 0.517707408203125 0.939414705078125 0.547193396484375 1 0.555990126953125 1 0.5509676884765625
0 1 0.73489937890625 0.97663411328125 0.7772846240234375 0.9752609443359375 0.79765745703125 0.98462528125 0.82703604296875 1 0.8395690703125 1 0.73489937890625
0 0.943727521484375 0.312524927734375 0.9471728466796875 0.3514909248046875 0.9579103505859375 0.360496677734375 0.9702936748046875 0.356937337890625 0.9923784248046875 0.3327143349609375 0.9892701884765625 0.2437060888671875 0.933054455078125 0.245669185546875 0.918643595703125 0.25086278125 0.9108606435546875 0.2667690927734375 0.943727521484375 0.312524927734375
0 0.7287296015625 0.304398296875 0.7468584375 0.345978439453125 0.768006263671875 0.3546206552734375 0.845369822265625 0.3612997744140625 0.8763281328125 0.3524014248046875 0.8987400654296875 0.3375477109375 0.8577085224609375 0.2967673486328125 0.8069755546875 0.2766506494140625 0.752569232421875 0.2707332978515625 0.704899876953125 0.2786517578125 0.6886796064453125 0.2917258017578125 0.7073091240234375 0.28794833984375 0.7287296015625 0.304398296875
0 0.8262891572265625 0.11337715234375 0.8204792080078125 0.1260876591796875 0.85910150390625 0.1575714404296875 0.8995332119140625 0.1811747724609375 0.91202559765625 0.1807385283203125 0.954821927734375 0.1526653564453125 0.8958796708984375 0.076551044921875 0.8885973994140625 0.047099751953125 0.8782416083984375 0.0490248359375 0.84371900390625 0.075245630859375 0.8210889501953125 0.0838531513671875 0.8262891572265625 0.11337715234375
0 0.8490530830078125 0.287688888671875 0.880229515625 0.2850367314453125 0.9019325517578125 0.2498828916015625 0.8994687744140625 0.23902476171875 0.8610100693359375 0.2122256259765625 0.8381073642578125 0.21302540625 0.7750902255859375 0.2590026806640625 0.7712532802734375 0.2685173837890625 0.8490530830078125 0.287688888671875
0 0.6284584267578125 0.6565497314453125 0.6513611328125 0.655749951171875 0.6812189287109375 0.67503217578125 0.695847908203125 0.6760847724609375 0.7224239697265625 0.66108564453125 0.7359078095703125 0.62934573046875 0.7351989130859375 0.609045603515625 0.66989149609375 0.58943785546875 0.6472069111328125 0.596483828125 0.5940547900390625 0.6264820849609375 0.5965185673828125 0.63734021484375 0.6284584267578125 0.6565497314453125
0 0.2523732265625 0.9901906611328125 0.265029203125 0.9944390615234375 0.2787856962890625 0.9705068876953125 0.2644392744140625 0.917850494140625 0.2102609814453125 0.8587677978515625 0.1770024833984375 0.861492662109375 0.1382066904296875 0.884735775390625 0.2066322509765625 0.9339402314453125 0.2523732265625 0.9901906611328125
2 0.9340210986328125 0.0345693544921875 0.9173645849609375 0.0351510126953125 0.905308443359375 0.0480796416015625 0.92415608203125 0.0505483720703125 0.9340210986328125 0.0345693544921875
2 0.985943830078125 0.1484516513671875 0.9693418466796875 0.150594857421875 0.96764149609375 0.16159840234375 0.986271013671875 0.1578209404296875 0.985943830078125 0.1484516513671875
2 0.7348518291015625 0.0618493798828125 0.736443119140625 0.0477227392578125 0.71759548046875 0.0452540078125 0.71594966015625 0.0578191005859375 0.7244960380859375 0.06377446484375 0.7348518291015625 0.0618493798828125
2 0.8726051572265625 0.0070084501953125 0.8621403056640625 0.0058104384765625 0.860385423828125 0.0152524345703125 0.8709593369140625 0.01957354296875 0.8726051572265625 0.0070084501953125
2 0.60352809765625 0.0023337568359375 0.5910902431640624 0.004331548828125 0.5934994912109375 0.0136281298828125 0.6080194091796876 0.011557630859375 0.60352809765625 0.0023337568359375
2 0.7293244384765625 0.02295608984375 0.7188050576171875 0.0201965302734375 0.7149135810546875 0.028149685546875 0.7254329638671875 0.03090924609375 0.7293244384765625 0.02295608984375
2 0.9089718916015626 0.0932918310546875 0.919818455078125 0.1054206796875 0.921518806640625 0.0944171357421875 0.9089718916015626 0.0932918310546875
2 0.6766978095703124 0.1873929033203125 0.6792161171875 0.19981258203125 0.687108130859375 0.1870293671875 0.6766978095703124 0.1873929033203125
2 0.688481298828125 0.1666565341796875 0.6991097421875 0.1725391904296875 0.703055748046875 0.1661475830078125 0.688481298828125 0.1666565341796875
2 0.8254612939453125 0.1493654677734375 0.810941375 0.151435966796875 0.8113776181640625 0.1639283525390625 0.8279796015625 0.1617851455078125 0.8254612939453125 0.1493654677734375
2 0.7751100390625 0.14017960546875 0.7585080556640625 0.1423228115234375 0.7588897685546875 0.1532536484375 0.7776283466796875 0.152599283203125 0.7751100390625 0.14017960546875
2 0.857837396484375 0.1810673701171875 0.843262947265625 0.1815763203125 0.8415080654296875 0.1910183173828125 0.856191576171875 0.193632462890625 0.857837396484375 0.1810673701171875
2 0.687797212890625 0.326152568359375 0.675304828125 0.3265888125 0.677877666015625 0.3405700380859375 0.6862604541015624 0.3418407578125 0.687797212890625 0.326152568359375
2 0.645655248046875 0.372964318359375 0.6513561357421875 0.35713071484375 0.64467369921875 0.344856451171875 0.634317908203125 0.3467815361328125 0.620179703125 0.3597828720703125 0.6229706630859375 0.380010291015625 0.645655248046875 0.372964318359375
2 0.5666359619140625 0.4382618291015625 0.5500885087890625 0.441966583984375 0.558580357421875 0.4463603994140625 0.570963681640625 0.4428010595703125 0.5666359619140625 0.4382618291015625
2 0.648119025390625 0.3838224482421875 0.6397907685546875 0.38411327734375 0.633762697265625 0.390577591796875 0.6443366103515625 0.3948987001953125 0.648119025390625 0.3838224482421875
2 0.4082751162109375 0.2014567880859375 0.39578273046875 0.20189303125 0.40235610546875 0.2110441982421875 0.4105753017578125 0.2076302734375 0.4082751162109375 0.2014567880859375
2 0.45638071484375 0.206030712890625 0.4437792685546875 0.2033438603515625 0.444106451171875 0.2127131494140625 0.454571302734375 0.2139111611328125 0.45638071484375 0.206030712890625
2 0.4842109765625 0.2269471923828125 0.47177312109375 0.228944984375 0.47620990234375 0.236607310546875 0.490675291015625 0.232975263671875 0.4842109765625 0.2269471923828125
2 0.499439791015625 0.2451768193359375 0.4828923388671875 0.24888157421875 0.487329119140625 0.256543900390625 0.50590410546875 0.251204890625 0.499439791015625 0.2451768193359375
2 0.46020775390625 0.255927546875 0.4686450712890625 0.258759814453125 0.46842694921875 0.25251362109375 0.46020775390625 0.255927546875
2 0.35823123046875 0.3204632900390625 0.368968734375 0.3294690419921875 0.38354318359375 0.328960091796875 0.3916533193359375 0.3224230693359375 0.3882625234375 0.28501862109375 0.3708971142578125 0.2653001533203125 0.3630695380859375 0.2202333779296875 0.35474128125 0.22052420703125 0.3387391328125 0.239844443359375 0.337475025390625 0.263340373046875 0.3655234091796875 0.2905030458984375 0.35823123046875 0.3204632900390625
2 0.3826260732421875 0.2430022353515625 0.384871728515625 0.247614171875 0.39522751953125 0.245689087890625 0.3826260732421875 0.2430022353515625
2 0.8705777119140625 0.6652927158203125 0.85819438671875 0.668852056640625 0.862794759765625 0.68119902734375 0.8752326142578125 0.6792012353515625 0.8705777119140625 0.6652927158203125
2 0.9063545166015625 0.674987529296875 0.8960532568359375 0.678474162109375 0.9004355068359375 0.6845749404296875 0.9128733623046875 0.6825771484375 0.9063545166015625 0.674987529296875
2 0.827236076171875 0.67775040625 0.8227992958984375 0.670088080078125 0.81036144140625 0.6720858720703125 0.80646996484375 0.68003902734375 0.8170438779296875 0.6843601357421875 0.827236076171875 0.67775040625
2 0.475248255859375 0.74632637890625 0.460564744140625 0.7437122333984375 0.4544821435546875 0.748615 0.450699728515625 0.759691251953125 0.476066212890625 0.7697496015625 0.475248255859375 0.74632637890625
2 0.4707817548828125 0.9168986650390625 0.4640447880859375 0.903062853515625 0.4536889970703125 0.9049879384765624 0.4540707099609375 0.915918775390625 0.4648082138671875 0.9249245283203125 0.4707817548828125 0.9168986650390625
2 0.2791475078125 0.4436107900390625 0.268791716796875 0.445535875 0.2649002412109375 0.4534890302734375 0.275365091796875 0.4546870419921875 0.2791475078125 0.4436107900390625
2 0.589246203125 0.5484773837890625 0.578835880859375 0.548840919921875 0.5833271923828125 0.5580647939453125 0.5936829833984375 0.5561397099609375 0.589246203125 0.5484773837890625
2 0.3970121201171875 0.058012478515625 0.3865472685546875 0.056814466796875 0.384737857421875 0.0646949150390625 0.39312064453125 0.0659656337890625 0.3970121201171875 0.058012478515625
2 0.4692796240234375 0.3963214677734375 0.4524595185546875 0.3922184814453125 0.4406214990234375 0.411393302734375 0.463742328125 0.4168397158203125 0.4692796240234375 0.3963214677734375
2 0.521123013671875 0.3288460546875 0.520577708984375 0.3132305732421875 0.5143315166015625 0.3134486953125 0.5066576259765625 0.3324781025390625 0.5113670595703125 0.347948169921875 0.521123013671875 0.3288460546875
2 0.97023914453125 0.3553757890625 0.9557192255859375 0.3574462880859375 0.9580739423828125 0.365181322265625 0.9704572666015625 0.361621982421875 0.97023914453125 0.3553757890625
2 0.835301587890625 0.610240298828125 0.8229727939453125 0.6153611865234375 0.82521844921875 0.6199731240234375 0.84593003125 0.616122955078125 0.835301587890625 0.610240298828125
2 0.640018796875 0.3309479326171875 0.644564638671875 0.34173335546875 0.6609485 0.3333439560546875 0.640018796875 0.3309479326171875
2 0 0.04155896484375 0.008766626953125 0.043428166015625 0.0083303828125 0.03093578125 0 0.0312266845703125 0 0.04155896484375
2 0.2641765283203125 0.8506312158203125 0.25765768359375 0.8430415966796875 0.2368370419921875 0.8437686689453125 0.233000095703125 0.853283373046875 0.2394098798828125 0.8577498955078126 0.2641765283203125 0.8506312158203125