0 0.3040387744140625 0.0445988427734375 0.2894836689453125 0.09476142578125 0.296395115234375 0.1239462587890625 0.3530169921875 0.2269268310546875 0.39600639453125 0.269986884765625 0.4354582763671875 0.2905733076171875 0.4905273134765625 0.3036318720703125 0.543936212890625 0.296021552734375 0.5968811494140625 0.2238106689453125 0.6004991455078125 0.194344455078125 0.57560237109375 0.12359544921875 0.520232966796875 0.0616987470703125 0.505213896484375 0.0472607646484375 0.441329203125 0.0205259013671875 0.3881375498046875 0.0092720849609375 0.330593041015625 0.016374615234375 0.3040387744140625 0.0445988427734375
0 0.610948115234375 0.24600291796875 0.599359267578125 0.32329169140625 0.6312747890625 0.3539724052734375 0.680875271484375 0.3773791533203125 0.7932983974609376 0.384886041015625 0.8337292080078125 0.380404916015625 0.9089855029296875 0.348715140625 0.93665546875 0.3284990732421875 0.9522994501953125 0.3036579326171875 0.9557538505859375 0.258429291015625 0.949196419921875 0.243456033203125 0.8800872421875 0.1908919384765625 0.8299154970703125 0.17213775 0.7706840263671875 0.175884677734375 0.6868024970703125 0.19234730078125 0.626020833984375 0.225814337890625 0.610948115234375 0.24600291796875
0 0.7513173955078125 0.4190872744140625 0.6764955927734375 0.4130487802734375 0.6146250546875 0.421194375 0.5704126513671876 0.4393792861328125 0.5434775439453124 0.470705220703125 0.575419890625 0.48407265234375 0.581786900390625 0.500596763671875 0.5441855771484375 0.4991283701171875 0.537003234375 0.5234342353515625 0.54092159765625 0.5428061591796876 0.58333973828125 0.5905187724609375 0.65884275 0.642293697265625 0.69059467578125 0.657211982421875 0.7825033525390624 0.677942353515625 0.903007275390625 0.6880156728515625 0.978971603515625 0.6847490458984375 0.99610948046875 0.545172244140625 0.952548814453125 0.50676475 0.7956665693359375 0.4339780732421875 0.7513173955078125 0.4190872744140625
0 0.5601181064453125 1 0.6043797412109375 0.966195642578125 0.6584403779296875 0.9019929189453125 0.6747092705078125 0.8378726552734375 0.680094705078125 0.7598221982421876 0.6720139072265625 0.757255767578125 0.6568312421875 0.7270553564453125 0.6679319482421875 0.722121416015625 0.66719708984375 0.7110115478515625 0.64300834765625 0.66868569140625 0.59925726171875 0.63182905078125 0.53442046484375 0.612848455078125 0.529142330078125 0.6216457861328125 0.5140964365234375 0.6245210849609375 0.503593818359375 0.6074891845703125 0.4538029140625 0.5856332890625 0.3582494169921875 0.6116824130859375 0.2927340576171875 0.6666075029296875 0.279157880859375 0.6917025380859375 0.273367427734375 0.909810099609375 0.292441630859375 0.9766957158203124 0.451662576171875 0.9962455888671875 0.4689666953125 0.99207333203125 0.5129354228515625 1 0.5601181064453125 1
0 0 0.518710126953125 0.00960579296875 0.5279442724609374 0.1191457802734375 0.5760272421875 0.2640556904296875 0.6095622822265625 0.352426845703125 0.6078190234375 0.4246632314453125 0.5836296201171876 0.45870020703125 0.5799376650390625 0.50106205078125 0.542634724609375 0.509196498046875 0.5105745927734375 0.5050877138671875 0.4927535224609375 0.4840556513671875 0.4760030029296875 0.501931033203125 0.4671781845703125 0.5032639794921875 0.4563222119140625 0.484162951171875 0.406749876953125 0.41295914453125 0.3712451689453125 0.2853265283203125 0.35085115234375 0.157259421875 0.368185404296875 0.0910360283203125 0.3946873447265625 0.040593388671875 0.429423853515625 0.0036732744140625 0.4736918916015625 0 0.489787021484375 0 0.518710126953125
0 0.99547398046875 0.1058828994140625 0.9746591640625 0.0702682451171875 0.974495568359375 0.0545058173828125 0.7904609697265625 0.0319092099609375 0.7898628818359374 0.0538750517578125 0.828309009765625 0.1168423037109375 0.86961144921875 0.156546755859375 0.9302858125 0.1923328447265625 0.992590841796875 0.1464589814453125 0.99547398046875 0.1058828994140625
2 0.8026263720703125 0.189252109375 0.7949264169921875 0.1835839716796875 0.771418884765625 0.1869945458984375 0.7683989755859375 0.19449491796875 0.7798536982421875 0.2037725517578125 0.801103005859375 0.2016589365234375 0.8026263720703125 0.189252109375
2 0.78336439453125 0.2435594638671875 0.779011541015625 0.2619158095703125 0.794982712890625 0.268599525390625 0.8049677197265624 0.2556574228515625 0.78336439453125 0.2435594638671875
2 0.717824857421875 0.435439951171875 0.714424107421875 0.4460420302734375 0.7223144833984375 0.4501593154296875 0.7317282265625 0.4418697724609375 0.717824857421875 0.435439951171875
2 0.431330607421875 0.648991869140625 0.4456148173828125 0.6523199833984376 0.4512737939453125 0.6404209453125 0.4458320634765625 0.6334558486328125 0.43323481640625 0.6334833349609374 0.431330607421875 0.648991869140625
2 0.4685242626953125 0.6708752509765625 0.4666200546875 0.6863837841796875 0.4748912734375 0.6873993623046875 0.4803598271484375 0.677051177734375 0.4685242626953125 0.6708752509765625
2 0.4268168037109375 0.7712279033203125 0.4300003076171875 0.779489958984375 0.442407134765625 0.781013326171875 0.4478756904296875 0.7706651416015625 0.43359148046875 0.76733702734375 0.4268168037109375 0.7712279033203125
2 0.23646355078125 0.458196388671875 0.233443642578125 0.4656967607421875 0.2518634619140625 0.4695326640625 0.251128603515625 0.4584227958984375 0.23646355078125 0.458196388671875
2 0.1744562421875 0.4332662724609375 0.1731232958984375 0.44412224609375 0.1921143779296875 0.44330558984375 0.18536652734375 0.429883185546875 0.1744562421875 0.4332662724609375
2 0.4658183125 0.1116898955078125 0.449847138671875 0.1050061796875 0.4385560126953125 0.111490974609375 0.436270962890625 0.13010121484375 0.4565681650390625 0.1357418662109375 0.465981908203125 0.1274523232421875 0.4658183125 0.1116898955078125
2 0.4451429140625 0.2287930673828125 0.4359195927734375 0.2355317568359375 0.4541489912109375 0.240918513671875 0.4571688994140625 0.2334181416015625 0.4451429140625 0.2287930673828125
2 0.406208646484375 0.2381806474609375 0.401311353515625 0.2438762724609375 0.40920173046875 0.247993556640625 0.412221638671875 0.2404931845703125 0.406208646484375 0.2381806474609375
2 0.4712090390625 0.272923671875 0.467427447265625 0.2866274580078125 0.4798342744140625 0.28815082421875 0.4815480625 0.27419314453125 0.4712090390625 0.272923671875
2 0.4693826591796875 0.116850244140625 0.478986822265625 0.1070098486328125 0.4692190625 0.10108781640625 0.4693826591796875 0.116850244140625
2 0.962061916015625 0.0702957314453125 0.9609193916015625 0.0796008525390625 0.991936458984375 0.08340926953125 0.985188607421875 0.0699868642578125 0.962061916015625 0.0702957314453125