0 0.3144585 0.6249058779296875 0.3349886962890625 0.6424543525390625 0.4282881083984375 0.6690867080078124 0.4886955732421875 0.6701411240234375 0.562064712890625 0.6448552412109375 0.6127661015625 0.605109048828125 0.61290244921875 0.59729773828125 0.5984304150390625 0.59079417578125 0.5616178603515625 0.55108316015625 0.5348113466796875 0.5349878701171875 0.4747583828125 0.5136240478515625 0.4247387294921875 0.514313689453125 0.372336095703125 0.5321518544921875 0.31292087109375 0.5936242783203125 0.3144585 0.6249058779296875
0 0.1729664833984375 0.4942916083984375 0.12240144140625 0.5262264912109375 0.1006168525390625 0.5805420703125 0.1124332138671875 0.619816775390625 0.13537366015625 0.61865446484375 0.1500911181640625 0.6110976689453125 0.1851206201171875 0.633587443359375 0.206005318359375 0.6308265107421875 0.271342359375 0.58821030859375 0.301077240234375 0.5559118349609375 0.3100637705078125 0.5185629833984375 0.2858856591796875 0.4712588125 0.277662671875 0.4648643271484375 0.2380580986328125 0.4657357646484375 0.2213121611328125 0.470131677734375 0.2063765478515625 0.4901865693359375 0.1729664833984375 0.4942916083984375
0 0.470122587890625 0.779208591796875 0.4691136201171875 0.837012287109375 0.519661935546875 0.925407939453125 0.5186529677734375 0.983211634765625 0.64450655078125 0.93540080078125 0.6887680048828125 0.906481365234375 0.7144459326171875 0.867861125 0.729872396484375 0.8196855166015625 0.7161366337890624 0.77100087890625 0.63804553125 0.70869101171875 0.6317419443359376 0.7117064580078125 0.61940746484375 0.70211473046875 0.5652217783203125 0.702731654296875 0.5339219990234375 0.7053107900390625 0.4876593369140625 0.7295070810546875 0.470122587890625 0.779208591796875
0 0.2114858828125 0 0.2107185634765625 0.002688099609375 0.21252888671875 0.0183470791015625 0.2311124140625 0.0280478837890625 0.266550955078125 0.0271037275390625 0.3079113134765625 0.0450157939453125 0.3870659228515625 0.0463974423828125 0.4498563671875 0.0303033359375 0.4938859384765625 0 0.2114858828125 0
0 0.2532453212890625 0.19252170703125 0.234798140625 0.175009591796875 0.1621652724609375 0.158114400390625 0.1162298427734375 0.1635635458984375 0.0449164482421875 0.19044805078125 0.00438471484375 0.2444363974609375 0.0028848994140625 0.33036080859375 0.117815826171875 0.4308194296875 0.1323969375 0.4310739443359375 0.22376640625 0.329528095703125 0.251936390625 0.2675102841796875 0.2590580595703125 0.2176269765625 0.2532453212890625 0.19252170703125
2 0.42307712109375 0.0126457841796875 0.410551755859375 0.0139898916015625 0.41452690234375 0.024998443359375 0.427052267578125 0.0236543369140625 0.42307712109375 0.0126457841796875
2 0.450183599609375 0.01155619140625 0.4625453486328125 0.0195856572265625 0.4586520107421875 0.003890318359375 0.450183599609375 0.01155619140625
2 0.2044737861328125 0 0.200303484375 0.0025063037109375 0.1895884404296875 0.019509390625 0.2125016171875 0.0199093408203125 0.2211336435546875 0.0028698955078125 0.2181775546875 0 0.2044737861328125 0
2 0.6460336357421875 0.847914126953125 0.621010173828125 0.8490400791015625 0.6208738271484375 0.8568513896484375 0.6354004013671875 0.860230427734375 0.6460336357421875 0.847914126953125
2 0.578749927734375 0.88268266015625 0.56619729296875 0.885589029296875 0.572309994140625 0.8935094169921876 0.5828068818359375 0.8890044267578125 0.578749927734375 0.88268266015625
2 0.52219798828125 0.7801175712890625 0.5220343720703124 0.7894911435546875 0.5324221826171875 0.791235201171875 0.52219798828125 0.7801175712890625
2 0.6529916875 0.807404392578125 0.6446596240234375 0.8072589560546874 0.64452327734375 0.815070265625 0.6528553408203125 0.8152157021484375 0.6529916875 0.807404392578125
2 0.28778833203125 0.6009992783203125 0.3123482138671875 0.62643178125 0.314813001953125 0.6045964716796876 0.28778833203125 0.6009992783203125
2 0.3994531162109375 0.64983053515625 0.397533716796875 0.640420603515625 0.3871186357421875 0.6402388076171875 0.3745114619140625 0.6462697001953125 0.3785411474609375 0.6541537294921875 0.3994531162109375 0.64983053515625
2 0.0035939033203125 0.28974199609375 0.0121441220703125 0.2773893359375 0.00381205859375 0.2772438994140625 0.0035939033203125 0.28974199609375
2 0.178871572265625 0.633478365234375 0.1542298818359375 0.6127326494140625 0.14381480078125 0.612550853515625 0.1269052490234375 0.626320337890625 0.1123241357421875 0.6260658232421875 0.1075036396484375 0.6634873935546876 0.149573 0.6407806474609375 0.178871572265625 0.633478365234375
2 0.3174475888671875 0.3342887822265625 0.3196942216796875 0.3249515693359375 0.3009743466796875 0.3230620751953125 0.2944798740234375 0.33701335546875 0.3048404150390625 0.34031967578125 0.3174475888671875 0.3342887822265625
0 0.560801603515625 0.0009851318359375 0.55636287890625 0.0165350341796875 0.5531618173828124 0.08055141796875 0.5980337421875 0.136030490234375 0.6764415341796876 0.0608249404296875 0.69203161328125 0.0032757607421875 0.560801603515625 0.0009851318359375
2 0.6265582275390625 0.0537032724609375 0.622610349609375 0.0411324580078125 0.6142510166015624 0.042549283203125 0.607702005859375 0.059625087890625 0.6180080087890625 0.066055931640625 0.6265582275390625 0.0537032724609375