0 0.45 0.340625 0.4729166669921875 0.35 0.49375 0.3796875 0.5333333330078125 0.403125 0.5833333330078125 0.4078125 0.6520833330078125 0.3984375 0.6979166669921875 0.371875 0.7145833330078125 0.34375 0.7333333330078124 0.3328125 0.7625 0.284375 0.7708333330078125 0.2453125 0.76875 0.21875 0.7479166669921875 0.203125 0.7479166669921875 0.18125 0.73125 0.1484375 0.6854166669921875 0.0921875 0.6270833330078125 0.0640625 0.5833333330078125 0.05625 0.4354166669921875 0.1265625 0.3916666669921875 0.1859375 0.3895833330078125 0.2140625 0.4020833330078125 0.2703125 0.4416666669921875 0.3171875 0.45 0.340625
0 0.33125 0.65 0.4291666669921875 0.63125 0.5270833330078125 0.5921875 0.55625 0.575 0.5791666669921876 0.54375 0.5604166669921875 0.53125 0.5583333330078125 0.509375 0.5375 0.478125 0.4979166669921875 0.4515625 0.3979166669921875 0.428125 0.3104166669921875 0.43125 0.2708333330078125 0.4453125 0.2375 0.4640625 0.2 0.5078125 0.1979166669921875 0.546875 0.2583333330078125 0.6234375 0.29375 0.6453125 0.33125 0.65
0 0.74375 0.65625 0.7895833330078125 0.675 0.8791666669921875 0.678125 0.9020833330078125 0.671875 0.95625 0.6375 0.99375 0.5875 0.9958333330078125 0.5671875 0.96875 0.5015625 0.94375 0.478125 0.9104166669921875 0.4609375 0.85 0.4421875 0.8020833330078125 0.4375 0.71875 0.446875 0.6604166669921875 0.4734375 0.6229166669921875 0.509375 0.6083333330078124 0.56875 0.625 0.6 0.7208333330078125 0.6546875 0.74375 0.65625
0 0.31875 0.840625 0.34375 0.85 0.4229166669921875 0.8328125 0.4541666669921875 0.8171875 0.4895833330078125 0.7859375 0.5104166669921875 0.7546875 0.5229166669921875 0.715625 0.5208333330078125 0.7 0.4958333330078125 0.6796875 0.44375 0.6578125 0.4208333330078125 0.6546875 0.33125 0.653125 0.2979166669921875 0.66875 0.2770833330078125 0.6953125 0.28125 0.721875 0.2645833330078125 0.7359375 0.2729166669921875 0.7890625 0.31875 0.840625
0 0.6520833330078125 0.8875 0.6916666669921875 0.8921875 0.76875 0.8859375 0.79375 0.8703125 0.8229166669921875 0.8265625 0.8270833330078124 0.7984375 0.79375 0.7359375 0.7458333330078125 0.696875 0.69375 0.6796875 0.61875 0.675 0.5791666669921876 0.6921875 0.55625 0.728125 0.55625 0.76875 0.5708333330078125 0.8015625 0.6104166669921876 0.8546875 0.6520833330078125 0.8875
0 0.6020833330078125 0.9859375 0.5875 0.9328125 0.54375 0.89375 0.5020833330078125 0.88125 0.4791666669921875 0.93125 0.4770833330078125 0.9859375 0.49375 0.9984375 0.5958333330078125 0.9984375 0.6020833330078125 0.9859375
0 0.2604166669921875 0.9984375 0.4041666669921875 0.9984375 0.3979166669921875 0.984375 0.4270833330078125 0.9625 0.4291666669921875 0.9546875 0.41875 0.9453125 0.4458333330078125 0.93125 0.45625 0.88125 0.4541666669921875 0.8640625 0.4333333330078125 0.8609375 0.4041666669921875 0.875 0.3916666669921875 0.8734375 0.3854166669921875 0.8640625 0.3416666669921875 0.859375 0.3104166669921875 0.871875 0.2791666669921875 0.825 0.2625 0.8203125 0.2333333330078125 0.8265625 0.2166666669921875 0.8203125 0.1895833330078125 0.8234375 0.15625 0.8453125 0.1333333330078125 0.875 0.1416666669921875 0.9203125 0.1541666669921875 0.934375 0.21875 0.984375 0.2604166669921875 0.9984375
0 0 0.775 0.0208333330078125 0.7796875 0.025 0.7890625 0.0479166669921875 0.7828125 0.0708333330078125 0.79375 0.1 0.79375 0.1375 0.7734375 0.1604166669921875 0.7828125 0.1854166669921875 0.765625 0.18125 0.7453125 0.1479166669921875 0.7359375 0.15625 0.709375 0.125 0.721875 0.0895833330078125 0.7 0.0520833330078125 0.7 0.025 0.7078125 0 0.725 0 0.775
2 0.4625 0.49375 0.45 0.49375 0.4375 0.50625 0.425 0.503125 0.40625 0.509375 0.40625 0.5359375 0.425 0.5484375 0.4916666669921875 0.5359375 0.4625 0.49375
2 0.30625 0.55625 0.2916666669921875 0.559375 0.2895833330078125 0.5734375 0.2958333330078125 0.575 0.30625 0.5671875 0.30625 0.55625
2 0.3145833330078125 0.5109375 0.3104166669921875 0.5234375 0.3291666669921875 0.5265625 0.33125 0.515625 0.3145833330078125 0.5109375
2 0.2083333330078125 0.5546875 0.2041666669921875 0.559375 0.2145833330078125 0.5671875 0.21875 0.55625 0.2083333330078125 0.5546875
2 0.3104166669921875 0.6203125 0.3020833330078125 0.6359375 0.3208333330078125 0.640625 0.3229166669921875 0.6265625 0.3104166669921875 0.6203125
2 0.4145833330078125 0.61875 0.4125 0.6328125 0.4291666669921875 0.6265625 0.4229166669921875 0.615625 0.4145833330078125 0.61875
2 0.4458333330078125 0.5875 0.4479166669921875 0.578125 0.4395833330078125 0.5796875 0.4458333330078125 0.5875
2 0.4416666669921875 0.434375 0.4354166669921875 0.4390625 0.4458333330078125 0.4453125 0.4645833330078125 0.4421875 0.4416666669921875 0.434375
2 0.2916666669921875 0.44375 0.3 0.4421875 0.2958333330078125 0.434375 0.2916666669921875 0.44375
2 0.8125 0.5359375 0.8020833330078125 0.540625 0.8 0.559375 0.8208333330078125 0.5609375 0.8291666669921876 0.5390625 0.8125 0.5359375
2 0.8916666669921876 0.5828125 0.8791666669921875 0.58125 0.88125 0.575 0.8645833330078125 0.571875 0.8479166669921875 0.5703125 0.825 0.5796875 0.825 0.603125 0.86875 0.6140625 0.8979166669921875 0.5921875 0.8916666669921876 0.5828125
2 0.95 0.603125 0.93125 0.603125 0.9291666669921875 0.61875 0.9604166669921875 0.628125 0.9604166669921875 0.6109375 0.95 0.603125
2 0.9354166669921875 0.6421875 0.9145833330078125 0.6296875 0.8895833330078124 0.63125 0.8770833330078125 0.6390625 0.875 0.653125 0.90625 0.665625 0.9354166669921875 0.6484375 0.9354166669921875 0.6421875
2 0.9625 0.546875 0.9541666669921876 0.5234375 0.9375 0.528125 0.91875 0.525 0.91875 0.559375 0.9395833330078125 0.5671875 0.9541666669921876 0.5640625 0.9625 0.546875
2 0.8958333330078125 0.475 0.8770833330078125 0.48125 0.8791666669921875 0.4921875 0.9104166669921875 0.490625 0.9083333330078125 0.48125 0.8958333330078125 0.475
2 0.8854166669921875 0.5234375 0.8875 0.5359375 0.9041666669921875 0.53125 0.9 0.5234375 0.8854166669921875 0.5234375
2 0.75 0.48125 0.7479166669921875 0.4890625 0.7604166669921875 0.49375 0.7625 0.478125 0.75 0.48125
2 0.7333333330078124 0.54375 0.73125 0.553125 0.7583333330078125 0.5546875 0.7520833330078125 0.540625 0.7333333330078124 0.54375
2 0.7541666669921875 0.575 0.74375 0.5828125 0.74375 0.5984375 0.76875 0.603125 0.7666666669921876 0.5765625 0.7541666669921875 0.575
2 0.66875 0.5890625 0.6666666669921875 0.5984375 0.675 0.6015625 0.6875 0.5953125 0.66875 0.5890625
2 0.6208333330078125 0.5546875 0.6208333330078125 0.56875 0.6395833330078124 0.571875 0.64375 0.559375 0.6208333330078125 0.5546875
2 0.7104166669921875 0.5359375 0.7020833330078124 0.5484375 0.71875 0.5515625 0.7208333330078125 0.5375 0.7104166669921875 0.5359375
2 0.9 0.58125 0.90625 0.59375 0.9229166669921876 0.5859375 0.9208333330078124 0.5765625 0.9 0.58125
2 0.7833333330078125 0.5671875 0.7791666669921875 0.5796875 0.7895833330078125 0.58125 0.7916666669921875 0.5703125 0.7833333330078125 0.5671875
2 0.975 0.534375 0.9729166669921875 0.5421875 0.9854166669921876 0.546875 0.9854166669921876 0.5359375 0.975 0.534375
2 0.6145833330078125 0.2828125 0.6166666669921875 0.2984375 0.6416666669921876 0.290625 0.63125 0.2765625 0.6145833330078125 0.2828125
2 0.7083333330078125 0.3421875 0.7 0.3328125 0.6833333330078125 0.3390625 0.6791666669921875 0.35625 0.69375 0.3625 0.7083333330078125 0.353125 0.7083333330078125 0.3421875
2 0.6541666669921875 0.3046875 0.66875 0.296875 0.6583333330078125 0.2921875 0.6541666669921875 0.3046875
2 0.6354166669921875 0.325 0.6354166669921875 0.3359375 0.6479166669921875 0.3375 0.6520833330078125 0.3265625 0.6354166669921875 0.325
2 0.3666666669921875 0.703125 0.3458333330078125 0.7078125 0.35625 0.7296875 0.36875 0.7328125 0.38125 0.7265625 0.3666666669921875 0.703125
2 0.3895833330078125 0.7125 0.3895833330078125 0.728125 0.4083333330078125 0.734375 0.4166666669921875 0.709375 0.3895833330078125 0.7125
2 0.45 0.7375 0.4458333330078125 0.7546875 0.45625 0.759375 0.4645833330078125 0.7453125 0.45 0.7375
2 0.4625 0.665625 0.43125 0.6640625 0.43125 0.684375 0.4458333330078125 0.690625 0.4625 0.6765625 0.4625 0.665625
2 0.3541666669921875 0.659375 0.35 0.66875 0.3729166669921875 0.675 0.3729166669921875 0.6609375 0.3541666669921875 0.659375
2 0.2895833330078125 0.7203125 0.2833333330078125 0.709375 0.2708333330078125 0.70625 0.2645833330078125 0.7203125 0.26875 0.728125 0.28125 0.7296875 0.2895833330078125 0.7203125
2 0.3104166669921875 0.73125 0.30625 0.740625 0.31875 0.7453125 0.3208333330078125 0.734375 0.3104166669921875 0.73125
2 0.3791666669921875 0.81875 0.3666666669921875 0.8265625 0.3666666669921875 0.834375 0.3791666669921875 0.8359375 0.3979166669921875 0.8234375 0.3791666669921875 0.81875
2 0.7041666669921876 0.8 0.6770833330078125 0.778125 0.6666666669921875 0.784375 0.6666666669921875 0.80625 0.7020833330078124 0.8203125 0.7083333330078125 0.815625 0.7041666669921876 0.8
2 0.76875 0.834375 0.74375 0.8328125 0.75 0.8484375 0.7625 0.8515625 0.7708333330078125 0.846875 0.76875 0.834375
2 0.6145833330078125 0.865625 0.6166666669921875 0.88125 0.6291666669921875 0.884375 0.6270833330078125 0.865625 0.6145833330078125 0.865625
2 0.775 0.778125 0.7729166669921875 0.7890625 0.78125 0.79375 0.7875 0.7859375 0.775 0.778125
2 0.5 0.94375 0.4875 0.953125 0.4833333330078125 0.9734375 0.5083333330078125 0.971875 0.5083333330078125 0.946875 0.5 0.94375
2 0.4479166669921875 0.953125 0.4354166669921875 0.9671875 0.4333333330078125 0.9984375 0.4625 0.9984375 0.4666666669921875 0.9625 0.4479166669921875 0.953125
2 0.4104166669921875 0.8390625 0.3833333330078125 0.84375 0.3791666669921875 0.8546875 0.3979166669921875 0.865625 0.4270833330078125 0.85 0.4104166669921875 0.8390625
2 0.3791666669921875 0.940625 0.3520833330078125 0.940625 0.3583333330078125 0.95625 0.3833333330078125 0.9625 0.3875 0.95 0.3791666669921875 0.940625
2 0.2666666669921875 0.93125 0.2416666669921875 0.9328125 0.2395833330078125 0.9390625 0.2583333330078125 0.9484375 0.275 0.9421875 0.2666666669921875 0.93125
2 0.1979166669921875 0.9046875 0.1854166669921875 0.90625 0.18125 0.921875 0.2020833330078125 0.9265625 0.20625 0.9109375 0.1979166669921875 0.9046875
2 0.1708333330078125 0.9359375 0.16875 0.9453125 0.1854166669921875 0.9546875 0.1875 0.940625 0.1708333330078125 0.9359375
2 0.2833333330078125 0.9828125 0.30625 0.9734375 0.2833333330078125 0.971875 0.2833333330078125 0.9828125
2 0.5229166669921875 0.80625 0.53125 0.803125 0.525 0.7953125 0.5229166669921875 0.80625
2 0.1645833330078125 0.7234375 0.1520833330078125 0.7265625 0.15 0.740625 0.1666666669921875 0.74375 0.1770833330078125 0.7390625 0.1645833330078125 0.7234375
2 0.125 0.70625 0.1020833330078125 0.709375 0.1333333330078125 0.7203125 0.1416666669921875 0.7125 0.125 0.70625
2 0.1770833330078125 0.775 0.1770833330078125 0.7671875 0.1479166669921875 0.7640625 0.1375 0.7671875 0.1458333330078125 0.7765625 0.16875 0.78125 0.1770833330078125 0.775
2 0.2833333330078125 0.7703125 0.2791666669921875 0.778125 0.2958333330078125 0.7828125 0.2979166669921875 0.771875 0.2833333330078125 0.7703125
2 0.3395833330078125 0.9359375 0.3354166669921875 0.94375 0.35 0.9484375 0.3479166669921875 0.9359375 0.3395833330078125 0.9359375
2 0.2854166669921875 0.921875 0.28125 0.9328125 0.2895833330078125 0.9375 0.29375 0.925 0.2854166669921875 0.921875
0 0.475 0.8625 0.4854166669921875 0.859375 0.5083333330078125 0.7921875 0.5104166669921875 0.7765625 0.5 0.775 0.46875 0.8109375 0.425 0.8375 0.4395833330078125 0.85 0.475 0.8625
0 0.6083333330078124 0.8796875 0.6041666669921875 0.85625 0.5645833330078125 0.8046875 0.5354166669921875 0.7875 0.5208333330078125 0.809375 0.50625 0.859375 0.50625 0.875 0.5791666669921876 0.9125 0.59375 0.9109375 0.6083333330078124 0.8796875
2 0.5125 0.3453125 0.5125 0.3546875 0.525 0.359375 0.5354166669921875 0.3515625 0.5125 0.3453125
0 0.8666666669921875 0.9546875 0.8104166669921875 0.95625 0.7520833330078125 0.975 0.7354166669921876 0.9875 0.7333333330078124 0.9984375 0.9020833330078125 0.9984375 0.8979166669921875 0.9703125 0.8666666669921875 0.9546875
0 0.6625 0.959375 0.7270833330078125 0.9546875 0.7604166669921875 0.93125 0.775 0.9078125 0.7645833330078124 0.8875 0.6847229169921875 0.89375 0.6354166669921875 0.8765625 0.6270833330078125 0.890625 0.6333333330078125 0.9046875 0.6291666669921875 0.9390625 0.6625 0.959375
0 0 0.9984375 0.1145833330078125 0.9984375 0.1104166669921875 0.978125 0.0875 0.9578125 0.05 0.9546875 0 0.9734375 0 0.9984375
0 0.9625 0.921875 0.9395833330078125 0.9265625 0.9020833330078125 0.959375 0.9041666669921875 0.9984375 0.9979166669921875 0.9984375 0.9979166669921875 0.94375 0.9625 0.921875