0 0.5890625 0.6 0.5953125 0.6145833330078125 0.603125 0.6145833330078125 0.64375 0.5645833330078125 0.6703125 0.4916666669921875 0.6703125 0.43125 0.6453125 0.3375 0.628125 0.3166666669921875 0.596875 0.3145833330078125 0.534375 0.3729166669921875 0.515625 0.425 0.5140625 0.475 0.534375 0.5354166669921875 0.55 0.5625 0.5890625 0.6
0 0.559375 0.3020833330078125 0.5921875 0.2729166669921875 0.6359375 0.2083333330078125 0.6390625 0.1875 0.6171875 0.1520833330078125 0.625 0.1375 0.6265625 0.1145833330078125 0.5875 0.1020833330078125 0.5328125 0.1229166669921875 0.5 0.1729166669921875 0.4953125 0.20625 0.475 0.2208333330078125 0.4703125 0.2375 0.46875 0.2770833330078125 0.475 0.2854166669921875 0.521875 0.3104166669921875 0.559375 0.3020833330078125
0 0.7671875 0.7208333330078125 0.815625 0.7354166669921876 0.8640625 0.7208333330078125 0.903125 0.6958333330078125 0.9328125 0.6520833330078125 0.9828125 0.5270833330078125 0.925 0.5270833330078125 0.8375 0.475 0.7796875 0.475 0.7296875 0.4916666669921875 0.7046875 0.5375 0.7015625 0.56875 0.7 0.6229166669921875 0.709375 0.6354166669921875 0.70625 0.6416666669921876 0.7671875 0.7208333330078125
0 0 0.4854166669921875 0.03125 0.4416666669921875 0.0484375 0.3791666669921875 0.0484375 0.3 0.03125 0.2583333330078125 0.0328125 0.2229166669921875 0.0234375 0.2041666669921875 0.0078125 0.2020833330078125 0 0.2041666669921875 0 0.4854166669921875
0 0.253125 0 0.1984375 0.0395833330078125 0.1703125 0.1104166669921875 0.1640625 0.15625 0.1796875 0.2291666669921875 0.196875 0.2479166669921875 0.221875 0.2541666669921875 0.271875 0.2479166669921875 0.334375 0.2208333330078125 0.4375 0.13125 0.4375 0.1166666669921875 0.3390625 0 0.253125 0
2 0.015625 0.4020833330078125 0.0140625 0.4145833330078125 0.025 0.41875 0.0265625 0.40625 0.015625 0.4020833330078125
2 0.0046875 0.45 0.0203125 0.4541666669921875 0.0125 0.4416666669921875 0.0046875 0.45
2 0.025 0.18125 0.0078125 0.1916666669921875 0 0.2041666669921875 0.0078125 0.2125 0.025 0.2041666669921875 0.025 0.18125
2 0.846875 0.6270833330078125 0.8453125 0.6520833330078125 0.8578125 0.6416666669921876 0.8546875 0.6270833330078125 0.846875 0.6270833330078125
2 0.884375 0.5729166669921875 0.88125 0.5854166669921875 0.8875 0.5895833330078125 0.8921875 0.5791666669921876 0.884375 0.5729166669921875
2 0.790625 0.5375 0.7890625 0.5270833330078125 0.7796875 0.5270833330078125 0.790625 0.5375
2 0.8046875 0.65 0.8046875 0.6583333330078125 0.8125 0.6583333330078125 0.8125 0.65 0.8046875 0.65
2 0.6078125 0.3166666669921875 0.6296875 0.3145833330078125 0.6046875 0.2895833330078125 0.6078125 0.3166666669921875
2 0.6484375 0.3770833330078125 0.6421875 0.3895833330078125 0.6421875 0.4 0.6515625 0.4020833330078125 0.65625 0.38125 0.6484375 0.3770833330078125
2 0.2859375 0 0.2859375 0.0083333330078125 0.2984375 0 0.2859375 0
2 0.6390625 0.18125 0.646875 0.1520833330078125 0.6703125 0.1104166669921875 0.6328125 0.1145833330078125 0.6328125 0.1291666669921875 0.61875 0.1458333330078125 0.61875 0.15625 0.6390625 0.18125
2 0.340625 0.2916666669921875 0.3265625 0.2979166669921875 0.328125 0.3166666669921875 0.3375 0.3145833330078125 0.34375 0.3020833330078125 0.340625 0.2916666669921875
0 0 0.6833333330078125 0.0578125 0.66875 0.134375 0.5916666669921875 0.0796875 0.5458333330078124 0.015625 0.5479166669921876 0 0.5520833330078125 0 0.6833333330078125
2 0.0578125 0.6 0.040625 0.60625 0.0390625 0.6145833330078125 0.0515625 0.61875 0.0640625 0.6104166669921876 0.0578125 0.6