0 0.6052087236328125 0.5815244716796875 0.53602067578125 0.5389266259765625 0.494213552734375 0.4832637490234375 0.460455068359375 0.470007046875 0.43393208984375 0.5575608720703125 0.434812447265625 0.69849623828125 0.4430032607421875 0.726687140625 0.450989568359375 0.7295340244140625 0.455656125 0.766658599609375 0.49662770703125 0.814279255859375 0.525537537109375 0.8315139375 0.560518166015625 0.8370543251953125 0.5892234892578125 0.8289449873046875 0.62448846875 0.806054830078125 0.656024685546875 0.766754326171875 0.6691439990234375 0.7371926865234375 0.674072498046875 0.67944014453125 0.6609307763671874 0.6425552109375 0.6328964091796875 0.60647546875 0.6052087236328125 0.5815244716796875
0 0.5353798525390625 0.2366675693359375 0.493777236328125 0.2063487109375 0.45506784375 0.1843979775390625 0.412589765625 0.1729241806640625 0.3730049111328125 0.1698185087890625 0.36585414453125 0.175013845703125 0.341161935546875 0.171102984375 0.3197495546875 0.159801712890625 0.308238990234375 0.165888501953125 0.281653681640625 0.2138830361328125 0.2868315048828125 0.314367658203125 0.2929646337890625 0.3422326552734375 0.3381538388671875 0.4031771318359375 0.4055286328125 0.4439058095703125 0.4568285576171875 0.4662687099609375 0.5402158876953125 0.485803873046875 0.590964625 0.4716940087890625 0.6087904169921875 0.452369662109375 0.6297937841796875 0.412982896484375 0.6328691064453125 0.3802484677734375 0.6296292001953125 0.360751595703125 0.5994348955078125 0.3116739384765625 0.5353798525390625 0.2366675693359375
0 0.3265459150390625 0.55637233984375 0.274392935546875 0.61930107421875 0.355051626953125 0.682699412109375 0.4189420849609375 0.70547448046875 0.4320214755859375 0.7028001220703125 0.4365185546875 0.52791296875 0.42877667578125 0.523522822265625 0.3941427294921875 0.529111181640625 0.3265459150390625 0.55637233984375
0 0.8469705 0.426814611328125 0.8401040830078125 0.40357940234375 0.7948350341796875 0.396409490234375 0.743597439453125 0.4136058798828125 0.68262261328125 0.465645509765625 0.6641657880859375 0.5022716552734375 0.657566208984375 0.5439397568359375 0.6668369912109375 0.5786296162109374 0.6903070556640625 0.59025679296875 0.755419658203125 0.605315546875 0.7883426025390625 0.610530029296875 0.8204300078125 0.607702291015625 0.90281721484375 0.5669639326171875 0.91726092578125 0.542357986328125 0.9198473896484375 0.512710083984375 0.884355494140625 0.4438096494140625 0.869360595703125 0.431942830078125 0.8469705 0.426814611328125
0 0.924994673828125 1 0.931310306640625 0.946405287109375 0.8715352158203125 0.9242820283203125 0.7901656474609375 0.931960052734375 0.785072564453125 0.937481294921875 0.7911034404296875 0.9526742822265625 0.831728341796875 0.989166193359375 0.8329970966796875 1 0.924994673828125 1
0 0.4638942099609375 0 0.4774131220703125 0.05663305078125 0.51706030859375 0.099298013671875 0.556849669921875 0.1277477041015625 0.58541281640625 0.133853638671875 0.6053985458984374 0.12752720703125 0.644329958984375 0.081488103515625 0.6452054208984375 0.06264304296875 0.6378900703125 0.0156070791015625 0.5393508515625 0 0.4638942099609375 0
2 0.3143721201171875 0.1937534990234375 0.3454818095703125 0.1970988134765625 0.3665874306640625 0.170384056640625 0.3035325107421875 0.1556512080078125 0.29888836328125 0.1849732060546875 0.3143721201171875 0.1937534990234375
2 0.3902893037109375 0.4335822529296875 0.4020442978515625 0.425952201171875 0.397337818359375 0.4157149072265625 0.37930751953125 0.4096952353515625 0.3675525263671875 0.417325287109375 0.3902893037109375 0.4335822529296875
2 0.546810572265625 0.28435534375 0.546463890625 0.2732265966796875 0.5297579892578125 0.272162619140625 0.53216235546875 0.2836172705078125 0.546810572265625 0.28435534375
2 0.4168697177734375 0.2258072919921875 0.423918232421875 0.2079399453125 0.40491021875 0.2080933251953125 0.4022215009765625 0.22506921875 0.4168697177734375 0.2258072919921875
2 0.4922931494140625 0.3089421435546875 0.50247931640625 0.29789966015625 0.4995860927734375 0.2895315341796875 0.4842045888671875 0.2934232509765625 0.4730407060546875 0.3106387861328125 0.4922931494140625 0.3089421435546875
2 0.4434599208984375 0.337593185546875 0.442868810546875 0.3280077021484375 0.4300338486328125 0.3291387978515625 0.4288117041015625 0.3368551123046875 0.4434599208984375 0.337593185546875
2 0.3929556123046875 0.350159787109375 0.39623544140625 0.342769376953125 0.3861914501953125 0.339596587890625 0.37855182421875 0.347878451171875 0.3929556123046875 0.350159787109375
2 0.3193279228515625 0.3622279580078125 0.32706980078125 0.3666181044921875 0.34475341796875 0.3615090302734375 0.349744248046875 0.343315779296875 0.3397002568359375 0.340142990234375 0.3304918046875 0.345012421875 0.3193279228515625 0.3622279580078125
2 0.3523307119140625 0.3136678759765625 0.34943748828125 0.3052997509765625 0.3304294736328125 0.305453130859375 0.33283383984375 0.3169077822265625 0.3523307119140625 0.3136678759765625
2 0.304964056640625 0.33305933984375 0.299524291015625 0.3274518359375 0.3004620849609375 0.3481660654296875 0.304964056640625 0.33305933984375
2 0.4588190166015625 0.267254896484375 0.4579834765625 0.25921267578125 0.44152200390625 0.2566054345703125 0.441379828125 0.27082070703125 0.4588190166015625 0.267254896484375
2 0.4169943798828125 0.3049258740234375 0.40935475390625 0.313207736328125 0.41807434765625 0.3114248310546875 0.4169943798828125 0.3049258740234375
2 0.3257405087890625 0.201881982421875 0.3072213525390625 0.1989488359375 0.2995817275390625 0.20723069921875 0.30732360546875 0.211620845703125 0.3257405087890625 0.201881982421875
2 0.452610935546875 0.452944890625 0.45686848046875 0.4393814287109375 0.4491266015625 0.4349912822265625 0.43266512890625 0.432384041015625 0.4392871162109375 0.45716251171875 0.452610935546875 0.452944890625
2 0.493417935546875 0.4483342470703125 0.4905247109375 0.4399661220703125 0.480236291015625 0.438336595703125 0.4785252890625 0.4491394375 0.493417935546875 0.4483342470703125
2 0.5132614892578125 0.456223087890625 0.5038086083984376 0.4626357822265625 0.516154712890625 0.464591212890625 0.5132614892578125 0.456223087890625
2 0.5649256103515625 0.3963808798828125 0.5576725888671875 0.38890420703125 0.54870856640625 0.3922303759765625 0.553659474609375 0.40092440625 0.5649256103515625 0.3963808798828125
2 0.578227021484375 0.325716685546875 0.567694171875 0.3256304228515625 0.5724006513671875 0.335867716796875 0.578227021484375 0.325716685546875
2 0.4442905654296875 0.1858549775390625 0.4450238525390625 0.1812251884765625 0.4205760732421875 0.175771064453125 0.4198427861328125 0.180400853515625 0.4442905654296875 0.1858549775390625
2 0.4990173896484375 0.3463926240234375 0.502786076171875 0.3359156884765625 0.492986513671875 0.33119963671875 0.48583574609375 0.3363949736328125 0.4990173896484375 0.3463926240234375
2 0.3567129169921875 0.37922299609375 0.3584239189453125 0.3684201552734375 0.341962447265625 0.3658129140625 0.340740302734375 0.3735292294921875 0.3567129169921875 0.37922299609375
2 0.8124212919921875 0.538408833984375 0.8082036708984375 0.5250850146484375 0.7948798515625 0.5293026357421875 0.7993419013671875 0.5410831923828126 0.8124212919921875 0.538408833984375
2 0.5953692392578125 0.6036957021484375 0.5952669853515625 0.5910236923828125 0.5790499423828125 0.5868731884765624 0.5845919609375 0.6051527021484375 0.5953692392578125 0.6036957021484375
2 0.516483880859375 0.569053814453125 0.51589276953125 0.5594683310546875 0.5014889814453125 0.5571869951171875 0.5059510322265625 0.5689675517578126 0.516483880859375 0.569053814453125
2 0.4468517919921875 0.662435640625 0.4405764853515625 0.648785916015625 0.4341590048828125 0.6493514638671875 0.4337724013671875 0.6651099990234375 0.4468517919921875 0.662435640625
2 0.4565315869140625 0.7478135380859375 0.456429333984375 0.7351415283203125 0.44045671875 0.72944776171875 0.445265451171875 0.752357064453125 0.4565315869140625 0.7478135380859375
2 0.3246528154296875 0.6082777353515625 0.331559154296875 0.604625662109375 0.3291547880859375 0.5931710107421875 0.3149954287109375 0.5893464111328125 0.3089246298828125 0.601040705078125 0.3246528154296875 0.6082777353515625
2 0.864549033203125 0.981708666015625 0.863957921875 0.9721231826171876 0.8516118173828126 0.970167751953125 0.8519585 0.981296498046875 0.864549033203125 0.981708666015625
2 0.508727318359375 0.0853223837890625 0.5086250654296876 0.072650375 0.4944657060546875 0.068825775390625 0.4940791015625 0.084584310546875 0.508727318359375 0.0853223837890625
2 0.2770794912109375 0 0.2710536083984375 0.0144570546875 0.296479103515625 0.013738126953125 0.2956435625 0.00569590625 0.2822484130859375 0 0.2770794912109375 0
0 0.581035505859375 0.2280789462890625 0.57304919921875 0.2252320634765625 0.56084526953125 0.209061359375 0.5446282265625 0.20491085546875 0.437464072265625 0.13573248828125 0.4127718642578125 0.1318216259765625 0.374022548828125 0.1367581748046875 0.347721591796875 0.1563221640625 0.350859244140625 0.1631470263671875 0.4069055712890625 0.168859939453125 0.4767246533203125 0.194155986328125 0.5319977705078125 0.2313859697265625 0.592670732421875 0.3011107392578125 0.6157941142578125 0.301609169921875 0.623189310546875 0.2948705703125 0.629260109375 0.2831762763671875 0.6229848046875 0.2695265517578125 0.597354802734375 0.2449014599609375 0.59484818359375 0.220774798828125 0.581035505859375 0.2280789462890625
2 0.447081537109375 0.18155109375 0.446979283203125 0.1688790849609375 0.4333087822265625 0.1619679599609375 0.43885080078125 0.1802474736328125 0.447081537109375 0.18155109375
2 0.5979894521484375 1 0.6332129580078125 0.9640523525390625 0.5868639404296875 0.950383482421875 0.5521900712890625 0.982859123046875 0.5388662509765625 0.987076744140625 0.5775743662109375 1 0.5979894521484375 1