0 0.4721918232421875 0.6983310673828125 0.5438123681640625 0.66852227734375 0.5909038955078125 0.6083350439453125 0.597849119140625 0.528950779296875 0.5616847529296874 0.4881435634765625 0.5119785048828125 0.458699333984375 0.393843849609375 0.5659990283203125 0.3893171884765625 0.5938354296875 0.399623421875 0.6433596318359375 0.4256831220703125 0.6801458671875 0.451437767578125 0.696515322265625 0.4721918232421875 0.6983310673828125
0 0.6789371748046875 0.9407099365234375 0.7364711162109375 0.9284903505859375 0.777608787109375 0.86464528515625 0.7503234609375 0.8418680380859375 0.7433836455078126 0.8255761982421875 0.7152812333984375 0.8121382763671875 0.674045482421875 0.8053936787109375 0.62535788671875 0.812113345703125 0.5560851103515625 0.8389906005859376 0.511036294921875 0.875829521484375 0.579726248046875 0.9273247001953125 0.606161796875 0.935911384765625 0.6789371748046875 0.9407099365234375
0 0 0.7307376552734375 0.007126681640625 0.7313611591796875 0.038938669921875 0.7263020048828125 0.070445603515625 0.7008260712890625 0.0963037373046875 0.6921090849609375 0.1022248994140625 0.672237029296875 0.0932096796875 0.655763615234375 0.077151158203125 0.648084802734375 0.0689530234375 0.6222720625 0.006658162109375 0.59329494140625 0 0.592712427734375 0 0.7307376552734375
0 0 0.58692298046875 0.0127481982421875 0.59539621875 0.0448652412109375 0.61075384375 0.0675585224609375 0.614307716796875 0.0880075244140625 0.5957066826171875 0.0905949599609375 0.56613215234375 0.0699443916015625 0.5392299658203125 0.0317373125 0.5217710634765625 0 0.516150669921875 0 0.58692298046875
0 0.4967751708984375 0.369534978515625 0.5388280068359375 0.3669402509765625 0.586289974609375 0.374229572265625 0.591835287109375 0.38255706640625 0.6084385322265625 0.384009662109375 0.6763495009765625 0.37269794921875 0.730822078125 0.3476627802734375 0.785398142578125 0.297541169921875 0.798907330078125 0.2626482958984375 0.799010818359375 0.237561853515625 0.795949453125 0.2247462705078125 0.7780878876953125 0.213772775390625 0.773087298828125 0.199219064453125 0.7822060068359376 0.190606037109375 0.6940530107421875 0.1703459013671875 0.639820103515625 0.1687380732421875 0.558094892578125 0.1945258818359375 0.54026601953125 0.2070822744140625 0.5105294375 0.2123230029296875 0.49297292578125 0.221766287109375 0.469359072265625 0.2526381806640625 0.4685746796875 0.2855073935546875 0.4544880751953125 0.30309659765625 0.455642908203125 0.337703939453125 0.4696260244140625 0.345201177734375 0.4686727578125 0.356097056640625 0.4967751708984375 0.369534978515625
0 0.4920415341796875 0.447544263671875 0.5734235888671875 0.4734858935546875 0.6397003876953125 0.480852830078125 0.656679482421875 0.4541058759765625 0.6282720146484375 0.4202511748046875 0.5579478935546875 0.387434646484375 0.4385276328125 0.3660074482421875 0.36830158984375 0.4037805830078125 0.365305611328125 0.4380247763671875 0.400178962890625 0.4457812041015625 0.4214777431640625 0.441370732421875 0.4920415341796875 0.447544263671875
0 0.888068158203125 0.510424537109375 0.9381502548828125 0.5116692158203126 0.9974872392578125 0.5027443125 0.955777560546875 0.4536096025390625 0.91229753125 0.4247100966796875 0.85238312890625 0.4163313291015625 0.8060433017578125 0.4201194619140625 0.77368658984375 0.4314048330078125 0.772052419921875 0.4500834833984375 0.8048830595703125 0.481188224609375 0.849043994140625 0.5023049599609375 0.888068158203125 0.510424537109375
0 0.874030474609375 0.2645153134765625 0.8904648466796875 0.243994576171875 0.89982322265625 0.2087385517578125 0.88761045703125 0.181006109375 0.8495395595703125 0.16199065234375 0.8198029755859375 0.167231380859375 0.8077917783203125 0.1850021591796875 0.807279748046875 0.214758263671875 0.832386181640625 0.26244037890625 0.85439855859375 0.2737770224609375 0.874030474609375 0.2645153134765625
0 0.679187423828125 0.125128212890625 0.71028581640625 0.1043219423828125 0.70110172265625 0.0658751943359375 0.6621810458984375 0.0326691748046875 0.6418355322265625 0.026183767578125 0.6044782314453125 0.0229154267578125 0.5253731494140625 0.04265859375 0.5223444775390625 0.0533728984375 0.540647279296875 0.083206619140625 0.5615702080078125 0.106995697265625 0.626757560546875 0.126815068359375 0.679187423828125 0.125128212890625
0 0.200139404296875 0.748247583984375 0.245967201171875 0.7742155556640625 0.2908090400390625 0.78754951953125 0.3558275185546875 0.785395556640625 0.4036653349609375 0.7644853271484375 0.4264621044921875 0.7429527587890625 0.4174141923828125 0.70294945703125 0.39220426953125 0.680353783203125 0.3581480029296875 0.6632580302734375 0.306671404296875 0.654049005859375 0.248287685546875 0.652078029296875 0.188542158203125 0.6656725947265625 0.1622754814453125 0.6790592431640625 0.1642473984375 0.704327259765625 0.1803059208984375 0.712006072265625 0.1808833369140625 0.7293097431640625 0.200139404296875 0.748247583984375
0 0.823643560546875 0.840440373046875 0.8504876533203125 0.8443573955078125 0.905641134765625 0.8115394560546875 0.9151683837890625 0.798256765625 0.9109521875 0.750833841796875 0.89486097265625 0.7196251416015625 0.86410573828125 0.6887019736328125 0.83807873046875 0.6754456259765625 0.8235508916015625 0.67417460546875 0.799631982421875 0.6846297197265625 0.7725482216796875 0.707355693359375 0.7649928896484375 0.745906400390625 0.7694814482421874 0.7902162158203125 0.7760127197265625 0.81117771875 0.791526517578125 0.825082748046875 0.823643560546875 0.840440373046875
0 0.310429900390625 0.372053501953125 0.34751483984375 0.378434951171875 0.39688333984375 0.3639325126953125 0.41927156640625 0.347069607421875 0.4417632802734375 0.3051202587890625 0.44139283984375 0.2376437041015625 0.427649392578125 0.203503470703125 0.38733421484375 0.16233310546875 0.3595041640625 0.1457820751953125 0.27645524609375 0.114989208984375 0.231406431640625 0.15182812890625 0.212351931640625 0.1783935087890625 0.1986357685546875 0.263459267578125 0.219727572265625 0.3092216796875 0.2542250751953125 0.345177658203125 0.310429900390625 0.372053501953125
0 0.282311259765625 0.6456438955078125 0.3327692060546875 0.6186890234375 0.3494759384765625 0.595055177734375 0.34995527734375 0.541769185546875 0.323350853515625 0.5112091669921875 0.2635399404296875 0.47774395703125 0.212776939453125 0.484282048828125 0.1540173701171875 0.510510623046875 0.144353939453125 0.5253498671875 0.1453725908203125 0.561513763671875 0.169525759765625 0.6200917578125 0.20817407421875 0.6564108857421875 0.282311259765625 0.6456438955078125
0 0.133688322265625 0.8145834189453125 0.1398818466796875 0.79159825390625 0.1608755712890625 0.7667710029296875 0.1417556845703125 0.746276607421875 0.104534564453125 0.741451712890625 0.0517288505859375 0.7713381181640625 0.052987171875 0.7808590185546875 0.077211134765625 0.7908206826171875 0.1071492841796875 0.83108317578125 0.133688322265625 0.8145834189453125
2 0.1027315205078125 0.7381570302734375 0.1034451171875 0.753904146484375 0.126274580078125 0.7559014658203125 0.13178719921875 0.740699072265625 0.1027315205078125 0.7381570302734375
2 0 0.6789781953125 0.0033190263671875 0.679268572265625 0.0139684169921875 0.6770633359375 0.0145131396484375 0.670837119140625 0 0.668463322265625 0 0.6789781953125
2 0.04874369140625 0.6142301015625 0.0396249833984375 0.62284312890625 0.0406109423828125 0.63547713671875 0.0670464921875 0.6440638212890625 0.0707560673828125 0.6255667451171875 0.04874369140625 0.6142301015625
2 0.06074948046875 0.692135427734375 0.053842359375 0.6993734755859375 0.0595238525390625 0.706144416015625 0.0745964150390625 0.701189220703125 0.0752773193359375 0.69340644921875 0.06074948046875 0.692135427734375
2 0 0.5845179169921875 0.016185412109375 0.5800122509765625 0.0174110400390625 0.5660032626953125 0.0027470205078125 0.5662887958984375 0 0.5799862724609375 0 0.5845179169921875
2 0 0.5958493642578125 0.010536611328125 0.5967711982421875 0 0.5891260810546874 0 0.5958493642578125
2 0.2604731669921875 0.5606044794921875 0.255641451171875 0.5680241015625 0.2636707109375 0.5718635078125 0.274047740234375 0.5727713798828125 0.278879455078125 0.5653517578125 0.2604731669921875 0.5606044794921875
2 0.4277966298828125 0.6081812236328125 0.39139259375 0.59401700390625 0.391970009765625 0.6113206748046875 0.3989098251953125 0.6276125146484375 0.432524857421875 0.6258480439453125 0.4277966298828125 0.6081812236328125
2 0.4597774912109375 0.6250954033203125 0.45896040625 0.634434728515625 0.4730797041015625 0.640375412109375 0.4749862353515625 0.6185836533203125 0.4597774912109375 0.6250954033203125
2 0.5572234775390625 0.563039740234375 0.5583456162109375 0.5741171943359376 0.57508504296875 0.5740132353515625 0.574099083984375 0.5613792275390626 0.5572234775390625 0.563039740234375
2 0.444062126953125 0.56568715234375 0.4420194140625 0.5890354658203125 0.4635905556640625 0.581511884765625 0.4631493203125 0.56265166015625 0.444062126953125 0.56568715234375
2 0.4382879638671875 0.3926504443359375 0.443424734375 0.4056476015625 0.4562857109375 0.4020673857421875 0.45128512109375 0.387513673828125 0.4382879638671875 0.3926504443359375
2 0.4854775693359375 0.4030528740234375 0.4744196376953125 0.4099277724609375 0.4801011318359375 0.416698712890625 0.5074899462890625 0.4143895185546875 0.508034669921875 0.4081633017578125 0.4854775693359375 0.4030528740234375
2 0.5892805439453125 0.435661484375 0.59040268359375 0.4467389384765625 0.6132321455078125 0.4487362578125 0.61833622265625 0.43820352734375 0.5892805439453125 0.435661484375
2 0.5333588984375 0.214320322265625 0.5164832919921875 0.2159808349609375 0.515393845703125 0.2284332685546875 0.52121151953125 0.233647654296875 0.5339363154296874 0.2316239931640625 0.5333588984375 0.214320322265625
2 0.5591135439453125 0.2306897783203125 0.56244726953125 0.240392251953125 0.5729604794921875 0.2397435703125 0.5758529697265625 0.2305858193359375 0.5591135439453125 0.2306897783203125
2 0.7418527265625 0.221581888671875 0.75556348046875 0.2321922353515625 0.762606783203125 0.2233976337890625 0.7531830205078125 0.2115938818359375 0.7418527265625 0.221581888671875
2 0.79237605859375 0.24168679296875 0.7597142919921875 0.232555384765625 0.754337853515625 0.2462012236328125 0.762094751953125 0.25315373828125 0.7746833662109375 0.252686630859375 0.79237605859375 0.24168679296875
2 0.5617936494140625 0.3673810166015625 0.5589011591796875 0.3765387666015625 0.577171267578125 0.382842599609375 0.5904407861328125 0.3745927216796875 0.5617936494140625 0.3673810166015625
2 0.4164825625 0.331140916015625 0.4246480048828125 0.333423767578125 0.429615900390625 0.324447591796875 0.4164825625 0.331140916015625
2 0.5397869189453125 0.8579547841796875 0.5294098916015625 0.857046912109375 0.52583649609375 0.8739874345703125 0.5337295771484375 0.87938339453125 0.542712103515625 0.872326921875 0.5397869189453125 0.8579547841796875
2 0.6147738828125 0.8613783564453125 0.6160322041015625 0.8708992568359375 0.63056004296875 0.87217027734375 0.6334525341796875 0.86301252734375 0.6147738828125 0.8613783564453125
2 0.863561015625 0.69492819140625 0.864683154296875 0.70600564453125 0.8911187041015625 0.714592330078125 0.8699234130859375 0.6939163603515625 0.863561015625 0.69492819140625
2 0.808968484375 0.4344915986328125 0.8081513994140626 0.443830923828125 0.8250270068359375 0.4421704111328125 0.8216932802734375 0.4324679365234375 0.808968484375 0.4344915986328125
2 0.8328982119140625 0.2326842734375 0.8244604091796875 0.2335145302734375 0.825174005859375 0.249261646484375 0.8330670859375 0.254657607421875 0.8387158857421875 0.23789866015625 0.8328982119140625 0.2326842734375
2 0.6619740703125 0.08284205859375 0.65326390625 0.0867854228515625 0.6567338125 0.09493134375 0.6752762822265626 0.0981220673828125 0.67776023046875 0.0936339794921875 0.6619740703125 0.08284205859375
2 0.7489068466796875 0.0214350771484375 0.74808976171875 0.03077440234375 0.7681629130859375 0.04037291796875 0.780037931640625 0.0241586943359375 0.7489068466796875 0.0214350771484375
2 0.178502876953125 0.7087113896484375 0.1618996318359375 0.7072587939453125 0.1628855908203125 0.7198928017578125 0.1770048876953125 0.7258334853515624 0.18418437109375 0.7154823291015625 0.178502876953125 0.7087113896484375
0 1 0.1466866845703125 0.9975415693359375 0.1435697802734375 0.97746841796875 0.1339712646484375 0.9586535859375 0.1338936484375 0.9453840673828126 0.14214352734375 0.9434775361328125 0.1639352861328125 0.9541596181640625 0.1852599375 0.973688046875 0.2010846708984375 0.989746568359375 0.2087634833984375 1 0.2074873037109375 1 0.1466866845703125
2 0.958789767578125 0.1323370947265625 0.962123494140625 0.142039568359375 0.97525683203125 0.135346244140625 0.9716507431640625 0.12875687890625 0.958789767578125 0.1323370947265625