0 0.23125 0.2583333330078125 0.2421875 0.2729166669921875 0.2328125 0.3145833330078125 0.25 0.35 0.2828125 0.3895833330078125 0.284375 0.4104166669921875 0.303125 0.4354166669921875 0.3375 0.4645833330078125 0.371875 0.4791666669921875 0.3859375 0.4416666669921875 0.3890625 0.3833333330078125 0.378125 0.23125 0.3546875 0.1354166669921875 0.3328125 0.09375 0.3046875 0.0791666669921875 0.30625 0.0583333330078125 0.2984375 0.05 0.2765625 0.0895833330078125 0.259375 0.10625 0.2328125 0.1854166669921875 0.228125 0.2166666669921875 0.234375 0.23125 0.2296875 0.24375 0.23125 0.2583333330078125
0 0.5578125 0.6145833330078125 0.5703125 0.5854166669921875 0.5625 0.5270833330078125 0.5296875 0.48125 0.5171875 0.4458333330078125 0.484375 0.4145833330078125 0.4546875 0.4020833330078125 0.4453125 0.4083333330078125 0.4359375 0.4375 0.4375 0.50625 0.4546875 0.5458333330078124 0.4921875 0.5958333330078125 0.5578125 0.6145833330078125
0 0.6375 0.6583333330078125 0.678125 0.6354166669921875 0.7359375 0.6208333330078125 0.8453125 0.5666666669921875 0.8390625 0.5125 0.8484375 0.4875 0.853125 0.4333333330078125 0.84375 0.41875 0.8453125 0.4020833330078125 0.8109375 0.4041666669921875 0.7734375 0.3916666669921875 0.7640625 0.36875 0.73125 0.35625 0.6890625 0.3645833330078125 0.678125 0.3770833330078125 0.690625 0.4354166669921875 0.6875 0.45625 0.6703125 0.48125 0.6546875 0.5229166669921875 0.6265625 0.5458333330078124 0.6125 0.575 0.6078125 0.6041666669921875 0.628125 0.6270833330078125 0.6296875 0.65 0.6375 0.6583333330078125
0 0.4703125 0.8458333330078125 0.484375 0.84375 0.5125 0.8125 0.525 0.7833333330078125 0.5296875 0.7520833330078125 0.5078125 0.7395833330078125 0.4984375 0.71875 0.4671875 0.71875 0.4140625 0.75 0.3859375 0.80625 0.3875 0.8333333330078125 0.4078125 0.85625 0.4578125 0.8583333330078124 0.4703125 0.8458333330078125
0 0.1984375 0.7708333330078125 0.23125 0.75 0.26875 0.6958333330078125 0.3421875 0.6458333330078125 0.3703125 0.6145833330078125 0.384375 0.5666666669921875 0.3703125 0.5479166669921876 0.3484375 0.5354166669921875 0.284375 0.5354166669921875 0.25625 0.54375 0.2140625 0.5645833330078125 0.1859375 0.5958333330078125 0.1625 0.6416666669921876 0.15625 0.6666666669921875 0.1578125 0.7291666669921875 0.1890625 0.7708333330078125 0.1984375 0.7708333330078125
0 0.3171875 0.8916666669921876 0.2578125 0.84375 0.2296875 0.8625 0.190625 0.86875 0.16875 0.8833333330078125 0.140625 0.9229166669921876 0.125 0.9625 0.1234375 0.9979166669921875 0.303125 0.9979166669921875 0.3375 0.9270833330078125 0.3171875 0.8916666669921876
0 0.5453125 0.9541666669921876 0.525 0.9208333330078124 0.4796875 0.8833333330078125 0.440625 0.875 0.3890625 0.8833333330078125 0.36875 0.9 0.3578125 0.9291666669921875 0.3546875 0.98125 0.3609375 0.9979166669921875 0.55625 0.9979166669921875 0.5453125 0.9541666669921876
0 0.5640625 0.8625 0.56875 0.8729166669921875 0.5859375 0.9020833330078125 0.6265625 0.9395833330078125 0.65 0.94375 0.69375 0.9354166669921875 0.7046875 0.8791666669921875 0.684375 0.80625 0.6609375 0.7666666669921876 0.6453125 0.7583333330078125 0.5859375 0.65625 0.5640625 0.6395833330078124 0.5515625 0.6458333330078125 0.546875 0.6604166669921875 0.540625 0.6916666669921875 0.54375 0.7729166669921875 0.5671875 0.8166666669921875 0.5640625 0.8625
0 0.925 0.95 0.8953125 0.9145833330078125 0.8671875 0.91875 0.85625 0.9395833330078125 0.8546875 0.975 0.8609375 0.9979166669921875 0.94375 0.9979166669921875 0.925 0.95
0 0.940625 0.8791666669921875 0.9546875 0.8541666669921875 0.95625 0.8208333330078125 0.94375 0.8083333330078125 0.9140625 0.8104166669921875 0.8859375 0.8020833330078125 0.86875 0.8104166669921875 0.85 0.8666666669921875 0.875 0.8979166669921875 0.9171875 0.8979166669921875 0.940625 0.8791666669921875
0 0.8546875 0.91875 0.8359375 0.8791666669921875 0.79375 0.8916666669921876 0.7734375 0.9270833330078125 0.765625 0.95625 0.765625 0.9979166669921875 0.840625 0.9979166669921875 0.8546875 0.91875
0 0.9984375 0.73125 0.9979171875 0.59444375 0.9583328125 0.6236104169921876 0.9421875 0.6666666669921875 0.9375 0.6958333330078125 0.9515625 0.78125 0.984375 0.8229166669921875 0.9984375 0.73125
0 0.94375 0.5729166669921875 0.9984375 0.5645833330078125 0.9984375 0.4979166669921875 0.95 0.48125 0.9109375 0.50625 0.9 0.5166666669921876 0.9015625 0.5395833330078125 0.9109375 0.5583333330078125 0.94375 0.5729166669921875
0 0 0.6958333330078125 0.04375 0.7229166669921875 0.0890625 0.7229166669921875 0.096875 0.7145833330078125 0.1234375 0.7270833330078125 0.134375 0.7416666669921875 0.1375 0.7270833330078125 0.1140625 0.7020833330078124 0.090625 0.6208333330078125 0.0234375 0.4875 0 0.4583333330078125 0 0.6958333330078125
0 0.7546875 0.73125 0.775 0.725 0.821875 0.7020833330078124 0.8421875 0.6770833330078125 0.85 0.6270833330078125 0.8453125 0.5708333330078125 0.7203125 0.6291666669921875 0.6671875 0.6395833330078124 0.6296875 0.65625 0.659375 0.7 0.7109375 0.7270833330078125 0.7546875 0.73125
2 0.321875 0.30625 0.3171875 0.29375 0.3015625 0.29375 0.3015625 0.3208333330078125 0.3078125 0.33125 0.31875 0.3291666669921875 0.321875 0.30625
2 0.315625 0.1541666669921875 0.31875 0.2 0.3265625 0.1770833330078125 0.3234375 0.15625 0.315625 0.1541666669921875
2 0.3484375 0.3 0.3484375 0.3166666669921875 0.3546875 0.31875 0.35625 0.30625 0.3484375 0.3
2 0.3578125 0.3333333330078125 0.35625 0.34375 0.3734375 0.3541666669921875 0.371875 0.3354166669921875 0.3578125 0.3333333330078125
2 0.3796875 0.3895833330078125 0.378125 0.4020833330078125 0.384375 0.4104166669921875 0.3890625 0.3916666669921875 0.3796875 0.3895833330078125
2 0.26875 0.3666666669921875 0.26875 0.3895833330078125 0.2828125 0.39375 0.2875 0.3729166669921875 0.26875 0.3666666669921875
2 0.234375 0.2395833330078125 0.23125 0.2666666669921875 0.2390625 0.2895833330078125 0.24375 0.2729166669921875 0.234375 0.2395833330078125
2 0.3609375 0.2979166669921875 0.359375 0.30625 0.3671875 0.3125 0.3703125 0.2979166669921875 0.3609375 0.2979166669921875
2 0.3765625 0.2645833330078125 0.3734375 0.2833333330078125 0.3796875 0.2895833330078125 0.3828125 0.275 0.3765625 0.2645833330078125
2 0.2984375 0.1875 0.29375 0.2 0.3015625 0.2041666669921875 0.3046875 0.19375 0.2984375 0.1875
2 0.246875 0.55 0.2359375 0.5645833330078125 0.2375 0.575 0.253125 0.5729166669921875 0.2609375 0.5520833330078125 0.246875 0.55
2 0.2296875 0.6395833330078124 0.234375 0.6541666669921875 0.24375 0.6479166669921875 0.240625 0.6375 0.2296875 0.6395833330078124
2 0.2859375 0.6020833330078125 0.2859375 0.6145833330078125 0.296875 0.6145833330078125 0.296875 0.6 0.2859375 0.6020833330078125
2 0.203125 0.6145833330078125 0.1859375 0.6166666669921875 0.190625 0.6291666669921875 0.2015625 0.6291666669921875 0.20625 0.6208333330078125 0.203125 0.6145833330078125
2 0.2140625 0.56875 0.2015625 0.5770833330078124 0.2046875 0.5895833330078125 0.2203125 0.5875 0.2234375 0.5791666669921876 0.2140625 0.56875
2 0.2203125 0.6125 0.221875 0.625 0.23125 0.6208333330078125 0.228125 0.6104166669921876 0.2203125 0.6125
2 0.184375 0.6729166669921876 0.1828125 0.6854166669921875 0.1953125 0.6875 0.196875 0.6770833330078125 0.184375 0.6729166669921876
2 0.2046875 0.7020833330078124 0.2015625 0.7125 0.2171875 0.7270833330078125 0.2203125 0.7083333330078125 0.2046875 0.7020833330078124
2 0.1703125 0.6666666669921875 0.16875 0.68125 0.1734375 0.6833333330078125 0.1765625 0.6770833330078125 0.1703125 0.6666666669921875
2 0 0.6645833330078125 0.0125 0.6583333330078125 0.00625 0.6416666669921876 0 0.6458333330078125 0 0.6645833330078125
2 0.06875 0.6604166669921875 0.06875 0.6770833330078125 0.08125 0.6833333330078125 0.0796875 0.6645833330078125 0.06875 0.6604166669921875
2 0 0.56875 0.00625 0.5604166669921875 0.0015625 0.55 0 0.56875
2 0.053125 0.5729166669921875 0.0515625 0.5916666669921875 0.0625 0.6 0.0640625 0.575 0.053125 0.5729166669921875
2 0.0390625 0.51875 0.0296875 0.5229166669921875 0.028125 0.54375 0.0390625 0.55 0.04375 0.525 0.0390625 0.51875
2 0.2546875 0.9104166669921875 0.2484375 0.9166666669921875 0.2484375 0.9395833330078125 0.265625 0.9458333330078125 0.265625 0.91875 0.2546875 0.9104166669921875
2 0.1640625 0.9875 0.1625 0.9979166669921875 0.1796875 0.9979166669921875 0.1765625 0.9833333330078124 0.1640625 0.9875
2 0.4015625 0.9416666669921875 0.4015625 0.9583333330078125 0.4203125 0.9604166669921875 0.4171875 0.9354166669921875 0.4015625 0.9416666669921875
2 0.490625 0.9520833330078124 0.490625 0.9708333330078125 0.5015625 0.96875 0.5015625 0.95 0.490625 0.9520833330078124
2 0.46875 0.7770833330078125 0.4609375 0.7770833330078125 0.45 0.7916666669921875 0.45625 0.80625 0.4734375 0.7895833330078125 0.46875 0.7770833330078125
2 0.4984375 0.7625 0.4984375 0.78125 0.515625 0.78125 0.5125 0.7604166669921875 0.4984375 0.7625
2 0.50625 0.73125 0.50625 0.7458333330078125 0.5203125 0.74375 0.5203125 0.7354166669921876 0.50625 0.73125
2 0.4546875 0.95 0.446875 0.9416666669921875 0.425 0.95 0.425 0.9666666669921875 0.434375 0.9708333330078125 0.44375 0.9708333330078125 0.4546875 0.95
2 0.646875 0.8375 0.646875 0.8541666669921875 0.6546875 0.8625 0.6578125 0.8416666669921875 0.646875 0.8375
2 0.615625 0.7854166669921875 0.6 0.7875 0.596875 0.79375 0.6046875 0.8041666669921875 0.61875 0.8083333330078125 0.615625 0.7854166669921875
2 0.575 0.8229166669921875 0.559375 0.8229166669921875 0.55625 0.8333333330078125 0.5640625 0.8541666669921875 0.5796875 0.8416666669921875 0.575 0.8229166669921875
2 0.621875 0.73125 0.6140625 0.73125 0.6140625 0.7458333330078125 0.625 0.7520833330078125 0.621875 0.73125
2 0.5859375 0.66875 0.5859375 0.6875 0.5984375 0.6895833330078125 0.6 0.6770833330078125 0.5859375 0.66875
2 0.7765625 0.925 0.7734375 0.95 0.784375 0.9541666669921876 0.790625 0.9270833330078125 0.7765625 0.925
2 0.79375 0.93125 0.79375 0.94375 0.8078125 0.9416666669921875 0.80625 0.9333333330078125 0.79375 0.93125
2 0.80625 0.9 0.8078125 0.9145833330078125 0.8234375 0.9083333330078125 0.81875 0.9 0.80625 0.9
2 0.8203125 0.9479166669921875 0.8171875 0.9604166669921875 0.828125 0.9625 0.828125 0.9520833330078124 0.8203125 0.9479166669921875
2 0.9125 0.8166666669921875 0.90625 0.8291666669921876 0.921875 0.84375 0.9296875 0.81875 0.9125 0.8166666669921875
2 0.875 0.8416666669921875 0.871875 0.8583333330078124 0.896875 0.84375 0.884375 0.8354166669921875 0.875 0.8416666669921875
2 0.91875 0.8541666669921875 0.91875 0.875 0.9390625 0.875 0.93125 0.85625 0.91875 0.8541666669921875
2 0.88125 0.9583333330078125 0.8796875 0.98125 0.8953125 0.98125 0.890625 0.9625 0.88125 0.9583333330078125
2 0.896875 0.9979166669921875 0.9109375 0.9979166669921875 0.8984375 0.9770833330078125 0.896875 0.9979166669921875
2 0.89375 0.9479166669921875 0.8921875 0.9604166669921875 0.903125 0.9770833330078125 0.9109375 0.9541666669921876 0.89375 0.9479166669921875
2 0.7125 0.68125 0.6921875 0.675 0.6859375 0.6791666669921875 0.690625 0.7020833330078124 0.7125 0.7 0.7125 0.68125
2 0.971875 0.6333333330078125 0.9578125 0.6354166669921875 0.9546875 0.6604166669921875 0.96875 0.65625 0.9765625 0.6416666669921876 0.971875 0.6333333330078125
2 0.9890625 0.6 0.9890625 0.63125 0.99375 0.63125 0.9984375 0.6020833330078125 0.9890625 0.6
2 0.9703125 0.7791666669921875 0.965625 0.79375 0.984375 0.8 0.9875 0.7791666669921875 0.9703125 0.7791666669921875
2 0.9984375 0.5020833330078125 0.9984375 0.49375 0.9875 0.4854166669921875 0.96875 0.4833333330078125 0.9671875 0.49375 0.9765625 0.50625 0.9890625 0.5104166669921875 0.9984375 0.5020833330078125
2 0.95625 0.525 0.953125 0.5125 0.91875 0.5083333330078125 0.9140625 0.5208333330078125 0.91875 0.53125 0.9390625 0.5375 0.95625 0.525
2 0.9171875 0.5416666669921875 0.915625 0.5541666669921875 0.9234375 0.5583333330078125 0.928125 0.54375 0.9171875 0.5416666669921875
2 0.7546875 0.4708333330078125 0.759375 0.4520833330078125 0.753125 0.4375 0.7265625 0.425 0.7234375 0.4458333330078125 0.734375 0.46875 0.740625 0.475 0.7546875 0.4708333330078125
2 0.7171875 0.5104166669921875 0.7125 0.5270833330078125 0.7265625 0.5208333330078125 0.7265625 0.5125 0.7171875 0.5104166669921875
2 0.6375 0.5520833330078125 0.6375 0.5708333330078125 0.65 0.5729166669921875 0.65 0.5583333330078125 0.6375 0.5520833330078125
2 0.8125 0.4041666669921875 0.809375 0.425 0.81875 0.43125 0.8296875 0.4083333330078125 0.8125 0.4041666669921875
2 0.8375 0.5083333330078125 0.8390625 0.5270833330078125 0.8515625 0.5354166669921875 0.8484375 0.5083333330078125 0.8375 0.5083333330078125
2 0.853125 0.58125 0.846875 0.5854166669921875 0.846875 0.60625 0.85625 0.61875 0.8609375 0.59375 0.853125 0.58125
2 0.4359375 0.5125 0.4265625 0.4916666669921875 0.4125 0.4979166669921875 0.4109375 0.5083333330078125 0.41875 0.51875 0.428125 0.5208333330078125 0.4359375 0.5125
2 0.48125 0.4416666669921875 0.48125 0.4541666669921875 0.490625 0.4604166669921875 0.490625 0.44375 0.48125 0.4416666669921875
2 0.534375 0.4833333330078125 0.5265625 0.4729166669921875 0.5203125 0.4729166669921875 0.5203125 0.48125 0.5328125 0.4916666669921875 0.534375 0.4833333330078125
2 0.525 0.6020833330078125 0.5265625 0.6125 0.54375 0.6166666669921875 0.5375 0.6020833330078125 0.525 0.6020833330078125
2 0.3234375 0.0729166669921875 0.3140625 0.06875 0.3078125 0.0770833330078125 0.30625 0.0979166669921875 0.315625 0.1 0.3234375 0.0875 0.3234375 0.0729166669921875
2 0.3546875 0.7208333330078125 0.3484375 0.73125 0.346875 0.74375 0.359375 0.7479166669921875 0.359375 0.725 0.3546875 0.7208333330078125
2 0.2703125 0.7770833330078125 0.26875 0.7895833330078125 0.278125 0.7916666669921875 0.28125 0.775 0.2703125 0.7770833330078125
2 0.3359375 0.7854166669921875 0.35 0.79375 0.334375 0.76875 0.3359375 0.7854166669921875