0 0.14551607421875 0.152734375 0.1489001689453125 0.157421875 0.14467005078125 0.166015625 0.1480541455078125 0.171484375 0.137055837890625 0.181640625 0.137901861328125 0.185546875 0.152284263671875 0.187109375 0.15736040625 0.1859375 0.1928934013671875 0.19765625 0.205583755859375 0.198046875 0.230964466796875 0.19765625 0.2529610830078125 0.193359375 0.2927241962890625 0.17890625 0.309644669921875 0.16796875 0.3265651435546875 0.151171875 0.336717427734375 0.123828125 0.32994923828125 0.1109375 0.3257191201171875 0.110546875 0.321489001953125 0.10703125 0.2868020302734375 0.09296875 0.258037224609375 0.08828125 0.2478849404296875 0.08515625 0.2368866328125 0.0875 0.22419627734375 0.0875 0.2216582060546875 0.0890625 0.215736041015625 0.0875 0.2013536376953125 0.09140625 0.165820642578125 0.094921875 0.14467005078125 0.103515625 0.1336717431640625 0.11015625 0.1209813876953125 0.12265625 0.11844331640625 0.138671875 0.1285956005859375 0.146484375 0.138747884765625 0.1515625 0.14551607421875 0.152734375
2 0.177664974609375 0.150390625 0.176818951171875 0.146484375 0.1692047373046875 0.141796875 0.139593908203125 0.1359375 0.1285956005859375 0.1375 0.1302876484375 0.14765625 0.1421319794921875 0.159765625 0.1539763115234375 0.15546875 0.177664974609375 0.150390625
2 0.1615905244140625 0.166796875 0.1539763115234375 0.163671875 0.151438240234375 0.164453125 0.1472081220703125 0.1671875 0.1480541455078125 0.173046875 0.15736040625 0.179296875 0.1615905244140625 0.166796875
0 0.506768189453125 0.284765625 0.53976311328125 0.280078125 0.56429780078125 0.271484375 0.5820642978515626 0.260546875 0.5896785107421875 0.253125 0.59306260546875 0.243359375 0.5820642978515626 0.2359375 0.5516074453125 0.228515625 0.51353637890625 0.22734375 0.4729272421875 0.232421875 0.4441624365234375 0.2421875 0.4255499150390625 0.258984375 0.4247038916015625 0.2703125 0.4373942470703125 0.280078125 0.4729272421875 0.28515625 0.506768189453125 0.284765625
2 0.4966159052734375 0.283203125 0.494923857421875 0.27890625 0.4898477158203125 0.2765625 0.478849408203125 0.27734375 0.4712351943359375 0.2796875 0.467851099609375 0.2828125 0.4771573603515625 0.285546875 0.48646362109375 0.286328125 0.4966159052734375 0.283203125
2 0.5245346865234375 0.278515625 0.5169204736328125 0.27890625 0.505076142578125 0.282421875 0.506768189453125 0.2859375 0.5219966162109375 0.28515625 0.5287648056640625 0.2828125 0.5245346865234375 0.278515625
2 0.441624365234375 0.269140625 0.4382402705078125 0.268359375 0.428087986328125 0.2703125 0.428934009765625 0.27578125 0.4390862939453125 0.278125 0.4424703896484375 0.27578125 0.441624365234375 0.269140625
0 0.1345177666015625 0.330078125 0.14382402734375 0.330859375 0.1615905244140625 0.32890625 0.1802030458984375 0.3234375 0.209813875 0.305078125 0.2216582060546875 0.287890625 0.2216582060546875 0.28203125 0.2064297802734375 0.268359375 0.2089678515625 0.26328125 0.2005076142578125 0.257421875 0.183587140625 0.251953125 0.165820642578125 0.25234375 0.1624365478515625 0.25 0.14636209765625 0.250390625 0.139593908203125 0.256640625 0.1294416240234375 0.259765625 0.125211505859375 0.266796875 0.106598984375 0.283203125 0.1049069375 0.29921875 0.111675126953125 0.314453125 0.123519458984375 0.32578125 0.1345177666015625 0.330078125
2 0.14551607421875 0.302734375 0.137901861328125 0.302734375 0.1302876484375 0.305078125 0.1319796953125 0.31015625 0.137901861328125 0.31015625 0.14636209765625 0.30625 0.14551607421875 0.302734375
2 0.1852791875 0.265234375 0.1802030458984375 0.26484375 0.1759729267578125 0.26640625 0.177664974609375 0.27109375 0.1852791875 0.27109375 0.1878172587890625 0.267578125 0.1852791875 0.265234375
0 0.2631133671875 0.32109375 0.2783417939453125 0.32109375 0.2868020302734375 0.32265625 0.2910321484375 0.32578125 0.3062605751953125 0.326953125 0.3206429775390625 0.314453125 0.323181048828125 0.298828125 0.3181049072265625 0.285546875 0.30287648046875 0.273046875 0.284263958984375 0.2671875 0.2783417939453125 0.260546875 0.2631133671875 0.259765625 0.2588832490234375 0.2625 0.2588832490234375 0.275390625 0.2470389169921875 0.280078125 0.22419627734375 0.2828125 0.22335025390625 0.298046875 0.229272419921875 0.30625 0.25042301171875 0.318359375 0.2631133671875 0.32109375
2 0.295262267578125 0.321484375 0.2868020302734375 0.316015625 0.269035533203125 0.318359375 0.270727580078125 0.323828125 0.290186125 0.3265625 0.2927241962890625 0.32578125 0.295262267578125 0.321484375
0 0.850253806640625 0.26484375 0.875634517578125 0.271484375 0.912859560546875 0.26875 0.921319796875 0.26953125 0.927241962890625 0.272265625 0.94754653125 0.271484375 0.9915397626953125 0.26171875 0.9991539765625 0.25859375 0.9991539765625 0.19453125 0.9509306259765625 0.196484375 0.9247038916015625 0.20234375 0.8714043994140624 0.221875 0.8527918779296875 0.236328125 0.8468697119140625 0.244140625 0.847715736328125 0.248046875 0.84263959375 0.251953125 0.8443316416015625 0.26171875 0.850253806640625 0.26484375
2 0.9771573603515625 0.244140625 0.9746192890625 0.2421875 0.968697123046875 0.2421875 0.966159052734375 0.243359375 0.967005076171875 0.24765625 0.973773265625 0.2484375 0.9771573603515625 0.244140625
2 0.849407783203125 0.243359375 0.8434856171875 0.245703125 0.84263959375 0.25078125 0.847715736328125 0.25390625 0.8527918779296875 0.24609375 0.849407783203125 0.243359375
2 0.9230118447265625 0.273046875 0.9247038916015625 0.2671875 0.912859560546875 0.265234375 0.8908629443359375 0.2671875 0.8840947548828125 0.269921875 0.8832487314453125 0.271875 0.887478849609375 0.273828125 0.912859560546875 0.275 0.9230118447265625 0.273046875
2 0.8646362099609375 0.26640625 0.8519458544921875 0.264453125 0.8434856171875 0.265625 0.8460236884765625 0.27109375 0.861252115234375 0.272265625 0.8654822333984376 0.27109375 0.8646362099609375 0.26640625
0 0.389170896484375 0.440625 0.40778341796875 0.445703125 0.452622673828125 0.450390625 0.48561759765625 0.449609375 0.4983079521484375 0.446875 0.526226734375 0.446484375 0.5499153974609375 0.443359375 0.56429780078125 0.4390625 0.5676818955078125 0.430859375 0.5761421318359375 0.42734375 0.5676818955078125 0.414453125 0.5549915400390625 0.41015625 0.5532994921875 0.407421875 0.5363790185546875 0.400390625 0.4822335029296875 0.39375 0.440778341796875 0.39375 0.40947546484375 0.39765625 0.3849407783203125 0.405859375 0.3680203046875 0.41640625 0.3646362099609375 0.422265625 0.3663282568359375 0.4265625 0.3781725888671875 0.4359375 0.389170896484375 0.440625
2 0.46192893359375 0.423828125 0.454314720703125 0.423046875 0.4517766494140625 0.424609375 0.4492385791015625 0.428515625 0.45939086328125 0.430859375 0.4644670048828125 0.427734375 0.46192893359375 0.423828125
2 0.4170896787109375 0.397265625 0.4120135361328125 0.39609375 0.40693739453125 0.398046875 0.4060913701171875 0.40390625 0.4120135361328125 0.4046875 0.4170896787109375 0.40078125 0.4170896787109375 0.397265625
0 0.3663282568359375 0.4046875 0.3917089677734375 0.388671875 0.3976311337890625 0.37734375 0.3917089677734375 0.365625 0.393401015625 0.3453125 0.3849407783203125 0.33515625 0.3722504228515625 0.329296875 0.361252115234375 0.326953125 0.348561759765625 0.3265625 0.32910321484375 0.33203125 0.294416244140625 0.355859375 0.2935702197265625 0.36953125 0.3181049072265625 0.398828125 0.3451776650390625 0.40703125 0.3663282568359375 0.4046875
2 0.3155668359375 0.383984375 0.3189509306640625 0.38046875 0.3113367177734375 0.371484375 0.3054145517578125 0.369921875 0.295262267578125 0.370703125 0.294416244140625 0.3734375 0.30203045703125 0.382421875 0.3062605751953125 0.384375 0.3155668359375 0.383984375
0 0.149746193359375 0.458203125 0.17005076171875 0.462890625 0.189509306640625 0.46484375 0.2275803720703125 0.464453125 0.2614213193359375 0.458203125 0.270727580078125 0.449609375 0.2808798642578125 0.447265625 0.283417935546875 0.443359375 0.2800338408203125 0.437890625 0.2648054150390625 0.421875 0.243654822265625 0.406640625 0.2081218271484375 0.3890625 0.163282572265625 0.38203125 0.1319796953125 0.38125 0.1226734345703125 0.3796875 0.1006768193359375 0.384375 0.084602369140625 0.39609375 0.0829103212890625 0.408203125 0.0947546533203125 0.4296875 0.11844331640625 0.4453125 0.149746193359375 0.458203125
2 0.085448392578125 0.3921875 0.0795262265625 0.391015625 0.071912013671875 0.39453125 0.0702199658203125 0.396875 0.0761421318359375 0.401953125 0.0795262265625 0.401171875 0.085448392578125 0.3921875
0 0.138747884765625 0.560546875 0.1556683583984375 0.569921875 0.165820642578125 0.57890625 0.1818950927734375 0.583984375 0.204737732421875 0.582421875 0.2140439931640625 0.5796875 0.242808798828125 0.56015625 0.2538071064453125 0.53828125 0.2538071064453125 0.526953125 0.244500845703125 0.49765625 0.2402707275390625 0.49140625 0.22419627734375 0.481640625 0.2089678515625 0.477734375 0.176818951171875 0.4765625 0.14467005078125 0.478515625 0.1226734345703125 0.48203125 0.1082910322265625 0.486328125 0.0939086298828125 0.492578125 0.0829103212890625 0.501171875 0.0693739423828125 0.516015625 0.06514382421875 0.525 0.06429780078125 0.53359375 0.0752961083984375 0.544921875 0.09306260546875 0.55234375 0.138747884765625 0.560546875
2 0.1429780029296875 0.522265625 0.1404399326171875 0.519921875 0.1269035537109375 0.5171875 0.11844331640625 0.51875 0.1150592216796875 0.521875 0.1201353642578125 0.526171875 0.137055837890625 0.525390625 0.1429780029296875 0.522265625
2 0.071912013671875 0.521875 0.071912013671875 0.526171875 0.0829103212890625 0.52578125 0.08037225 0.52109375 0.071912013671875 0.521875
2 0.11844331640625 0.537890625 0.111675126953125 0.538671875 0.110829103515625 0.543359375 0.11844331640625 0.5453125 0.1209813876953125 0.539453125 0.11844331640625 0.537890625
2 0.1556683583984375 0.55078125 0.152284263671875 0.5515625 0.1531302880859375 0.55703125 0.1615905244140625 0.55859375 0.164128595703125 0.552734375 0.1556683583984375 0.55078125
2 0.1150592216796875 0.524609375 0.1082910322265625 0.521484375 0.1032148896484375 0.521875 0.098984771484375 0.525 0.099830794921875 0.53046875 0.110829103515625 0.53125 0.1142131982421875 0.5296875 0.1150592216796875 0.524609375
2 0.1201353642578125 0.527734375 0.1226734345703125 0.530859375 0.126057529296875 0.52890625 0.1226734345703125 0.5265625 0.1201353642578125 0.527734375
0 0.5482233505859375 0.60625 0.5879864638671874 0.6078125 0.6269035537109375 0.606640625 0.631133671875 0.60546875 0.6336717431640625 0.60078125 0.64551607421875 0.6015625 0.659052453125 0.6 0.665820642578125 0.594921875 0.6734348564453125 0.59609375 0.6878172587890625 0.583984375 0.6861252119140625 0.565234375 0.676818951171875 0.553125 0.664128595703125 0.54609375 0.64467005078125 0.5453125 0.6362098134765625 0.54296875 0.6319796953125 0.5390625 0.6319796953125 0.533203125 0.6218274111328125 0.528125 0.610829103515625 0.5265625 0.606598984375 0.52421875 0.58037225 0.526171875 0.5575296103515625 0.53125 0.531302876953125 0.5421875 0.5109983076171875 0.56015625 0.5093062607421875 0.57578125 0.5152284267578126 0.5875 0.532148900390625 0.600390625 0.5482233505859375 0.60625
2 0.65736040625 0.54296875 0.659052453125 0.540625 0.6565143828125 0.538671875 0.64551607421875 0.534765625 0.637901861328125 0.534375 0.6345177666015624 0.53671875 0.63282571875 0.541015625 0.638747884765625 0.54375 0.650592216796875 0.5453125 0.65736040625 0.54296875
2 0.6734348564453125 0.591796875 0.6742808798828125 0.587890625 0.6683587138671875 0.58515625 0.6607445009765625 0.5859375 0.6607445009765625 0.59140625 0.665820642578125 0.59453125 0.6683587138671875 0.594140625 0.6734348564453125 0.591796875
2 0.64636209765625 0.59453125 0.6302876484375 0.596875 0.6294416240234375 0.604296875 0.64551607421875 0.60546875 0.6531302880859375 0.59921875 0.64636209765625 0.59453125
2 0.6336717431640625 0.579296875 0.6294416240234375 0.580078125 0.6302876484375 0.587109375 0.6421319794921875 0.5890625 0.6421319794921875 0.583203125 0.6336717431640625 0.579296875
2 0.61759729296875 0.57578125 0.6099830791015625 0.576171875 0.6091370556640625 0.58046875 0.6150592216796875 0.582421875 0.61844331640625 0.5796875 0.61759729296875 0.57578125
2 0.5812182744140625 0.556640625 0.571912013671875 0.54453125 0.56429780078125 0.5453125 0.55245346875 0.550390625 0.5507614208984375 0.555859375 0.5558375634765625 0.559765625 0.571912013671875 0.558984375 0.5812182744140625 0.556640625
2 0.6852791875 0.5734375 0.683587140625 0.574609375 0.6844331640625 0.57890625 0.6886632822265625 0.58125 0.689509306640625 0.57421875 0.6852791875 0.5734375
0 0.8197969541015625 0.628515625 0.8307952626953125 0.62578125 0.8510998310546875 0.6171875 0.876480541015625 0.59609375 0.876480541015625 0.57578125 0.8654822333984376 0.5671875 0.849407783203125 0.56015625 0.8443316416015625 0.56015625 0.8324873095703125 0.5640625 0.8257191201171875 0.568359375 0.810490693359375 0.573046875 0.8045685283203124 0.578125 0.7927241962890625 0.59765625 0.794416244140625 0.61953125 0.8062605751953125 0.634765625 0.8062605751953125 0.63828125 0.8197969541015625 0.628515625
2 0.8443316416015625 0.59921875 0.840947546875 0.597265625 0.834179357421875 0.597265625 0.82910321484375 0.599609375 0.82741116796875 0.60390625 0.8324873095703125 0.60546875 0.8434856171875 0.60234375 0.8443316416015625 0.59921875
2 0.868866328125 0.59921875 0.8595600673828125 0.598828125 0.85532994921875 0.600390625 0.85532994921875 0.605078125 0.861252115234375 0.608203125 0.86717428125 0.6046875 0.868866328125 0.59921875
2 0.80203045703125 0.60703125 0.794416244140625 0.604296875 0.7910321484375 0.607421875 0.794416244140625 0.615234375 0.80203045703125 0.611328125 0.80203045703125 0.60703125
2 0.821489001953125 0.62578125 0.8206429775390625 0.615234375 0.8155668359375 0.613671875 0.809644669921875 0.6140625 0.807952623046875 0.623046875 0.8113367177734375 0.626171875 0.8172588828125 0.62734375 0.821489001953125 0.62578125
2 0.82825719140625 0.56953125 0.8257191201171875 0.56875 0.8172588828125 0.571875 0.8147208125 0.576171875 0.8257191201171875 0.581640625 0.82994923828125 0.577734375 0.82825719140625 0.56953125
2 0.849407783203125 0.5578125 0.849407783203125 0.562890625 0.8570219970703125 0.564453125 0.85448392578125 0.558203125 0.849407783203125 0.5578125