0 0.5834486083984375 0.5289631494140625 0.573116732421875 0.508922314453125 0.5456760615234375 0.4841631591796875 0.53314571484375 0.4686541484375 0.52634837890625 0.467784001953125 0.5167629384765625 0.457027666015625 0.4952077919921875 0.454560041015625 0.4693341025390625 0.4585893076171875 0.4452131865234375 0.4768937734375 0.4368607099609375 0.4890002314453125 0.4344764453125 0.50804528125 0.432459478515625 0.5108500654296875 0.43069383984375 0.5349334189453125 0.432372501953125 0.5389891904296875 0.4390914375 0.542426095703125 0.4435335009765625 0.55296158203125 0.4422135595703125 0.5582379130859375 0.434071580078125 0.5592376220703125 0.430813072265625 0.56475198046875 0.43400501953125 0.6035694091796875 0.438624298828125 0.6251640390625 0.4440727021484375 0.6406902255859375 0.449781009765625 0.6519226142578125 0.4532951337890625 0.654900642578125 0.4565203603515625 0.671552177734375 0.4702095595703125 0.699704556640625 0.487726484375 0.72056793359375 0.4931791748046875 0.723307935546875 0.5032017373046875 0.7408296181640625 0.52154778515625 0.7556245498046875 0.5283451201171875 0.7564946962890625 0.54700048046875 0.77380878125 0.5619645009765625 0.7770856943359375 0.5847858916015625 0.7802502197265625 0.6106101728515625 0.769408001953125 0.6298229111328125 0.7431824130859375 0.6370659443359376 0.725245537109375 0.6544679248046875 0.7035041669921875 0.654443220703125 0.70009769140625 0.6456332060546875 0.68924614453125 0.6488176015625 0.673512361328125 0.6378713876953125 0.635647037109375 0.6252669287109375 0.6099186005859375 0.6156610712890624 0.5829696044921875 0.6012211494140625 0.5583189111328125 0.595978955078125 0.54447216015625 0.5834486083984375 0.5289631494140625
2 0.5735281259765626 0.592404765625 0.5747653779296875 0.602481376953125 0.5793889462890625 0.6112898232421875 0.585101541015625 0.6097360263671875 0.5862152734375 0.602780259765625 0.5844088037109375 0.5944782958984375 0.5784405908203125 0.587539705078125 0.5749511708984375 0.5879681513671875 0.5735281259765626 0.592404765625
2 0.635626771484375 0.7007033076171875 0.6372807294921875 0.701352603515625 0.6395576015625 0.694254021484375 0.6377264267578125 0.6825455810546875 0.6336430849609375 0.6813421982421874 0.6319354306640625 0.686666134765625 0.6316755263671875 0.6909599326171875 0.635626771484375 0.7007033076171875
2 0.610367419921875 0.7225570634765625 0.613254341796875 0.746069154296875 0.61674376171875 0.7456407080078125 0.6206498876953125 0.735784947265625 0.6152014853515625 0.7202587607421875 0.610367419921875 0.7225570634765625
2 0.5329482724609375 0.749110482421875 0.531323306640625 0.7390814775390625 0.5272152607421875 0.734471619140625 0.5247074755859376 0.7364842900390625 0.528811234375 0.753880333984375 0.5327914716796875 0.7542439990234375 0.5329482724609375 0.749110482421875
2 0.514886833984375 0.7334282275390624 0.5086630048828125 0.717997251953125 0.5045796630859375 0.716793869140625 0.5022490947265625 0.72986568359375 0.5113931259765625 0.746642859375 0.5158394775390625 0.7443921611328125 0.514886833984375 0.7334282275390624
2 0.4690507080078125 0.6870611884765625 0.47372368359375 0.7026825859375 0.4789164697265625 0.7097163857421875 0.4849630830078125 0.71408821875 0.4881968857421875 0.7051673857421875 0.4862379033203125 0.6892127529296875 0.47947384765625 0.666176712890625 0.4710966669921875 0.6748766962890625 0.4690507080078125 0.6870611884765625
2 0.4747718798828125 0.6599350244140625 0.478079794921875 0.6612336181640625 0.48113209375 0.6540398251953125 0.4773623525390625 0.6425694111328125 0.471158939453125 0.64333109375 0.46973589453125 0.6477677080078125 0.4711546513671875 0.6561172783203125 0.4747718798828125 0.6599350244140625
2 0.453319837890625 0.6583071181640625 0.460971 0.656515296875 0.46234463671875 0.6452657314453125 0.4593750263671875 0.63710658203125 0.4549823720703125 0.633384046875 0.4521115771484375 0.638850798828125 0.451125654296875 0.6500527578125 0.453319837890625 0.6583071181640625
2 0.5394899912109375 0.7414882431640625 0.54587062109375 0.7517857041015625 0.5510139990234375 0.7520065537109375 0.5547386201171876 0.743877833984375 0.5460317099609375 0.73386600390625 0.5394899912109375 0.7414882431640625
2 0.56662563671875 0.7509420625 0.5653346884765625 0.746838685546875 0.559906701171875 0.747505158203125 0.5592590830078125 0.7518465615234375 0.561040849609375 0.7567420517578125 0.56540880078125 0.757058111328125 0.56662563671875 0.7509420625
2 0.491832291015625 0.577716814453125 0.4868951220703125 0.5791753994140625 0.491209376953125 0.585464693359375 0.4967404677734375 0.5856379384765625 0.491832291015625 0.577716814453125
2 0.52309416015625 0.4605121748046875 0.5197615400390625 0.45580710546875 0.516375224609375 0.4570752705078125 0.5173031640625 0.464632728515625 0.520635783203125 0.4693377978515625 0.5251852392578125 0.4679268173828125 0.52309416015625 0.4605121748046875
0 0.2214562548828125 0.2571782880859375 0.217174255859375 0.3088466826171875 0.220341498046875 0.3442576357421875 0.2198216884765625 0.3528452314453125 0.222919107421875 0.36525057421875 0.222089984375 0.3713190185546875 0.2244903759765625 0.3812528134765625 0.239726140625 0.4220009560546875 0.26375150390625 0.457407984375 0.276075642578125 0.471237560546875 0.3034422001953125 0.4857772900390625 0.31080875390625 0.484872791015625 0.3147932802734375 0.4724502724609375 0.3175899619140625 0.45676409375 0.3186585732421875 0.43020919140625 0.3173225048828125 0.4065066796875 0.3131199306640625 0.3754847353515625 0.29915469921875 0.322647310546875 0.2909675986328125 0.304047884765625 0.2738673798828125 0.2737571953125 0.26319719921875 0.2605769169921875 0.2462205 0.247318603515625 0.2351336142578125 0.2435656396484375 0.22593159765625 0.2455478818359375 0.2214562548828125 0.2571782880859375
2 0.2583406689453125 0.406929720703125 0.26048115625 0.421157314453125 0.2644860986328125 0.424927455078125 0.2688540498046875 0.425243515625 0.2722156611328125 0.4205688759765625 0.2697658603515625 0.40382212890625 0.26157447265625 0.3980088876953125 0.2584974697265625 0.401796205078125 0.2583406689453125 0.406929720703125
2 0.3001804296875 0.4239542509765625 0.30416066796875 0.4243179169921875 0.3063591396484375 0.4197860927734375 0.305072478515625 0.4028965302734375 0.3011706416015625 0.399966107421875 0.29682739453125 0.4030565224609375 0.2981140546875 0.419946083984375 0.3001804296875 0.4239542509765625
0 0.395123029296875 0.552939 0.3875792587890625 0.54278435546875 0.3858264853515625 0.52850915625 0.38357860546875 0.5262280302734375 0.3736795634765625 0.5257387255859375 0.356797392578125 0.538892498046875 0.34852331640625 0.54843219921875 0.336677130859375 0.5737532890625 0.331863482421875 0.592244251953125 0.33147148046875 0.6050780400390625 0.3287284951171875 0.614790986328125 0.3246280009765625 0.66473233984375 0.32699511328125 0.6968320283203125 0.3319731142578125 0.72775876171875 0.3486727548828125 0.796455609375 0.357787794921875 0.8226124931640625 0.3716832021484375 0.8524443076171875 0.372792646484375 0.858274724609375 0.37935478125 0.86684514453125 0.384498158203125 0.867065994140625 0.4021804599609375 0.857223486328125 0.405438966796875 0.8517091298828126 0.4138408525390625 0.84641562109375 0.421211693359375 0.8327249375 0.427295875 0.802144693359375 0.4271723544921875 0.78511231640625 0.4295523310546875 0.7788534521484375 0.4316852666015625 0.73852983203125 0.4311536171875 0.705352400390625 0.4267695380859375 0.6760574970703125 0.407153982421875 0.5932282666015625 0.405995130859375 0.5805848984375 0.395123029296875 0.552939
2 0.3798884794921875 0.739775416015625 0.3816702451171875 0.7446709052734375 0.3860381962890625 0.7449869658203125 0.385370162109375 0.733135708984375 0.3811053154296875 0.7336593662109375 0.3798884794921875 0.739775416015625
2 0.3753874072265625 0.8281229267578125 0.3726487099609375 0.8250496875 0.3676084365234375 0.8256685556640625 0.3665731044921875 0.830057564453125 0.368742583984375 0.83490544921875 0.3738859619140625 0.835126298828125 0.3753874072265625 0.8281229267578125
2 0.3343659541015625 0.6831413447265625 0.3363829208984375 0.680336560546875 0.335764294921875 0.675298255859375 0.3309055263671875 0.6741900830078125 0.3294040810546875 0.6811934541015625 0.3313673515625 0.6843619033203125 0.3343659541015625 0.6831413447265625
2 0.3285179990234375 0.6258977353515625 0.3249748818359375 0.6322994150390625 0.3256966123046875 0.6381774384765625 0.3301429638671875 0.6359267412109375 0.3285179990234375 0.6258977353515625
2 0.3414468740234375 0.7632477490234375 0.3436120654296875 0.7808818173828125 0.3465569716796875 0.7856344921875 0.3487801474609375 0.784509142578125 0.34899064453125 0.7734023935546875 0.3515768291015625 0.76882296484375 0.3514490205078125 0.764576771484375 0.3455055126953125 0.76104465625 0.3414468740234375 0.7632477490234375
2 0.3786340751953125 0.780843541015625 0.3735938017578125 0.7814624091796875 0.3710076162109375 0.7860418388671875 0.371523138671875 0.7902404267578125 0.3753465751953125 0.7957376083984375 0.380852962890625 0.792504376953125 0.3786340751953125 0.780843541015625
0 0.26116858203125 0.529324810546875 0.25193757421875 0.54068676171875 0.2418237470703125 0.564090390625 0.2363871845703125 0.5903292314453125 0.234753642578125 0.6058725947265625 0.235466796875 0.637322986328125 0.240597310546875 0.6759023876953125 0.2441608427734375 0.6856933681640625 0.245294990234375 0.6949302607421876 0.2475428701171875 0.6972113876953125 0.25048348828125 0.71475024609375 0.2539192119140625 0.7202950322265625 0.2730943828125 0.729021521484375 0.2820117890625 0.7279266015625 0.299335369140625 0.7087519892578125 0.3047676435546875 0.69529933203125 0.3049244443359375 0.69016581640625 0.3111568505859375 0.680024423828125 0.314807359375 0.66167627734375 0.3232135322265625 0.6435965859375 0.3247439697265625 0.6272135048828125 0.3197122724609375 0.60226000390625 0.3161121962890625 0.547297521484375 0.3107464814453125 0.516418392578125 0.300125708984375 0.5100510654296875 0.277869248046875 0.517898078125 0.26116858203125 0.529324810546875
2 0.2965719677734375 0.7022722744140625 0.2963410546875 0.6971863642578126 0.2933961484375 0.692433689453125 0.2895437197265625 0.6963162177734376 0.293107251953125 0.706107197265625 0.2951489228515625 0.706708888671875 0.2965719677734375 0.7022722744140625
2 0.247179861328125 0.7006654677734375 0.252220134765625 0.7000466005859375 0.2561509638671875 0.693597314453125 0.25592005078125 0.688511404296875 0.2500302392578125 0.679006056640625 0.2447837568359375 0.6779454892578125 0.2438762333984375 0.68658069140625 0.247179861328125 0.7006654677734375
2 0.194424927734375 0.476148744140625 0.1986897744140625 0.4756250859375 0.1992632802734375 0.4610642568359375 0.197172201171875 0.453649615234375 0.193167259765625 0.449879474609375 0.18817639453125 0.45731129296875 0.1897229599609375 0.4699070556640625 0.194424927734375 0.476148744140625
0 0.21668996484375 0.4427293623046875 0.2162281396484375 0.4325575419921875 0.2179604970703125 0.4306400810546875 0.2176801767578125 0.41874121875 0.182019125 0.3975485302734375 0.17087854296875 0.3997687998046875 0.16076900390625 0.4103862431640625 0.1549533037109375 0.4111003212890625 0.1426785732421875 0.404083697265625 0.1393953623046875 0.4061915791015625 0.13879715234375 0.41734593359375 0.150424263671875 0.4287039619140625 0.160446826171875 0.4462256435546875 0.1740823291015625 0.480351255859375 0.18129208203125 0.4845802724609375 0.18423698828125 0.4893329462890625 0.181312498046875 0.500772931640625 0.178029287109375 0.502880814453125 0.1811471220703125 0.53147881640625 0.1786597529296875 0.5496841474609375 0.1800538056640625 0.5546272421875 0.189202125 0.558618232421875 0.194337439453125 0.5443496611328125 0.2040716171875 0.5354830595703125 0.204772931640625 0.5251684228515625 0.210642328125 0.518481111328125 0.21348841796875 0.5096078828125 0.2125851826171875 0.5054569013671875 0.2139588193359375 0.4942073369140625 0.21003227734375 0.4878704375 0.1991021923828125 0.4789839580078125 0.2010740390625 0.4565800380859375 0.2099130458984375 0.4580518759765625 0.2141531884765625 0.454121744140625 0.21668996484375 0.4427293623046875
2 0.2153120400390625 0.466765111328125 0.2156170654296875 0.4820704482421875 0.2181989619140625 0.4902772041015625 0.2399109091796875 0.4876113115234375 0.240043005859375 0.4790713203125 0.2315176005859375 0.4673324501953125 0.225701900390625 0.4680465283203125 0.21722590234375 0.4631206103515625 0.2153120400390625 0.466765111328125
0 0.2423092890625 1 0.2602097919921875 0.999102361328125 0.2749471875 0.9845071787109375 0.2907736103515625 0.9595497548828125 0.2998478173828125 0.953321318359375 0.300780044921875 0.9480925927734375 0.2805415751953125 0.873011240234375 0.2618453828125 0.8233118369140625 0.2418249619140625 0.7916749482421875 0.2230170888671875 0.7667081943359375 0.188597578125 0.7428059326171875 0.17153819140625 0.7449005625 0.15936227734375 0.7515098388671875 0.15312987109375 0.7616512314453125 0.154342419921875 0.7683213662109375 0.1531996953125 0.784656841796875 0.1561198974609375 0.786003041015625 0.1552123740234375 0.7946382421875 0.151153736328125 0.7968413349609375 0.1457214619140625 0.8102939921875 0.1429698994140625 0.8455793056640625 0.1470693701171875 0.8757615322265625 0.1519485546875 0.8930623642578125 0.1583291845703125 0.9033598251953125 0.162020525390625 0.9173969970703125 0.1714244619140625 0.9298803740234375 0.1790176396484375 0.9468479697265625 0.210124947265625 0.9822378232421874 0.228470994140625 0.9970327548828125 0.2360294775390625 1 0.2423092890625 1
2 0.2577234482421875 0.937184111328125 0.259142205078125 0.9455336826171875 0.2634564599609375 0.9518229755859375 0.2673335927734375 0.951346923828125 0.2693258564453125 0.9451356640625 0.2678039951171875 0.9359463759765625 0.2633866357421875 0.928817365234375 0.2589402841796875 0.9310680625 0.2577234482421875 0.937184111328125
2 0.271685416015625 0.9226841396484375 0.27411480078125 0.9232382255859375 0.2767009853515625 0.918658796875 0.2740696806640625 0.9036390908203125 0.2709679736328125 0.9040199326171875 0.2697511376953125 0.9101359814453125 0.2701098583984375 0.9194680849609375 0.271685416015625 0.9226841396484375
2 0.234873064453125 0.943399294921875 0.2361887177734375 0.9509091474609375 0.2389274150390625 0.9539823857421875 0.2408949736328125 0.9443646513671875 0.23582999609375 0.94157704296875 0.234873064453125 0.943399294921875
2 0.2438033359375 0.9039458212890625 0.247082259765625 0.9146241240234375 0.251837923828125 0.9148925791015625 0.252873255859375 0.9105035712890625 0.248843609375 0.9033269541015625 0.2438033359375 0.9039458212890625
2 0.2259566826171875 0.8643706337890625 0.2255195615234375 0.8576052880859375 0.2217498203125 0.846134873046875 0.2189284345703125 0.8584145771484375 0.221019513671875 0.86582921875 0.224715142578125 0.8670802080078125 0.2259566826171875 0.8643706337890625
2 0.2010399248046875 0.866577650390625 0.198041322265625 0.867798208984375 0.1958922587890625 0.879142984375 0.1946260146484375 0.87844608203125 0.1980864423828125 0.8873973447265625 0.20281740234375 0.88425932421875 0.210880982421875 0.8858263720703125 0.212225626953125 0.883956515625 0.210497556640625 0.87308779296875 0.2010399248046875 0.866577650390625
2 0.185873984375 0.8488351181640625 0.1911204658203125 0.849895685546875 0.1911988662109375 0.8473289267578125 0.181122607421875 0.8357804794921875 0.1762638388671875 0.834672306640625 0.175022298828125 0.8373818798828125 0.180033580078125 0.8461427216796875 0.185873984375 0.8488351181640625
2 0.1572497578125 0.8080261171875 0.159831654296875 0.816232873046875 0.16391499609375 0.8174362548828125 0.1650534326171875 0.8138869638671875 0.16259934375 0.80992640234375 0.1572497578125 0.8080261171875
0 0.058420423828125 0.7852133701171875 0.0378608017578125 0.665847837890625 0.0380960029296875 0.658147564453125 0.03466456640625 0.6398165927734375 0.0351886650390625 0.6184428134765625 0.0314436279296875 0.6103788740234375 0.0271540771484375 0.6074960556640625 0.018987392578125 0.6050892890625 0.009500767578125 0.6079588544921875 0.0356892734375 0.8212471142578125 0.042123599609375 0.8255713408203125 0.047262689453125 0.838578375 0.0637485703125 0.851044576171875 0.0712182275390625 0.8509797939453125 0.0723566640625 0.8474305029296875 0.058420423828125 0.7852133701171875
2 0.022529484375 0.678811189453125 0.0177491162109375 0.675136259765625 0.01908947265625 0.6860525869140625 0.0210280390625 0.6858145615234374 0.022529484375 0.678811189453125
2 0.0245797314453125 0.6538405126953125 0.023131982421875 0.6548706513671875 0.0295910126953125 0.6626013544921875 0.0380176025390625 0.6607143212890625 0.03876832421875 0.6572126357421875 0.036343228515625 0.643872365234375 0.025850263671875 0.64175123046875 0.0228763662109375 0.6463782646484375 0.0245797314453125 0.6538405126953125