0 0.613516744140625 0.69409763671875 0.6041210185546875 0.6955610322265625 0.5771738095703125 0.7086217490234376 0.5743801181640625 0.7295980361328125 0.594186654296875 0.7396327568359375 0.5985131953125 0.7379036962890625 0.6076022646484375 0.74229164453125 0.61196969140625 0.739782404296875 0.61792462890625 0.7393121669921875 0.6228915947265625 0.7415282802734375 0.6288669765625 0.740667953125 0.6389644599609375 0.7419794619140625 0.646629568359375 0.7412076904296875 0.647556208984375 0.739691609375 0.6550986552734375 0.741260375 0.66843916015625 0.7615175751953125 0.68412359375 0.7693804609375 0.700135126953125 0.771001912109375 0.704420779296875 0.7700530302734375 0.73026402734375 0.7780571552734376 0.765850544921875 0.7779663603515625 0.795747892578125 0.77327463671875 0.803556107421875 0.7697722373046875 0.8205965 0.7679271591796875 0.836996462890625 0.76213690625 0.8518498056640625 0.7535274716796875 0.860748208984375 0.7453882734375 0.87919921875 0.7166270087890625 0.88036451171875 0.6943918974609375 0.876549064453125 0.686368716796875 0.8691701669921875 0.6816792333984375 0.85160533984375 0.661200646484375 0.83134237109375 0.6437099443359375 0.78535171484375 0.6483405751953125 0.7634056884765625 0.646799271484375 0.7187776611328125 0.657759892578125 0.7108058955078125 0.664383009765625 0.695312126953125 0.6690472705078125 0.6819849638671875 0.6808659775390625 0.6700137587890626 0.682976720703125 0.653859119140625 0.6840858974609375 0.6454513642578125 0.682862943359375 0.634345466796875 0.684627875 0.613516744140625 0.69409763671875
2 0.659704736328125 0.71803210546875 0.6672471826171875 0.7196008720703125 0.6785779619140625 0.7135449541015625 0.6780193095703125 0.708039421875 0.6679627138671875 0.7059477333984375 0.66270953515625 0.7091928759765626 0.659704736328125 0.71803210546875
2 0.7621986484375 0.766822462890625 0.742746326171875 0.7661941708984376 0.740729498046875 0.77234705078125 0.7464186669921875 0.7769479794921875 0.7616057802734375 0.7781350634765625 0.766797626953125 0.776060189453125 0.76708383984375 0.7705989345703125 0.7621986484375 0.766822462890625
2 0.843006490234375 0.69595449609375 0.8478712392578125 0.7001210576171875 0.862377037109375 0.6981431474609375 0.8651773984375 0.6932048134765625 0.85685141796875 0.6904215009765625 0.8483210009765625 0.6915390849609375 0.843006490234375 0.69595449609375
2 0.7829798125 0.7420949267578125 0.790460927734375 0.7448339619140625 0.79734250390625 0.7428476435546875 0.7984122490234375 0.7386009345703125 0.802718345703125 0.737261962890625 0.7985144677734375 0.736650486328125 0.7952781171875 0.7337427490234375 0.7876538955078125 0.733734341796875 0.7832864677734375 0.73624358203125 0.7829798125 0.7420949267578125
0 0.634032138671875 0.674441265625 0.646643771484375 0.6762756962890625 0.6543293251953125 0.6751138349609375 0.66473346484375 0.6705739990234375 0.6920962197265625 0.665749443359375 0.7121005224609375 0.655845314453125 0.7729854072265625 0.641825068359375 0.78787963671875 0.6324354541015625 0.803986716796875 0.6160685029296875 0.7993672939453125 0.6072208662109375 0.8056697744140625 0.6001191044921875 0.80875634765625 0.5897195166015625 0.8051248955078125 0.5781855283203124 0.799456169921875 0.5731945107421875 0.7997014951171875 0.5685134345703124 0.79162083984375 0.5610490458984375 0.7766790517578125 0.55518088671875 0.7224850771484375 0.5546876669921875 0.683273779296875 0.559282427734375 0.6378008876953125 0.570198771484375 0.598909587890625 0.6010180947265625 0.5886756689453125 0.6184751669921875 0.5853437705078125 0.6335558310546875 0.598582056640625 0.6557634794921875 0.634032138671875 0.674441265625
2 0.6665258408203125 0.6202081552734375 0.666791609375 0.6151369892578125 0.6567145703125 0.6134353916015625 0.6563670263671875 0.6200669150390625 0.6665258408203125 0.6202081552734375
2 0.6535737666015625 0.592539251953125 0.6575323193359375 0.5978318046875 0.667834240234375 0.5952424169921875 0.668801767578125 0.59294615625 0.6647205517578125 0.5899941416015625 0.6562310224609375 0.5903315458984375 0.6535737666015625 0.592539251953125
2 0.811195392578125 0.60784075 0.80542444921875 0.6048001806640625 0.7966078203125 0.61137901953125 0.8013499052734375 0.617886119140625 0.8100234296875 0.6140379072265625 0.811195392578125 0.60784075
2 0.633085056640625 0.6763474365234375 0.637207158203125 0.6785192724609375 0.64233767578125 0.67761466796875 0.647611298828125 0.6739794365234375 0.641860798828125 0.6705487763671875 0.6342979072265625 0.6693701005859375 0.633085056640625 0.6763474365234375
0 0.637192095703125 0.8404591669921875 0.64432566796875 0.8498297265625 0.6558879990234375 0.8555207763671875 0.670168916015625 0.8578338515625 0.6989351875 0.8585591064453125 0.7527202880859375 0.866854119140625 0.805020095703125 0.8711596796875 0.8109545888671875 0.8710795322265625 0.8204320888671875 0.86805577734375 0.82737499609375 0.8648991904296875 0.8301549140625 0.8603509462890625 0.831572203125 0.8494727138671875 0.826551005859375 0.815960873046875 0.8204667353515624 0.8027336943359376 0.792313775390625 0.79030575 0.7806083388671875 0.7873453271484375 0.7570339150390625 0.7845452001953125 0.7501932265625 0.7857513388671875 0.7282676435546875 0.7838199453125 0.7159353369140625 0.78473828125 0.698983607421875 0.7768089794921875 0.696408126953125 0.777456326171875 0.6789793046875 0.7867131083984376 0.66400997265625 0.81370103515625 0.6457976162109375 0.8217432705078125 0.629731423828125 0.8373300419921875 0.637192095703125 0.8404591669921875
2 0.7882187880859375 0.8037817783203125 0.78755791796875 0.800226693359375 0.7783257421875 0.798569373046875 0.76052226171875 0.7988098154296875 0.7561752783203125 0.8009289658203125 0.75850543359375 0.8049626943359375 0.7668927451171875 0.80657573828125 0.780471904296875 0.8061139091796875 0.7882187880859375 0.8037817783203125
2 0.715267580078125 0.78939721875 0.7101983935546875 0.7891315537109375 0.7014635400390625 0.7941500341796875 0.7045567841796875 0.7997883994140625 0.7189194765625 0.8005411162109375 0.724997076171875 0.7977303408203125 0.726148595703125 0.7919232734375 0.715267580078125 0.78939721875
2 0.7696659912109375 0.785989541015625 0.7630092958984375 0.783684873046875 0.7426303349609376 0.784572662109375 0.7500092333984375 0.7892621455078125 0.7636088359375 0.7884102265625 0.7696659912109375 0.785989541015625
2 0.7132778671875 0.8111979619140625 0.70484966796875 0.81036509765625 0.7020288623046875 0.8156935205078125 0.7078815810546875 0.8171737314453125 0.7130529853515625 0.8154889482421875 0.7132778671875 0.8111979619140625
2 0.73365015625 0.79427221875 0.7309111259765625 0.798040283203125 0.7451307119140625 0.8015236279296875 0.75195095703125 0.800707578125 0.7521349501953125 0.797196771484375 0.7429845498046875 0.793979091796875 0.73365015625 0.79427221875
2 0.8148455693359375 0.8130004501953125 0.8155268837890625 0.8161654453125 0.82304888671875 0.81812430078125 0.825644810546875 0.8170868642578125 0.8259923544921876 0.81045533984375 0.822796890625 0.8067674228515626 0.8148455693359375 0.8130004501953125
2 0.78936320703125 0.8304407080078124 0.778400416015625 0.8294750107421875 0.774796078125 0.8335888876953125 0.78320383203125 0.834811841796875 0.7884161240234375 0.83234687890625 0.78936320703125 0.8304407080078124
2 0.728464978515625 0.8123850458984375 0.731742216796875 0.8145126044921875 0.736852291015625 0.81399808984375 0.7403339658203125 0.8122247509765625 0.740579291015625 0.8075436748046875 0.733220837890625 0.8024641025390625 0.728464978515625 0.8123850458984375
0 0.279080267578125 0.6417572275390625 0.2817850810546875 0.654807296875 0.2899066240234375 0.661491505859375 0.2957593427734375 0.662971716796875 0.2980486103515625 0.667785625 0.3112802255859375 0.6739553203125 0.319217775390625 0.6841503359375 0.32498871875 0.68719090625 0.327237099609375 0.6927849931640625 0.3389220927734375 0.696135505859375 0.345435681640625 0.70117080078125 0.382384828125 0.70740999609375 0.3942333701171875 0.7076397900390625 0.399752318359375 0.699323482421875 0.42417160546875 0.7021678876953125 0.42932256640625 0.700873193359375 0.4538849609375 0.700986970703125 0.468888080078125 0.7056848623046875 0.505299017578125 0.70602843359375 0.5145107490234375 0.7080758447265625 0.52720415625 0.7083499169921875 0.5793337431640625 0.6997382412109375 0.6027788330078125 0.688840953125 0.6139665068359375 0.6855156640625 0.621611171875 0.6851339814453125 0.6295829365234376 0.678510865234375 0.629848705078125 0.67343969921875 0.619771666015625 0.6717381005859375 0.59089650390625 0.6569253408203125 0.560972041015625 0.645969201171875 0.5450218388671875 0.64317748046875 0.484927587890625 0.6259462763671875 0.4630633369140625 0.62284461328125 0.402130892578125 0.6216070849609375 0.3636622392578125 0.628196572265625 0.336980798828125 0.6361861220703126 0.324164728515625 0.638252587890625 0.309038947265625 0.6358952353515624 0.3032884462890625 0.632464576171875 0.2881013349609375 0.6312774921875 0.28288904296875 0.633742455078125 0.279080267578125 0.6417572275390625
2 0.4139656630859375 0.6382649228515626 0.4160300498046875 0.6473698173828125 0.43467839453125 0.64717365234375 0.4342628486328125 0.6389374921875 0.4251328916015625 0.63532972265625 0.4174677822265625 0.6361014951171875 0.4139656630859375 0.6382649228515626
0 0.4158344345703125 0.4247889150390625 0.416317982421875 0.4478927607421875 0.42648346875 0.4640719541015625 0.4442731767578125 0.4802595546875 0.4590514140625 0.489248431640625 0.478033529296875 0.4988487861328125 0.49394284375 0.502420685546875 0.4988893671875 0.5050268876953125 0.52254556640625 0.5062666572265625 0.5376304599609375 0.509404189453125 0.544205380859375 0.5132692158203125 0.5652860986328125 0.51515633203125 0.586244154296875 0.5193839853515625 0.610765662109375 0.5202779423828126 0.6397772587890626 0.5163221201171875 0.6541195068359374 0.5174649267578125 0.6849026064453125 0.5120373017578125 0.7281951201171875 0.5103945556640626 0.7237596904296875 0.498036111328125 0.71557681640625 0.4925221708984375 0.7135124306640624 0.4834172763671875 0.6926499208984375 0.461201220703125 0.67383135546875 0.4484801494140625 0.6425238193359375 0.4315841083984375 0.62008047265625 0.42336700390625 0.6082523740234375 0.422747119140625 0.5966491552734375 0.417836248046875 0.58739653515625 0.4165690166015625 0.5373859951171875 0.4170773642578125 0.4970778369140625 0.410270970703125 0.4793356875 0.4093411435546875 0.44609976953125 0.413075578125 0.4243852958984375 0.4232812421875 0.4158344345703125 0.4247889150390625
2 0.5447306767578125 0.43858498046875 0.5565792197265625 0.438814775390625 0.5652527431640625 0.4349665634765625 0.567146908203125 0.4311542216796875 0.5597271240234375 0.42724491796875 0.53248703125 0.429728935546875 0.52719296484375 0.4337542568359375 0.529584451171875 0.4366177177734375 0.5330047958984375 0.4360146474609375 0.5447306767578125 0.43858498046875
2 0.6126606884765625 0.41945769921875 0.604212044921875 0.4190149248046875 0.6031422998046875 0.4232616337890625 0.6064195380859375 0.42538919140625 0.6192560517578125 0.42293263671875 0.6126606884765625 0.41945769921875
2 0.5986113232421875 0.4288915908203125 0.5961176181640625 0.4279785791015625 0.5839828623046875 0.4332100400390625 0.591382203125 0.43750943359375 0.597541578125 0.4331382998046875 0.5986113232421875 0.4288915908203125
2 0.570533037109375 0.44736928515625 0.57459380859375 0.4507113896484375 0.5805283017578124 0.4506312421875 0.5841939716796875 0.4453470966796875 0.5792474482421875 0.44274089453125 0.5749822392578126 0.4432996865234375 0.570533037109375 0.44736928515625
2 0.4622744228515625 0.4600802626953125 0.4529400283203125 0.4603733896484375 0.4485317138671875 0.4636628095703125 0.4514818525390625 0.4720318017578125 0.4573345712890625 0.4735120126953125 0.4660489814453125 0.4688836220703125 0.468972005859375 0.4616047509765625 0.4622744228515625 0.4600802626953125
2 0.4943312744140625 0.4950089814453125 0.49762895703125 0.4967464501953125 0.5061389306640625 0.4960189560546875 0.50560072265625 0.490123333984375 0.49807871875 0.4881644775390625 0.49459704296875 0.48993781640625 0.4943312744140625 0.4950089814453125
2 0.4760717919921875 0.4392894931640625 0.4778228505859375 0.4382077783203125 0.47293766015625 0.434431306640625 0.4668396162109375 0.437632171875 0.4760717919921875 0.4392894931640625
2 0.69502096484375 0.4644547705078125 0.686694984375 0.4616714580078125 0.6823888876953125 0.4630104287109375 0.681319142578125 0.4672571376953125 0.6870287548828125 0.4714679765625 0.6920774970703125 0.4721237314453125 0.6981755400390625 0.4689228662109375 0.69502096484375 0.4644547705078125
2 0.71396886328125 0.4908732568359375 0.7089610087890625 0.4894373232421875 0.70276074609375 0.49458863671875 0.7060584287109375 0.4963261044921875 0.7120338095703125 0.4954657783203125 0.71396886328125 0.4908732568359375
2 0.7098943193359375 0.5039591962890625 0.6981479951171875 0.501778953125 0.6979435576171875 0.505679849609375 0.7037349453125 0.5083303291015625 0.7088450185546875 0.5078158154296875 0.7098943193359375 0.5039591962890625
0 0.317445841796875 0.73412608984375 0.3318969794921875 0.74935640234375 0.3632658466796875 0.7650821728515625 0.37847340234375 0.76587916796875 0.405693052734375 0.7637852392578125 0.4407480322265625 0.773836775390625 0.4405435947265625 0.777737671875 0.4448088037109375 0.7771788798828125 0.4589466142578125 0.7822225830078126 0.46401580078125 0.782488248046875 0.49951387109375 0.767919857421875 0.4979672490234375 0.7651006748046875 0.5022937880859375 0.7633716142578125 0.5140196689453125 0.765941947265625 0.5200359375 0.7643014404296875 0.5297996494140625 0.7558164306640625 0.5268903984375 0.7466672587890625 0.5147489716796875 0.735860765625 0.4948197734375 0.72816658203125 0.473057740234375 0.7231144716796875 0.46229938671875 0.71824787890625 0.45594934765625 0.710091865234375 0.4390725068359375 0.7088162265625 0.4167584921875 0.714296537109375 0.361120115234375 0.7090336865234375 0.35448386328125 0.7063389287109375 0.3459534462890625 0.707456513671875 0.339276306640625 0.7055419345703124 0.3264397939453125 0.707998490234375 0.324095865234375 0.7203928046875 0.3170302958984375 0.7258899296875 0.317445841796875 0.73412608984375
2 0.4746585927734375 0.7572293818359375 0.4593897060546875 0.7576026572265625 0.4507570693359375 0.760670689453125 0.453148556640625 0.7635341494140625 0.464894880859375 0.765714392578125 0.480265986328125 0.7633906689453125 0.4813357314453125 0.7591439609375 0.4746585927734375 0.7572293818359375
2 0.4581497392578125 0.7489321298828125 0.4428808515625 0.749305404296875 0.4451087880859375 0.7552895810546875 0.4518677021484375 0.75564380078125 0.4596350302734375 0.7529215810546875 0.4581497392578125 0.7489321298828125
0 0.3811390498046875 0.58569361328125 0.4069689560546875 0.56162183203125 0.4113568271484375 0.558722501953125 0.42077299609375 0.556869015625 0.4315246787109375 0.5456976552734375 0.43341884375 0.5418853134765625 0.4242888876953125 0.538277544921875 0.3874215166015625 0.5304779912109375 0.367948751953125 0.5302397890625 0.3363887900390625 0.550490822265625 0.3025191162109375 0.5663180361328125 0.296134861328125 0.5749801552734375 0.274502162109375 0.5836254609375 0.2730030986328125 0.596064052734375 0.28258948828125 0.607127802734375 0.2934705048828125 0.6096538583984376 0.302886673828125 0.6078003720703125 0.3177262431640625 0.61561898046875 0.3320684912109375 0.616761787109375 0.344060140625 0.6142609541015625 0.3811390498046875 0.58569361328125
2 0.3458729619140625 0.5635050205078125 0.342473060546875 0.563718 0.335284828125 0.5715556630859375 0.3400678017578125 0.577282583984375 0.34521876171875 0.5759878896484375 0.3458729619140625 0.5635050205078125
2 0.3337448779296875 0.5847744345703125 0.3338675400390625 0.582433896484375 0.3279126025390625 0.5829041337890625 0.3284916982421875 0.5880195771484374 0.3337448779296875 0.5847744345703125
0 0.492984138671875 0.2782351474609375 0.477810369140625 0.309123970703125 0.4798405400390625 0.335046998046875 0.47455314453125 0.3551102734375 0.4783890341796875 0.3627433642578125 0.485931482421875 0.3643121298828125 0.4905713486328125 0.372769677734375 0.5039869580078125 0.3754285654296875 0.5351856044921875 0.3782371005859375 0.5944896513671875 0.3782158056640625 0.63289697265625 0.3727965869140625 0.669962109375 0.3606572900390625 0.6821990830078125 0.3534753818359375 0.711388001953125 0.329970798828125 0.7215401455078125 0.3140740849609375 0.7301527685546875 0.2628921923828125 0.7442021328125 0.25345830078125 0.7487739970703124 0.2470481630859375 0.75571690625 0.243891576171875 0.75596223046875 0.2392105 0.731072736328125 0.2453381572265625 0.7133101435546875 0.2447984208984375 0.7009029482421875 0.2390630927734375 0.6899810439453125 0.237317216796875 0.64017494140625 0.23392466796875 0.60452709375 0.2351857314453125 0.57718478125 0.2396201982421875 0.5668010859375 0.2437699443359375 0.55227484375 0.2461379453125 0.5107196171875 0.2631270205078125 0.492984138671875 0.2782351474609375
2 0.65469408203125 0.2640226640625 0.6557842705078125 0.259385865234375 0.6467974208984375 0.25304746875 0.6350102080078125 0.251647404296875 0.628993939453125 0.2532879111328125 0.62448340625 0.258527779296875 0.63159653515625 0.268288427734375 0.6467632041015625 0.2698656015625 0.65469408203125 0.2640226640625
2 0.6995674345703125 0.2483809677734375 0.701815814453125 0.2539750546875 0.7154563046875 0.2523429560546875 0.7165873818359375 0.246925978515625 0.7090858212890625 0.244577033203125 0.703996193359375 0.2447014580078125 0.6995674345703125 0.2483809677734375
2 0.7205321611328125 0.2686465751953125 0.725417353515625 0.272423046875 0.72982566796875 0.269133626953125 0.7309567451171874 0.2637166494140625 0.7284834833984375 0.2624135478515625 0.722446771484375 0.2644441435546875 0.7205321611328125 0.2686465751953125
2 0.7251311416015624 0.2778843017578125 0.713861693359375 0.2827699501953125 0.712751060546875 0.287796837890625 0.715987412109375 0.2907045751953125 0.724354279296875 0.292707708984375 0.7271546416015625 0.2877693759765625 0.7284697109375 0.2788415908203125 0.7251311416015624 0.2778843017578125
2 0.70442508203125 0.285013525390625 0.70380509765625 0.28067826171875 0.6952746806640625 0.281795845703125 0.69673952734375 0.28617538671875 0.70442508203125 0.285013525390625
2 0.574581326171875 0.32162758203125 0.5803931572265625 0.32388797265625 0.5855645615234375 0.3222031884765625 0.5858507734375 0.31674193359375 0.57744301953125 0.3155189794921875 0.5730551474609376 0.3184183095703125 0.574581326171875 0.32162758203125
2 0.6031227177734375 0.326643822265625 0.595457607421875 0.32741559375 0.5968815673828125 0.332575314453125 0.6010854453125 0.3331867919921875 0.603783587890625 0.3301989072265625 0.6031227177734375 0.326643822265625
2 0.6381910390625 0.368771265625 0.638415919921875 0.364480279296875 0.631718337890625 0.362955791015625 0.6297832841796875 0.3675483115234375 0.634791138671875 0.3689842451171875 0.6381910390625 0.368771265625
2 0.7238636298828125 0.3020698603515625 0.7188148876953125 0.3014141064453125 0.714324798828125 0.306263884765625 0.719271322265625 0.308870087890625 0.722691666015625 0.308267017578125 0.7238636298828125 0.3020698603515625
2 0.6795355869140625 0.2911411826171875 0.6780298525390624 0.2875418212890625 0.6754339287109375 0.2885792578125 0.677764083984375 0.292612986328125 0.6795355869140625 0.2911411826171875
2 0.528385802734375 0.378663060546875 0.5210069052734375 0.373973576171875 0.5108480908203125 0.3738323369140625 0.511488517578125 0.3777775107421875 0.528385802734375 0.378663060546875
2 0.5259400859375 0.3445038720703125 0.52074823828125 0.3465787451171875 0.5179274326171875 0.35190716796875 0.5220904228515625 0.35329882421875 0.525653873046875 0.349965126953125 0.5259400859375 0.3445038720703125
0 0.088286205078125 0.386500142578125 0.10036630078125 0.398476904296875 0.1392571708984375 0.41616153125 0.169222521484375 0.4263374921875 0.191004998046875 0.430999513671875 0.204318388671875 0.435608849609375 0.25472403125 0.443726751953125 0.310423740234375 0.4478193330078125 0.32497042578125 0.4450612431640625 0.3342843759765625 0.4451582060546875 0.345472048828125 0.441832916015625 0.3802274736328125 0.4252697998046875 0.388240126953125 0.41786650390625 0.3903591728515625 0.40976317578125 0.381903859375 0.3932824482421875 0.3657629931640625 0.3779635810546875 0.34424628515625 0.36823039453125 0.32508017578125 0.36214084765625 0.302820822265625 0.350412935546875 0.2660352255859375 0.3410530234375 0.2373507294921875 0.33876741015625 0.2265106005859375 0.33546117578125 0.2147029453125 0.3344512021484375 0.17066778515625 0.33409922265625 0.1313542685546875 0.340644431640625 0.0795788955078125 0.3586625361328125 0.078468263671875 0.3636894248046875 0.0857040537109375 0.37110953515625 0.088286205078125 0.386500142578125
2 0.3425356826171875 0.4170358798828125 0.3382295869140625 0.4183748515625 0.3354292255859375 0.4233131845703125 0.3387269072265625 0.4250506533203125 0.3429307841796875 0.4256621298828125 0.349812361328125 0.4236758115234375 0.3492128212890625 0.4189504580078125 0.3425356826171875 0.4170358798828125
2 0.3125090009765625 0.4080301875 0.31448494140625 0.4026574873046875 0.310281064453125 0.4020460107421875 0.306697169921875 0.405769796875 0.3125090009765625 0.4080301875
2 0.2246564619140625 0.4355012392578125 0.230488736328125 0.4373715400390625 0.23732942578125 0.4361654013671875 0.2367298857421875 0.4314400478515625 0.2283630185546875 0.4294369150390625 0.2222649755859375 0.432637779296875 0.2246564619140625 0.4355012392578125
2 0.3966683251953125 0.4186993681640625 0.4007290966796875 0.42204147265625 0.40585961328125 0.421136869140625 0.4070315771484375 0.4149397119140625 0.4020646103515625 0.4127235986328125 0.3968727626953125 0.4147984716796875 0.3966683251953125 0.4186993681640625
0 0.14412816015625 0.4848699970703125 0.141941111328125 0.478105640625 0.10358844921875 0.4663166357421875 0.07756120703125 0.4618233173828125 0.0471665390625 0.4598392392578125 0.011457359375 0.462270572265625 0.002000302734375 0.4649042373046875 0.0006919033203125 0.4898699755859375 0.0057406455078125 0.4905257294921875 0.0211730830078125 0.48703173828125 0.0487060595703125 0.49512441796875 0.060472828125 0.4969145712890625 0.06455404296875 0.4998665869140625 0.0798229296875 0.4994933115234375 0.107390123046875 0.490767859375 0.1388954248046875 0.4877250498046875 0.14412816015625 0.4848699970703125
2 0.1402851689453125 0.50970290234375 0.1392700830078125 0.496741388671875 0.13364224609375 0.49097019140625 0.095337142578125 0.4944389609375 0.078814515625 0.502569751953125 0.082670849609375 0.5098127529296875 0.10892964453125 0.5260530390625 0.129676591796875 0.5181436357421875 0.1402851689453125 0.50970290234375
2 0.041388494140625 0.489264666015625 0.0515064208984375 0.4901860849609375 0.0550698720703125 0.4868523876953125 0.05451121875 0.48134685546875 0.04610346484375 0.4801239013671875 0.03903789453125 0.4856210263671875 0.041388494140625 0.489264666015625
0 0.51425251171875 0.6321770625 0.54087929296875 0.641395734375 0.56861670703125 0.6455875185546875 0.572697921875 0.648539533203125 0.5844646904296875 0.6503296865234375 0.585534435546875 0.646082978515625 0.5778626552734375 0.6308167958984375 0.5007008984375 0.5997828056640625 0.478073556640625 0.5950765078125 0.4662045693359375 0.595236802734375 0.4547715732421875 0.60324316796875 0.4394004658203125 0.6055668916015625 0.426829720703125 0.60295228125 0.417188671875 0.6090967529296875 0.418612630859375 0.6142564736328125 0.4141225419921875 0.619106251953125 0.4377378525390625 0.6211262001953125 0.4513374560546875 0.62027428125 0.48832748828125 0.6257332958984375 0.5033101640625 0.6308212763671875 0.51425251171875 0.6321770625
2 0.46161226171875 0.602037029296875 0.4626820068359375 0.5977903203125 0.45021348046875 0.59322526171875 0.433091314453125 0.59663069921875 0.4302296220703125 0.60273930078125 0.434310837890625 0.60569131640625 0.4418532841796875 0.60726008203125 0.4503632578125 0.606532587890625 0.46161226171875 0.602037029296875