0 0.54567298828125 0.275466099609375 0.555704126953125 0.2835167861328125 0.580567189453125 0.2797505693359375 0.5840276171875 0.270799306640625 0.5983440185546876 0.2631809912109375 0.6121900185546875 0.240162126953125 0.6271283095703125 0.1601681103515625 0.632077318359375 0.1198616669921875 0.6362594765625 0.1050323828125 0.627828599609375 0.0903591669921875 0.6147988583984375 0.081087919921875 0.596085513671875 0.079642587890625 0.5856709501953125 0.08433048046875 0.5769640400390625 0.0943423095703125 0.5737098203125 0.10161413671875 0.5620827080078125 0.1129721640625 0.55526495703125 0.1300349697265625 0.5495856416015625 0.1506470673828125 0.5500603310546875 0.178833798828125 0.546554783203125 0.2073841962890625 0.54397288671875 0.215590951171875 0.5460929580078125 0.2175560166015625 0.5456805400390625 0.2209148876953125 0.5406692587890625 0.229675728515625 0.539795015625 0.243206419921875 0.5379101455078125 0.248941626953125 0.54567298828125 0.275466099609375
2 0.557691078125 0.1968182802734375 0.560066765625 0.1902909609375 0.5580745029296875 0.1840797021484375 0.5533188388671875 0.1843481572265625 0.5509184462890625 0.1942819521484375 0.554667771484375 0.1990041962890625 0.557691078125 0.1968182802734375
2 0.5506091328125 0.1968011044921875 0.5488520712890625 0.1982901181640625 0.547742626953125 0.2041205361328125 0.5488810634765625 0.2076698271484375 0.55198276953125 0.2080506689453125 0.55534009375 0.1999391240234375 0.555261693359375 0.1973723671875 0.5506091328125 0.1968011044921875
2 0.57875009375 0.10223300390625 0.576168197265625 0.1104397587890625 0.5770220244140625 0.1131017265625 0.5795545126953126 0.111707923828125 0.580767060546875 0.1050377880859375 0.57875009375 0.10223300390625
2 0.61602203125 0.260237314453125 0.61850082421875 0.25287027734375 0.617077779296875 0.2484336640625 0.61035884375 0.251870568359375 0.60798315625 0.2583978876953125 0.610000123046875 0.261202671875 0.61602203125 0.260237314453125
2 0.58860177734375 0.2688038115234375 0.588012142578125 0.2832218251953125 0.5907798330078124 0.289528294921875 0.5962572275390625 0.2833818173828125 0.597882193359375 0.2733528115234375 0.5968715654296874 0.265557328125 0.5914435791015625 0.26489085546875 0.58860177734375 0.2688038115234375
0 0.550401900390625 0.118356958984375 0.556217599609375 0.119071037109375 0.5852295400390625 0.078309642578125 0.5988242109375 0.076569349609375 0.6032415703125 0.069440337890625 0.6095148076171875 0.04719641015625 0.6154744443359375 0.0146854521484375 0.6156022529296875 0.0104392587890625 0.552404978515625 0.002679609375 0.537115517578125 0.0374545185546875 0.5320301240234375 0.0564347861328125 0.531440490234375 0.0708527998046875 0.5326326220703125 0.08037532421875 0.5421278232421874 0.1088172578125 0.550401900390625 0.118356958984375
2 0.5658191689453125 0.079335857421875 0.5678565517578125 0.0659479814453125 0.5653734716796875 0.060528833984375 0.559066953125 0.0606068681640625 0.555297212890625 0.072077283203125 0.55747098046875 0.08001558203125 0.5658191689453125 0.079335857421875
2 0.55931073046875 0.093879509765625 0.5582259912109375 0.0963034521484375 0.5591582177734375 0.1015321787109375 0.563241560546875 0.1003287958984375 0.562206228515625 0.095939787109375 0.55931073046875 0.093879509765625
2 0.545665626953125 0.022309173828125 0.5438591572265625 0.030611138671875 0.5507885888671875 0.0382809833984375 0.5546120263671875 0.0327838017578125 0.554867642578125 0.024291416015625 0.545665626953125 0.022309173828125
0 0.545856732421875 0.1297321630859375 0.5402676572265624 0.111145990234375 0.534579765625 0.10618571875 0.5339568505859374 0.09843783984375 0.530776744140625 0.095490240234375 0.524391826171875 0.0930015166015625 0.5209313984375 0.1019527783203125 0.5192613125 0.1315809189453125 0.51991321875 0.148708505859375 0.5172078017578124 0.173947638671875 0.5175256904296875 0.1970008544921875 0.5197284501953126 0.2143188623046875 0.519976515625 0.2603776884765625 0.5216594658203125 0.2691081015625 0.5235980322265625 0.2693461279296875 0.529256931640625 0.264926689453125 0.53757183984375 0.2420810712890625 0.5467856962890625 0.20229828515625 0.5494664091796875 0.18046562890625 0.5492226318359374 0.1471929873046875 0.545856732421875 0.1297321630859375
2 0.51296337109375 0.1572313212890625 0.5163496865234375 0.1584994853515625 0.5190593916015624 0.1460465380859375 0.5171702333984375 0.138995560546875 0.5226594677734375 0.0910840556640625 0.5056000810546875 0.0889894267578125 0.493428455078125 0.0951663330078125 0.4909743662109375 0.09912689453125 0.5009560966796875 0.11399053125 0.5116928388671875 0.1451420390625 0.51296337109375 0.1572313212890625
2 0.5494664091796875 0.18046562890625 0.54209985546875 0.1795611298828125 0.5411966201171875 0.1837121123046875 0.5476352353515626 0.1921740693359375 0.5494664091796875 0.18046562890625
2 0.52774691015625 0.23235094921875 0.5272066845703125 0.2399560126953125 0.52940515625 0.2444878369140625 0.5335668984375 0.2458512119140625 0.5355301689453125 0.2426827626953125 0.5371014384765626 0.2266805234375 0.5305103115234375 0.225871234375 0.52774691015625 0.23235094921875
2 0.5362261708984375 0.1600876337890625 0.538808068359375 0.1518808798828125 0.537149822265625 0.1397439921875 0.5335572978515625 0.1401552626953125 0.53105380078125 0.150928775390625 0.5323490380859375 0.15961158203125 0.5362261708984375 0.1600876337890625
2 0.51893587109375 0.163078916015625 0.517698619140625 0.1731555263671875 0.5211139267578125 0.1838033994140625 0.5250157646484375 0.1808729765625 0.5265376259765625 0.1716836884765625 0.525939416015625 0.160529333984375 0.5235347353515625 0.1576769453125 0.51893587109375 0.163078916015625
0 0.544939228515625 0.6308172890625 0.5546857578125 0.63798065234375 0.56166459765625 0.638837546875 0.5783566875 0.6246919111328125 0.5811490810546875 0.627591904296875 0.5888496513671875 0.6225707763671875 0.5894682783203125 0.617532470703125 0.59504877734375 0.610546275390625 0.6000847626953125 0.598378958984375 0.6082181669921874 0.5738062998046874 0.6076275078125 0.508100732421875 0.604674025390625 0.4872810390625 0.5951498330078125 0.449459396484375 0.588142 0.43922279296875 0.5881130078125 0.4298430849609375 0.5789067041015625 0.415074658203125 0.56805073046875 0.4137417119140625 0.5557512958984375 0.4241648125 0.5484878466796875 0.422420595703125 0.54923428125 0.41313609765625 0.5476834287109374 0.4129456767578125 0.544742810546875 0.4304845341796875 0.537817666015625 0.4356008740234375 0.529737958984375 0.4661467666015625 0.5285007060546875 0.476223376953125 0.5339039892578125 0.4802963251953125 0.5270862373046875 0.497359130859375 0.5231886884765625 0.5130757392578125 0.5202770625 0.5399943056640625 0.5233669296875 0.58214017578125 0.5349574970703125 0.6159536513671875 0.544939228515625 0.6308172890625
2 0.55069489453125 0.4525247880859375 0.5495607470703125 0.461761681640625 0.55041457421875 0.4644236494140625 0.5581688408203125 0.46537575390625 0.554468923828125 0.4538405576171875 0.55069489453125 0.4525247880859375
2 0.5511201767578126 0.4875244697265625 0.554246587890625 0.4844988369140625 0.55359896875 0.48015743359375 0.54778326953125 0.47944335546875 0.544166041015625 0.4832611005859375 0.5467522255859375 0.48784053125 0.5511201767578126 0.4875244697265625
2 0.575595525390625 0.4837106474609375 0.570555251953125 0.4830917802734375 0.569111791015625 0.494847826171875 0.5781323017578125 0.4951030283203125 0.5767339609375 0.4872599384765625 0.575595525390625 0.4837106474609375
2 0.5526506142578125 0.50390755078125 0.5490827939453125 0.500912345703125 0.54489634765625 0.5029554462890625 0.5433207900390625 0.5061715009765625 0.5429373642578125 0.518910080078125 0.5460143671875 0.5226973974609375 0.5511577451171875 0.5224765478515625 0.5563752353515625 0.5120362724609375 0.5526506142578125 0.50390755078125
2 0.553100599609375 0.5355007578125 0.551784947265625 0.5430106103515625 0.5592299013671875 0.5464818681640625 0.56059925 0.544945248046875 0.5605455537109375 0.538972015625 0.553100599609375 0.5355007578125
2 0.526166875 0.5304889580078125 0.5250574306640625 0.5363193759765625 0.5273590068359375 0.540011482421875 0.53317470703125 0.540725560546875 0.5374889619140625 0.5344362666015625 0.535599802734375 0.5273852900390625 0.53076573828125 0.525086986328125 0.526166875 0.5304889580078125
2 0.59136498828125 0.5700322353515626 0.594540806640625 0.5601936513671875 0.59042847265625 0.55201732421875 0.5856975126953124 0.5488793046875 0.5820802841796875 0.55269705078125 0.5871001416015625 0.569508578125 0.59136498828125 0.5700322353515626
2 0.5577251923828125 0.606815892578125 0.5566941484375 0.615213068359375 0.5624604404296875 0.62274009765625 0.5659992685546875 0.61635559375 0.565764068359375 0.6086553193359375 0.5577251923828125 0.606815892578125
2 0.536131453125 0.4942078583984375 0.5375297939453125 0.502050947265625 0.5413038232421875 0.503366716796875 0.546212 0.49544559375 0.5444796416015625 0.4935281328125 0.536131453125 0.4942078583984375
2 0.5325099365234375 0.485239419921875 0.530418857421875 0.4926540634765625 0.53760390625 0.491831521484375 0.5386102451171875 0.4868408212890625 0.5372656005859375 0.48497096484375 0.5325099365234375 0.485239419921875
2 0.5662001650390625 0.521766392578125 0.564909216796875 0.52586976953125 0.5691246552734375 0.5332063779296875 0.570130994140625 0.5282156787109376 0.5690956630859375 0.523826669921875 0.5662001650390625 0.521766392578125
2 0.5595918857421875 0.4698123681640625 0.5559746572265625 0.4736301142578125 0.557785416015625 0.4781143330078125 0.56409193359375 0.478036298828125 0.56259048828125 0.4710329267578125 0.5595918857421875 0.4698123681640625
2 0.6000063623046875 0.5958122001953124 0.59380294921875 0.595050517578125 0.592512 0.59915389453125 0.598509205078125 0.601595013671875 0.6000063623046875 0.5958122001953124
2 0.59988610546875 0.545507181640625 0.6005337236328125 0.5498485849609375 0.6061185107421875 0.55564857421875 0.609166521484375 0.550056181640625 0.60758667578125 0.540486052734375 0.59988610546875 0.545507181640625
0 0.58268054296875 0.72409856640625 0.5823379501953125 0.704451826171875 0.5799289814453125 0.6888132529296875 0.5731520615234375 0.6734907392578126 0.5642056630859374 0.663016111328125 0.5472203876953124 0.6507020556640625 0.5292824697265625 0.6493519326171875 0.5143968505859375 0.6551956025390625 0.4973170478515625 0.6692936337890625 0.477733748046875 0.69416517578125 0.4766243046875 0.69999559375 0.4780226455078125 0.70783868359375 0.48337651953125 0.7187245830078125 0.4977798974609375 0.739245392578125 0.5169389404296875 0.7594977490234375 0.5314164306640625 0.7697991318359375 0.5462279375 0.774174888671875 0.5552484482421876 0.7744300908203124 0.560804244140625 0.7708503701171875 0.5699235712890625 0.7574796708984375 0.5804616552734375 0.7357594013671875 0.58268054296875 0.72409856640625
2 0.5026999140625 0.6895592412109375 0.501590470703125 0.6953896591796875 0.506036822265625 0.6976403564453125 0.5098355546875 0.6955496513671875 0.5087218232421875 0.688593884765625 0.5026999140625 0.6895592412109375
2 0.547584421875 0.734279716796875 0.5494692919921875 0.7285445087890625 0.5476585341796875 0.7240602900390625 0.5430059736328126 0.72348902734375 0.54119950390625 0.7317909921875 0.54388879296875 0.7355307041015625 0.547584421875 0.734279716796875
2 0.5594510234375 0.743408146484375 0.563249755859375 0.7413174404296875 0.5628083466796875 0.7352966025390625 0.5566049326171875 0.7345349189453125 0.5554170888671875 0.7377985791015625 0.55606470703125 0.7421399814453125 0.5594510234375 0.743408146484375
2 0.51857145703125 0.6949175302734375 0.520250119140625 0.6908617587890625 0.51882707421875 0.6864251455078125 0.5148715400390625 0.6833823349609375 0.5110233994140625 0.6922859912109375 0.5133249755859375 0.6959780986328125 0.51857145703125 0.6949175302734375
2 0.4995982080078125 0.6891783994140624 0.495048751953125 0.687767419921875 0.4939640126953125 0.6901913623046875 0.4985918681640625 0.6941691005859375 0.4995982080078125 0.6891783994140624
0 0.6571043525390625 0.6820940302734375 0.6644129208984375 0.664239111328125 0.67014164453125 0.6368140634765626 0.672228435546875 0.6166132373046875 0.6738942333984375 0.574198912109375 0.671431568359375 0.5525871064453125 0.6695177060546875 0.548942603515625 0.6655621728515625 0.5458997939453125 0.651967501953125 0.5476400869140625 0.630078337890625 0.5560333388671875 0.6142400751953125 0.572840943359375 0.6046836259765626 0.5929769873046875 0.58069583203125 0.66333609375 0.57865844921875 0.6767239697265625 0.583265888671875 0.6968943671875 0.5860582822265625 0.6997943623046875 0.5859347626953125 0.7168267392578125 0.592039359375 0.73121432421875 0.5950132578125 0.735841359375 0.6097216611328125 0.7410568330078126 0.6248134892578125 0.7335337275390625 0.6426150224609375 0.713557673828125 0.6571043525390625 0.6820940302734375
2 0.62367831640625 0.6626470390625 0.6276832587890625 0.6588768984375 0.6240370380859375 0.6533149365234375 0.618221337890625 0.6526008583984375 0.6145010048828125 0.6572583212890625 0.6178626162109375 0.6619329609375 0.62367831640625 0.6626470390625