0 0.4054883642578125 1 0.416975380859375 0.997026037109375 0.478686033203125 0.9859068955078125 0.499155314453125 0.9790644404296875 0.5027826396484375 0.9738963583984375 0.50842263671875 0.971236060546875 0.5026530771484375 0.9589570419921875 0.473493140625 0.922788021484375 0.439519673828125 0.9029523681640625 0.4065935205078125 0.8916464091796875 0.3534665419921875 0.8824272412109375 0.33134825390625 0.882781673828125 0.30800940625 0.8801375048828125 0.28164492578125 0.88061974609375 0.25458354296875 0.882368232421875 0.23788440234375 0.88520574609375 0.2089703408203125 0.89269153125 0.196010912109375 0.8982183349609375 0.19298527734375 0.9013447451171875 0.192972025390625 0.9151209208984376 0.1774325859375 0.9343454990234376 0.176562439453125 0.9411428349609375 0.1852795986328125 0.9566019609375 0.2005716826171875 0.970073111328125 0.208258703125 0.9840844873046874 0.2116651787109375 0.984059783203125 0.219633908203125 0.9795393203125 0.227286576171875 0.9793868076171875 0.230455025390625 0.977423537109375 0.2422586767578125 0.9763677890625 0.2554085263671875 0.97239183984375 0.26236429296875 0.9735055712890625 0.270571046875 0.9709236748046876 0.2806952626953125 0.9700741357421875 0.2831496337890625 0.9622951650390625 0.2863656884765625 0.960719607421875 0.303112435546875 0.958269806640625 0.3072329892578125 0.964060802734375 0.311479181640625 0.963932994140625 0.3196383310546875 0.960963384765625 0.3176256591796875 0.958455599609375 0.3199543916015625 0.95659543359375 0.3568067529296875 0.9512834150390626 0.3688960361328125 0.952553947265625 0.3686923623046875 0.96477926953125 0.3620394033203125 0.9730737626953125 0.3546247607421875 0.975164841796875 0.3543174619140625 1 0.4054883642578125 1
2 0.447115408203125 0.9370464384765625 0.45313624609375 0.93748784765625 0.4577937099609375 0.933767515625 0.45563822265625 0.9300965908203125 0.4487776669921875 0.92975828515625 0.444959919921875 0.933375513671875 0.447115408203125 0.9370464384765625
2 0.4200407724609375 0.952571099609375 0.424715412109375 0.9559327119140625 0.439449486328125 0.950975126953125 0.4396703359375 0.9458317490234375 0.4353289326171875 0.945184130859375 0.4246030263671875 0.9480753408203125 0.4200407724609375 0.952571099609375
2 0.302100955078125 0.887553466796875 0.295114759765625 0.8931339658203125 0.296335318359375 0.896132568359375 0.3007243271484375 0.8971678994140625 0.3082817841796875 0.8962399609375 0.313034458984375 0.8932950546875 0.30877108984375 0.88634091796875 0.302100955078125 0.887553466796875
2 0.380488166015625 0.9220072822265625 0.3684160595703125 0.9278186943359376 0.3646459189453125 0.9318236357421875 0.3659616884765625 0.9355976650390625 0.374977732421875 0.93960689453125 0.373631533203125 0.9425270966796875 0.3762935009765625 0.943380923828125 0.384088986328125 0.9443915517578125 0.389776587890625 0.9421189677734375 0.3863529365234375 0.9350617275390625 0.3910103994140625 0.93134139453125 0.392767869140625 0.92482866796875 0.380488166015625 0.9220072822265625
2 0.24996435546875 0.92111057421875 0.2665854619140625 0.924579578125 0.270766873046875 0.9169821123046875 0.2691178671875 0.91049408984375 0.24985196875 0.913253203125 0.2458438017578125 0.915319578125 0.24996435546875 0.92111057421875
2 0.270490572265625 0.8800215361328125 0.2570550908203125 0.8816712060546875 0.2578167744140625 0.887874619140625 0.2662615546875 0.8872312890625 0.272360427734375 0.8813661806640625 0.270490572265625 0.8800215361328125
0 0.837191021484375 0.3999579287109375 0.8497867841796874 0.39841136328125 0.8517518515625 0.4005314345703125 0.8559504384765625 0.400015912109375 0.8714766259765625 0.394567509765625 0.8791768994140625 0.3948027109375 0.94026868359375 0.378643294921875 0.9540202255859375 0.3726256748046875 0.9672481083984374 0.36234320703125 0.9675641689453125 0.357975255859375 0.9592926328125 0.3530874951171875 0.9544923525390625 0.3556446875 0.932612091796875 0.3579376875 0.92971209765625 0.3551452939453125 0.9254182998046875 0.354885388671875 0.9199687236328125 0.3590965390625 0.900923673828125 0.356712275390625 0.86597159765625 0.35667470703125 0.8102513544921875 0.3749294892578125 0.78975164453125 0.38846617578125 0.7927468486328125 0.39203399609375 0.811982318359375 0.3959691142578125 0.815198373046875 0.394393556640625 0.8279369521484375 0.3940101318359375 0.837191021484375 0.3999579287109375
2 0.84410851171875 0.3660496513671875 0.8291364111328124 0.3690686689453125 0.8255090859375 0.3742367509765625 0.8292964033203125 0.37731375390625 0.841987376953125 0.376542615234375 0.84940201953125 0.3744515361328125 0.850414982421875 0.3688173408203125 0.84410851171875 0.3660496513671875
2 0.87652818359375 0.3801727080078125 0.8808219814453125 0.38043261328125 0.8892191572265625 0.3794015693359375 0.8906129609375 0.3768690810546875 0.896490984375 0.3761473505859375 0.8959197216796875 0.3714947900390625 0.890929021484375 0.3725011298828125 0.8837828349609375 0.3698365439453125 0.8756236845703125 0.372806154296875 0.8727408662109375 0.377095705078125 0.87652818359375 0.3801727080078125
2 0.8010792431640625 0.383533294921875 0.8110778193359375 0.388602560546875 0.8154972578125 0.3829436611328125 0.81473557421875 0.376740248046875 0.8093640322265625 0.374644880859375 0.805308259765625 0.3763235419921875 0.8010792431640625 0.383533294921875
2 0.8754676171875 0.3854191904296875 0.873026498046875 0.3794219853515625 0.8682262177734374 0.3819791787109375 0.8661831181640625 0.386165625 0.8754676171875 0.3854191904296875
2 0.920020251953125 0.380342373046875 0.9034163212890625 0.3839553134765625 0.9012304052734375 0.3869786201171875 0.9043208203125 0.3913218671875 0.9219072841796875 0.3887689619140625 0.920020251953125 0.380342373046875
2 0.8280321630859375 0.39478555859375 0.8179555517578125 0.396022810546875 0.8099868232421875 0.4005432744140625 0.81564399609375 0.4049649208984375 0.8248808896484375 0.4038307734375 0.83042567578125 0.4003950498046875 0.8318194794921875 0.397862560546875 0.8280321630859375 0.39478555859375
2 0.859785361328125 0.40348062890625 0.8683253525390625 0.403612724609375 0.8747574619140625 0.4004616103515625 0.873203666015625 0.3947490146484375 0.86391916796875 0.39549544921875 0.8582791708984375 0.39815574609375 0.859785361328125 0.40348062890625
0 0.51386044140625 0.9044505498046875 0.541744365234375 0.895517015625 0.545609716796875 0.8922875 0.562213646484375 0.8886745595703125 0.5758051962890625 0.8744118544921875 0.5877001337890625 0.8532734140625 0.5858435302734375 0.83815259375 0.5722784873046876 0.824862947265625 0.5676990576171875 0.8222767626953125 0.5460396455078125 0.819426384765625 0.5216878369140625 0.82241641015625 0.4666644951171875 0.83940494921875 0.4539430927734375 0.846870318359375 0.4463076015625 0.854104775390625 0.434507873046875 0.8760186435546875 0.437489826171875 0.8933626396484375 0.4550630361328125 0.90458591015625 0.45862950390625 0.912806291015625 0.4743632880859375 0.915990685546875 0.4904607373046875 0.9151948427734375 0.501978755859375 0.9118128154296875 0.51386044140625 0.9044505498046875
2 0.4808999365234375 0.8789807021484375 0.486319083984375 0.8814637822265625 0.4963956943359375 0.8802265302734374 0.49488950390625 0.8749016474609375 0.4897083828125 0.8743571337890625 0.4814064169921875 0.8761636044921876 0.4808999365234375 0.8789807021484375
2 0.5075844013671875 0.89498862890625 0.500914265625 0.896201177734375 0.500598205078125 0.90056912890625 0.50414749609375 0.901707564453125 0.5082032685546874 0.90002890234375 0.5075844013671875 0.89498862890625
2 0.4610932041015625 0.8703930244140625 0.4604743369140625 0.8653527509765625 0.4526312470703125 0.86395441015625 0.4491467373046875 0.8702856318359375 0.4610932041015625 0.8703930244140625
2 0.5097757216796875 0.8364729072265625 0.50337404296875 0.832929791015625 0.4954053134765625 0.8374502548828126 0.5019022041015625 0.8417687978515624 0.50857233984375 0.8405562490234375 0.5097757216796875 0.8364729072265625
2 0.554054498046875 0.891644169921875 0.55372126171875 0.8889301767578125 0.5453240849609375 0.889961220703125 0.5483192900390625 0.893529041015625 0.554054498046875 0.891644169921875
0 0.72112245703125 0.93331305078125 0.7251001953125 0.9379409072265625 0.73411623828125 0.94195013671875 0.759178201171875 0.92391769140625 0.76657566796875 0.9147446669921875 0.7730553828125 0.911981265625 0.7818770810546875 0.8935815224609375 0.7787390615234375 0.8888505615234376 0.758854294921875 0.8865694013671875 0.7774802255859375 0.8508299501953125 0.7705377119140625 0.83594004296875 0.756275765625 0.8239166416015625 0.733949880859375 0.8156382763671876 0.7173287744140625 0.8121692724609375 0.7133986416015625 0.8079291298828125 0.7089792041015625 0.813588029296875 0.6798442919921875 0.8262171923828125 0.66694964453125 0.8392136533203125 0.6599501962890625 0.858570328125 0.6605253828125 0.8840810087890625 0.6669918447265625 0.8950937822265626 0.6913647529296875 0.9200438212890625 0.72112245703125 0.93331305078125
2 0.70118223828125 0.8889279375 0.7059044833984375 0.8926772626953124 0.714998560546875 0.890379974609375 0.7151242001953125 0.884461169921875 0.7061081572265625 0.8804519404296876 0.7013078779296875 0.8830091328125 0.70118223828125 0.8889279375
2 0.681967869140625 0.912932884765625 0.6862616669921875 0.9131927890625 0.6877982861328125 0.9118234404296875 0.686196884765625 0.9057231318359374 0.6782585859375 0.9035493642578125 0.676025064453125 0.90618495703125 0.681967869140625 0.912932884765625
0 0.759782857421875 0.7691749482421875 0.77108002734375 0.7709362978515625 0.78777916796875 0.7680987841796875 0.799028732421875 0.7694724208984375 0.8302410986328125 0.7668207001953125 0.8323794091796874 0.7634096806640625 0.848935734375 0.7594090263671875 0.8610554453125 0.753985328125 0.8692450234375 0.744321486328125 0.8672323525390625 0.7418137021484374 0.870210380859375 0.738299578125 0.877815443359375 0.7377593525390626 0.882663328125 0.735589873046875 0.8819796787109375 0.72307994140625 0.8653890009765625 0.7129167060546875 0.8462487421875 0.7097570146484375 0.8157808837890625 0.711530205078125 0.7858842880859375 0.717955955078125 0.779785416015625 0.7238210634765625 0.7625797939453125 0.7294756748046874 0.7565761318359375 0.7361162099609375 0.7412403662109375 0.7431154658203125 0.7385003642578125 0.74856815625 0.726809099609375 0.757481275390625 0.7273327568359375 0.7617461220703124 0.7356995029296876 0.7674093095703125 0.7415775263671875 0.7666875791015625 0.7496110361328125 0.7696367734375 0.759782857421875 0.7691749482421875
2 0.7339381103515625 0.753063916015625 0.740798666015625 0.7534022216796875 0.7446640185546874 0.7501727060546876 0.744045150390625 0.7451324326171875 0.7396561416015625 0.7440971015625 0.7341113544921875 0.7475328251953125 0.7339381103515625 0.753063916015625
2 0.660813978515625 0.733706216796875 0.643812029296875 0.727135505859375 0.6369990791015625 0.7271849140625 0.6361937138671875 0.7414519072265625 0.6398858203125 0.7437534833984375 0.646603560546875 0.7429286484375 0.6503737021484375 0.73892370703125 0.660813978515625 0.733706216796875
2 0.63316415625 0.7237201982421875 0.6363021767578125 0.728451158203125 0.6489931513671875 0.72768001953125 0.6488807646484375 0.7198226484375 0.643652037109375 0.718890421875 0.6353500732421875 0.7206968916015625 0.63316415625 0.7237201982421875
2 0.6321472705078125 0.7084962734375 0.6280914990234375 0.710174935546875 0.6278230439453125 0.714930599609375 0.638708943359375 0.720284474609375 0.6438424580078125 0.7204412744140625 0.64732696875 0.714110052734375 0.64591598828125 0.70956059765625 0.6321472705078125 0.7084962734375
2 0.6356263740234375 0.7576574677734375 0.63874721875 0.7553064833984375 0.6514857978515625 0.75492305859375 0.659406921875 0.750014880859375 0.65809115234375 0.7462408525390625 0.6484734169921875 0.74427329296875 0.6391413134765624 0.7446320146484375 0.63038047265625 0.7496432958984375 0.6320770830078125 0.75651903125 0.6356263740234375 0.7576574677734375
0 0.7387212138671875 0.743424779296875 0.751585431640625 0.737122548828125 0.761692470703125 0.7291910654296875 0.7723231689453125 0.7255244287109375 0.78208371875 0.7286551279296875 0.7799758369140625 0.7253719169921875 0.7830490751953125 0.7226332197265625 0.78047839453125 0.70169669921875 0.7793530458984375 0.6994735234375 0.772397279296875 0.698359791015625 0.7483787060546875 0.704063810546875 0.7319004150390624 0.701757947265625 0.72362887890625 0.696870185546875 0.697550029296875 0.69967870703125 0.68896243359375 0.6991588974609375 0.6723108974609375 0.702384125 0.659637099609375 0.7102372080078125 0.66219060546875 0.724091783203125 0.674028609375 0.7371999248046875 0.686039857421875 0.7447769755859375 0.7238615 0.75430116796875 0.7303888193359375 0.75192548046875 0.7387212138671875 0.743424779296875
2 0.7248096806640625 0.7411973154296875 0.717299828125 0.7425129677734374 0.7135772919921874 0.746905623046875 0.7149882724609375 0.751455078125 0.7210567158203125 0.752284201171875 0.7300555830078125 0.7492114873046875 0.7291986884765626 0.742232646484375 0.7248096806640625 0.7411973154296875
2 0.692264369140625 0.7329930625 0.6874164853515625 0.7351625419921874 0.6854209892578125 0.7397367021484375 0.6895719716796875 0.738833466796875 0.69657534375 0.740334912109375 0.7005835107421875 0.738268537109375 0.6990773193359375 0.732943654296875 0.692264369140625 0.7329930625
2 0.709565201171875 0.7281138779296875 0.7121795654296875 0.7285799912109375 0.7177243505859375 0.725144267578125 0.7191181552734375 0.7226117783203125 0.7102925322265625 0.72015340234375 0.7074097138671875 0.724442953125 0.709565201171875 0.7281138779296875
2 0.7215936259765625 0.7427728720703125 0.7257922138671875 0.7422573505859374 0.7285322158203125 0.73680466015625 0.7274372958984375 0.7278872529296875 0.715871671875 0.7308815673828125 0.71579363671875 0.7371880849609375 0.7215936259765625 0.7427728720703125
0 0.6811012080078125 0.517119419921875 0.703501203125 0.4982331474609375 0.7065572666015625 0.4884125048828125 0.7059212216796875 0.476290287109375 0.6996927861328125 0.467216080078125 0.6939880078125 0.46240671875 0.6850195693359376 0.458785203125 0.676384369140625 0.4578776796875 0.665355654296875 0.4513606650390625 0.6541060888671875 0.4499870283203125 0.6252224560546875 0.4507785830078125 0.5999052900390625 0.459790517578125 0.5834613505859375 0.47164854296875 0.5831624677734375 0.4830984384765625 0.58948611328125 0.492948072265625 0.602813130859375 0.5042991513671875 0.6488110986328125 0.5179356787109375 0.6617400986328125 0.519103107421875 0.6811012080078125 0.517119419921875
2 0.6976060048828125 0.4918729326171875 0.7046569814453125 0.493762091796875 0.70852233203125 0.490532576171875 0.7071113525390625 0.48598312109375 0.7019778359375 0.4858263203125 0.6972251630859375 0.4887712265625 0.6976060048828125 0.4918729326171875
2 0.5873001962890625 0.49597137890625 0.591736810546875 0.497394423828125 0.5956973720703125 0.4949403349609375 0.5958706171875 0.489409244140625 0.59133879296875 0.4872107724609375 0.5862528818359375 0.487441685546875 0.5873001962890625 0.49597137890625
2 0.6289091572265625 0.50857257421875 0.61933902734375 0.506992728515625 0.61734353125 0.511566888671875 0.62261986328125 0.5128868291015625 0.6301773212890625 0.5119588896484375 0.6289091572265625 0.50857257421875
2 0.674942958984375 0.460022455078125 0.6800764755859375 0.460179255859375 0.6816130947265625 0.45880990625 0.6811370419921875 0.4549327734375 0.67324634765625 0.45314671875 0.6720905693359375 0.4576177744140625 0.674942958984375 0.460022455078125
0 1 0.5637075283203125 0.9977856318359375 0.5624569873046875 0.999876337890625 0.55865825390625 0.98124255859375 0.55268146484375 0.980712275390625 0.5553047060546875 0.9722522802734375 0.5592951513671875 0.9610589091796875 0.5618502001953125 0.9328721767578125 0.5613755107421875 0.91957951171875 0.5641883203125 0.9067152939453125 0.5704905498046875 0.896655859375 0.5788097470703125 0.8826054345703125 0.5962772626953124 0.8823369794921875 0.601032927734375 0.886124296875 0.6041099296875 0.880406265625 0.6130767451171875 0.882102876953125 0.61995248046875 0.90137269921875 0.6380514873046875 0.9298622373046875 0.64793440234375 0.95673319921875 0.6446350625 0.9722593857421875 0.63918666015625 0.9947241640625 0.627770044921875 1 0.6228566025390625 1 0.6105454111328125 0.998507556640625 0.6099889267578125 0.997144181640625 0.6058271845703125 1 0.602698310546875 1 0.5637075283203125
2 0.9077267744140625 0.641206890625 0.9128602890625 0.64136369140625 0.9143493037109375 0.63960662890625 0.9148081796875 0.636401818359375 0.9087873408203125 0.635960408203125 0.9064110048828125 0.637432861328125 0.9077267744140625 0.641206890625
2 0.9911326728515625 0.5707514794921875 0.9789653564453125 0.57578746484375 0.976225353515625 0.5812401552734375 0.9844016796875 0.585352490234375 0.9926560400390625 0.583158306640625 0.9911326728515625 0.5707514794921875
2 0.8859034462890625 0.6092533076171875 0.8878037314453125 0.6039037216796875 0.8806099384765625 0.6008514228515625 0.879042890625 0.6089150029296875 0.8859034462890625 0.6092533076171875
2 0.9776402568359375 0.6066477314453125 0.97955771875 0.60838008984375 0.9861802490234375 0.606779828125 0.986448703125 0.6020241630859375 0.9836439189453124 0.6000071962890625 0.980285048828125 0.6004196142578125 0.9776402568359375 0.6066477314453125
2 0.8973223330078125 0.5842377333984375 0.902836689453125 0.5874962412109375 0.914497525390625 0.585277353515625 0.914337533203125 0.5770322685546875 0.90486261328125 0.576227849609375 0.9000623349609375 0.57878504296875 0.8973223330078125 0.5842377333984375
2 0.945830125 0.6321992431640625 0.95218419921875 0.635354646484375 0.9568892685546875 0.63202202734375 0.954954630859375 0.623207724609375 0.95066083203125 0.6229478193359375 0.9467002705078125 0.625401908203125 0.945830125 0.6321992431640625
0 0.79613414453125 0.711187611328125 0.8144651142578125 0.70775617578125 0.8234163759765625 0.704295748046875 0.8786949189453125 0.696327720703125 0.8925416708984375 0.69108552734375 0.897848431640625 0.685711236328125 0.89594422265625 0.670202703125 0.8825696005859375 0.65846391015625 0.870891587890625 0.653600853515625 0.8421335947265625 0.648473603515625 0.7892618173828125 0.6482749462890625 0.771627748046875 0.6504401376953125 0.734459326171875 0.6601201064453125 0.7128342666015625 0.6714336181640626 0.7109339814453125 0.6767832041015625 0.734307181640625 0.6935912626953125 0.7367959052734375 0.6999761806640625 0.7481406796875 0.702125244140625 0.767168552734375 0.697427564453125 0.7790674140625 0.6971472431640625 0.7871181005859375 0.7071783818359375 0.79613414453125 0.711187611328125
2 0.828096421875 0.6521649443359375 0.820634173828125 0.6538683095703125 0.82050853515625 0.6597871142578124 0.82489754296875 0.6608224462890625 0.829888244140625 0.6598161064453125 0.828096421875 0.6521649443359375
0 0.5976314873046875 0.753664365234375 0.6014968388671875 0.7504348505859375 0.61735626171875 0.74770044140625 0.62385315234375 0.7520189833984375 0.6314106103515625 0.751091044921875 0.6361328564453125 0.7548403701171875 0.6432618671875 0.7504230107421875 0.655303544921875 0.7513058291015625 0.6713057822265625 0.749734560546875 0.6736821201171875 0.748262107421875 0.6778159267578125 0.740276927734375 0.6715570615234375 0.737896951171875 0.664584119140625 0.729701275390625 0.658243296875 0.7127696962890625 0.6175216591796875 0.700453109375 0.6099165966796875 0.7009933349609375 0.594676041015625 0.7087680185546875 0.58415773046875 0.7202920263671875 0.5771887119140625 0.7329544697265625 0.580456294921875 0.75262474609375 0.5783655888671875 0.756423478515625 0.58860219140625 0.7634313115234375 0.5865114853515625 0.7672300439453125 0.5941641552734375 0.76707753125 0.606980767578125 0.7603875888671875 0.5976314873046875 0.753664365234375