0 0.5 0.4984375 0.5101522841796875 0.501953125 0.5439932314453125 0.524609375 0.5685279189453125 0.54453125 0.6032148896484375 0.561328125 0.61844331640625 0.56484375 0.6421319794921875 0.575390625 0.6810490693359375 0.58125 0.7893401015625 0.585546875 0.7978003388671875 0.58515625 0.809644669921875 0.581640625 0.8172588828125 0.56953125 0.8240270732421875 0.564453125 0.8307952626953125 0.548828125 0.8460236884765625 0.529296875 0.849407783203125 0.52109375 0.8460236884765625 0.503125 0.8392554990234375 0.49453125 0.82741116796875 0.487109375 0.8045685283203124 0.46640625 0.7893401015625 0.435546875 0.77664974609375 0.4234375 0.7605752958984375 0.415625 0.7208121826171875 0.399609375 0.6945854482421875 0.396484375 0.6802030458984375 0.39765625 0.5947546533203125 0.386328125 0.5634517763671875 0.3875 0.560067681640625 0.3859375 0.53976311328125 0.390625 0.531302876953125 0.39609375 0.5169204736328125 0.3984375 0.5084602373046875 0.403515625 0.492385787109375 0.407421875 0.48561759765625 0.4125 0.4822335029296875 0.419140625 0.4729272421875 0.425390625 0.4653130283203125 0.4375 0.467851099609375 0.471875 0.4780033837890625 0.4828125 0.4839255498046875 0.484375 0.5 0.4984375
2 0.6345177666015624 0.469921875 0.6302876484375 0.466796875 0.6226734345703125 0.467578125 0.6167512685546875 0.4703125 0.61759729296875 0.474609375 0.6269035537109375 0.476171875 0.6345177666015624 0.469921875
2 0.65736040625 0.433203125 0.6666666669921875 0.432421875 0.6751269033203126 0.435546875 0.677664974609375 0.432421875 0.6759729267578125 0.42890625 0.683587140625 0.423828125 0.6852791875 0.4078125 0.6818950927734375 0.406640625 0.6759729267578125 0.407421875 0.6692047373046875 0.402734375 0.665820642578125 0.40390625 0.6615905244140625 0.39921875 0.65736040625 0.4 0.6421319794921875 0.39765625 0.6277495771484375 0.402734375 0.6269035537109375 0.40859375 0.6412859560546875 0.41953125 0.6412859560546875 0.428125 0.65736040625 0.433203125
2 0.809644669921875 0.4796875 0.80287648046875 0.478515625 0.794416244140625 0.4796875 0.7918781728515625 0.48203125 0.80203045703125 0.485546875 0.8113367177734375 0.484375 0.809644669921875 0.4796875
2 0.80118443359375 0.548828125 0.794416244140625 0.546875 0.781725888671875 0.551171875 0.782571912109375 0.553515625 0.795262267578125 0.555078125 0.80118443359375 0.552734375 0.80118443359375 0.548828125
2 0.788494078125 0.573046875 0.7876480537109375 0.56796875 0.7791878173828125 0.56796875 0.77664974609375 0.56953125 0.77580372265625 0.57265625 0.7791878173828125 0.574609375 0.783417935546875 0.575 0.788494078125 0.573046875
0 0.086294416015625 0.466796875 0.073604060546875 0.483984375 0.0676818955078125 0.4859375 0.06514382421875 0.489453125 0.0676818955078125 0.49296875 0.09221658203125 0.486328125 0.111675126953125 0.484375 0.1480541455078125 0.485546875 0.15736040625 0.48828125 0.1818950927734375 0.486328125 0.1886632822265625 0.48828125 0.256345177734375 0.4828125 0.2724196279296875 0.4796875 0.2876480537109375 0.480078125 0.3045685283203125 0.473828125 0.361252115234375 0.46015625 0.373942470703125 0.454296875 0.3917089677734375 0.451171875 0.4306260576171875 0.432421875 0.4500846025390625 0.4078125 0.453468697265625 0.396875 0.4517766494140625 0.380078125 0.441624365234375 0.367578125 0.41962775 0.35703125 0.4103214892578125 0.355859375 0.400169205078125 0.35078125 0.393401015625 0.349609375 0.38240270703125 0.34296875 0.3519458544921875 0.33515625 0.3206429775390625 0.332421875 0.309644669921875 0.32890625 0.30203045703125 0.33125 0.2935702197265625 0.33046875 0.231810490234375 0.33828125 0.2081218271484375 0.345703125 0.2021996611328125 0.350390625 0.1886632822265625 0.3546875 0.13282571875 0.367578125 0.1167512685546875 0.375 0.1032148896484375 0.384765625 0.0820642978515625 0.415625 0.085448392578125 0.421484375 0.084602369140625 0.4359375 0.0879864638671875 0.439453125 0.086294416015625 0.466796875
2 0.4060913701171875 0.410546875 0.40778341796875 0.40546875 0.401861251953125 0.4015625 0.3908629443359375 0.398828125 0.38155668359375 0.402734375 0.38240270703125 0.4078125 0.3908629443359375 0.4109375 0.400169205078125 0.4125 0.4060913701171875 0.410546875
2 0.1852791875 0.404296875 0.1827411171875 0.40625 0.1844331640625 0.410546875 0.19627749609375 0.410546875 0.2005076142578125 0.408203125 0.1852791875 0.404296875
2 0.150592216796875 0.399609375 0.1539763115234375 0.40546875 0.164128595703125 0.404296875 0.1539763115234375 0.39921875 0.150592216796875 0.399609375
2 0.3857868017578125 0.44375 0.3993231806640625 0.439453125 0.3967851103515625 0.430859375 0.3993231806640625 0.42734375 0.3950930625 0.426171875 0.3832487314453125 0.428515625 0.376480541015625 0.428125 0.3680203046875 0.43203125 0.3663282568359375 0.43515625 0.376480541015625 0.44296875 0.38071066015625 0.44140625 0.3857868017578125 0.44375
2 0.2335025380859375 0.353515625 0.22504230078125 0.35 0.216582064453125 0.3515625 0.216582064453125 0.35625 0.2199661591796875 0.357421875 0.2284263955078125 0.35703125 0.2335025380859375 0.353515625
2 0.5253807109375 0.45 0.521150591796875 0.44921875 0.5160744501953125 0.451171875 0.5160744501953125 0.45546875 0.5245346865234375 0.456640625 0.52791878125 0.455078125 0.5253807109375 0.45
2 0.704737732421875 0.40703125 0.7013536376953124 0.4109375 0.7005076142578125 0.415625 0.7089678515625 0.416015625 0.7089678515625 0.4078125 0.704737732421875 0.40703125
0 0.532148900390625 0.38046875 0.56429780078125 0.37890625 0.6040609140625 0.37109375 0.6751269033203126 0.370703125 0.7131979697265625 0.366015625 0.75126903515625 0.360546875 0.7868020302734375 0.35 0.7935702197265625 0.3453125 0.7910321484375 0.33828125 0.7673434853515625 0.3296875 0.7402707275390625 0.322265625 0.705583755859375 0.318359375 0.69627749609375 0.31171875 0.6954314716796876 0.30625 0.6692047373046875 0.29296875 0.6539763115234375 0.289453125 0.6082910322265624 0.286328125 0.5812182744140625 0.282421875 0.544839255859375 0.2828125 0.532148900390625 0.284375 0.51353637890625 0.2875 0.4898477158203125 0.294921875 0.46023688671875 0.314453125 0.445854484375 0.3359375 0.4467005078125 0.35078125 0.4653130283203125 0.356640625 0.5042301181640625 0.376171875 0.532148900390625 0.38046875
2 0.554145515625 0.352734375 0.547377326171875 0.3515625 0.5439932314453125 0.353125 0.544839255859375 0.35625 0.55245346875 0.35625 0.554145515625 0.352734375
2 0.6421319794921875 0.35703125 0.637901861328125 0.355859375 0.63282571875 0.356640625 0.6319796953125 0.365234375 0.6345177666015624 0.366796875 0.6421319794921875 0.362109375 0.6421319794921875 0.35703125
2 0.6827411171875 0.355078125 0.676818951171875 0.352734375 0.67005076171875 0.3546875 0.6692047373046875 0.358203125 0.6810490693359375 0.364453125 0.6852791875 0.361328125 0.6827411171875 0.355078125
2 0.731810490234375 0.339453125 0.7275803720703125 0.33984375 0.72419627734375 0.3421875 0.7326565146484375 0.346484375 0.7351945849609375 0.341796875 0.731810490234375 0.339453125
2 0.5025380712890625 0.310546875 0.5016920478515625 0.30390625 0.4915397626953125 0.303125 0.4847715732421875 0.305078125 0.4822335029296875 0.30625 0.4839255498046875 0.310546875 0.4906937392578125 0.31171875 0.5025380712890625 0.310546875
2 0.5634517763671875 0.303125 0.558375634765625 0.30078125 0.55245346875 0.3 0.544839255859375 0.302734375 0.5439932314453125 0.30703125 0.5499153974609375 0.308984375 0.5634517763671875 0.306640625 0.5634517763671875 0.303125
2 0.6802030458984375 0.30546875 0.676818951171875 0.305078125 0.67258883203125 0.30859375 0.67174280859375 0.310546875 0.677664974609375 0.314453125 0.6810490693359375 0.3125 0.6802030458984375 0.30546875
2 0.7106598984375 0.333984375 0.6996615908203125 0.333984375 0.69796954296875 0.337890625 0.704737732421875 0.3421875 0.7106598984375 0.33984375 0.7106598984375 0.333984375