0 0.401661689453125 0.4053435556640625 0.394219275390625 0.416058306640625 0.3867904775390625 0.4379434326171875 0.368882591796875 0.503511787109375 0.3648039267578125 0.53114208203125 0.3626835439453125 0.56341305078125 0.3684463056640625 0.582469755859375 0.3849319580078125 0.5879538447265625 0.3976479580078125 0.5833234189453125 0.4186181767578125 0.5543761865234375 0.431873373046875 0.5309411865234375 0.440806103515625 0.505025869140625 0.4462205791015625 0.481067412109375 0.459056255859375 0.453263064453125 0.462435197265625 0.434100138671875 0.462821462890625 0.386919125 0.456981447265625 0.377298623046875 0.4570026591796875 0.3704297626953125 0.445090869140625 0.3794973681640625 0.4355644755859375 0.3795357578125 0.4323748701171875 0.3841277939453125 0.4182109775390625 0.39022106640625 0.401661689453125 0.4053435556640625
2 0.4389250751953125 0.4909489931640625 0.4410166513671875 0.483586119140625 0.43882058984375 0.4780444453125 0.4367502265625 0.478538458984375 0.4312873056640625 0.4870250234375 0.43141300390625 0.4930607119140625 0.4358823798828125 0.4947078583984375 0.4389250751953125 0.4909489931640625
2 0.3820741513671875 0.500683365234375 0.3804233076171875 0.5055467265625 0.3809336962890625 0.5116502470703125 0.386172453125 0.5134330556640625 0.3880822890625 0.502601837890625 0.386599568359375 0.4997631689453125 0.3820741513671875 0.500683365234375
0 0.033896986328125 0.7769067998046875 0.0327353193359375 0.794742541015625 0.034413396484375 0.8122199296875 0.046128255859375 0.83576244921875 0.0492966494140625 0.8380392734375 0.05825661328125 0.8344647060546875 0.07484073046875 0.823643734375 0.0861860908203125 0.811039953125 0.096965021484375 0.79489999609375 0.1017146015625 0.7837104248046876 0.10765308203125 0.777025865234375 0.1205447998046875 0.746654173828125 0.137397080078125 0.6645772626953125 0.1373274228515625 0.6559742314453125 0.0950250810546875 0.6596831611328124 0.0692568359375 0.68434807421875 0.0518957421875 0.7130726181640625 0.044138294921875 0.7323225703125 0.037275927734375 0.7577438740234375 0.033896986328125 0.7769067998046875
2 0.0687917431640625 0.78821413671875 0.0695262958984375 0.784048283203125 0.0678618349609375 0.7777412685546875 0.06111914453125 0.779988650390625 0.0591744794921875 0.786518353515625 0.0602164697265625 0.7918565341796875 0.0657490478515625 0.791973001953125 0.0687917431640625 0.78821413671875
2 0.0804657529296875 0.778245529296875 0.0828511494140625 0.7692163154296875 0.07961309765625 0.7583364599609375 0.0723175947265625 0.7682180400390625 0.073688234375 0.7761913955078125 0.0804657529296875 0.778245529296875
2 0.0943009951171875 0.76951708203125 0.09677726171875 0.7622220400390625 0.0939935576171875 0.760013046875 0.0903283916015625 0.7628030791015625 0.09045408984375 0.7688387685546875 0.0943009951171875 0.76951708203125
2 0.1077455263671875 0.73151119140625 0.10349271875 0.73763390625 0.1025688310546875 0.756370650390625 0.1107245859375 0.748358904296875 0.1119907392578125 0.7434277119140625 0.111298611328125 0.7338558466796875 0.1077455263671875 0.73151119140625
2 0.098114646484375 0.718645033203125 0.1001153525390625 0.7095479873046875 0.0981570712890625 0.704907314453125 0.091267470703125 0.7079878671875 0.0927289794921875 0.7176953955078125 0.098114646484375 0.718645033203125
2 0.07564808984375 0.7335832216796875 0.0746757578125 0.7368480732421875 0.0783545400390625 0.7452284169921874 0.0841248984375 0.7462458876953125 0.088762396484375 0.74019100390625 0.0913855732421875 0.7320627900390625 0.084426314453125 0.726540310546875 0.08392954296875 0.731607166015625 0.077662412109375 0.7356565517578125 0.07564808984375 0.7335832216796875
2 0.129535146484375 0.6709226669921875 0.1262895 0.678082046875 0.1260305078125 0.684049904296875 0.1320386455078125 0.6859683759765625 0.1356901953125 0.67200796875 0.1345921640625 0.669237130859375 0.129535146484375 0.6709226669921875
2 0.073085400390625 0.8156025478515625 0.0744560400390625 0.8235759033203125 0.075994802734375 0.823847228515625 0.081345640625 0.8204953505859375 0.084975978515625 0.813403802734375 0.08393398828125 0.8080656220703125 0.07629621875 0.80414165234375 0.074022904296875 0.8080361806640625 0.073085400390625 0.8156025478515625
2 0.108387634765625 0.7728600107421875 0.100931603515625 0.77240438671875 0.0960002841796875 0.780125611328125 0.103106453125 0.7848149208984375 0.108128642578125 0.7788278681640625 0.1087162841796875 0.775495185546875 0.108387634765625 0.7728600107421875
2 0.0509021982421875 0.723206330078125 0.0493422236328125 0.72980386328125 0.0519229755859375 0.735413369140625 0.05875653515625 0.7349001611328125 0.059036740234375 0.722063443359375 0.0534132919921875 0.7202128037109375 0.0509021982421875 0.723206330078125
2 0.080467328125 0.73099668359375 0.080964099609375 0.7259298291015625 0.0746273125 0.7213761826171875 0.069717205078125 0.7222285478515625 0.0675347607421875 0.7278572490234375 0.07121354296875 0.736237591796875 0.0765992099609375 0.73718723046875 0.080467328125 0.73099668359375
2 0.0636954501953125 0.709139701171875 0.06224755859375 0.7106025478515625 0.061932525390625 0.7191377490234375 0.0743334912109375 0.7230425234375 0.0770823662109375 0.7209499990234375 0.076796140625 0.7045771064453125 0.0636954501953125 0.709139701171875
2 0.09590339453125 0.749181828125 0.0983448310546875 0.73758526953125 0.0941692763671875 0.734271783203125 0.089440908203125 0.7385924931640625 0.089601435546875 0.7489296982421875 0.09590339453125 0.749181828125
2 0.0784742177734375 0.72205449609375 0.084076453125 0.7307739951171875 0.0879233583984375 0.73145230859375 0.0876507490234375 0.726249791015625 0.0934423193359375 0.720398400390625 0.0917430302734375 0.7097898701171875 0.086979833984375 0.7098090654296875 0.0806566630859375 0.716425794921875 0.0784742177734375 0.72205449609375
0 0.0957255302734375 0 0.0913395380859375 0.0147270751953125 0.0870579228515625 0.045757884765625 0.0927298154296875 0.0630804169921875 0.1124323056640625 0.0863132216796875 0.1303658505859375 0.09033446484375 0.1426971591796875 0.08563620703125 0.1530353583984375 0.0719957607421875 0.1591071328125 0.053307654296875 0.16004463671875 0.045741287109375 0.15829690234375 0.019660865234375 0.1555828564453125 0.0260549052734375 0.1512952197265625 0.0278761044921875 0.1508484677734375 0.001166005859375 0.150540751953125 0 0.0957255302734375 0
2 0.1142164443359375 0.0694463134765625 0.1167487509765625 0.059583927734375 0.11321687890625 0.0503704140625 0.105298904296875 0.0592831611328125 0.109747068359375 0.0677991669921875 0.1142164443359375 0.0694463134765625
2 0.121527138671875 0.0234862626953125 0.117127419921875 0.0304421494140625 0.120183732421875 0.0378536591796875 0.1238837275390625 0.0393651435546875 0.1263039521484375 0.034637443359375 0.1328997314453125 0.0332232333984375 0.121527138671875 0.0234862626953125
2 0.1405010986328125 0.0800945322265625 0.1389275068359375 0.07552169140625 0.1292754150390625 0.069524392578125 0.12481965625 0.07904762109375 0.1236443720703125 0.085712986328125 0.121042408203125 0.08697233984375 0.1318137431640625 0.0888716162109375 0.1405010986328125 0.0800945322265625
2 0.14955952734375 0.060214904296875 0.1521827041015625 0.0520866904296875 0.14562934765625 0.0397631826171875 0.1427683916015625 0.0469903935546875 0.143936080078125 0.058364263671875 0.14955952734375 0.060214904296875
2 0.1426927138671875 0.0091777509765625 0.1360757216796875 0.0174608212890625 0.1359075986328125 0.0251628515625 0.145231041015625 0.0285249765625 0.1487144677734375 0.0222665986328125 0.1478754296875 0.0135279033203125 0.1426927138671875 0.0091777509765625
2 0.104229681640625 0.0316042294921875 0.1015716767578125 0.0354309267578125 0.1014595947265625 0.0405656123046875 0.106075880859375 0.0413795888671875 0.11041955859375 0.036991046875 0.10846127734375 0.0323503740234375 0.104229681640625 0.0316042294921875
2 0.1152115634765625 0.0120637568359375 0.111105666015625 0.0173533017578125 0.1132805146484375 0.0297638359375 0.1200580341796875 0.031817970703125 0.121268146484375 0.02945412109375 0.1195340283203125 0.0145440751953125 0.1152115634765625 0.0120637568359375
0 0.241454154296875 0.8392769765625 0.238817361328125 0.836234814453125 0.237887453125 0.8257619462890625 0.2331666806640625 0.812043423828125 0.226795064453125 0.803188259765625 0.2198358056640625 0.7976657802734375 0.2033849833984375 0.7964832060546875 0.19266209375 0.8100558212890625 0.183141720703125 0.8393038212890624 0.1888272294921875 0.8677967294921874 0.19691934765625 0.8803915625 0.212363009765625 0.8805374716796875 0.2267298525390625 0.8710436845703124 0.241454154296875 0.8392769765625
2 0.208090564453125 0.8462802001953125 0.2113362109375 0.8391208212890625 0.2092310185546875 0.8353133193359376 0.1966271015625 0.8348090576171875 0.1939478837890625 0.845504615234375 0.1976827080078125 0.8513176142578125 0.2013827021484375 0.85282909765625 0.208090564453125 0.8462802001953125
2 0.216862767578125 0.8100276787109375 0.2131627734375 0.8085161943359375 0.210777376953125 0.8175454091796875 0.2111060263671875 0.820180583984375 0.215099841796875 0.8200257265625 0.217429197265625 0.81356385546875 0.216862767578125 0.8100276787109375
2 0.224311203125 0.8285225380859375 0.2281581083984375 0.8292008505859375 0.229571171875 0.8234364873046875 0.2249548857421875 0.82262251171875 0.224311203125 0.8285225380859375
2 0.1887924013671875 0.863495212890625 0.1884425390625 0.8677288984375 0.190309951171875 0.8706353974609375 0.1941008154296875 0.8738810546875 0.1972904208984375 0.8692890185546875 0.1958637412109375 0.863883005859375 0.1887924013671875 0.863495212890625
2 0.2043497197265625 0.81125758984375 0.2060566044921875 0.803826884765625 0.2034758525390625 0.79821737890625 0.1990413056640625 0.8008717490234375 0.1957047890625 0.8062969560546875 0.1949490244140625 0.81733166796875 0.1998030908203125 0.819046646484375 0.2043497197265625 0.81125758984375
2 0.2169384462890625 0.8478403212890625 0.221079171875 0.84685229296875 0.2214290341796875 0.842618607421875 0.2159524970703125 0.839934796875 0.2169384462890625 0.8478403212890625
0 0.1390523701171875 0.7361723583984375 0.14397609375 0.7464903681640624 0.157202482421875 0.7479634619140625 0.17541623046875 0.73914798828125 0.1881534423828125 0.727648703125 0.192846982421875 0.7190264755859375 0.193882951171875 0.6951550458984375 0.188980439453125 0.6779681767578125 0.1733278056640625 0.6520131708984375 0.1605073193359375 0.6437390478515626 0.1511626650390625 0.6472457822265625 0.155226138671875 0.6556939580078125 0.1526301953125 0.686162921875 0.14868482421875 0.7017896708984375 0.1452574384765625 0.705480705078125 0.1401928251953125 0.7252054755859375 0.1406471728515625 0.73387633984375 0.1390523701171875 0.7361723583984375
2 0.159259228515625 0.736299072265625 0.1623019248046875 0.7325402060546875 0.16400880859375 0.725109501953125 0.16175670703125 0.7221351708984375 0.1564619091796875 0.722919705078125 0.15363578125 0.734448431640625 0.1542022109375 0.737984609375 0.159259228515625 0.736299072265625
2 0.1611221943359375 0.6627471171875 0.1593244404296875 0.6684436484375 0.1601286494140625 0.6728808271484376 0.166668388671875 0.6740339599609375 0.1685221845703125 0.665770083984375 0.1644935400390625 0.66162342578125 0.1611221943359375 0.6627471171875
2 0.1369971982421875 0.7005879013671875 0.1277782421875 0.710130326171875 0.1279039404296875 0.7161660146484375 0.1333244365234375 0.721417169921875 0.136086927734375 0.7304950205078125 0.1385419814453125 0.730068837890625 0.1407592548828125 0.72874165234375 0.1404866455078125 0.723539134765625 0.144907576171875 0.709714390625 0.1369971982421875 0.7005879013671875
2 0.149210404296875 0.671814720703125 0.1465523994140625 0.67564141796875 0.1475943896484375 0.6809795986328125 0.1516230341796875 0.6851262578125 0.154574859375 0.67963321875 0.1539736015625 0.6717955263671875 0.149210404296875 0.671814720703125
2 0.1456921494140625 0.6737715830078125 0.147049171875 0.6705745625 0.140292865234375 0.661651568359375 0.136424748046875 0.6678421142578125 0.1366973564453125 0.6730446328125 0.1456921494140625 0.6737715830078125
2 0.1496919853515625 0.7028263349609375 0.1524969013671875 0.69816646875 0.1508324404296875 0.6918594541015625 0.1428448095703125 0.6921691689453126 0.1448379189453125 0.701111357421875 0.1496919853515625 0.7028263349609375
2 0.1821316884765625 0.71455985546875 0.1793616015625 0.7235212392578125 0.1812290126953125 0.7264277392578125 0.186229990234375 0.7273095458984375 0.18918181640625 0.7218165078125 0.18597859375 0.71523816796875 0.1821316884765625 0.71455985546875
2 0.1695777900390625 0.682278640625 0.1745227265625 0.685727791015625 0.1770338212890625 0.6827342646484374 0.1716133251953125 0.677483109375 0.1695777900390625 0.682278640625
2 0.175228470703125 0.7064700322265625 0.173011197265625 0.7077972158203125 0.17145122265625 0.7143947509765625 0.1822225576171875 0.7162940283203125 0.183964271484375 0.71316483984375 0.1798447568359375 0.7072840078125 0.175228470703125 0.7064700322265625
0 0.4650523525390625 0.3967623154296875 0.464120869140625 0.4335382939453125 0.4612947421875 0.4450670205078125 0.460867626953125 0.458736908203125 0.48928628125 0.4482845341796875 0.5041923212890626 0.4199861728515625 0.510782080078125 0.3893623505859375 0.5095795634765625 0.3736869658203125 0.5040757939453125 0.34866240234375 0.5015859111328125 0.3447870693359375 0.501460212890625 0.338751380859375 0.4933468828125 0.3330254072265625 0.4752103876953125 0.3324046787109375 0.464214888671875 0.340774775390625 0.454408291015625 0.3536498818359375 0.448210818359375 0.3663022998046875 0.447986654296875 0.3765716728515625 0.4634651455078125 0.3810190986328125 0.46291233203125 0.3886532978515625 0.4650523525390625 0.3967623154296875
2 0.480055283203125 0.3994077373046875 0.48139109375 0.403079576171875 0.479005697265625 0.412108791015625 0.483034341796875 0.4162554501953125 0.4862239482421875 0.4116634130859375 0.483517498046875 0.40001821875 0.480055283203125 0.3994077373046875
2 0.495442904296875 0.402120990234375 0.4941767509765625 0.407052181640625 0.4956594716796875 0.4098908505859375 0.497820705078125 0.411131009765625 0.5012480908203125 0.4074399755859375 0.4996745 0.402867134765625 0.495442904296875 0.402120990234375
2 0.494052626953125 0.3537676484375 0.4904783310546875 0.3582918525390625 0.4909887197265625 0.364395373046875 0.496759078125 0.3654128427734375 0.5011587958984375 0.3584569580078125 0.500830146484375 0.355821783203125 0.494052626953125 0.3537676484375
2 0.500121251953125 0.429577232421875 0.50303825 0.4197826787109375 0.496407640625 0.416895373046875 0.4940782861328125 0.423357244140625 0.4945886748046875 0.4294607646484375 0.500121251953125 0.429577232421875
2 0.4755707158203125 0.4338390595703125 0.47689291015625 0.4263405244140625 0.471563283203125 0.4228235419921875 0.46996848046875 0.425119560546875 0.4698003583984375 0.43282158984375 0.4755707158203125 0.4338390595703125
2 0.4679950078125 0.4565573583984375 0.4789344658203125 0.4507546044921875 0.4758781533203125 0.4433430947265625 0.472178158203125 0.4418316103515625 0.4665895400390625 0.444282486328125 0.462721421875 0.4504730322265625 0.461839958984375 0.455472056640625 0.4679950078125 0.4565573583984375
2 0.460702654296875 0.3719412470703125 0.4589609404296875 0.3750704365234375 0.4596742802734375 0.3777734423828125 0.4642345263671875 0.3811547607421875 0.4666547509765625 0.3764270625 0.46493425 0.3726873916015625 0.460702654296875 0.3719412470703125
2 0.477530572265625 0.3912308876953125 0.4742500966796875 0.3940887509765625 0.473697283203125 0.4017229501953125 0.4746484033203125 0.4053269580078125 0.47932073046875 0.40357358984375 0.4819999482421875 0.3928780341796875 0.477530572265625 0.3912308876953125
2 0.4901148525390625 0.351355162109375 0.491639998046875 0.3404561123046875 0.4861634609375 0.33777230078125 0.481560791015625 0.348128701171875 0.4820363515625 0.3499307041015625 0.4901148525390625 0.351355162109375
2 0.4826420556640625 0.434226853515625 0.48773390234375 0.436842833984375 0.490007216796875 0.4329483046875 0.485300060546875 0.43040015625 0.4826420556640625 0.434226853515625
0 0.2641001357421875 0.2676898466796875 0.2736401455078125 0.27882183203125 0.2843902685546875 0.28758996875 0.3096541455078125 0.286031146484375 0.3142007744140625 0.27824208984375 0.3238044208984375 0.268767498046875 0.329673244140625 0.2534799052734375 0.3350801240234375 0.2475606845703125 0.33629783203125 0.2271576005859375 0.332017791015625 0.2109395634765625 0.32137975 0.1970367412109375 0.2960462158203125 0.1899925302734375 0.279189490234375 0.1956109853515625 0.2557506005859375 0.2138140244140625 0.2555960947265625 0.2326864306640625 0.25986251953125 0.2377340908203125 0.2583722021484375 0.252934658203125 0.2641001357421875 0.2676898466796875
2 0.31201230859375 0.2546611806640625 0.3193214287109375 0.2559499755859375 0.3169436279296875 0.2469399560546875 0.3125651220703125 0.2470269814453125 0.31201230859375 0.2546611806640625
2 0.307199091796875 0.2864573291015625 0.3098570966796875 0.2826306328125 0.301505986328125 0.27600365625 0.299288712890625 0.277330841796875 0.2984981201171875 0.2840640390625 0.307199091796875 0.2864573291015625
2 0.2837193525390625 0.271149244140625 0.28711191015625 0.263156693359375 0.2784669794921875 0.25819605859375 0.2763405751953125 0.261257416015625 0.2771796142578125 0.269996111328125 0.2837193525390625 0.271149244140625
2 0.2702491630859375 0.239565537109375 0.262023751953125 0.23897425 0.2587781044921875 0.2461336298828125 0.263464048828125 0.25555063671875 0.2699341298828125 0.24810073828125 0.271053373046875 0.24400271484375 0.2702491630859375 0.239565537109375
2 0.27583620703125 0.2843635068359375 0.28276063671875 0.285584470703125 0.2823411171875 0.281215123046875 0.275178908203125 0.279093158203125 0.27583620703125 0.2843635068359375
2 0.28784044140625 0.2297812294921875 0.291358697265625 0.2278243681640625 0.27782487109375 0.2168472392578125 0.27380984375 0.2238709560546875 0.27644663671875 0.226913119140625 0.28784044140625 0.2297812294921875
2 0.3102069580078125 0.2783969482421875 0.314676333984375 0.2800440947265625 0.3186353212890625 0.275587720703125 0.31552296875 0.2707435546875 0.3102069580078125 0.2783969482421875
2 0.32698041015625 0.2530050859375 0.324707095703125 0.2568996142578125 0.3256582158203125 0.260503623046875 0.3293582109375 0.2620151064453125 0.3333732392578125 0.254991388671875 0.332037427734375 0.2513195498046875 0.32698041015625 0.2530050859375
0 0.371825525390625 0.3451018369140625 0.3741260732421875 0.3635480595703125 0.3779865947265625 0.375396748046875 0.386260451171875 0.391459927734375 0.396954533203125 0.40279540625 0.4028718017578125 0.4029797060546875 0.413538650390625 0.3919744345703125 0.426401560546875 0.386510837890625 0.4380755703125 0.3765422314453125 0.44444876171875 0.3381485478515625 0.4419952822265625 0.2913258857421875 0.433357947265625 0.2683260166015625 0.4181596611328125 0.2510418740234375 0.404492541015625 0.2520682919921875 0.39488889453125 0.2615428837890625 0.38078104296875 0.265068814453125 0.378213908203125 0.2706296845703125 0.3793119384765625 0.273400521484375 0.3732113564453125 0.31699672265625 0.3744350849609375 0.325803248046875 0.371825525390625 0.3451018369140625
2 0.418941083984375 0.3095967578125 0.4153455751953125 0.320989822265625 0.4171009052734375 0.3290310087890625 0.4232559541015625 0.3301163095703125 0.428390224609375 0.3189945712890625 0.42441762109375 0.3122805693359375 0.418941083984375 0.3095967578125
2 0.4059873046875 0.313326181640625 0.4089043017578125 0.303531626953125 0.4075684912109375 0.2998597880859375 0.40251147265625 0.30154532421875 0.4004759384765625 0.3063408544921875 0.4009863271484375 0.3124443740234375 0.4028537392578125 0.315350875 0.4059873046875 0.313326181640625
2 0.3892366396484375 0.284600337890625 0.3892578515625 0.277731478515625 0.3849353857421875 0.275251162109375 0.3825712021484375 0.277411517578125 0.38000406640625 0.28297238671875 0.3823818671875 0.2919824072265625 0.385221611328125 0.2916240556640625 0.3892366396484375 0.284600337890625
2 0.417871861328125 0.281917826171875 0.419522705078125 0.27705446484375 0.4165012216796875 0.273944470703125 0.4120666748046875 0.27659883984375 0.4153259375 0.2806098359375 0.417871861328125 0.281917826171875
2 0.40577833203125 0.2875170849609375 0.4066249658203125 0.278216544921875 0.4047575546875 0.275310044921875 0.39576276171875 0.274583095703125 0.39328649609375 0.28187813671875 0.3952235654296875 0.293387669921875 0.4007001025390625 0.29607148046875 0.40577833203125 0.2875170849609375
2 0.3933501328125 0.26127155859375 0.3970501279296875 0.26278304296875 0.3996172626953125 0.257222173828125 0.39707133984375 0.25591418359375 0.3933501328125 0.26127155859375
2 0.4330080859375 0.272559701171875 0.432273533203125 0.2767255546875 0.4352389755859375 0.2824028916015625 0.4386103212890625 0.281279201171875 0.4385754921875 0.2769776845703125 0.435847830078125 0.272201349609375 0.4330080859375 0.272559701171875
2 0.393683228515625 0.3403651904296875 0.3944177802734375 0.3361993369140625 0.390592087890625 0.3286521630859375 0.380240271484375 0.331122234375 0.384688435546875 0.339638240234375 0.393683228515625 0.3403651904296875
2 0.396111048828125 0.317598255859375 0.4001609052734375 0.3148760556640625 0.4004759384765625 0.3063408544921875 0.3953144345703125 0.295121841796875 0.3887534833984375 0.3008375693359375 0.3870465986328125 0.3082682744140625 0.3868784765625 0.3159703046875 0.396111048828125 0.317598255859375
0 0.422253517578125 0.1873331083984375 0.4323887646484375 0.1770931767578125 0.43748820703125 0.161669921875 0.441070099609375 0.1391064814453125 0.44295872265625 0.1351441220703125 0.441120119140625 0.1073295283203125 0.4383576279296875 0.0982516767578125 0.4291114384765625 0.085453349609375 0.4211798486328125 0.083195720703125 0.407400646484375 0.0893568251953125 0.3917464375 0.1106506650390625 0.386171435546875 0.1242719169921875 0.38229572265625 0.148501697265625 0.3917933076171875 0.17337140234375 0.4073414560546875 0.1864218603515625 0.422253517578125 0.1873331083984375
2 0.4175191279296875 0.162444208984375 0.4123152001953125 0.164962916015625 0.41119595703125 0.1690609384765625 0.413405634765625 0.18577298828125 0.4220157373046875 0.1864321064453125 0.4318571640625 0.177858515625 0.4353966318359375 0.169032794921875 0.43541784375 0.162163935546875 0.4340259921875 0.161059439453125 0.4175191279296875 0.162444208984375
2 0.4112475517578125 0.090035138671875 0.402902462890625 0.1126177734375 0.4063995068359375 0.1175297705078125 0.411071833984375 0.115776404296875 0.4139812353515625 0.1240210849609375 0.41768123046875 0.125532568359375 0.423563669921875 0.1214153515625 0.4307683037109375 0.1097995986328125 0.42837688671875 0.089619203125 0.4248798427734375 0.084707205078125 0.4112475517578125 0.090035138671875
2 0.3881569501953125 0.15125333984375 0.3867438857421875 0.157017703125 0.3898910673828125 0.16616338671875 0.3967594560546875 0.169951693359375 0.401396955078125 0.163896810546875 0.4034324892578125 0.159101279296875 0.403034181640625 0.1478630732421875 0.3971729541015625 0.1451114296875 0.3869120087890625 0.149315673828125 0.3881569501953125 0.15125333984375
0 0.2158061435546875 0.4043579814453125 0.2209752431640625 0.3975377587890625 0.2189609208984375 0.3954644306640625 0.220136205078125 0.3887990634765625 0.2227942099609375 0.3849723671875 0.2190805986328125 0.3722905087890625 0.2123242919921875 0.363367513671875 0.20847738671875 0.362689201171875 0.2040912841796875 0.3808154619140625 0.203132568359375 0.3952506884765625 0.2074474384765625 0.4157702412109375 0.209734369140625 0.4230460888671875 0.213252625 0.4210892275390625 0.2158061435546875 0.4043579814453125
0 0.2313951416015625 0.4509195654296875 0.237403279296875 0.4528380380859375 0.239054123046875 0.4479746767578125 0.2378516064453125 0.4322992919921875 0.2345575146484375 0.423986779296875 0.227304435546875 0.420130640625 0.2195333720703125 0.428210216796875 0.2192183388671875 0.43674541796875 0.2313951416015625 0.4509195654296875
0 0.26142221484375 0.4493415498046875 0.286490736328125 0.4331440068359375 0.2874282392578125 0.4255776396484375 0.2849035283203125 0.417400791015625 0.282204673828125 0.3877163603515625 0.2777428935546875 0.368029978515625 0.2643423623046875 0.3450493046875 0.2363932470703125 0.3280940712890625 0.235602654296875 0.33482726953125 0.2390784853515625 0.3466081259765625 0.2385044599609375 0.3611111845703125 0.2406232685546875 0.3760890625 0.249875478515625 0.418097 0.255603412109375 0.4328521884765625 0.2569528388671875 0.4476944033203125 0.26142221484375 0.4493415498046875
2 0.2715226337890625 0.4348001025390625 0.2673819072265625 0.4357881298828125 0.265765892578125 0.4449530078125 0.2702352685546875 0.446600154296875 0.2740473447265625 0.442976951171875 0.275166587890625 0.4388789296875 0.2715226337890625 0.4348001025390625
2 0.2844143515625 0.4044284111328125 0.285827416015625 0.398664046875 0.2830649248046875 0.3895861953125 0.2791968076171875 0.3957767412109375 0.2789378154296875 0.401744599609375 0.2844143515625 0.4044284111328125
2 0.260180423828125 0.3529061923828125 0.26188730859375 0.3454754873046875 0.25661372265625 0.339391162109375 0.2500739833984375 0.338238029296875 0.2466814267578125 0.3462305791015625 0.2471357744140625 0.354901443359375 0.252738009765625 0.363620943359375 0.260180423828125 0.3529061923828125
2 0.2616963984375 0.40729522265625 0.2669563671875 0.402209171875 0.2616827822265625 0.3961248466796875 0.256185033203125 0.4003098955078125 0.256751462890625 0.4038460712890625 0.2616963984375 0.40729522265625
2 0.2465541533203125 0.3874437373046875 0.2465329404296875 0.3943125966796875 0.2497013349609375 0.3965894189453125 0.2541707109375 0.39823656640625 0.257835876953125 0.395446533203125 0.2523805517578125 0.38589386328125 0.2465541533203125 0.3874437373046875
0 0.4446150302734375 0.595900357421875 0.4336195322265625 0.604270453125 0.4245823154296875 0.61728122265625 0.4213154560546875 0.6313094609375 0.4196706328125 0.66538243359375 0.4279020654296875 0.6951833310546875 0.4410087763671875 0.7198303466796875 0.4577458251953125 0.737385814453125 0.4669223564453125 0.741581109375 0.4821630673828125 0.745127533203125 0.491032162109375 0.7398187939453125 0.5030424169921875 0.714446126953125 0.5188435361328125 0.6923191171875 0.5251530908203125 0.6745320126953125 0.5303782314453125 0.6651444462890626 0.532742416015625 0.66298408984375 0.5477453466796876 0.66562951171875 0.5456613662109375 0.654953150390625 0.5451025322265625 0.6333777392578125 0.5412980517578125 0.6189617060546875 0.529086419921875 0.6004860419921875 0.5143985224609375 0.589305419921875 0.4919956025390625 0.5836370302734375 0.462681869140625 0.587918052734375 0.4446150302734375 0.595900357421875
2 0.4969798134765625 0.66784615234375 0.4957136591796875 0.672777345703125 0.4966647802734375 0.6763813544921875 0.500126994140625 0.6769918359375 0.5026032607421875 0.6696967939453125 0.5008827587890625 0.665957123046875 0.4969798134765625 0.66784615234375
2 0.5119707021484375 0.612072353515625 0.5099912080078125 0.614300541015625 0.5097322158203125 0.6202683974609375 0.5165097353515625 0.6223225322265625 0.5194615615234375 0.616829494140625 0.51812575 0.613157654296875 0.5119707021484375 0.612072353515625
2 0.484104861328125 0.6148905283203125 0.4846925029296875 0.611557845703125 0.482972001953125 0.6078181748046875 0.4789781865234375 0.6079730322265625 0.4761732705078125 0.612632900390625 0.4768866103515625 0.61533590625 0.4809712958984375 0.6169152216796875 0.484104861328125 0.6148905283203125
2 0.1342530478515625 0.5609338896484375 0.13186765234375 0.5699631044921875 0.134595314453125 0.5747394404296875 0.1445063984375 0.574768880859375 0.14848659765625 0.5634436484375 0.1461436259765625 0.55873514453125 0.1342530478515625 0.5609338896484375
2 0.144704904296875 0.4949099111328125 0.13915111328125 0.5016623037109375 0.13889212109375 0.50763016015625 0.14581655078125 0.5088511240234375 0.150307138671875 0.503629412109375 0.15089478125 0.500296728515625 0.144704904296875 0.4949099111328125
2 0.18165483203125 0.5418017041015625 0.1843128369140625 0.5379750068359375 0.1831239365234375 0.5334699970703125 0.1795148115234375 0.533692685546875 0.1753952978515625 0.5278118544921875 0.1695688984375 0.5293617275390625 0.164252888671875 0.5370151220703125 0.1626929140625 0.54361265625 0.166406525390625 0.5562945146484375 0.1723237939453125 0.556478814453125 0.17808053515625 0.5463259091796875 0.181451880859375 0.5452022177734375 0.18165483203125 0.5418017041015625
2 0.156360572265625 0.6155174658203125 0.15999091015625 0.6084259169921875 0.147296123046875 0.6061874833984375 0.147330951171875 0.610489 0.1504433037109375 0.6153331669921875 0.156360572265625 0.6155174658203125
2 0.26917780859375 0.6955454365234375 0.262448734375 0.708963193359375 0.261727798828125 0.7242994228515625 0.2635952109375 0.7272059228515625 0.2679949296875 0.7202500361328125 0.2694640341796875 0.711918330078125 0.26917780859375 0.6955454365234375
2 0.2308572412109375 0.640680287109375 0.2238343466796875 0.65576438671875 0.221099087890625 0.6690272861328125 0.222085037109375 0.676932810546875 0.227505533203125 0.68218396484375 0.236500326171875 0.6829109150390625 0.2418027197265625 0.6640871455078124 0.24191480078125 0.6589524580078125 0.234298244140625 0.64815962890625 0.234557236328125 0.6421917724609375 0.2308572412109375 0.640680287109375
2 0.0848688994140625 0.4585869609375 0.0881842041015625 0.46003061328125 0.0920523212890625 0.45384006640625 0.093577466796875 0.442941015625 0.0926263466796875 0.4393370078125 0.0875693291015625 0.4410225439453125 0.08437972265625 0.4456145810546875 0.0822881474609375 0.4529774541015625 0.0848688994140625 0.4585869609375
2 0.076554193359375 0.4090126552734375 0.0771070068359375 0.4013784560546875 0.0760089755859375 0.398607619140625 0.069944796875 0.3992564912109375 0.0672307509765625 0.40565053125 0.0683636103515625 0.412722884765625 0.07428087890625 0.4129071826171875 0.076554193359375 0.4090126552734375
2 0.118347720703125 0.351951359375 0.1164166728515625 0.3696514375 0.11736779296875 0.3732554453125 0.1227534599609375 0.374205083984375 0.127244048828125 0.3689833701171875 0.1291190556640625 0.3538506357421875 0.1286647080078125 0.3451797724609375 0.125699265625 0.339502435546875 0.120823986328125 0.3446563173828125 0.118347720703125 0.351951359375