2 0.4033298759765625 0.3123219208984375 0.4073184345703125 0.3113001376953125 0.4093590771484375 0.30989971875 0.4097896376953125 0.30639084375 0.413982185546875 0.299119728515625 0.412565908203125 0.29210816796875 0.4158472275390625 0.275227248046875 0.415470744140625 0.2706621630859375 0.4110840576171875 0.2581324375 0.4036660654296875 0.2495037978515625 0.399770232421875 0.2487465244140625 0.3896900419921875 0.2616094619140625 0.3885037421875 0.26901446875 0.3890972080078125 0.2776631708984375 0.3944031787109375 0.2984592431640625 0.4033298759765625 0.3123219208984375
2 0.4153370458984375 0.3519361337890625 0.4218268046875 0.3536464873046875 0.432685615234375 0.3458756748046875 0.433854912109375 0.3411621865234375 0.440525482421875 0.327636486328125 0.44153498046875 0.322443064453125 0.4401103505859375 0.3167764970703125 0.4286555634765625 0.304217896484375 0.4206299111328125 0.3013112509765625 0.4166045556640625 0.3018754169921875 0.4138223876953125 0.298639794921875 0.4086203408203125 0.3111043310546875 0.40955755859375 0.34138003515625 0.4153370458984375 0.3519361337890625
2 0.45079482421875 0.4944785146484375 0.45712478515625 0.4957089345703125 0.4608694716796875 0.494639748046875 0.465632306640625 0.48703061328125 0.47151994921875 0.481438791015625 0.4797721376953125 0.4623804140625 0.492650244140625 0.444221224609375 0.4963262841796875 0.4292157021484375 0.490395650390625 0.41683314453125 0.48252826171875 0.414406134765625 0.473953966796875 0.4208239326171875 0.4463385546875 0.468009087890625 0.44400984765625 0.476091369140625 0.44612037109375 0.4886291171875 0.45079482421875 0.4944785146484375
2 0.4002951923828125 0.5125099560546875 0.4072711640625 0.5143148203125 0.414318216796875 0.5053542041015625 0.416179248046875 0.4944861923828125 0.4152408310546875 0.488914134765625 0.41210197265625 0.4842625625 0.406268408203125 0.481780423828125 0.4009507548828125 0.4870357607421875 0.3967328505859375 0.4983433876953125 0.3978208818359375 0.505741607421875 0.4002951923828125 0.5125099560546875
2 0.458222146484375 0.3548825048828125 0.461470435546875 0.3550650361328125 0.46425134765625 0.3524603037109375 0.4656898740234375 0.3437577080078125 0.4628035390625 0.337807013671875 0.4580110048828125 0.33777318359375 0.456035900390625 0.3414322939453125 0.45515901171875 0.3511433955078125 0.458222146484375 0.3548825048828125
2 0.4230153935546875 0.2357461826171875 0.4272376416015625 0.2361180322265625 0.4299428310546875 0.2326008359375 0.4312889287109375 0.2256757626953125 0.429199751953125 0.22212597265625 0.4248090556640625 0.22262071484375 0.4215236923828125 0.227820625 0.42117008984375 0.2322437958984375 0.4230153935546875 0.2357461826171875
2 0.4009307314453125 0.159586080078125 0.4027203837890625 0.1594850810546875 0.405903134765625 0.1574089208984375 0.406978171875 0.15447419140625 0.4073589619140625 0.1460132734375 0.403397591796875 0.14299730859375 0.399568830078125 0.144499025390625 0.3980060478515625 0.147338947265625 0.3971375107421875 0.155705056640625 0.4009307314453125 0.159586080078125
2 0.4417636943359375 0.128894740234375 0.4475233681640625 0.1304631796875 0.44998438671875 0.12690011328125 0.4506931259765625 0.1180540693359375 0.4456737216796875 0.11528131640625 0.44281891796875 0.1169723505859375 0.441003611328125 0.1211113955078125 0.4417636943359375 0.128894740234375
2 0.45524051171875 0.1063616162109375 0.4603968330078125 0.1006260478515625 0.4619781533203125 0.0950949052734375 0.470043654296875 0.0795928076171875 0.474422591796875 0.068766947265625 0.4842789443359375 0.0284602041015625 0.485408357421875 0.01744998046875 0.48445140234375 0.0145691435546875 0.4788614130859375 0.012135943359375 0.4702283984375 0.0149497587890625 0.461685634765625 0.0290092861328125 0.459683640625 0.036704609375 0.4557349658203125 0.04402312890625 0.451428642578125 0.04408380859375 0.4486078466796875 0.0403918056640625 0.4451243359375 0.03881534375 0.4413796494140625 0.0398845302734375 0.43286778515625 0.036883375 0.4276258544921875 0.0430511748046875 0.4244916376953125 0.050077544921875 0.42413803515625 0.0545007158203125 0.42392416015625 0.0620947421875 0.426305744140625 0.0706421474609375 0.432833853515625 0.078648939453125 0.4371417099609375 0.0785885576171875 0.4521074951171875 0.08868433984375 0.45524051171875 0.1063616162109375
2 0.4959523251953125 0.0814852470703125 0.5018801494140624 0.0821886279296875 0.50408058984375 0.0812681416015625 0.5062977353515625 0.0776576708984375 0.508634794921875 0.0682303974609375 0.5086536298828125 0.0655376435546875 0.5058343671875 0.0618459384765625 0.5052894365234375 0.0581474462890625 0.50608225 0.0488688740234375 0.5020096162109375 0.050323185546875 0.496206048828125 0.055482478515625 0.493500859375 0.0589996748046875 0.492827958984375 0.0624614443359375 0.4949882529296875 0.079951234375 0.4959523251953125 0.0814852470703125
2 0.527622279296875 0.1213289501953125 0.5320883994140625 0.1217482041015625 0.53632918359375 0.1194288330078125 0.5407924951171875 0.1081689091796875 0.54274471875 0.09552154296875 0.5417135751953125 0.091728541015625 0.5369195068359375 0.0916944130859375 0.5294703173828125 0.1001279892578125 0.5266980556640625 0.1013861962890625 0.524396537109375 0.1054307294921875 0.523479763671875 0.108845095703125 0.5239131337890625 0.1170153974609375 0.527622279296875 0.1213289501953125
2 0.5537135927734375 0.1079841005859375 0.557533703125 0.10782891015625 0.5621766240234375 0.1060365791015625 0.5649742421875 0.1007418603515625 0.565758703125 0.09280828125 0.563586650390625 0.064987373046875 0.5623873564453125 0.0620594296875 0.5590636435546875 0.0609629013671875 0.5526323046875 0.0628580634765625 0.54630949609375 0.0849862978515625 0.5459945419921876 0.095704373046875 0.5508016044921875 0.106071451171875 0.5537135927734375 0.1079841005859375
2 0.510864998046875 0.3076214150390625 0.5137955234375 0.30684284375 0.5163406171875 0.302847248046875 0.51761282421875 0.2950084765625 0.51487763671875 0.2908842412109375 0.511309751953125 0.2897418427734375 0.508417875 0.2968153193359375 0.50844940625 0.3044570478515625 0.510864998046875 0.3076214150390625
2 0.5116811015625 0.3684175693359375 0.519069095703125 0.3694047783203125 0.5246859755859375 0.3678017646484375 0.526360021484375 0.36049156640625 0.5316276064453125 0.3502857216796875 0.532824091796875 0.341534486328125 0.530593654296875 0.334813541015625 0.527446443359375 0.3315069619140625 0.514591181640625 0.333948927734375 0.5106428046875 0.3412659130859375 0.50718344921875 0.3603565869140625 0.5073160595703124 0.364874267578125 0.5116811015625 0.3684175693359375
2 0.4225582646484375 0.622841298828125 0.4243562705078125 0.621395306640625 0.4285386337890625 0.615470419921875 0.42864124609375 0.612346669921875 0.42777855078125 0.6076870751953125 0.4240511669921875 0.606063208984375 0.421739462890625 0.6114539716796875 0.42063723828125 0.6184264482421875 0.4225582646484375 0.622841298828125
2 0.3706000439453125 0.4690086767578125 0.3743261923828125 0.4706307109375 0.37612449609375 0.469183185546875 0.37787273046875 0.46278515234375 0.37512919140625 0.46000591015625 0.3716268447265625 0.4611222021484375 0.3706000439453125 0.4690086767578125
2 0.38777177734375 0.44045432421875 0.3910957890625 0.441549318359375 0.3942884267578125 0.4381284638671875 0.3940630908203125 0.4353898388671875 0.39221655078125 0.4318856201171875 0.3898578466796875 0.432326470703125 0.3882950634765625 0.435166392578125 0.38777177734375 0.44045432421875
2 0.4866079375 0.3752224716796875 0.487918494140625 0.373680138671875 0.489012068359375 0.3680541875 0.4882989873046875 0.3652207548828125 0.4857152451171875 0.3629214462890625 0.48302705859375 0.363747123046875 0.481539998046875 0.3674995087890625 0.481588533203125 0.37244971875 0.4866079375 0.3752224716796875
2 0.341408298828125 0.3618208486328125 0.3467643017578125 0.362861951171875 0.35199758203125 0.3580406767578125 0.3529971943359375 0.3541919501953125 0.3526961357421875 0.3505408623046875 0.3497359111328125 0.34367646875 0.3443712568359375 0.3439818935546875 0.3404398837890625 0.3486073603515625 0.3391948642578125 0.352408384765625 0.339421734375 0.3551473076171875 0.341408298828125 0.3618208486328125
2 0.3321947373046875 0.32993638671875 0.33770900390625 0.331457123046875 0.342632873046875 0.3243297548828125 0.3428183251953125 0.320771642578125 0.3389496806640625 0.3159766220703125 0.334550333984375 0.3178178916015625 0.3318939765625 0.3262837646484375 0.3321947373046875 0.32993638671875
2 0.3737320947265625 0.27871952734375 0.379650033203125 0.2807676025390625 0.3816903779296875 0.279368716796875 0.385144189453125 0.2733022138671875 0.3855076787109375 0.2675343486328125 0.3795143154296875 0.26457227734375 0.3735679541015625 0.2665601181640625 0.3726425302734375 0.271321009765625 0.3737320947265625 0.27871952734375
2 0.4898488388671875 0.584716421875 0.4948027060546875 0.5852304833984375 0.5002214375 0.5768510986328125 0.4997608798828125 0.57271854296875 0.4960433818359375 0.569749982421875 0.49244830859375 0.5726453310546875 0.48898614453125 0.580056826171875 0.4898488388671875 0.584716421875
0 0.350184515625 0 0.34872028515625 0.007051046875 0.3455288837890625 0.010473732421875 0.34374357421875 0.0222542080078125 0.3375592158203125 0.03587441796875 0.3346902197265625 0.0519361494140625 0.33205921875 0.0563655107421875 0.3273365654296875 0.07026984765625 0.3249265927734375 0.0904638359375 0.3215756904296875 0.0934050546875 0.3200042568359375 0.0975915029296875 0.3157307412109375 0.1169727919921875 0.3160416865234375 0.119279185546875 0.312747671875 0.1258256220703125 0.3132972685546875 0.13469182421875 0.3110591337890625 0.14750805078125 0.310988052734375 0.1582735302734375 0.312873240234375 0.1680726533203125 0.311470255859375 0.1713925087890625 0.3160504482421875 0.1790206640625 0.3130973759765625 0.1955149248046875 0.3133140615234375 0.199600076171875 0.3087450302734375 0.2023061064453125 0.3100283994140625 0.20480151953125 0.307979404296875 0.207546931640625 0.304066568359375 0.2094811767578125 0.304685390625 0.2140933681640625 0.3027946591796875 0.2173184150390625 0.30171378125 0.233278849609375 0.3020760693359375 0.252214630859375 0.3184732919921875 0.4629177021484375 0.3324995703125 0.553233078125 0.3364170478515625 0.5629767744140625 0.347726640625 0.6217712158203125 0.3481161181640625 0.6366692509765625 0.3523597119140625 0.6460290576171875 0.3574378349609375 0.65240579296875 0.3593230234375 0.662204916015625 0.3709592529296875 0.6842298740234375 0.3758275107421875 0.6851761669921875 0.382100287109375 0.6828029033203125 0.38518042578125 0.683850494140625 0.386951541015625 0.6864407158203125 0.3852960322265625 0.691059693359375 0.3956445498046875 0.69890976171875 0.399416125 0.693804361328125 0.4005770693359375 0.6904358662109376 0.4052385283203125 0.685952314453125 0.414591443359375 0.684626640625 0.417654578125 0.68836575 0.425772658203125 0.6894948720703125 0.42984529296875 0.688040560546875 0.4344498642578125 0.679951791015625 0.4394964560546875 0.678686796875 0.4438383193359375 0.6732433779296875 0.4491457880859375 0.6693342685546875 0.454825396484375 0.6583107685546875 0.4597879140625 0.6574783046875 0.462175041015625 0.6530015390625 0.4687831806640625 0.6488947919921875 0.48025800390625 0.6340569912109375 0.5151828798828125 0.575267404296875 0.5218064482421875 0.5567917919921875 0.52574647265625 0.550819798828125 0.527074033203125 0.5465859462890625 0.52952669921875 0.544367873046875 0.5435611083984375 0.51116224609375 0.5444108095703125 0.505488890625 0.547807734375 0.495817169921875 0.5658102578125 0.4278996904296875 0.5678400595703125 0.4096533203125 0.5748966416015625 0.3811542978515625 0.5745853984375 0.3788494375 0.5766804169921875 0.3693735244140625 0.5776844375 0.34860858984375 0.579706103515625 0.3421140830078125 0.5901611328125 0.2727279267578125 0.5902606015625 0.2332210537109375 0.586635830078125 0.2284734375 0.58840814453125 0.206360013671875 0.59428458984375 0.16572852734375 0.5938425693359375 0.1589047509765625 0.5956263447265625 0.1471239775390625 0.59666857421875 0.124868638671875 0.5987617607421875 0.1153939609375 0.59930205078125 0.1074145107421875 0.5963473701171875 0.087525947265625 0.5973256357421876 0.0746892626953125 0.5921519765625 0.0584124052734375 0.58730072265625 0.05477459375 0.5864652158203125 0.046077251953125 0.5828843369140625 0.0346019033203125 0.582048830078125 0.0259045615234375 0.579406369140625 0.0200012705078125 0.5752938505859375 0.0151588466796875 0.575236666015625 0.0115551630859375 0.56926183984375 0.0059018701171875 0.5693002998046875 0.0057040107421875 0.5654044677734374 0.00494673828125 0.564710111328125 0.00591484765625 0.56153724609375 0.0066463134765625 0.5440161826171875 0.00189235546875 0.5437365810546875 0.000734927734375 0.5399557060546875 0 0.350184515625 0
0 0 0.7581340234375 0.013661798828125 0.78321672265625 0.01469264453125 0.7870112587890625 0.034748013671875 0.813816427734375 0.0380633740234375 0.8162579482421874 0.047561892578125 0.8297829052734375 0.057977482421875 0.839891962890625 0.06061841015625 0.845794955078125 0.0656962353515625 0.8521732236328124 0.0755755439453125 0.8572372626953125 0.081467828125 0.8633233828125 0.09045725390625 0.86776557421875 0.095055984375 0.8727025087890625 0.1093757587890625 0.88222384765625 0.1353060751953125 0.8931027099609375 0.13845328515625 0.8964092900390624 0.1502990478515625 0.8991607451171875 0.1683635087890625 0.907612896484375 0.184926083984375 0.90948571875 0.2480717421875 0.908284279296875 0.29827495703125 0.8982796923828125 0.328832390625 0.885354095703125 0.35486651953125 0.8684055615234375 0.3593768310546875 0.8620955498046875 0.36786705078125 0.85611028125 0.3700103056640625 0.851586111328125 0.3730959873046875 0.83960953125 0.37811258203125 0.8307031064453125 0.3809815791015625 0.814641375 0.383207673828125 0.8096828447265625 0.3805565615234375 0.805126080078125 0.371809474609375 0.8007309951171875 0.36762306640625 0.7949748720703125 0.37320994921875 0.785730427734375 0.379305923828125 0.7855687490234375 0.379070701171875 0.7841748193359375 0.383113337890625 0.775079076171875 0.3850383740234375 0.76646945703125 0.3917234716796875 0.7632770048828125 0.395118564453125 0.75360651953125 0.3959954541015625 0.74389541796875 0.3925258388671875 0.72794979296875 0.3863043310546875 0.7105699189453125 0.380805533203125 0.7063573642578125 0.3794566259765625 0.701603259765625 0.3759731142578125 0.7000267978515625 0.3729186298828125 0.694941162109375 0.36508831640625 0.6871317109375 0.3611624853515625 0.6787330068359375 0.3612737490234375 0.67426273046875 0.3575463642578125 0.6726388642578125 0.3514117412109375 0.666505638671875 0.3479736572265625 0.6582017431640625 0.3410316923828125 0.651013841796875 0.3368635234375 0.64256803125 0.335841328125 0.6374269697265625 0.3263910458984375 0.6288537568359375 0.31536528515625 0.6127859814453125 0.3111201572265625 0.603425876953125 0.2790564189453125 0.5617101416015625 0.2578991240234375 0.541875916015625 0.2474965283203125 0.54209980859375 0.24386310546875 0.53869871875 0.235921826171875 0.535358009765625 0.2064622744140625 0.5296316533203125 0.1917972490234375 0.5231884931640625 0.16344609765625 0.5221678994140625 0.150489458984375 0.5277354482421875 0.14650955078125 0.5274107041015625 0.1399842509765625 0.5310830908203125 0.1143948779296875 0.5301520517578125 0.1117740615234375 0.533235185546875 0.1063908701171875 0.5362318310546875 0.08246565625 0.5293352880859375 0.0786368955078125 0.5308370048828125 0.073965251953125 0.53666678515625 0.0644441865234375 0.538857517578125 0.053930328125 0.5435516865234375 0.0488481953125 0.550199419921875 0.0466221005859375 0.5551579501953126 0.039151583984375 0.5604420927734375 0.0320359052734375 0.5613048974609375 0.0242841240234375 0.566087087890625 0.0169632001953125 0.5673588681640624 0.013997134765625 0.5735201796875 0 0.5894157314453125 0 0.7581340234375
0 0.5281480810546875 0.886816884765625 0.59775477734375 0.891363248046875 0.60906579296875 0.8890699833984375 0.6292147900390626 0.8893939833984374 0.6570500302734374 0.8826771025390625 0.6702150009765625 0.882539697265625 0.6741361904296875 0.879260458984375 0.6806531376953125 0.8769330654296875 0.6853232470703124 0.8711029873046875 0.68897520703125 0.8718128564453125 0.6970361015625 0.869338294921875 0.707257552734375 0.8596465126953124 0.714092263671875 0.8582802216796875 0.7324589833984375 0.845679814453125 0.7363990078125 0.8397078212890625 0.7520120029296875 0.825674400390625 0.7568502626953125 0.8189792626953125 0.759769328125 0.8078680400390625 0.762800931640625 0.803965419921875 0.764372365234375 0.7997789716796875 0.7679671396484375 0.7968851572265625 0.7684063515625 0.792029755859375 0.771185431640625 0.7894262578125 0.771035818359375 0.787600095703125 0.7750030302734375 0.7775903564453125 0.7791680927734375 0.7743585224609375 0.78288278125 0.765647904296875 0.78457412890625 0.7556446533203125 0.789643267578125 0.738663970703125 0.78967880859375 0.73328123046875 0.7922999228515625 0.7301965634765625 0.7941594208984375 0.71932825390625 0.7987281533203126 0.7166237578125 0.803761751953125 0.7050258134765625 0.80931309375 0.701164109375 0.81319623046875 0.6915868994140625 0.8131745859375 0.6826004755859375 0.79726483984375 0.679956806640625 0.7958133203125 0.678326451171875 0.7933306572265625 0.6729030947265625 0.7867082880859375 0.666675060546875 0.7860137431640625 0.6611504072265625 0.78264984765625 0.65375867578125 0.7740709111328125 0.64849853125 0.7726734697265625 0.638794216796875 0.7705088681640625 0.6343304287109375 0.7632992080078125 0.6311319326171875 0.7617719658203125 0.628589115234375 0.7618832294921875 0.6241188388671876 0.7576022626953125 0.6201430068359375 0.7547159287109375 0.6141923125 0.7479167578125 0.61017586328125 0.746483775390625 0.6058542880859376 0.7364347822265624 0.601655009765625 0.7339351162109375 0.598923171875 0.714935046875 0.596578140625 0.701311349609375 0.59258175390625 0.683520759765625 0.5918184375 0.6416053095703125 0.60208738671875 0.635969892578125 0.60638162109375 0.6302772900390625 0.6070721708984375 0.6127420322265625 0.61668891015625 0.606723015625 0.6177648837890625 0.6026318447265625 0.6219104169921875 0.5885414501953125 0.626808712890625 0.536416306640625 0.6571005634765625 0.520932814453125 0.663974021484375 0.478554072265625 0.694813763671875 0.453414169921875 0.7240636220703125 0.453183291015625 0.73434916796875 0.4514264052734375 0.7420937275390626 0.4492504189453125 0.763679814453125 0.4500689228515625 0.7750686748046876 0.4491715244140625 0.779685390625 0.4453632724609375 0.7862814931640625 0.44688062890625 0.790169005859375 0.4470719580078125 0.79829066796875 0.4388553095703125 0.8119663056640625 0.4364511787109375 0.81913458984375 0.428792123046875 0.8221377236328125 0.4250288994140625 0.825898130859375 0.4240295849609375 0.82974532421875 0.42914605859375 0.842418498046875 0.437763345703125 0.8539750810546874 0.440967443359375 0.8608868779296875 0.44865649609375 0.8655251748046875 0.45629982421875 0.876892439453125 0.462236001953125 0.8762508271484375 0.4712170751953125 0.8820380107421875 0.487848255859375 0.88617012109375 0.5145982744140625 0.883734197265625 0.5281480810546875 0.886816884765625
2 0.629911623046875 0.7844233388671875 0.6351835517578125 0.785896970703125 0.63788008984375 0.7837262998046876 0.639310263671875 0.7763686982421875 0.637447919921875 0.7508523515625 0.6330003369140625 0.747741876953125 0.6218574716796875 0.7491700830078125 0.6208563251953125 0.75301851171875 0.6216179423828125 0.7608021552734375 0.623175181640625 0.7709864033203125 0.626042978515625 0.7796283193359375 0.629911623046875 0.7844233388671875
2 0.6815132578125 0.63724341015625 0.687111599609375 0.6383316181640625 0.6902099775390625 0.636689521484375 0.6933274892578125 0.63235313671875 0.6953863701171875 0.6282630302734376 0.695319298828125 0.626004041015625 0.69249168359375 0.623657328125 0.6894770830078125 0.6248684287109375 0.6871928662109374 0.62621991015625 0.682026359375 0.63330170703125 0.6815132578125 0.63724341015625
2 0.665045919921875 0.645272244140625 0.6699982529296875 0.6457860078125 0.6717208330078125 0.64342601953125 0.6717563740234375 0.6380432802734375 0.669490693359375 0.636703541015625 0.6662322197265625 0.6378672373046875 0.6649031259765625 0.6421007919921875 0.665045919921875 0.645272244140625
2 0.5786755439453125 0.6931640947265625 0.583301462890625 0.6940632822265626 0.584872896484375 0.689876833984375 0.5843109609375 0.688869861328125 0.5810713232421875 0.6873408037109375 0.57927301953125 0.688788328125 0.5786755439453125 0.6931640947265625
2 0.599186150390625 0.8593019990234375 0.600244482421875 0.8590572548828125 0.602210935546875 0.856744669921875 0.60232219921875 0.8522743935546875 0.5981824931640625 0.851469716796875 0.5971813466796875 0.8553181455078125 0.599186150390625 0.8593019990234375
2 0.6619892578125 0.8117699111328125 0.6653889921875 0.813777369140625 0.6665311005859375 0.8131016279296875 0.66737244921875 0.808773265625 0.6672481923828125 0.8029105927734375 0.6661246201171875 0.8008951123046875 0.662295859375 0.8023968291015625 0.661387439453125 0.8044662021484374 0.6619892578125 0.8117699111328125
2 0.7466914287109375 0.7581625546875 0.757075189453125 0.7606314169921875 0.760249587890625 0.7599002490234374 0.7627649814453125 0.7482616884765625 0.760963869140625 0.7380300361328125 0.7567100908203125 0.73001645703125 0.7509519501953125 0.72844831640625 0.747449603515625 0.7295646083984375 0.742855216796875 0.736307150390625 0.7422608486328125 0.752360560546875 0.7466914287109375 0.7581625546875
2 0.540521548828125 0.9323424111328125 0.54304005078125 0.9323814951171875 0.546718900390625 0.929055150390625 0.5462583427734375 0.924922595703125 0.5435988779296875 0.9217108232421874 0.5393664462890625 0.9226852021484375 0.5380203486328125 0.929610275390625 0.540521548828125 0.9323424111328125
2 0.6281615087890625 0.9624031416015625 0.63910873828125 0.965879275390625 0.6405874453125 0.9634718828125 0.642260255859375 0.9561598525390625 0.641983576171875 0.93679183984375 0.6379065986328125 0.92656667578125 0.6360214111328125 0.916767552734375 0.6332775732421875 0.9139898447265625 0.6279215693359375 0.9129487431640625 0.6166420849609375 0.9228837373046875 0.61396719140625 0.934040830078125 0.6141396845703125 0.9448552470703125 0.616052060546875 0.9506166240234375 0.6281615087890625 0.9624031416015625
2 0.6497035283203125 0.9243694541015625 0.6514919453125 0.9242666240234375 0.6546175107421875 0.9185867802734375 0.655082376953125 0.9096933330078125 0.6535653193359375 0.905804287109375 0.6486955283203125 0.9048576953125 0.647039720703125 0.90947820703125 0.6473806630859374 0.91942603125 0.6497035283203125 0.9243694541015625
2 0.271965583984375 0.638486494140625 0.2752979482421875 0.63823649609375 0.285754919921875 0.629937109375 0.291979162109375 0.6226136357421875 0.2947770771484375 0.6173173837890625 0.29352059765625 0.6107857568359375 0.2901567021484375 0.603394025390625 0.2855477880859375 0.5998033193359374 0.284601017578125 0.59557625390625 0.280387123046875 0.593859412109375 0.27513683984375 0.6013722041015624 0.2688053798828125 0.62484696484375 0.2689379892578125 0.6293646455078125 0.271965583984375 0.638486494140625
2 0.22070826953125 0.5993272978515625 0.2257363251953125 0.6007535244140625 0.2277114296875 0.5970944140625 0.22715784765625 0.5947424482421875 0.22480655859375 0.5938349404296875 0.2212970947265625 0.5962980576171875 0.22070826953125 0.5993272978515625
2 0.2296451513671875 0.611843748046875 0.230627462890625 0.6106880732421875 0.231711150390625 0.6064068173828125 0.2312434755859375 0.6036210859375 0.2265232978515625 0.60450065625 0.2261613427734375 0.6102688193359375 0.2296451513671875 0.611843748046875
2 0.252555025390625 0.636959416015625 0.2548293564453125 0.63695262890625 0.2567958095703125 0.634640044921875 0.256082728515625 0.631806611328125 0.2532452265625 0.63080459375 0.2511205087890625 0.6326375419921875 0.252555025390625 0.636959416015625
2 0.198459232421875 0.743677857421875 0.204462779296875 0.745293701171875 0.210182271484375 0.7405669375 0.2098815107421875 0.7369143154296875 0.2020997314453125 0.7340550751953125 0.200057853515625 0.735453662109375 0.19782340625 0.741757185546875 0.198459232421875 0.743677857421875
2 0.221629525390625 0.8766434736328125 0.2258431220703125 0.878361849609375 0.22824755078125 0.87119203125 0.22904006640625 0.8619149921875 0.2260613046875 0.8577418203125 0.221267236328125 0.85770769140625 0.2195375390625 0.8614145048828125 0.220558498046875 0.866553734375 0.2194834609375 0.86948846484375 0.2197001455078125 0.8735736162109375 0.221629525390625 0.8766434736328125
2 0.0988651669921875 0.6295430615234375 0.1017113193359375 0.6291985537109375 0.107261126953125 0.62533655078125 0.10907643359375 0.6211975068359376 0.1057796103515625 0.6160647646484375 0.1014631025390625 0.6174716728515625 0.0973632802734375 0.622963732421875 0.0974118154296875 0.6279139423828125 0.0988651669921875 0.6295430615234375
2 0 0.7477727861328125 0.00081328125 0.7479308720703125 0.001030263671875 0.7520144892578124 0.00430855078125 0.7598384521484375 0.01501625 0.7749466572265625 0.0196780068359375 0.7704615712890625 0.030496634765625 0.7563955556640625 0.033220361328125 0.750187138671875 0.0338178369140625 0.7458113720703125 0.02793573828125 0.7383790244140624 0.024093982421875 0.7295477900390624 0.0126605419921875 0.725977146484375 0.008184236328125 0.72690412109375 0.001805740234375 0.7207234912109375 0 0.7208112109375 0 0.7477727861328125
2 0.044237880859375 0.8286879111328125 0.047242595703125 0.82882150390625 0.0493558525390625 0.816655904296875 0.04687165625 0.8112322490234375 0.04129031640625 0.8074525224609375 0.028470595703125 0.8045117490234375 0.03674446484375 0.8191452744140625 0.0404619619140625 0.8221138349609375 0.044237880859375 0.8286879111328125
2 0.32965112890625 0.6640728837890625 0.3363745771484375 0.6671768701171875 0.339876923828125 0.6660605771484375 0.339902578125 0.6620225322265625 0.3356231455078125 0.658046998046875 0.3311570244140625 0.6576277451171875 0.32965112890625 0.6640728837890625
0 0.73239497265625 1 0.7458013115234375 0.990210779296875 0.7552824921875 0.9817233095703125 0.7608610224609375 0.9738238583984375 0.765101806640625 0.9715044873046875 0.7699317138671875 0.9661543427734375 0.7757624697265625 0.956957302734375 0.774588830078125 0.949991314453125 0.7685299287109375 0.94477055078125 0.7619529873046875 0.9318150830078125 0.7640820126953125 0.9169561318359375 0.7611873251953125 0.9123504296875 0.7623179736328125 0.9013420380859375 0.757456833984375 0.899048919921875 0.7509500712890625 0.9000300849609375 0.7476347099609375 0.897588564453125 0.7389445107421875 0.8967986962890625 0.731573443359375 0.8567374423828125 0.7322466416015625 0.8532741396484375 0.728106935546875 0.8524694619140625 0.7265438544921875 0.85531091796875 0.7193827294921875 0.8570626318359374 0.6962874794921875 0.8718876015625 0.67290135546875 0.881715255859375 0.612774640625 0.8933850703125 0.59692361328125 0.8943453828125 0.5729798623046874 0.890140060546875 0.5663887265625 0.8915552900390625 0.5534935810546875 0.88770051953125 0.54049705859375 0.8869713310546875 0.5317060791015625 0.889303978515625 0.5110875751953124 0.886195482421875 0.506368931640625 0.8870753515625 0.5022879443359375 0.88987465625 0.4957898330078125 0.889509294921875 0.4803675341796875 0.8869619677734375 0.46691910546875 0.8807536982421875 0.464015767578125 0.8774945224609375 0.4540338466796875 0.8755542333984375 0.4545784794921875 0.8792542587890625 0.457153869140625 0.882898560546875 0.4580922861328125 0.8884706181640625 0.4711500390625 0.9044845 0.4982923447265625 0.9286257890625 0.5100441455078125 0.93315446875 0.5101866416015625 0.936327455078125 0.5118721474609375 0.939349908203125 0.52127359765625 0.9429744443359375 0.5262676455078125 0.949783708984375 0.5372890634765625 0.9541720078125 0.5407456845703125 0.9597846826171875 0.551196814453125 0.9645110009765625 0.5786185341796874 0.983316955078125 0.5950800302734375 0.9883138251953125 0.6081065498046875 0.9966844443359375 0.6178531943359376 1 0.73239497265625 1
2 0.6289964951171875 0.8489260078125 0.634033201171875 0.8490057080078125 0.6355873330078124 0.8475123125 0.635782671875 0.8426095068359375 0.63354234765625 0.837233255859375 0.63127666796875 0.8358935166015625 0.6275047939453124 0.8410004501953126 0.62699169140625 0.8449421533203125 0.6289964951171875 0.8489260078125
2 0.521513015625 0.8702543671875 0.525492923828125 0.870579111328125 0.52804666796875 0.8652369892578124 0.527343771484375 0.8610573271484375 0.52377588671875 0.8599149287109376 0.5202565361328125 0.863722740234375 0.521513015625 0.8702543671875
2 0.638358740234375 0.699375685546875 0.64283351171875 0.6984484130859375 0.6476547685546875 0.6944447939453126 0.6489823291015625 0.69021094140625 0.6441897939453125 0.690177111328125 0.6384601171875 0.696250103515625 0.638358740234375 0.699375685546875
2 0.6673759384765625 0.6735743212890625 0.6714402197265625 0.673465001953125 0.67657088671875 0.671767478515625 0.677570201171875 0.66792028515625 0.669058634765625 0.6649175966796875 0.6670179921875 0.666318015625 0.6663450927734375 0.66977978515625 0.6673759384765625 0.6735743212890625
2 0.3028632802734375 0.7823868447265625 0.3057851552734375 0.7829547998046875 0.3104364296875 0.7798174755859375 0.3104636171875 0.775779728515625 0.30672758203125 0.775502388671875 0.303132509765625 0.7783977373046875 0.3028632802734375 0.7823868447265625
0 0.6542736650390625 0.5252125283203125 0.670549103515625 0.531559642578125 0.7019900791015625 0.5090197421875 0.7145585576171875 0.5098710625 0.7526878837890625 0.47748903125 0.784893984375 0.42644644921875 0.80883484375 0.3769807568359375 0.834988427734375 0.283376318359375 0.8305558984375 0.2570468046875 0.8068665380859374 0.2397081005859375 0.8118487080078125 0.19769942578125 0.7839854013671875 0.20183381640625 0.7467073955078125 0.2216473681640625 0.6708761748046875 0.30877894140625 0.6454015224609375 0.3579464951171875 0.5729000107421875 0.5507804580078125 0.6001670390625 0.5497136513671875 0.6215970361328125 0.5459204970703125 0.6346755986328125 0.527770029296875 0.6542736650390625 0.5252125283203125
2 0.6773561220703125 0.3737083095703125 0.6871551552734375 0.37242955859375 0.68924212890625 0.36169301171875 0.6821694443359375 0.3571347314453125 0.6773561220703125 0.3737083095703125
2 0.747479603515625 0.30775169140625 0.7575767763671875 0.3049391484375 0.7590674716796875 0.2972701865234375 0.7467971318359375 0.29488507421875 0.747479603515625 0.30775169140625
2 0.7217569921875 0.48102714453125 0.7324935390625 0.4831141171875 0.7318110673828125 0.4702475 0.7244402431640625 0.46722301171875 0.7217569921875 0.48102714453125
2 0.6696942421875 0.486824619140625 0.6770650654296875 0.4898491064453125 0.6776182470703125 0.4788144208984375 0.6714830771484375 0.4776218642578125 0.6696942421875 0.486824619140625
2 0.648648578125 0.5050181845703124 0.63194925 0.533607060546875 0.64208951953125 0.5387616181640625 0.6506528984375 0.5356509365234375 0.6576824853515625 0.532242115234375 0.6603657373046875 0.518437982421875 0.648648578125 0.5050181845703124
2 0.6888684189453125 0.5192031083984375 0.6983693125 0.519458150390625 0.7001581474609375 0.5102553955078125 0.690955392578125 0.5084665615234375 0.6888684189453125 0.5192031083984375
0 0.830972705078125 0.10750380859375 0.8353154990234375 0.0605956171875 0.7469518134765625 0.040235966796875 0.7609318759765625 0.132091126953125 0.77243708984375 0.1629789208984375 0.7703932138671875 0.1816825693359375 0.78027844140625 0.1963380224609375 0.78671175 0.1959967861328125 0.7921213505859375 0.176355623046875 0.8040073564453125 0.16434032421875 0.830972705078125 0.10750380859375
0 1 0.0919301591796875 0.9291820615234375 0.1918553125 0.9376196904296875 0.222146828125 0.930507451171875 0.26692494921875 0.9327237158203125 0.2800897060546875 0.93856074609375 0.2828160546875 0.955856353515625 0.25115959375 0.96348221875 0.2446831875 0.97788262890625 0.2442988544921875 1 0.27579097265625 1 0.0919301591796875
0 1 0.3478978564453125 0.979039169921875 0.344803587890625 0.9430363740234375 0.317112669921875 0.922669640625 0.2908693505859375 0.89966275390625 0.2863972646484375 0.8383972490234375 0.2904059052734375 0.8119455263671875 0.3855441357421875 0.833716759765625 0.3881842900390625 0.846030197265625 0.39853650390625 0.85263589453125 0.430063673828125 0.83943158203125 0.48161633984375 0.84578223828125 0.5226444033203125 0.843397125 0.5349147431640625 0.8360693994140626 0.5398573564453125 0.8413963466796875 0.5615854931640625 0.8599742451171875 0.5970315673828125 0.91787756640625 0.651263943359375 0.9240989306640625 0.6683907021484375 0.9569910458984375 0.687518240234375 0.9698576630859375 0.686835767578125 1 0.5392494296875 1 0.3478978564453125
0 0.912168193359375 1 0.9183658017578125 0.9681160693359375 0.8821475185546875 0.90058964453125 0.8747766953125 0.89756515625 0.86030919140625 1 0.912168193359375 1
0 0 0.912168193359375 0.0579584033203125 0.9234341650390625 0.085182333984375 0.9144002578125 0.10725170703125 0.9155066201171875 0.139375154296875 0.9058333369140625 0.1043529697265625 0.8894752451171875 0.045213994140625 0.8334109375 0.0127888662109375 0.787314509765625 0.0031586806640625 0.7631581640625 0 0.759540490234375 0 0.912168193359375
2 0.760550482421875 0.8546691474609375 0.760079955078125 0.8243345341796875 0.739673666015625 0.847427615234375 0.717650931640625 0.911591857421875 0.729113048828125 0.9345125498046875 0.7570194521484375 0.9383452607421875 0.7664772490234375 0.930633201171875 0.7699256259765626 0.88832638671875 0.760550482421875 0.8546691474609375
2 0.8235150859375 0.7682200458984375 0.813076677734375 0.7645992802734375 0.79603611328125 0.78675484765625 0.8004255458984375 0.805117259765625 0.8169991240234376 0.80993058203125 0.8289282275390625 0.8058823857421875 0.8319096181640625 0.7905444609375 0.8235150859375 0.7682200458984375
2 0.8585372705078125 0.784578138671875 0.8389823017578125 0.7951027412109375 0.8357027724609375 0.8119744580078125 0.85074255859375 0.8164896416015625 0.863267939453125 0.809373859375 0.869273818359375 0.786665111328125 0.8585372705078125 0.784578138671875
2 0.9119183271484375 0.739243294921875 0.88627128515625 0.756542443359375 0.89922409765625 0.771794173828125 0.90501803125 0.7665534208984375 0.9157545791015625 0.76864039453125 0.9247022919921875 0.7799301220703125 0.9513730419921875 0.7819309013671875 0.957422017578125 0.7671892548828125 0.927554390625 0.7406908935546875 0.9119183271484375 0.739243294921875
2 0.8284506171875 0.660940767578125 0.8236803916015625 0.685481447265625 0.8362919677734375 0.6942998681640625 0.853120587890625 0.689612296875 0.8674348037109375 0.6732937607421875 0.8658579140625 0.66502851953125 0.8284506171875 0.660940767578125
2 0.7829038291015625 0.6250277060546875 0.800073685546875 0.626773443359375 0.8057814248046875 0.60559848828125 0.794405501953125 0.598611998046875 0.7829038291015625 0.6250277060546875
2 0.745661837890625 0.5382013544921875 0.7472387275390625 0.546466595703125 0.7536720361328125 0.546125359375 0.757889080078125 0.5326193662109375 0.7538839814453125 0.5286573642578125 0.745661837890625 0.5382013544921875
2 0.798809099609375 0.8461884208984375 0.7896063447265625 0.8443995859375 0.780148548828125 0.8521116455078125 0.7738876279296875 0.8843212880859375 0.78526355078125 0.89130777734375 0.798726447265625 0.8875577197265625 0.8078430078125 0.8734123515625 0.80716053515625 0.8605457333984375 0.798809099609375 0.8461884208984375
2 0.8358178984375 0.6066617529296875 0.83586099609375 0.6146288544921875 0.862872982421875 0.6230629423828125 0.85605533984375 0.609003767578125 0.841313693359375 0.6029547919921875 0.8358178984375 0.6066617529296875
2 0.748136685546875 0.599168720703125 0.7591713720703125 0.5997219013671875 0.7563588291015625 0.5896247294921875 0.749627380859375 0.5914997578125 0.748136685546875 0.599168720703125
2 0.7798722587890625 0.517791525390625 0.791844458984375 0.5217104296875 0.788392541015625 0.5067137412109375 0.780425439453125 0.5067568388671875 0.7798722587890625 0.517791525390625
0 0.786686359375 0.4745471962890625 0.77313726953125 0.46236305078125 0.64835398046875 0.5638554794921875 0.6463532021484375 0.5905262294921875 0.6632249189453125 0.5938057587890625 0.685549333984375 0.5854112265625 0.737400138671875 0.5970817470703125 0.7576806767578125 0.60739086328125 0.7666714873046875 0.626647693359375 0.795601599609375 0.6497803310546875 0.8157528466796875 0.6361881435546874 0.8385442470703125 0.6008247216796875 0.8322366884765625 0.567763759765625 0.786686359375 0.4745471962890625
2 0.054890818359375 0.92283788671875 0.060684751953125 0.917597134765625 0.0766585107421875 0.8681745390625 0.053863568359375 0.8462344580078125 0.020080578125 0.8890117998046875 0.0150122138671875 0.915086271484375 0.054890818359375 0.92283788671875
2 0 0.5069531884765625 0.0066790869140625 0.50757154296875 0.0105979921875 0.495599341796875 0 0.4945217958984375 0 0.5069531884765625
2 0.877223212890625 0.500104501953125 0.87820382421875 0.511437328125 0.8857470361328125 0.546330220703125 0.894949791015625 0.5481190556640625 0.903254587890625 0.4972057646484375 0.8863828701171875 0.4939262353515625 0.877223212890625 0.500104501953125
2 0.901250267578125 0.4665730126953125 0.8973744599609375 0.486512314453125 0.90078328125 0.4935419013671875 0.9105823134765625 0.4922631513671875 0.916333150390625 0.479055296875 0.909174271484375 0.4585628134765625 0.901250267578125 0.4665730126953125
2 0.9261752802734375 0.4857436474609375 0.921958236328125 0.499249640625 0.9260064326171875 0.511178744140625 0.9321416025390625 0.51237130078125 0.9421094833984375 0.485657453125 0.935036798828125 0.4810991728515625 0.9261752802734375 0.4857436474609375
2 0.9495198623046875 0.4393455400390625 0.94713475 0.4516158798828125 0.9566787412109375 0.4598380234375 0.9640064677734375 0.4548954091796875 0.9672859970703125 0.4380236923828125 0.958381380859375 0.4347010654296875 0.9495198623046875 0.4393455400390625
2 0.9392503017578125 0.410289677734375 0.946962361328125 0.419747474609375 0.954929462890625 0.419704376953125 0.95974278515625 0.403130798828125 0.9419335537109375 0.396485544921875 0.9392503017578125 0.410289677734375
2 0.9556479501953125 0.325931091796875 0.94129063671875 0.3342825263671875 0.942612484375 0.3520486611328125 0.9867943271484375 0.3622284853515625 0.9925451630859375 0.3490206318359375 0.988540064453125 0.3450586298828125 0.9556479501953125 0.325931091796875
2 0.8387384853515625 0.2968392138671875 0.8470468232421875 0.30322942578125 0.8503694501953125 0.294324810546875 0.843296765625 0.2897665302734375 0.8387384853515625 0.2968392138671875
2 0.8495216708984376 0.3641967919921875 0.8588968154296875 0.39785403125 0.8721046689453125 0.4036048681640625 0.877129935546875 0.369563294921875 0.8561669248046875 0.3463875595703125 0.8495216708984376 0.3641967919921875
2 0.976151056640625 0.4906827197265625 0.98079553125 0.49954423828125 0.9859931865234375 0.4973710712890625 0.9923403017578125 0.4810956318359375 0.981262517578125 0.472575349609375 0.976151056640625 0.4906827197265625
2 0.9668225517578125 0.522296083984375 0.97572716796875 0.5256187109375 0.9747465556640625 0.5142858857421875 0.9667794541015625 0.514328982421875 0.9668225517578125 0.522296083984375
2 0.9612907421875 0.632642947265625 0.9704934970703125 0.6344317822265625 0.9728786103515625 0.6221614423828125 0.967637857421875 0.6163675087890625 0.9612907421875 0.632642947265625
2 0.9663626474609375 0.663871978515625 0.9762047783203125 0.6705603291015625 0.9806768642578125 0.64755344140625 0.9738592216796875 0.633494267578125 0.9663626474609375 0.663871978515625
2 0.9844523115234375 0.3824659267578125 0.992717552734375 0.380889037109375 0.99450638671875 0.3716862822265625 0.9834717001953125 0.3711331015625 0.9844523115234375 0.3824659267578125
2 1 0.171596078125 0.989466955078125 0.176513845703125 0.98524991015625 0.1900198388671875 0.99023562109375 0.2053146669921875 1 0.205976052734375 1 0.171596078125
2 0.96292549609375 0.19841437109375 0.9651417607421875 0.2115791279296875 0.9728107236328125 0.2130698232421875 0.97736900390625 0.2059971396484375 0.98035039453125 0.19065921484375 0.9708495 0.1904041728515625 0.96292549609375 0.19841437109375
2 0.9766469755859375 0.2424669228515625 0.9837627568359375 0.2549923037109375 0.9901960654296875 0.254651068359375 0.9947112490234375 0.2396112822265625 0.987595466796875 0.227085900390625 0.9766469755859375 0.2424669228515625
2 0.8222369365234375 0.0787460849609375 0.828117064453125 0.08943953515625 0.8348485126953125 0.0875645068359375 0.840513154296875 0.05842244921875 0.829776607421875 0.0563354765625 0.8222369365234375 0.0787460849609375
2 0.786665111328125 0.130726181640625 0.796166005859375 0.1309812236328125 0.7967191865234375 0.119946537109375 0.7859826396484375 0.1178595634765625 0.786665111328125 0.130726181640625
2 0.7662157255859375 0.145852162109375 0.77392778515625 0.155309958984375 0.7790392470703125 0.137202587890625 0.7719665625 0.1326443076171875 0.7662157255859375 0.145852162109375
2 0.3010167021484375 0.197091921875 0.30655559375 0.2013520634765625 0.3123064306640625 0.188144208984375 0.30970583203125 0.1605790419921875 0.3010167021484375 0.197091921875