2 0.6143793125 0.5515242958984375 0.610039138671875 0.5526578291015625 0.6074682255859375 0.560207646484375 0.6090610361328125 0.5670979951171875 0.6114653798828125 0.5711815234375 0.6197495556640625 0.57433377734375 0.6227648681640625 0.571177912109375 0.6236453291015625 0.568806291015625 0.6227101728515625 0.5644900673828125 0.6201373896484375 0.5577549306640625 0.617173359375 0.5533139306640625 0.6143793125 0.5515242958984375
2 0.6296261123046875 0.7540133974609375 0.62773509765625 0.7547590224609375 0.6264343505859375 0.7576433271484375 0.626671962890625 0.7607316787109375 0.6291693486328125 0.7701570439453125 0.6311917548828125 0.7734072470703125 0.646543091796875 0.791065357421875 0.6507068154296874 0.790405888671875 0.6503072314453126 0.7815404990234375 0.6448473583984375 0.767673890625 0.633959818359375 0.7560052919921875 0.6296261123046875 0.7540133974609375
2 0.5608165654296875 0.69214715625 0.55801605078125 0.69348294921875 0.5568148134765625 0.698583662109375 0.55784948046875 0.7051162939453125 0.5609498251953124 0.7104279384765625 0.5633621796875 0.7113857939453125 0.566584279296875 0.709535529296875 0.570234673828125 0.7040469072265625 0.5702794892578125 0.699575470703125 0.56697211328125 0.6929566826171875 0.5608165654296875 0.69214715625
2 0.39905980859375 0.553932650390625 0.3973758251953125 0.5559854189453125 0.395998138671875 0.5615601962890625 0.401372734375 0.566957751953125 0.4057963154296875 0.5600083173828125 0.4051754658203125 0.5560884296875 0.402626796875 0.5542599296875 0.39905980859375 0.553932650390625
2 0.384242142578125 0.793324517578125 0.3808130126953125 0.793867638671875 0.3790919794921875 0.797264626953125 0.379605552734375 0.8020953232421875 0.381243177734375 0.8045142353515625 0.384596912109375 0.8066613427734375 0.3883851650390625 0.80204312109375 0.3876648056640625 0.7959068251953125 0.384242142578125 0.793324517578125
2 0.5050981962890625 0.457676708984375 0.5019144443359375 0.4581809658203125 0.4969633017578125 0.466553892578125 0.4978277421875 0.4704336171875 0.5013885078125 0.4738878681640625 0.50814103515625 0.4737121904296875 0.5091961591796875 0.4708652060546875 0.5089652587890625 0.46465296875 0.5050981962890625 0.457676708984375
2 0.448941751953125 1 0.44915821484375 0.99865992578125 0.447947341796875 0.9926029013671875 0.445082822265625 0.990378310546875 0.441440193359375 0.9927397158203125 0.4405903125 0.996892544921875 0.4413624140625 1 0.448941751953125 1
2 0.297486833984375 0.4548459931640625 0.29248099609375 0.4565310751953125 0.2914240849609375 0.459376759765625 0.2932943984375 0.4680092080078125 0.2971373466796875 0.4700788310546875 0.303575322265625 0.4695052734375 0.302510318359375 0.4611929765625 0.300105974609375 0.4571094482421875 0.297486833984375 0.4548459931640625
2 0.363394556640625 0.3002147998046875 0.3602781904296875 0.3011545009765625 0.35975062890625 0.3025779931640625 0.3643844091796875 0.3112188681640625 0.369006765625 0.30870070703125 0.36611967578125 0.3015692353515625 0.363394556640625 0.3002147998046875
2 0.5933171845703125 0.2758517138671875 0.5889065390625 0.276550291015625 0.58854094921875 0.2837508203125 0.5905620556640625 0.2870028115234375 0.5941370546875 0.2842044189453125 0.595368873046875 0.2808849140625 0.5933171845703125 0.2758517138671875
2 0.533065044921875 0.25057540625 0.5297354248046875 0.253334935546875 0.5270344208984376 0.25688713671875 0.5273407177734375 0.2604091455078125 0.53167466796875 0.262402583984375 0.53552383984375 0.261345236328125 0.53829531640625 0.258227990234375 0.53729123046875 0.25347656640625 0.5383465986328125 0.2506311259765625 0.533065044921875 0.25057540625
2 0.4952572578125 0.3083464169921875 0.4921426796875 0.3092874169921875 0.4910487197265625 0.313477322265625 0.4929255009765625 0.3189843427734375 0.4969959375 0.3129814931640625 0.4952572578125 0.3083464169921875
2 0.4556772158203125 0.5467513857421875 0.4531573408203125 0.546702794921875 0.4516739208984375 0.5531881357421875 0.4566043623046875 0.5541932822265625 0.4582883466796875 0.552140513671875 0.4556772158203125 0.5467513857421875
0 0.5168074677734374 1 0.5745157568359375 0.9908599052734375 0.59096179296875 0.9887012265625 0.5938946484375 0.989779134765625 0.597079943359375 0.9892746337890626 0.600242458984375 0.9876774306640626 0.607550845703125 0.9856276611328125 0.6537241826171875 0.9251901611328125 0.664829248046875 0.9033433505859375 0.6650712138671875 0.88901977734375 0.6671449013671875 0.8846731162109375 0.670681552734375 0.88322073046875 0.6738411904296875 0.8778098369140624 0.676291892578125 0.8774216845703126 0.678365580078125 0.8730750234375 0.679007130859375 0.8676168388671875 0.6810440146484374 0.86461594140625 0.6808434501953124 0.860183369140625 0.6823589951171875 0.8554789921875 0.6852235859375 0.851900880859375 0.687999916015625 0.8514611533203125 0.6915956162109375 0.8392846875 0.6939498623046875 0.81926998828125 0.698649158203125 0.8140613544921875 0.7016403564453125 0.8059988525390624 0.7030242666015625 0.797297103515625 0.7029148759765625 0.7839214140625 0.705065748046875 0.7768858232421875 0.7078354365234375 0.773767279296875 0.7064638916015625 0.7619314296875 0.7068374921875 0.7516052275390624 0.70778533984375 0.7496690517578125 0.706957703125 0.7444435634765625 0.709063515625 0.7418778662109375 0.7137979912109375 0.7210400576171875 0.7100607763671875 0.71805987109375 0.708843435546875 0.7151282744140625 0.712508064453125 0.7033870087890625 0.7180430078125 0.7002781904296875 0.7211506787109375 0.6564841162109375 0.71790446484375 0.653427744140625 0.7183164130859375 0.6417555341796874 0.716867927734375 0.632610158203125 0.7157179736328125 0.630114005859375 0.7153810947265625 0.6248107890625 0.7131835380859375 0.622032861328125 0.7122483818359375 0.6177166376953125 0.7166315 0.5978267138671876 0.7152358408203126 0.5810842275390625 0.7122476962890625 0.571736591796875 0.7121320830078125 0.5614878740234375 0.7130799306640625 0.5595516982421875 0.7112911533203125 0.53081839453125 0.70737740625 0.5140286171875 0.7003420107421875 0.469608876953125 0.6900728486328125 0.415878822265625 0.6829673388671875 0.4027189736328125 0.683854267578125 0.3972219248046875 0.6820080673828125 0.39349611328125 0.6792142646484375 0.3917080205078125 0.6766557158203125 0.378720240234375 0.6724904482421875 0.379379953125 0.6699096552734375 0.375770490234375 0.6678035166015625 0.36405098828125 0.6660264892578125 0.3607619208984375 0.6644321357421875 0.35387181640625 0.661435654296875 0.333364654296875 0.6570472529296875 0.3246849150390625 0.6569477431640625 0.3224685068359375 0.6502239267578125 0.310140439453125 0.647744431640625 0.3087486826171875 0.64143443359375 0.299033359375 0.639557896484375 0.2935278828125 0.63942626171875 0.2895305107421875 0.6342037568359375 0.2787507109375 0.6276421572265625 0.2722012236328125 0.62308531640625 0.2608698759765625 0.6167755625 0.251156095703125 0.60659203515625 0.23758994140625 0.6037964443359375 0.2358005498046875 0.602134705078125 0.2284750009765625 0.59652249609375 0.21998909375 0.588766126953125 0.215414890625 0.5865382333984375 0.210857298828125 0.5831459072265625 0.21005465625 0.5798691123046875 0.205217076171875 0.579844998046875 0.200310439453125 0.5749287900390625 0.1930526484375 0.5678090478515625 0.1861454453125 0.5662773994140625 0.1828175126953125 0.56257230859375 0.1816182900390625 0.5491345576171875 0.168121435546875 0.539701970703125 0.1624727861328125 0.535743734375 0.1644396435546875 0.5319391337890625 0.16102401171875 0.5233341826171874 0.1606008505859375 0.5051173857421875 0.1724147841796875 0.4962385888671875 0.1845357763671875 0.4914781298828125 0.186181994140625 0.4854682060546875 0.1831156513671875 0.48009983203125 0.1745911240234375 0.4780020302734375 0.1740311484375 0.4690503212890625 0.15714548828125 0.4630789892578125 0.152734681640625 0.4593497841796875 0.1466288212890625 0.448340734375 0.14212367578125 0.4417263095703125 0.1431712978515625 0.4081761474609375 0.1596443857421875 0.393280958984375 0.171824462890625 0.373678708984375 0.192340390625 0.3676400732421875 0.2017777939453125 0.365383712890625 0.2097254912109375 0.35133039453125 0.2208784130859375 0.346990220703125 0.2220119462890625 0.33496601953125 0.2332911865234375 0.3171407958984375 0.2570961826171875 0.314072658203125 0.2678491572265625 0.3077824208984375 0.280452396484375 0.301224234375 0.288187619140625 0.2967623056640625 0.2964830615234375 0.2936638310546875 0.30545637109375 0.292631033203125 0.3132086923828125 0.2842912216796875 0.3350652294921875 0.278209640625 0.3632590224609375 0.2721647822265625 0.3758233974609375 0.2726716435546875 0.383777978515625 0.2741330634765625 0.3866724990234375 0.273553974609375 0.3956913125 0.266867892578125 0.4279990703125 0.2683933173828125 0.434453974609375 0.268417431640625 0.439360611328125 0.268019716796875 0.4447801767578125 0.264775373046875 0.4560087587890625 0.2649373447265625 0.4617857958984375 0.262244677734375 0.4764975224609375 0.259841263671875 0.518395583984375 0.2584651201171875 0.5239701171875 0.2591548974609375 0.528325205078125 0.2559362939453125 0.558743833984375 0.2562561279296875 0.587711376953125 0.25533707421875 0.591427462890625 0.2566251318359375 0.5947955576171875 0.257375828125 0.60271151953125 0.256637322265625 0.6662182958984375 0.2632051337890625 0.7473190361328125 0.2648974541015625 0.75642579296875 0.26841316015625 0.7643499375 0.2679402939453125 0.7724612744140625 0.2710681650390625 0.7969642646484375 0.2737404580078125 0.8059158095703125 0.2757813876953125 0.8084939033203125 0.2781977880859375 0.8150307490234375 0.279814712890625 0.826827734375 0.2841199521484375 0.8413249189453125 0.285760990234375 0.8580285400390625 0.316868646484375 0.9624731171875 0.3206281875 0.9703586416015625 0.3296005986328125 0.9778662275390625 0.3398898701171875 1 0.5168074677734374 1
0 0.5640732783203125 0 0.5531422236328125 0.026481931640625 0.5534010107421875 0.058080478515625 0.563331544921875 0.100802986328125 0.576013126953125 0.120942095703125 0.6238829990234375 0.173475369140625 0.66272336328125 0.1989631953125 0.7260881962890625 0.2094928896484375 0.78253233203125 0.1863152255859375 0.816881927734375 0.1634730400390625 0.88101366015625 0.0789626640625 0.9217771787109375 0 0.5640732783203125 0
0 1 0.4706373564453125 0.9693245947265625 0.2769604716796875 0.958842873046875 0.2707107294921875 0.8855762236328125 0.277569095703125 0.8148161943359375 0.2603008017578125 0.70417575390625 0.250930921875 0.628388126953125 0.2518606650390625 0.6968667119140625 0.4245240263671875 0.71144139453125 0.49656853125 0.729486052734375 0.5206041435546875 0.8092755908203125 0.5649178857421875 0.8623264404296875 0.580245107421875 0.93941290234375 0.577527671875 0.976527904296875 0.562157373046875 0.9968347529296875 0.560523060546875 1 0.558432478515625 1 0.4706373564453125
0 0 0.3662615 0.0808795869140625 0.3907827314453125 0.1538251171875 0.3918851083984375 0.181114994140625 0.38439886328125 0.2378802490234375 0.3532604560546875 0.2849737568359375 0.310998087890625 0.3417869833984375 0.21024510546875 0.3490144404296875 0.2059364345703125 0.346081294921875 0.1874172783203125 0.341207076171875 0.1866073017578125 0.2829752490234375 0.208486130859375 0.172670287109375 0.221210791015625 0.0470717158203125 0.1873164404296875 0 0.1543209775390625 0 0.3662615
0 0.101376310546875 1 0.1163407001953125 0.9942272958984375 0.1151185556640625 0.98651098046875 0.1308723046875 0.9761059482421875 0.1811913603515625 0.884291423828125 0.230058201171875 0.8132726064453125 0.2578082177734375 0.7487623193359375 0.2513812724609375 0.5583610595703125 0.2599411767578125 0.452594837890625 0.238536845703125 0.367394251953125 0.2290328388671875 0.3673175615234375 0.224249669921875 0.3870588623046875 0.209305896484375 0.3925896767578125 0.1787617548828125 0.389517509765625 0.136039248046875 0.3994480439453125 0.062116001953125 0.392172615234375 0 0.3725099521484375 0 0.5393508525390625 0.0667741845703125 0.96094646484375 0.0938861044921875 1 0.101376310546875 1
2 0.2069431923828125 0.2078726123046875 0.1950859462890625 0.212914568359375 0.1991501875 0.218598763671875 0.215392794921875 0.2112802568359375 0.2069431923828125 0.2078726123046875
2 0.0560532529296875 0.2839764638671875 0.0606686826171875 0.253187892578125 0.0545723203125 0.2446616015625 0.044013908203125 0.2479158662109375 0.0417517177734375 0.2735857900390625 0.0498802001953125 0.2849541787109375 0.0560532529296875 0.2839764638671875
2 0 0.366509802734375 0.0209223984375 0.371803435546875 0.025461138671875 0.3505188720703125 0.022039134765625 0.328913189453125 0 0.329453876953125 0 0.366509802734375
2 0.104991888671875 0.3632340673828125 0.09264578515625 0.365189498046875 0.09484564453125 0.379078865234375 0.10410522265625 0.3776122919921875 0.104991888671875 0.3632340673828125
2 0.143055888671875 0.2939262509765625 0.1327419052734375 0.298723779296875 0.13753943359375 0.3090377626953125 0.146310154296875 0.3044846640625 0.143055888671875 0.2939262509765625
2 0.184954060546875 0.2588146513671875 0.1917693505859375 0.241915447265625 0.18445084375 0.2256728408203125 0.176490099609375 0.2253517216796875 0.17479345703125 0.2446041650390625 0.180324271484375 0.2595479375 0.184954060546875 0.2588146513671875
2 0.784041982421875 0.28574065625 0.7900472958984375 0.2737156708984375 0.7880918642578125 0.26136956640625 0.7672961591796875 0.2599173525390625 0.7618563935546875 0.265524857421875 0.7624362998046875 0.28916266015625 0.7724291650390624 0.2923258759765625 0.784041982421875 0.28574065625
2 0.875473056640625 0.3835797470703125 0.8760242451171875 0.3471069814453125 0.8721133828125 0.3224147734375 0.8608216845703125 0.3210392490234375 0.8552428984375 0.3757100517578125 0.8643490966796875 0.3932514931640625 0.875473056640625 0.3835797470703125
2 0.951979611328125 0.3572245078125 0.957007208984375 0.339026470703125 0.9440811982421875 0.31734409765625 0.933033927734375 0.3175118369140625 0.931260595703125 0.346268287109375 0.9409323408203125 0.3573922470703125 0.951979611328125 0.3572245078125
2 0.965658162109375 0.253811525390625 0.9597918701171875 0.216773212890625 0.9476901943359375 0.2202719072265625 0.9451835751953125 0.2443985673828125 0.9612728017578125 0.2560880751953125 0.965658162109375 0.253811525390625
2 0.691383869140625 0.3399656787109375 0.6749735234375 0.3362369150390625 0.6697781875 0.3433876826171875 0.679617671875 0.3655589130859375 0.6906649423828125 0.365391173828125 0.691383869140625 0.3399656787109375
2 0.7408113642578125 0.4223098076171875 0.734715001953125 0.4137835166015625 0.7223688974609375 0.415738947265625 0.7194501103515625 0.4272750751953125 0.73399607421875 0.43920901171875 0.7408113642578125 0.4223098076171875
2 0.8226617412109375 0.5295762158203124 0.8107134453125 0.5140668955078125 0.786265666015625 0.51952101953125 0.79179648046875 0.53446479296875 0.8038214658203126 0.54047010546875 0.8226617412109375 0.5295762158203124
2 0.8373467255859375 0.492446853515625 0.831739220703125 0.487007087890625 0.8275982900390625 0.490826900390625 0.8292326015625 0.5111337490234374 0.834351248046875 0.51348698828125 0.8373467255859375 0.492446853515625
2 0.765791078125 0.5101080615234375 0.758074763671875 0.5113302060546875 0.7595413369140624 0.5205897841796875 0.7659588173828125 0.52115533203125 0.765791078125 0.5101080615234375
2 0.211338017578125 0.3954317744140625 0.22091871484375 0.38600445703125 0.222615357421875 0.3667520146484375 0.208725990234375 0.3689518740234375 0.1901301435546875 0.38138902734375 0.1933844091796875 0.391947439453125 0.211338017578125 0.3954317744140625
2 0.2122341484375 0.57088926171875 0.2082465966796875 0.5557010595703125 0.202150234375 0.5471747685546875 0.1933795146484375 0.5517278671875 0.1901396083984375 0.5712247392578125 0.2039522861328125 0.57852888671875 0.2122341484375 0.57088926171875
2 0.1504843740234375 0.7103915595703125 0.14032376953125 0.6961810732421875 0.1295209287109375 0.6978920751953125 0.1175869921875 0.7124380390625 0.1313229794921875 0.729246193359375 0.1504843740234375 0.7103915595703125
2 0.104018744140625 0.706677154296875 0.09101604296875 0.6944987890625 0.0807020595703125 0.6992963173828125 0.0859117548828125 0.722200833984375 0.1047663896484375 0.7413622275390624 0.104018744140625 0.706677154296875
2 0.135598037109375 0.8361435107421875 0.1311216279296875 0.817868783203125 0.1134124482421875 0.8159277109375 0.1139923544921875 0.8395655146484375 0.125528482421875 0.8424843017578125 0.135598037109375 0.8361435107421875
2 0.128964845703125 0.8941452685546875 0.1460174287109375 0.8819525439453125 0.135612396484375 0.866198794921875 0.1206686240234375 0.871729609375 0.112875619140625 0.8824557607421875 0.1161298837890625 0.8930141728515625 0.128964845703125 0.8941452685546875
2 0.10431114453125 0.6386058427734375 0.0932638740234375 0.6387735810546875 0.09343161328125 0.6498208515625 0.103180048828125 0.6514408046875 0.10431114453125 0.6386058427734375
2 0.11838750390625 0.517728109375 0.1075846630859375 0.519439111328125 0.1054758525390625 0.5261010205078125 0.113848763671875 0.5390126728515625 0.126760416015625 0.5306397607421875 0.11838750390625 0.517728109375
2 0.1777791455078125 0.5431248857421875 0.16413420703125 0.5468680087890625 0.1694205927734375 0.5602685185546875 0.1799790048828125 0.5570142529296875 0.1777791455078125 0.5431248857421875
2 0.0240232841796875 0.4013698623046875 0.0170402548828125 0.4072217958984375 0.0215933544921875 0.4159925166015625 0.0295540986328125 0.416313634765625 0.0240232841796875 0.4013698623046875
2 0.24165666015625 0.7766321025390625 0.2386468232421875 0.767616953125 0.2309305087890625 0.76883909765625 0.221594240234375 0.779809677734375 0.229233865234375 0.7880915400390625 0.24165666015625 0.7766321025390625
2 0.1799692158203125 0.876575109375 0.176714951171875 0.8660166962890625 0.1723295908203125 0.86829324609375 0.1660798486328125 0.87877496875 0.1716873525390625 0.884214734375 0.1799692158203125 0.876575109375