2 0.3620375 0.6973953125 0.3611109375 0.7020828125 0.3648140625 0.7057296875 0.3768515625 0.7072921875 0.38055625 0.7052078125 0.38148125 0.6994796875 0.3768515625 0.6947921875 0.36851875 0.6942703125 0.3620375 0.6973953125
2 0.5425921875 0.6515625 0.54351875 0.6572921875 0.5509265625 0.6614578125 0.55648125 0.6619796875 0.565740625 0.6583328125 0.5648140625 0.6515625 0.5574078125 0.6473953125 0.5481484375 0.6473953125 0.5425921875 0.6515625
2 0.6546296875 0.5255203125 0.6620375 0.5307296875 0.6731484375 0.5302078125 0.6870375 0.5239578125 0.6870375 0.5203125 0.6740734375 0.5078125 0.65648125 0.5197921875 0.6546296875 0.5255203125
2 0.6324078125 0.5458328125 0.634259375 0.55 0.64351875 0.5489578125 0.6416671875 0.5442703125 0.6324078125 0.5458328125
2 0.8953703125 0.809375 0.9 0.8067703125 0.8990734375 0.8046875 0.89351875 0.8020828125 0.8879625 0.8026046875 0.8851859375 0.8088546875 0.8953703125 0.809375
0 0.3370375 0.9848953125 0.36944375 0.9963546875 0.371296875 0.9994796875 0.822221875 0.9994796875 0.8675921875 0.9661453125 0.8888890625 0.9432296875 0.9129625 0.9104171875 0.9240734375 0.8895828125 0.9324078125 0.8572921875 0.9490734375 0.8244796875 0.947221875 0.8010421875 0.952778125 0.7661453125 0.9453703125 0.753421875 0.946296875 0.7265625 0.940740625 0.7052078125 0.9268515625 0.6729171875 0.9148140625 0.6588546875 0.909259375 0.6411453125 0.8870375 0.6197921875 0.872221875 0.5921875 0.8388890625 0.5640625 0.83055625 0.5619796875 0.8203703125 0.5484375 0.80648125 0.5395828125 0.7833328125 0.5296875 0.76944375 0.5171875 0.7490734375 0.5125 0.7481484375 0.5098953125 0.725 0.4979171875 0.690740625 0.490625 0.6648140625 0.4708328125 0.6453703125 0.4661453125 0.627778125 0.446875 0.59351875 0.43125 0.5824078125 0.4213546875 0.571296875 0.4223953125 0.5481484375 0.4364578125 0.54351875 0.4510421875 0.525 0.4557296875 0.5166671875 0.4640625 0.4379625 0.5005203125 0.34351875 0.5645828125 0.2824078125 0.6229171875 0.240740625 0.7130203125 0.2388890625 0.7359375 0.225 0.7520828125 0.2240734375 0.83125 0.240740625 0.8708328125 0.2388890625 0.8885421875 0.2601859375 0.915625 0.2648140625 0.9270828125 0.309259375 0.9760421875 0.322221875 0.9828125 0.3370375 0.9848953125
2 0.8925921875 0.5677078125 0.8990734375 0.5640625 0.9 0.5557296875 0.896296875 0.5520828125 0.8916671875 0.5536453125 0.8870375 0.5635421875 0.8925921875 0.5677078125
2 0.79444375 0.478125 0.790740625 0.4760421875 0.7824078125 0.4765625 0.7824078125 0.4817703125 0.7916671875 0.4822921875 0.79444375 0.478125
2 0.60555625 0.4286453125 0.602778125 0.4265625 0.5953703125 0.4265625 0.596296875 0.4317703125 0.602778125 0.4364578125 0.60555625 0.4286453125
2 0.7046296875 0.3947921875 0.7018515625 0.4 0.7138890625 0.4015625 0.7148140625 0.3963546875 0.7046296875 0.3947921875
2 0.4425921875 0.4348953125 0.4453703125 0.4385421875 0.4583328125 0.4416671875 0.4629625 0.4380203125 0.4620375 0.4333328125 0.45555625 0.4302078125 0.44444375 0.4296875 0.4425921875 0.4348953125
2 0.8490734375 0.3833328125 0.8425921875 0.38125 0.8370375 0.3822921875 0.8361109375 0.3885421875 0.847221875 0.3885421875 0.8490734375 0.3833328125
0 0.56851875 0.4203125 0.5759265625 0.41875 0.584259375 0.4197921875 0.596296875 0.4348953125 0.63148125 0.4473953125 0.647221875 0.4651046875 0.6648140625 0.46875 0.69351875 0.490625 0.7166671875 0.4927078125 0.7518515625 0.5109375 0.7740734375 0.5171875 0.7851859375 0.5276046875 0.825 0.5484375 0.83148125 0.5604171875 0.84351875 0.5635421875 0.8638890625 0.5833328125 0.8740734375 0.5890625 0.8925921875 0.621875 0.90555625 0.6291671875 0.9231484375 0.6598953125 0.9370375 0.6755203125 0.9388890625 0.6869796875 0.9490734375 0.6963546875 0.946296875 0.7010421875 0.95555625 0.7015625 0.9518515625 0.696875 0.94351875 0.6578125 0.9370375 0.6546875 0.9268515625 0.5796875 0.921296875 0.5703125 0.91944375 0.5135421875 0.9240734375 0.4567703125 0.9388890625 0.4166671875 0.927778125 0.4052078125 0.878703125 0.384375 0.827778125 0.3708328125 0.76944375 0.365625 0.6953703125 0.3666671875 0.677778125 0.3734375 0.6611109375 0.3755203125 0.65555625 0.3796875 0.5759265625 0.3942703125 0.571296875 0.4015625 0.563734375 0.40625 0.534259375 0.4072921875 0.5296296875 0.4104171875 0.525 0.4213546875 0.521296875 0.4223953125 0.49351875 0.4213546875 0.471296875 0.428125 0.4361109375 0.4223953125 0.3851859375 0.4192703125 0.39351875 0.4276046875 0.48148125 0.4776046875 0.5046296875 0.471875 0.515740625 0.4588546875 0.528703125 0.4526046875 0.5379625 0.4515625 0.546296875 0.4375 0.56851875 0.4203125
2 0.0638890625 0.4083328125 0.0638890625 0.4145828125 0.0731484375 0.415625 0.0759265625 0.4098953125 0.0638890625 0.4083328125
2 0.0166671875 0.5067703125 0.0148140625 0.5010421875 0.003703125 0.5020828125 0 0.5046875 0.003703125 0.5088546875 0.0166671875 0.5067703125
0 0 0.5880203125 0.00555625 0.6125 0.0388890625 0.6057296875 0.06851875 0.6036453125 0.0953703125 0.5947921875 0.1148140625 0.5947921875 0.128703125 0.5921875 0.1703703125 0.575 0.1925921875 0.5713546875 0.2388890625 0.5515625 0.2638890625 0.5447921875 0.2759265625 0.5359375 0.31944375 0.5145828125 0.3361109375 0.5010421875 0.3666671875 0.4838546875 0.3833328125 0.4692703125 0.3916671875 0.4666671875 0.403703125 0.4557296875 0.4120375 0.4432296875 0.409259375 0.4390625 0.3898140625 0.434375 0.3768515625 0.4192703125 0.38055625 0.415625 0.397221875 0.4119796875 0.3990734375 0.4088546875 0.403703125 0.4083328125 0.4120375 0.4135421875 0.41944375 0.4125 0.4259265625 0.415625 0.4296296875 0.4135421875 0.4388890625 0.41875 0.4416671875 0.4182296875 0.4453703125 0.4130203125 0.475 0.3963546875 0.478703125 0.3890625 0.4861109375 0.3864578125 0.5018515625 0.3734375 0.50648125 0.3651046875 0.50648125 0.3541671875 0.5046296875 0.3484375 0.4861109375 0.3458328125 0.41944375 0.3473953125 0.415740625 0.3322921875 0.43148125 0.33125 0.4351859375 0.3291671875 0.4351859375 0.3135421875 0.45 0.309375 0.4425921875 0.3046875 0.4296296875 0.3010421875 0.4268515625 0.2947921875 0.41944375 0.2901046875 0.396296875 0.2817703125 0.3759265625 0.2796875 0.372221875 0.2744796875 0.3490734375 0.265625 0.3361109375 0.2630203125 0.334259375 0.259375 0.322221875 0.25625 0.3111109375 0.25 0.2583328125 0.2385421875 0.2388890625 0.2286453125 0.18101875 0.225 0.0675921875 0.2125 0.0481484375 0.2151046875 0.0129625 0.2104171875 0.003703125 0.2119796875 0 0.2166671875 0 0.2802078125 0.002778125 0.2822921875 0 0.2911453125 0 0.5880203125
0 0.18055625 0.7161453125 0.1925921875 0.7052078125 0.2148140625 0.69375 0.234259375 0.6723953125 0.2351859375 0.6630203125 0.247221875 0.6526046875 0.25 0.6385421875 0.2379625 0.6302078125 0.24444375 0.615625 0.271296875 0.5921875 0.26944375 0.5796875 0.2740734375 0.5755203125 0.2768515625 0.5635421875 0.265740625 0.5541671875 0.2509265625 0.5520828125 0.2009265625 0.5708328125 0.103703125 0.5984375 0.0925921875 0.5989578125 0.0648140625 0.6072921875 0.0203703125 0.6119796875 0.00555625 0.615625 0.0018515625 0.61875 0 0.7760421875 0.00555625 0.7776046875 0.0638890625 0.7703125 0.1 0.7578125 0.134259375 0.7427078125 0.140740625 0.7359375 0.1574078125 0.7296875 0.18055625 0.7161453125
0 0.447221875 0 0.4379625 0.0145828125 0.421296875 0.015625 0.41944375 0.0078125 0.4175921875 0.009375 0.4148140625 0.0135421875 0.41851875 0.01875 0.4240734375 0.0182296875 0.427778125 0.0203125 0.4361109375 0.0291671875 0.4574078125 0.0317703125 0.4703703125 0.0447921875 0.5388890625 0.0760421875 0.5611109375 0.0807296875 0.575 0.0927078125 0.5888890625 0.0947921875 0.60555625 0.1072921875 0.6203703125 0.1104171875 0.625 0.1161453125 0.6509265625 0.128125 0.6861109375 0.1505203125 0.7083328125 0.1692703125 0.7379625 0.1854171875 0.747221875 0.1890625 0.7675921875 0.1911453125 0.7870375 0.1880203125 0.7898140625 0.1765625 0.7861109375 0.1578125 0.78148125 0.1501734375 0.777778125 0.1276046875 0.7666671875 0.1125 0.76851875 0.1072921875 0.7638890625 0.0869796875 0.7351859375 0.0489578125 0.7351859375 0.0447921875 0.721296875 0.0286453125 0.7175921875 0.0286453125 0.703703125 0.0145828125 0.7009265625 0 0.447221875 0
0 0.7148140625 0 0.7203703125 0.0130203125 0.7453703125 0.0395828125 0.74351875 0.0447921875 0.747221875 0.0458328125 0.7925921875 0.1260421875 0.8009265625 0.1520828125 0.8074078125 0.1578125 0.8129625 0.1776046875 0.8166671875 0.1807296875 0.821296875 0.1807296875 0.8324078125 0.171875 0.8453703125 0.1526046875 0.8703703125 0.1328125 0.903703125 0.0947921875 0.928703125 0.0505203125 0.9370375 0.021875 0.9361109375 0 0.7148140625 0
0 0.2018515625 0 0.203703125 0.0057296875 0.2 0.0104171875 0.209259375 0.0145828125 0.228703125 0.0177078125 0.2333328125 0.025 0.240740625 0.0286453125 0.266203125 0.0322921875 0.2916671875 0.0463546875 0.4851859375 0.1067703125 0.6379625 0.1395828125 0.6509265625 0.140625 0.6574078125 0.1385421875 0.647221875 0.1286453125 0.5731484375 0.0947921875 0.55648125 0.0833328125 0.5398140625 0.0791671875 0.5166671875 0.065625 0.5018515625 0.0614578125 0.4759265625 0.0473953125 0.371296875 0.0072921875 0.3638890625 0 0.2018515625 0
0 0 0.190625 0.0046296875 0.1932296875 0.0231484375 0.1979171875 0.0796296875 0.2052078125 0.1046296875 0.2026046875 0.1101859375 0.2052078125 0.1268515625 0.2067703125 0.225 0.2036453125 0.252778125 0.2010421875 0.3 0.1927078125 0.3675921875 0.1708328125 0.39444375 0.1682296875 0.4120375 0.1630203125 0.4166671875 0.1479171875 0.4203703125 0.1453125 0.4074078125 0.1354171875 0.3648140625 0.11875 0.340740625 0.1166671875 0.3240734375 0.1119796875 0.2981484375 0.1010421875 0.2870375 0.09375 0.2203703125 0.0708328125 0.20555625 0.0614578125 0.1490734375 0.0458328125 0.1370375 0.0447921875 0.1129625 0.0385421875 0.06851875 0.0317703125 0.0046296875 0.0302078125 0 0.0322921875 0 0.190625
0 0.8611109375 0.2984375 0.852778125 0.30625 0.8648140625 0.3109375 0.872221875 0.3083328125 0.88055625 0.3104171875 0.890740625 0.3036453125 0.902778125 0.3036453125 0.93148125 0.3109375 0.965740625 0.3145828125 0.9851859375 0.3223953125 0.9990734375 0.3244796875 0.9990734375 0.146875 0.9824078125 0.1421875 0.9629625 0.1411453125 0.95555625 0.1427078125 0.9268515625 0.1421875 0.9175921875 0.1442703125 0.9046296875 0.1505203125 0.8916671875 0.1614578125 0.88055625 0.1776046875 0.88055625 0.1927078125 0.8898140625 0.2338546875 0.890740625 0.2791671875 0.8833328125 0.2895828125 0.8768515625 0.2890625 0.8768515625 0.2927078125 0.8666671875 0.2984375 0.8611109375 0.2984375
0 0.777778125 0.2932296875 0.7833328125 0.2901046875 0.7768515625 0.2322921875 0.771296875 0.2260421875 0.7518515625 0.2322921875 0.7361109375 0.2333328125 0.7324078125 0.2364578125 0.7240734375 0.2369796875 0.71944375 0.2333328125 0.70648125 0.2322921875 0.572221875 0.2010421875 0.5453703125 0.1973953125 0.4916671875 0.1942703125 0.4629625 0.1947921875 0.4111109375 0.2088546875 0.402778125 0.2130203125 0.3870375 0.228125 0.3870375 0.2354171875 0.39444375 0.2401046875 0.45 0.2614578125 0.4666671875 0.2729171875 0.5648140625 0.2807296875 0.6648140625 0.29375 0.7379625 0.2901046875 0.777778125 0.2932296875
0 0.8879625 0.2817703125 0.890740625 0.2453125 0.8888890625 0.2354171875 0.8824078125 0.2265625 0.86944375 0.2239578125 0.847221875 0.2265625 0.8259265625 0.2203125 0.821296875 0.2208328125 0.81944375 0.2244796875 0.8166671875 0.23125 0.81944375 0.2640625 0.8268515625 0.2796875 0.8370375 0.2817703125 0.8453703125 0.2895828125 0.85648125 0.2890625 0.8629625 0.2822921875 0.8879625 0.2817703125
0 0.9768515625 0.7213546875 0.9990734375 0.7625 0.9990734375 0.3734375 0.99351875 0.3677078125 0.9861109375 0.36875 0.9824078125 0.3739578125 0.977778125 0.3734375 0.9703703125 0.3786453125 0.946296875 0.4104171875 0.934259375 0.4317703125 0.9259265625 0.4625 0.9259265625 0.490625 0.921296875 0.5177078125 0.922221875 0.5583328125 0.9370375 0.6432296875 0.946296875 0.6557296875 0.95 0.675 0.9620375 0.7041671875 0.9768515625 0.7213546875
2 0.334259375 0.9078125 0.3370375 0.9140625 0.352778125 0.915625 0.3601859375 0.9125 0.3611109375 0.9072921875 0.35555625 0.9041671875 0.340740625 0.9041671875 0.334259375 0.9078125
2 0.522221875 0.7473953125 0.5129625 0.7463546875 0.5074078125 0.7494796875 0.509259375 0.7552078125 0.5259265625 0.7552078125 0.522221875 0.7473953125
2 0.484259375 0.8578125 0.4898140625 0.8604171875 0.4981484375 0.859375 0.5 0.85625 0.4953703125 0.85 0.4861109375 0.8484375 0.484259375 0.8505203125 0.484259375 0.8578125
2 0.3138890625 0.7317703125 0.302778125 0.728125 0.3 0.7296875 0.3018515625 0.7380203125 0.3101859375 0.7390625 0.3138890625 0.7317703125
2 0.384259375 0.9604171875 0.3916671875 0.9598953125 0.390740625 0.9520828125 0.38148125 0.9489578125 0.3731484375 0.9515625 0.375 0.9572921875 0.384259375 0.9604171875
2 0.325 0.671875 0.327778125 0.6697921875 0.3259265625 0.6645828125 0.321296875 0.6625 0.3138890625 0.6645828125 0.3129625 0.6697921875 0.325 0.671875
2 0.15 0.7125 0.153703125 0.715625 0.172221875 0.7130203125 0.1731484375 0.7078125 0.165740625 0.7046875 0.1574078125 0.7046875 0.1509265625 0.7072921875 0.15 0.7125
2 0.1138890625 0.6442703125 0.11944375 0.6442703125 0.1268515625 0.6390625 0.1175921875 0.6354171875 0.1074078125 0.6380203125 0.10648125 0.6421875 0.1138890625 0.6442703125
2 0.184259375 0.6276046875 0.1953703125 0.6270828125 0.2018515625 0.6229171875 0.1898140625 0.6171875 0.18055625 0.6213546875 0.1796296875 0.6260421875 0.184259375 0.6276046875
2 0.0759265625 0.7046875 0.0870375 0.7067703125 0.0916671875 0.7057296875 0.096296875 0.7010421875 0.09351875 0.6942703125 0.0833328125 0.6911453125 0.075 0.6947921875 0.0759265625 0.7046875