2 0.4702589169921875 0.391505333984375 0.470560765625 0.3954870439453125 0.474706712890625 0.4157331318359375 0.480987873046875 0.42538165625 0.49533858984375 0.4313423701171875 0.50059998046875 0.4322718681640625 0.5063379716796875 0.432223654296875 0.51614461328125 0.42933914453125 0.5242487958984375 0.4246597509765625 0.5315675302734375 0.4172215771484375 0.532692138671875 0.4103128671875 0.529296 0.4064716904296875 0.5162577373046875 0.400803833984375 0.50398914453125 0.398391384765625 0.5006724912109375 0.392318810546875 0.4942009658203125 0.388121650390625 0.4858625166015625 0.3868392373046875 0.4734728115234375 0.3878949853515625 0.4702589169921875 0.391505333984375
2 0.4831976982421875 0.45052409375 0.4828168583984375 0.4614299462890625 0.48501046484375 0.47441128515625 0.487058015625 0.4789495703125 0.490497396484375 0.4815524384765625 0.494869458984375 0.48269790625 0.506801521484375 0.482121791015625 0.5183522490234375 0.47979536328125 0.521947478515625 0.4779353271484375 0.52628603515625 0.46741470703125 0.52261394921875 0.4588500859375 0.5153569208984375 0.45189570703125 0.5035720361328125 0.4482572041015625 0.4965389326171875 0.44751598828125 0.485012599609375 0.449099064453125 0.4831976982421875 0.45052409375
2 0.422447845703125 0.4719795244140625 0.42417469921875 0.473031056640625 0.43991724609375 0.4770563525390625 0.455288744140625 0.4790815439453125 0.46453380859375 0.4796529775390625 0.471194248046875 0.478395595703125 0.476164021484375 0.47509515234375 0.477640884765625 0.4706799423828125 0.4755684443359375 0.45422884375 0.46820753515625 0.45024921484375 0.4607600859375 0.4487477626953125 0.4510659951171875 0.4484092373046875 0.445742404296875 0.4492161259765625 0.4363414921875 0.4531075966796875 0.4290660546875 0.4593059013671875 0.422447845703125 0.4719795244140625
2 0.4868491865234375 0.4975551787109375 0.4869448916015625 0.5074848798828125 0.489225037109375 0.5179880419921875 0.4964301533203125 0.526429013671875 0.5012252314453125 0.528086431640625 0.50914771875 0.5286101171875 0.5352930576171875 0.5253049375 0.544754552734375 0.5196785869140625 0.5454805400390625 0.5115145751953125 0.5412312060546876 0.5068994013671875 0.522092466796875 0.499034490234375 0.4980389892578125 0.492983537109375 0.494064041015625 0.4930917548828125 0.4868491865234375 0.4975551787109375
2 0.6783003251953125 0.472971751953125 0.68677610546875 0.48294706640625 0.7013594716796875 0.4948710947265625 0.7124108203125 0.494264224609375 0.7209553603515625 0.4896002080078125 0.723392421875 0.48298435546875 0.7232376962890625 0.474789587890625 0.7210949345703125 0.472977765625 0.7080408935546875 0.4678065361328125 0.7063384892578125 0.4660100908203125 0.7009472060546875 0.4688002001953125 0.6944064267578125 0.46658620703125 0.681999380859375 0.46813852734375 0.6793124375 0.469284515625 0.6783003251953125 0.472971751953125
2 0.6011685908203125 0.3571140029296875 0.6010127978515625 0.3615753466796875 0.604442001953125 0.364424884765625 0.611924078125 0.3649347529296875 0.6168922900390625 0.361634255859375 0.616176041015625 0.35689387109375 0.612296248046875 0.3542771875 0.604770875 0.3550071875 0.6011685908203125 0.3571140029296875
2 0.348850890625 0.318026619140625 0.349152740234375 0.3220083291015625 0.3547955205078125 0.324686578125 0.3627612509765625 0.323971955078125 0.3650338486328125 0.3220657314453125 0.3634093134765625 0.3180393955078125 0.358631521484375 0.315886966796875 0.352031720703125 0.315407908203125 0.348850890625 0.318026619140625
2 0.5724189638671875 0.422370720703125 0.5728073525390625 0.42387425390625 0.5744822392578125 0.42641394140625 0.5784053291015625 0.427790755859375 0.586346609375 0.4278210458984375 0.588142662109375 0.4268909736328125 0.58740045703125 0.4228938857421875 0.5834947080078124 0.4210204990234375 0.575123248046875 0.4207281611328125 0.5724189638671875 0.422370720703125
2 0.4237997109375 0.534316240234375 0.424897294921875 0.5408069365234375 0.4296058876953125 0.544940970703125 0.43400390625 0.5453431416015625 0.455362783203125 0.5401338193359375 0.4581103642578125 0.537251390625 0.4577911748046875 0.5337662529296875 0.448313515625 0.527229943359375 0.430730001953125 0.525376095703125 0.4237997109375 0.534316240234375
2 0.283684552734375 0.491204716796875 0.2834941318359375 0.4966576435546875 0.286042623046875 0.4994764267578125 0.290837701171875 0.5011338447265625 0.3256320078125 0.5028445029296875 0.3336079150390625 0.5018832099609375 0.3416515693359375 0.498937134765625 0.3493586923828125 0.493002494140625 0.3500154267578125 0.4868216484375 0.341402701171875 0.480812720703125 0.334421564453125 0.478583349609375 0.31815206640625 0.4770224140625 0.30312571484375 0.4777390634765625 0.2986843994140625 0.47857676171875 0.291046529296875 0.4825282353515625 0.2860436904296875 0.48682031640625 0.283684552734375 0.491204716796875
2 0.2704233232421875 0.4666707109375 0.270785810546875 0.4689159794921875 0.2720391884765625 0.4709453330078125 0.2839019970703125 0.4723523837890625 0.286148638671875 0.47118945703125 0.28760972265625 0.467270873046875 0.2840837470703125 0.467147744140625 0.2762911513671875 0.462904451171875 0.2704233232421875 0.4666707109375
2 0.279073359375 0.4590304384765625 0.2794531328125 0.4607806962890625 0.2841962978515625 0.4639247080078125 0.2868746259765625 0.4630254453125 0.2921274013671875 0.4642016689453125 0.3002332001953125 0.459520767578125 0.3034470947265625 0.4559104189453125 0.299135615234375 0.4530300712890625 0.2881464111328125 0.4519021162109375 0.2841108251953125 0.453746775390625 0.2822180009765625 0.4574032568359375 0.279073359375 0.4590304384765625
2 0.4159956826171875 0.5809472900390625 0.4132383623046875 0.596734115234375 0.419647798828125 0.6026645390625 0.427925609375 0.60568339453125 0.4358134150390625 0.6072002236328125 0.457380546875 0.608697568359375 0.4679813076171875 0.6083235517578125 0.4796461474609375 0.602774142578125 0.4824023447265625 0.5996449892578125 0.4839933203125 0.5920067978515625 0.483457259765625 0.58206171875 0.469054630859375 0.5775875986328125 0.464294125 0.5749401591796875 0.4506337021484375 0.574463126953125 0.4395579580078125 0.5758133486328125 0.4330344638671875 0.5731043447265625 0.424635486328125 0.5735552490234375 0.4159956826171875 0.5809472900390625
2 0.44053005078125 0.6363998076171875 0.440805943359375 0.641124814453125 0.445505810546875 0.6455086953125 0.458058912109375 0.652399427734375 0.4650314326171875 0.6548755234375 0.483124501953125 0.6547631435546875 0.4898557021484375 0.6515242109375 0.4926638662109375 0.6469069013671875 0.4932946435546875 0.641469353515625 0.4908511005859375 0.6230197109375 0.4876020849609375 0.6149654775390625 0.4819955478515625 0.611294138671875 0.474452833984375 0.6125207109375 0.4538361630859375 0.62172712109375 0.4424055341796875 0.6332398984375 0.44053005078125 0.6363998076171875
2 0.421630880859375 0.6722214326171875 0.4209828173828125 0.6781539921875 0.42724663671875 0.6882990888671875 0.43547248046875 0.692806099609375 0.440302240234375 0.693470373046875 0.4597423349609375 0.6926608291015625 0.48342577734375 0.6840571279296875 0.4872617783203125 0.675257517578125 0.48582771875 0.665776693359375 0.4758144375 0.66195303125 0.4683409775390625 0.6611964375 0.4365092236328125 0.667281419921875 0.4288544052734375 0.6675097216796875 0.421630880859375 0.6722214326171875
2 0.6005555029296875 0.6146901396484376 0.601152146484375 0.6229003388671875 0.609860576171875 0.63883896875 0.6179810322265625 0.6463191123046875 0.6307607431640625 0.6467653896484375 0.641413416015625 0.644904779296875 0.65351861328125 0.639370748046875 0.65759744140625 0.63628778125 0.6586339482421875 0.631857193359375 0.6479288671875 0.6225482333984375 0.636611802734375 0.618183427734375 0.627531203125 0.6129023642578125 0.6218451796875 0.6114624228515625 0.6108473056640625 0.61058275390625 0.60237907421875 0.6130168251953125 0.6005555029296875 0.6146901396484376
2 0.566939466796875 0.566612669921875 0.5672948447265626 0.569106279296875 0.5770916943359375 0.5791277265625 0.589247736328125 0.5847632119140626 0.596272169921875 0.5857527138671875 0.60863591796875 0.58544026171875 0.61488346484375 0.5834258212890625 0.618953677734375 0.5805895791015625 0.61695809375 0.5745631376953125 0.6091465966796875 0.57081636328125 0.604982240234375 0.5637229580078125 0.5970944345703125 0.56220612890625 0.5847653134765625 0.5615269970703125 0.571044306640625 0.5627848447265625 0.566939466796875 0.566612669921875
2 0.6924789169921876 0.6102064267578124 0.6913558154296875 0.61711675390625 0.696080626953125 0.6334118857421875 0.6999084521484376 0.6375167255859375 0.7029492119140625 0.63886429296875 0.72967234765625 0.6442642685546875 0.7348574306640625 0.647423712890625 0.7419597880859375 0.6461817626953125 0.7527250126953124 0.6410981162109375 0.7529154326171875 0.6356451904296875 0.74876841796875 0.628055212890625 0.7484665146484375 0.624075064453125 0.7403807392578124 0.615601775390625 0.720758345703125 0.6089613564453125 0.7075744677734375 0.6075081728515624 0.6969548046875 0.60837870703125 0.6924789169921876 0.6102064267578124
2 0.700950978515625 0.5444901904296875 0.7016758984375 0.5489822880859375 0.711689125 0.5528075126953125 0.715119890625 0.55565710546875 0.7195698759765625 0.55457112109375 0.7265943095703125 0.555560623046875 0.7305952685546875 0.5547075478515625 0.7319595810546875 0.553515373046875 0.73862158203125 0.552258044921875 0.74181813671875 0.5491442685546875 0.7410499736328126 0.5458904775390625 0.7380265 0.544047900390625 0.727536673828125 0.541200388671875 0.70995477734375 0.5393450341796875 0.707292173828125 0.5397492314453125 0.700950978515625 0.5444901904296875
2 0.759954501953125 0.54779201953125 0.75976408203125 0.5532449462890625 0.7658023603515625 0.5571783876953125 0.772818123046875 0.55841617578125 0.7798944697265625 0.557919083984375 0.7819258017578125 0.5502962705078125 0.7794552353515625 0.54524603515625 0.7737880595703125 0.54331113671875 0.7649487255859375 0.5437466640625 0.759954501953125 0.54779201953125
2 0.631932939453125 0.6889960869140626 0.6316300224609375 0.6976704873046875 0.63781591796875 0.7100470361328125 0.6434744228515625 0.7122302197265625 0.6469988369140625 0.712353294921875 0.663027068359375 0.708197640625 0.6706649931640625 0.70424460546875 0.67343853125 0.70061887890625 0.670527552734375 0.6955548271484375 0.6519086552734376 0.685473896484375 0.639959306640625 0.6865450224609375 0.631932939453125 0.6889960869140626
2 0.5140292783203125 0.666761513671875 0.5142893916015625 0.6719831474609375 0.5193517470703125 0.678612296875 0.524181505859375 0.6792765703125 0.5346091875 0.6838589072265625 0.558369431640625 0.68568142578125 0.565480404296875 0.6841927509765625 0.569585189453125 0.6803664873046875 0.5680818759765625 0.672868830078125 0.558534962890625 0.6683156865234375 0.54670678125 0.665917052734375 0.523412849609375 0.663366615234375 0.51943073828125 0.663724734375 0.5140292783203125 0.666761513671875
2 0.2511714013671875 0.6263132666015625 0.2508862099609375 0.6471503818359375 0.25330486328125 0.6536872109375 0.257642353515625 0.6558227001953125 0.2731247861328125 0.65462636328125 0.2811526611328125 0.6521769150390625 0.3100104609375 0.6343247255859376 0.311411015625 0.6321394599609375 0.30992498828125 0.6241467919921875 0.302581419921875 0.6196705908203125 0.29422724609375 0.6188832421875 0.2760562529296875 0.62122707421875 0.26289676953125 0.6190305390625 0.2553281533203125 0.62099884765625 0.2511714013671875 0.6263132666015625
2 0.29064175390625 0.6078388828125 0.290943658203125 0.61181903125 0.2983651513671875 0.6140637802734376 0.3050098115234375 0.6133030244140625 0.3082237060546875 0.60969267578125 0.3065834462890625 0.6061614052734375 0.2982450517578125 0.6048774296875 0.2937950654296875 0.6059634140625 0.29064175390625 0.6078388828125
2 0.222126517578125 0.5736800517578124 0.218928841796875 0.5894514990234375 0.2210716025390625 0.591263322265625 0.2329949951171875 0.5909354921875 0.2432435546875 0.5880664140625 0.24425121484375 0.5844618857421875 0.2529111953125 0.576492072265625 0.253526193359375 0.571551150390625 0.2505011572265625 0.569708517578125 0.2488522822265625 0.56642397265625 0.237006759765625 0.5645219111328125 0.229956369140625 0.5642757060546875 0.22506446484375 0.5653462578125 0.2191549560546875 0.5703508798828125 0.222126517578125 0.5736800517578124
2 0.250603970703125 0.57938987890625 0.2508987109375 0.5836199296875 0.2560995732421875 0.58628274609375 0.26318458984375 0.5855373681640625 0.26632923046875 0.5839101865234375 0.26470475 0.5798822890625 0.2603515361328125 0.5782418642578125 0.2528592275390625 0.5779802275390625 0.250603970703125 0.57938987890625
2 0.2387541025390625 0.5271101015625 0.2375342841796875 0.536745275390625 0.2383646455078125 0.5382626787109375 0.2418457626953125 0.539625623046875 0.253725857421875 0.5405376630859375 0.2603791875 0.53952862109375 0.27064347265625 0.536164478515625 0.2751540419921875 0.53334361328125 0.27566365234375 0.5313758251953125 0.2754137158203125 0.525907521484375 0.273719982421875 0.5238627900390626 0.26329230078125 0.519280453125 0.2508852548828125 0.5208327744140625 0.2387541025390625 0.5271101015625
2 0.2105736005859375 0.6013202607421875 0.2124307314453125 0.61131147265625 0.215031134765625 0.612643662109375 0.2203099208984375 0.6130750263671875 0.222573849609375 0.6114170888671875 0.2245618837890625 0.60503414453125 0.219836005859375 0.6013951220703125 0.212362544921875 0.600638529296875 0.2105736005859375 0.6013202607421875
2 0.248197076171875 0.673610150390625 0.2462869658203125 0.677761642578125 0.249709060546875 0.680859521484375 0.25319884765625 0.6819741806640625 0.2581064765625 0.6804085625 0.2604223720703125 0.6772624697265625 0.257027794921875 0.6734213486328126 0.2521980361328125 0.6727570751953125 0.248197076171875 0.673610150390625
2 0.29935069921875 0.7374373935546875 0.3010617197265625 0.73898711328125 0.3053905390625 0.7413708896484374 0.3075938837890625 0.74144783203125 0.317426482421875 0.7378200244140625 0.3184818359375 0.73289448046875 0.31681405859375 0.7301064521484375 0.309357939453125 0.728853287109375 0.300881037109375 0.7315356435546875 0.29935069921875 0.7374373935546875
2 0.41866528125 0.71926846875 0.417169515625 0.724180197265625 0.4188372939453125 0.7269682255859375 0.42316605859375 0.7293535625 0.4275727470703125 0.729507447265625 0.4347010615234375 0.7275222001953126 0.4392635439453125 0.7232147421875 0.43902938671875 0.7172498115234375 0.4346848427734375 0.7153611005859375 0.4276171123046875 0.71561146875 0.41866528125 0.71926846875
2 0.3620516376953125 0.7738743837890625 0.362845810546875 0.7763833154296875 0.382310794921875 0.7874865849609375 0.3921087666015625 0.784850361328125 0.3991418154296875 0.785593138671875 0.4001182333984375 0.7955535947265625 0.4051892578125 0.8019344580078125 0.409181546875 0.8013296689453125 0.41324308984375 0.798741712890625 0.431940978515625 0.79393508203125 0.4369265322265625 0.79013801171875 0.4389043349609375 0.784003298828125 0.438999544921875 0.7812768359375 0.4338938935546875 0.7758875556640625 0.4339804873046875 0.7734078173828125 0.440323244140625 0.7686669130859375 0.4492648974609375 0.7652565830078125 0.45456253125 0.7651929912109375 0.4610931337890625 0.7676536552734375 0.469172921875 0.7637176123046875 0.4721628369140625 0.7538956630859375 0.4724225107421875 0.7464595712890625 0.4700644404296875 0.738187861328125 0.4615789228515625 0.741116943359375 0.453673775390625 0.740096685546875 0.4467012548828125 0.73762058984375 0.43877015234375 0.7373436298828125 0.4321082060546875 0.738599396484375 0.4244096982421875 0.7442873125 0.4190947783203125 0.7448459140625 0.408286310546875 0.7511678681640624 0.4024877373046875 0.7529509619140625 0.3926805888671875 0.76216274609375 0.3849047177734375 0.763753279296875 0.376990955078125 0.76297974609375 0.3738793251953125 0.7636168525390625 0.36529148828125 0.76952073828125 0.3620516376953125 0.7738743837890625
2 0.4492653916015625 0.7779127470703125 0.45090614453125 0.794100181640625 0.4521146640625 0.7973693505859375 0.4712258857421875 0.80597750390625 0.476488892578125 0.8069054951171875 0.4950207568359375 0.8068084384765625 0.5030573017578125 0.8041107041015625 0.5063057685546875 0.799510333984375 0.505322296875 0.7897966572265624 0.50067278125 0.783926126953125 0.4915677314453125 0.7793899775390625 0.47456308203125 0.7735851748046875 0.46506808203125 0.7675454375 0.46111908984375 0.766910357421875 0.458432091796875 0.7680579072265625 0.4570158115234375 0.7707382373046875 0.4520822265625 0.7730471513671875 0.4492653916015625 0.7779127470703125
2 0.374515435546875 0.8338693486328125 0.3765629873046875 0.8384076337890625 0.3843815390625 0.8419076298828125 0.3879940546875 0.8395525830078125 0.402639072265625 0.83708562109375 0.4134302529296875 0.8312586787109375 0.4207489873046875 0.8238205048828126 0.4240509833984375 0.8177320341796875 0.428119634765625 0.8148957373046875 0.42955481640625 0.8117188896484375 0.4283187255859375 0.809194525390625 0.4243799111328125 0.808312775390625 0.4203096982421875 0.811149017578125 0.4047651201171875 0.8140801796875 0.39616861328125 0.8202323515625 0.380925884765625 0.8271452236328125 0.374515435546875 0.8338693486328125
2 0.4943715712890625 0.825398669921875 0.494605783203125 0.8313620390625 0.497594576171875 0.8341977607421875 0.50244162109375 0.8343670234375 0.5113935068359375 0.8307084609375 0.5150564287109375 0.8268652041015625 0.5103045927734375 0.823969478515625 0.5019764306640625 0.822437271484375 0.4943715712890625 0.825398669921875
2 0.383045677734375 0.5011268515625 0.383375044921875 0.5043653193359375 0.3883941572265625 0.5122327763671874 0.3956511865234375 0.519187154296875 0.40436068359375 0.522469673828125 0.417579189453125 0.5229312744140625 0.4229546923828125 0.5206377919921875 0.431611783203125 0.512750740234375 0.440589625 0.508348880859375 0.4515972373046875 0.4963241533203125 0.4468713583984375 0.492685130859375 0.4394325244140625 0.490936955078125 0.43151876171875 0.490163421875 0.4059003203125 0.4910058017578125 0.385413486328125 0.4964941650390625 0.383045677734375 0.5011268515625
2 0.371797373046875 0.48212271484375 0.3808087744140625 0.4893853828125 0.392550416015625 0.494262193359375 0.3965254189453125 0.4941524140625 0.39835760546875 0.492232375 0.402081111328125 0.4866542373046875 0.4032576865234375 0.4782573720703125 0.4015985791015625 0.4752210576171875 0.3950750859375 0.4725120537109375 0.389373283203125 0.47156873828125 0.3849233515625 0.4726531611328125 0.3732671826171875 0.4779542841796875 0.371797373046875 0.48212271484375
2 0.5459597353515625 0.5988860849609375 0.5449664716796875 0.602078365234375 0.552301423828125 0.606801291015625 0.559325857421875 0.60779079296875 0.5695728017578126 0.6049232216796875 0.5722857568359375 0.6030323759765625 0.5742132080078125 0.5983843115234375 0.5650373974609375 0.5958297119140625 0.5571235810546875 0.5950577412109375 0.5459597353515625 0.5988860849609375
2 0.5483853642578125 0.64314457421875 0.5491188994140624 0.6473899482421875 0.5539140322265625 0.6490458046875 0.5618624208984375 0.64882775390625 0.5606798583984375 0.6448152890625 0.5555222939453125 0.6409126025390625 0.5497756875 0.641207541015625 0.5483853642578125 0.64314457421875
0 0.200869771484375 0.6138861318359375 0.2001784111328125 0.621058560546875 0.2023557998046875 0.6218787998046875 0.2121353623046875 0.6323952578125 0.2113054951171875 0.64353401953125 0.21380962109375 0.66024878125 0.2146557080078125 0.6612711201171875 0.224299447265625 0.66309629296875 0.226381625 0.66664299609375 0.2260353564453125 0.6765588271484375 0.232609201171875 0.6777811826171874 0.25069146484375 0.7032293095703125 0.2509516328125 0.7084493818359375 0.25817403515625 0.7163953427734375 0.2673325595703125 0.719444953125 0.2748146904296875 0.7199532607421875 0.2828745078125 0.7291698466796875 0.284067302734375 0.732934080078125 0.2900638994140625 0.7381058837890625 0.292317595703125 0.736696177734375 0.297632515625 0.7361375751953125 0.30024164453125 0.7372199169921875 0.301822828125 0.74248768359375 0.308008283203125 0.7422065068359375 0.316734 0.757650125 0.32065703515625 0.7590285009765625 0.3244849140625 0.763131779296875 0.32934924609375 0.76280603125 0.3323640498046875 0.7648968955078125 0.335897134765625 0.7647716845703125 0.3418504345703125 0.771183357421875 0.3451324609375 0.7782475146484376 0.351137728515625 0.7831710322265625 0.3550520927734375 0.7847976943359375 0.370137466796875 0.7823461103515625 0.3731609404296875 0.7841886884765625 0.3747421240234375 0.789456455078125 0.3819992080078125 0.796409271484375 0.3921178759765625 0.79725980078125 0.39614323046875 0.7956633740234375 0.4005153466796875 0.7968072802734375 0.402882033203125 0.8048322646484375 0.3956239365234375 0.8105339970703125 0.3945267919921875 0.8167010263671876 0.389912396484375 0.822495078125 0.3929531572265625 0.8238426455078125 0.395061291015625 0.82664605078125 0.3935151748046875 0.833044427734375 0.388210486328125 0.8333547978515625 0.3868445576171875 0.8345484794921875 0.3767187802734375 0.833946291015625 0.3765716025390625 0.8381609091796876 0.373399443359375 0.840531333984375 0.358815009765625 0.841263416015625 0.3542006142578125 0.8470574677734375 0.349733341796875 0.848638462890625 0.3508850205078125 0.853580103515625 0.345957923828125 0.8557031943359374 0.3446525791015625 0.85516199609375 0.343616072265625 0.859592583984375 0.33867381640625 0.8621497841796875 0.3377325205078125 0.8638539091796875 0.34032425390625 0.865434384765625 0.3758012509765625 0.860220900390625 0.382064576171875 0.8577098330078124 0.40696676953125 0.852127068359375 0.4119350361328125 0.848825009765625 0.431418427734375 0.8467755966796875 0.4388745478515625 0.84802876171875 0.44073274609375 0.8453638642578125 0.46426033984375 0.8412230673828125 0.4790438642578125 0.8347897734375 0.4860942548828125 0.835035978515625 0.549454689453125 0.8146660673828126 0.5531089404296875 0.8110710966796875 0.5652314228515625 0.8050420546875 0.5676338583984375 0.79941778515625 0.5772857744140625 0.7883385078125 0.5835333203125 0.78632406640625 0.5849236435546875 0.784387033203125 0.5875586748046875 0.7847276396484375 0.5892524091796875 0.78677237109375 0.594108125 0.7866933466796875 0.5972354794921875 0.78556117578125 0.62225990625 0.763852541015625 0.6298718193359375 0.76064436328125 0.632179044921875 0.757746556640625 0.645492759765625 0.7554816943359375 0.648397697265625 0.7481379765625 0.6533312822265624 0.7458290615234375 0.65396211328125 0.7403899521484375 0.663683228515625 0.7273290703125 0.6783801591796875 0.7233755146484375 0.694269443359375 0.710528466796875 0.7099871015625 0.7026409501953125 0.7154909345703125 0.6966278056640625 0.720873546875 0.694085982421875 0.72662882421875 0.6935427578125 0.729005248046875 0.6886633466796875 0.73437057421875 0.6866165341796875 0.736773009765625 0.6809922646484375 0.7403941953125 0.6783889306640625 0.7536148359375 0.6535383115234376 0.7660651787109375 0.65074612109375 0.76878787109375 0.63595087890625 0.766999994140625 0.6239765009765625 0.7706802021484375 0.6196382333984375 0.7751041767578125 0.619297107421875 0.7824780810546875 0.5724024482421874 0.78562272265625 0.5707752666015625 0.786262169921875 0.565089431640625 0.7847171201171875 0.5588316982421875 0.7802325615234375 0.5609077041015625 0.777164228515625 0.5603049404296875 0.7754633857421875 0.55850855078125 0.7739081591796875 0.5524974873046875 0.7763192099609375 0.5466264921875 0.771610671875 0.5424908974609375 0.7783159150390625 0.53999526171875 0.77810771484375 0.5332870341796875 0.7738048515625 0.5301599619140624 0.77057473828125 0.5216092109375 0.7659440703125 0.5152437255859375 0.763284150390625 0.5029903056640626 0.759007298828125 0.499118375 0.75632853125 0.487359912109375 0.7436726162109375 0.4707878193359375 0.74133188671875 0.462019537109375 0.7366232939453125 0.45788550390625 0.733771392578125 0.4510849560546875 0.718998728515625 0.4319561826171875 0.6897190595703125 0.398671873046875 0.6849152568359375 0.397264302734375 0.681044134765625 0.3943993330078125 0.6766461162109375 0.3939971611328125 0.6739428994140625 0.382983611328125 0.6691478212890625 0.381326193359375 0.6658641787109375 0.3742635439453125 0.661968662109375 0.3721419248046875 0.65992978125 0.3673553525390625 0.6564730595703125 0.365249056640625 0.64419691796875 0.3504272216796875 0.6402478720703125 0.349793703125 0.6329129189453125 0.34507077734375 0.628273634765625 0.3389520166015625 0.6256558896484375 0.3381163994140625 0.6209646376953125 0.3334857939453125 0.6126954970703125 0.33021865234375 0.605896111328125 0.3227846416015625 0.5950367431640625 0.317938640625 0.5903109189453125 0.3142980556640625 0.5859301865234375 0.3134008740234375 0.582154275390625 0.3078094404296875 0.577782212890625 0.30666397265625 0.5748020361328126 0.303581525390625 0.5565196142578125 0.2964907216796875 0.5401040068359375 0.2864882939453125 0.537987255859375 0.28393161328125 0.5314204658203125 0.2824624775390625 0.5136389833984375 0.2736521708984375 0.5066491767578125 0.2716710859375 0.50585505859375 0.2691605927734375 0.50275366015625 0.269549466796875 0.497500884765625 0.268373244140625 0.4939489521484375 0.2689934111328125 0.488557669921875 0.2717835205078125 0.4756654638671875 0.274558716796875 0.47199387109375 0.278650259765625 0.454280576171875 0.2805128974609375 0.449234439453125 0.2860448466796875 0.4353419150390625 0.2922591025390625 0.4304500107421875 0.2933296552734375 0.41146755859375 0.2936595654296875 0.3984989892578125 0.2986662685546875 0.395458228515625 0.2973187021484375 0.3719392509765625 0.3012127734375 0.3643532939453125 0.303677654296875 0.3593764111328125 0.3072264375 0.351814849609375 0.308947966796875 0.3129833154296875 0.3470503515625 0.3065641962890625 0.3540227626953125 0.30326370703125 0.360112849609375 0.292323841796875 0.370152794921875 0.289040693359375 0.3757463095703125 0.266124345703125 0.4002599111328125 0.2568451484375 0.413336224609375 0.24767688671875 0.4231910107421875 0.2367980439453125 0.4441538017578125 0.225210060546875 0.4601278681640625 0.2202667373046875 0.4753411787109375 0.2129220458984375 0.4835226484375 0.207952138671875 0.5247930927734376 0.2089096533203125 0.53525006640625 0.2110177880859375 0.53805347265625 0.2106629033203125 0.5482160283203125 0.2060657939453125 0.5535150693359375 0.20589271484375 0.5584714228515625 0.20974649609375 0.5618329658203125 0.2113536904296875 0.5663558740234375 0.21614015234375 0.5682600166015624 0.22037370703125 0.57337181640625 0.2210467138671875 0.5793505087890625 0.2098211630859375 0.5975714052734376 0.2108148662109375 0.6070368505859375 0.2085076962890625 0.609933095703125 0.209726447265625 0.6129540322265625 0.2074884755859375 0.6138686728515625 0.200869771484375 0.6138861318359375
2 0.310612744140625 0.4023090947265625 0.312306478515625 0.4043538251953125 0.31360315234375 0.4051433095703125 0.317144853515625 0.4047713740234375 0.3203068349609375 0.402647619140625 0.3204626279296875 0.3981862763671875 0.3174218681640625 0.3968387099609375 0.3138974541015625 0.3967156337890625 0.3120998388671875 0.39764565234375 0.310612744140625 0.4023090947265625
2 0.566168486328125 0.6139864970703125 0.5678953408203125 0.6150380283203125 0.576251021484375 0.6158269931640625 0.5789466357421875 0.6144327197265625 0.5781957587890625 0.61068391796875 0.5760443818359375 0.6091188203125 0.568094376953125 0.6093383779296875 0.566168486328125 0.6139864970703125
0 0.639418939453125 0.850391599609375 0.6423239140625 0.856746853515625 0.689552072265625 0.8474519306640625 0.81451062109375 0.89559224609375 0.9838468837890625 0.926520837890625 0.99180833203125 0.6985348056640625 0.90031151953125 0.721918357421875 0.806291447265625 0.728015818359375 0.6961651181640625 0.747621908203125 0.6520055263671874 0.7585874404296875 0.6468846376953125 0.770916234375 0.620120197265625 0.7762354091796875 0.6120398037109375 0.783770498046875 0.6133287001953125 0.79163276953125 0.6191386484375 0.8043432763671875 0.649878837890625 0.8194878193359375 0.639418939453125 0.850391599609375
0 0.01715561328125 0 0.0086477470703125 0.2436333818359375 0.013277861328125 0.245358521484375 0.264776341796875 0.2963542568359375 0.3616468583984375 0.29817359765625 0.426161107421875 0.2863554130859375 0.4736619189453125 0.2692527490234375 0.5185304072265625 0.2379870908203125 0.5190211806640626 0.2239331572265625 0.5098154833984375 0.218921330078125 0.5055670830078125 0.206265353515625 0.4580315771484375 0.1795901376953125 0.4736668935546875 0.134796015625 0.489991271484375 0.1150411943359375 0.4921526552734375 0.0979186943359375 0.4702017548828125 0.0549389375 0.42671636328125 0.0018264638671875 0.3828294228515625 0.004984255859375 0.3728080166015625 0 0.01715561328125 0
0 1 0.018862318359375 0.6765640703125 0.010551337890625 0.67133412109375 0.026003228515625 0.6570620654296875 0.0317586474609375 0.6550097431640625 0.0457580498046875 0.5898956591796874 0.0747532646484375 0.57168255078125 0.1038228447265625 0.5442092138671875 0.1294421455078125 0.545116396484375 0.14823525390625 0.5622388955078125 0.1503966376953125 0.572897080078125 0.1585860908203125 0.596320302734375 0.1594040478515625 0.6050897568359375 0.1769082607421875 0.590599580078125 0.1889098720703125 0.5593140859375 0.189380810546875 0.5432623603515625 0.2013278916015625 0.561401103515625 0.219159287109375 0.6875394873046875 0.278284970703125 0.855859505859375 0.2935435498046875 1 0.297042337890625 1 0.018862318359375
0 0 0.9828443876953125 0.2077177744140625 0.9900980517578125 0.2147273935546875 0.9684544990234375 0.2348093974609375 0.975409587890625 0.237387189453125 0.991134130859375 0.33420317578125 0.99451501953125 0.3888970322265625 0.9057447314453125 0.3977953818359375 0.874786419921875 0.396779138671875 0.859116408203125 0.3479349013671875 0.8699183486328125 0.339219978515625 0.850852587890625 0.368091271484375 0.8299724619140625 0.373375751953125 0.8129590234375 0.3630992802734375 0.793838732421875 0.237268244140625 0.7706831865234375 0.1795256572265625 0.8124434384765625 0.051949646484375 0.8392574345703125 0 0.8574681767578125 0 0.9828443876953125
2 0.2228623173828125 0.9593578623046874 0.215054576171875 0.9590852099609375 0.1957161630859375 0.975607875 0.1905952744140625 0.9879366689453125 0.2530026708984375 0.991679435546875 0.2518773662109375 0.97913251953125 0.2383687373046875 0.963026263671875 0.2228623173828125 0.9593578623046874
2 0.2595413515625 0.938750388671875 0.27079937109375 0.9297628134765625 0.2745768330078125 0.9111332958984375 0.2489575322265625 0.8836599599609375 0.2119513154296875 0.91363672265625 0.207901201171875 0.94007398046875 0.209244626953125 0.946374703125 0.231051771484375 0.948699677734375 0.2595413515625 0.938750388671875
2 0.3350409677734375 0.9257523701171875 0.33304317578125 0.938190224609375 0.343919482421875 0.940133486328125 0.3504928583984375 0.930982318359375 0.3350409677734375 0.9257523701171875
2 0.367635193359375 0.8878042744140625 0.3551428076171875 0.88736803125 0.347226005859375 0.890218474609375 0.3468988232421875 0.899587763671875 0.3652556875 0.911172966796875 0.37517028125 0.89588466796875 0.367635193359375 0.8878042744140625
2 0.16279973046875 0.8884685244140625 0.1878935625 0.886217916015625 0.210300541015625 0.8713658603515625 0.1854793623046875 0.865808728515625 0.13529169921875 0.8703099462890626 0.1052405703125 0.880204705078125 0.107981953125 0.891244603515625 0.120256216796875 0.8979270390625 0.1421178916015625 0.8986904658203125 0.16279973046875 0.8884685244140625
2 0.09401724609375 0.93297016015625 0.079527068359375 0.944971771484375 0.0852824873046875 0.959243826171875 0.1070351005859375 0.963130349609375 0.118347650390625 0.9525812255859375 0.09401724609375 0.93297016015625
2 0 0.9077986708984375 0.0291956494140625 0.9088182060546875 0.0418516259765625 0.9045698056640625 0.0452473740234375 0.896871125 0.0346437197265625 0.887120123046875 0 0.887353486328125 0 0.9077986708984375
2 0 0.876529623046875 0.0006168427734375 0.8765511640625 0.0087517666015625 0.86745452734375 0 0.8658908564453125 0 0.876529623046875
2 0.24461990625 0.8287876513671875 0.219362482421875 0.8357229052734375 0.2173646904296875 0.848160759765625 0.2391718349609375 0.850485734375 0.255441681640625 0.8322924609375 0.24461990625 0.8287876513671875
2 0.3376237353515625 0.8070201787109375 0.3370784306640625 0.82263566015625 0.3482273896484375 0.8167711806640625 0.350225181640625 0.804333326171875 0.3376237353515625 0.8070201787109375
2 0.3209374794921875 0.79236641015625 0.322117314453125 0.80335177734375 0.3332117431640625 0.7990488466796875 0.3351004736328125 0.789734087890625 0.3209374794921875 0.79236641015625
2 0.0309554833984375 0.9479659716796875 0.0152854716796875 0.94898221484375 0.01797232421875 0.9615836611328125 0.031862666015625 0.966759080078125 0.0385451025390625 0.95448481640625 0.0309554833984375 0.9479659716796875
2 0.3826359794921875 0.816409302734375 0.3735393427734375 0.80827437890625 0.3654589501953125 0.8158094677734375 0.366747845703125 0.8236717392578125 0.37433746484375 0.830190583984375 0.3822542666015625 0.8273401396484374 0.3826359794921875 0.816409302734375
2 0.905467103515625 0.7533674423828125 0.9019622939453125 0.76418921875 0.9300156298828125 0.7667323154296874 0.9445058076171875 0.7547307041015625 0.905467103515625 0.7533674423828125
2 0.991644740234375 0.7032194501953125 0.9744677099609375 0.7026196142578125 0.958579576171875 0.70988205078125 0.9425823818359375 0.7202675830078125 0.9439258076171875 0.726568306640625 0.9815665546875 0.7231923935546875 0.9911539658203125 0.7172733828125 0.991644740234375 0.7032194501953125
2 0.8796792353515624 0.865035484375 0.867241380859375 0.8630376923828125 0.8561469521484375 0.867340623046875 0.85749037890625 0.8736413466796875 0.8792429921875 0.877527869140625 0.8825842099609374 0.8713907373046875 0.8796792353515624 0.865035484375
2 0.90811428515625 0.8566477431640624 0.8908281943359375 0.8591710048828125 0.8922261513671875 0.8639101796875 0.906061962890625 0.870647146484375 0.918717939453125 0.8663987451171875 0.90811428515625 0.8566477431640624
2 0.979618318359375 0.86852543359375 0.9624958193359375 0.86636405078125 0.962005044921875 0.880417984375 0.9821961103515625 0.8842499765625 0.9856463896484375 0.874989748046875 0.979618318359375 0.86852543359375
2 0.962585044921875 0.9085803818359375 0.9514906162109374 0.9128833125 0.9528340419921875 0.9191840361328125 0.96990201171875 0.922906966796875 0.9733522900390625 0.9136467392578125 0.962585044921875 0.9085803818359375
2 0.82743925 0.8835361044921874 0.820974935546875 0.88956417578125 0.8238253798828125 0.8974809775390625 0.839440861328125 0.8980262822265624 0.8351924609375 0.8853703056640625 0.82743925 0.8835361044921874
2 0.05888994140625 0.2375706162109375 0.052425626953125 0.2435986865234375 0.0552215400390625 0.253077037109375 0.06765939453125 0.2550748291015625 0.0804244326171875 0.24770333203125 0.05888994140625 0.2375706162109375
2 0.4518797275390625 0 0.4530990908203125 0.007438126953125 0.4699489375 0.0174072509765625 0.4813160185546875 0.005296578125 0.4799180615234375 0.0005574033203125 0.463956111328125 0 0.4518797275390625 0
2 0.495424482421875 0.0042258046875 0.5062462587890625 0.0077306142578125 0.518956765625 0.0019206650390625 0.495424482421875 0.0042258046875
2 0.657800681640625 0.1896931337890625 0.659035046875 0.199116953125 0.6716364931640625 0.1964301005859375 0.6702385361328125 0.19169092578125 0.657800681640625 0.1896931337890625
2 0.81139256640625 0.2685389443359375 0.81413394921875 0.279578841796875 0.8236122998046875 0.2767829287109375 0.82237793359375 0.267359109375 0.81139256640625 0.2685389443359375