2 0.472722734375 0.7112960185546875 0.4723315322265625 0.7072510048828125 0.4691033671875 0.7046050556640625 0.4651944765625 0.70387480078125 0.4619202587890625 0.6979755517578125 0.455839166015625 0.6932303330078124 0.450241275390625 0.6917936630859375 0.4431485322265625 0.691672119140625 0.4393140400390625 0.6939514892578125 0.4378046865234375 0.6990130859375 0.4328841455078125 0.7029065068359375 0.43288387109375 0.7101526728515625 0.4437023984375 0.719726859375 0.4518350517578125 0.72222566796875 0.4588371552734375 0.7230854189453125 0.4643301787109375 0.721760599609375 0.467320076171875 0.719128796875 0.472722734375 0.7112960185546875
2 0.3416266328125 0.7189388916015625 0.3406455341796875 0.7160698154296875 0.3382316875 0.7140228837890625 0.3224462919921875 0.712334984375 0.3043535498046875 0.704117216796875 0.2921002578125 0.7026127021484375 0.2879798095703125 0.7036054453125 0.284900822265625 0.70697564453125 0.2857006396484375 0.7113211337890625 0.2938330185546875 0.7210661083984375 0.3012866875 0.725479251953125 0.31292116796875 0.7284080322265625 0.320949146484375 0.7281438017578125 0.3370527919921875 0.723624216796875 0.3416266328125 0.7189388916015625
2 0.4076157529296875 0.7422830712890625 0.409880697265625 0.7310676884765624 0.4037693271484375 0.7265690546875 0.3964810771484375 0.724424228515625 0.391636951171875 0.724079748046875 0.386551181640625 0.7257032998046875 0.37874716015625 0.7349902021484375 0.3778261513671875 0.7388756708984375 0.3852034052734375 0.7475267158203125 0.3960538447265625 0.749609892578125 0.4011398056640625 0.7479847890625 0.4076157529296875 0.7422830712890625
2 0.4543637880859375 0.7595180654296875 0.4559655234375 0.75371690234375 0.4535659873046875 0.74792505078125 0.44858671875 0.7450656669921875 0.444677828125 0.744335412109375 0.436498845703125 0.74582946875 0.4329522412109375 0.7493925556640625 0.4319693173828125 0.7537694541015625 0.4349573896484375 0.758383626953125 0.442849759765625 0.7628522109375 0.4543637880859375 0.7595180654296875
2 0.5035719140625 0.782051740234375 0.5037088828125 0.77732066796875 0.4991671455078125 0.774513431640625 0.4948207236328125 0.773731029296875 0.4785821259765625 0.7757341611328125 0.4743120341796875 0.77795847265625 0.47245423828125 0.7822295244140625 0.476949837890625 0.789028076171875 0.4780660791015625 0.7944120556640625 0.481294244140625 0.7970580048828125 0.4856406650390625 0.7978404072265625 0.490726435546875 0.7962168544921875 0.498167705078125 0.789884328125 0.5035719140625 0.782051740234375
2 0.4350213681640625 0.82660934375 0.4362144892578125 0.820507705078125 0.4320353125 0.81474764453125 0.4225888955078125 0.812089099609375 0.414740837890625 0.81087517578125 0.407994794921875 0.811545537109375 0.395243607421875 0.810480494140625 0.3911534365234375 0.81122665234375 0.388950681640625 0.814704439453125 0.3893416943359375 0.81875100390625 0.401244359375 0.84120173046875 0.4088953603515625 0.840392181640625 0.4141626015625 0.837290666015625 0.4233084560546875 0.8351659912109375 0.4350213681640625 0.82660934375
2 0.467031876953125 0.8083005341796875 0.4689197587890625 0.803784447265625 0.4624616884765625 0.7984939091796875 0.453362162109375 0.7966257177734375 0.44871354296875 0.79830451953125 0.4468398857421875 0.8063203017578126 0.4555768505859375 0.8111413173828125 0.4582342734375 0.8112173046875 0.467031876953125 0.8083005341796875
2 0.5352981025390625 0.7552118798828125 0.53555598828125 0.749496015625 0.527770119140625 0.74054449609375 0.5200746162109375 0.738100935546875 0.515440412109375 0.7432778818359375 0.5143220703125 0.7523860439453125 0.517430869140625 0.7560169755859375 0.52425169140625 0.7583531376953125 0.5309358203125 0.75817420703125 0.5352981025390625 0.7552118798828125
2 0.366348580078125 0.7889407099609375 0.3653372060546875 0.78631821875 0.3611722548828125 0.784057853515625 0.3572649150390625 0.7833277890625 0.3533096962890625 0.786590400390625 0.354728134765625 0.78951317578125 0.3585161083984375 0.7912282216796875 0.36342059765625 0.79108108203125 0.366348580078125 0.7889407099609375
2 0.301653330078125 0.7839960478515625 0.3017902978515625 0.779264974609375 0.2978066279296875 0.775528197265625 0.291922591796875 0.772806451171875 0.2812071044921875 0.773239728515625 0.2759861923828125 0.7723483779296875 0.2705234453125 0.773426611328125 0.2630216220703125 0.78025230859375 0.2545246650390625 0.7807076845703125 0.2503452138671875 0.7821937900390625 0.24533019140625 0.80131891796875 0.2484089033203125 0.805194884765625 0.2587300009765625 0.8079608271484375 0.2671060400390625 0.8084902431640625 0.2815191357421875 0.803264052734375 0.2962793974609375 0.7915820498046875 0.301653330078125 0.7839960478515625
2 0.25421003125 0.855632505859375 0.255298095703125 0.8467709296875 0.2529001103515625 0.8409792685546875 0.2429259873046875 0.8317590654296875 0.237177369140625 0.824306056640625 0.2347029677734375 0.822752296875 0.227142607421875 0.8228236396484375 0.2236866435546875 0.82564851953125 0.223080421875 0.8378169033203124 0.2035047607421875 0.8489076494140625 0.20267458203125 0.852053361328125 0.2051329306640625 0.85735340234375 0.21029503125 0.8587365634765625 0.21972722265625 0.8578954140625 0.2421059169921875 0.8601441396484375 0.248354255859375 0.8599117001953125 0.25421003125 0.855632505859375
2 0.3775581201171875 0.8025614609375 0.3748276591796875 0.79947758984375 0.371114275390625 0.8007706171875 0.3708724404296875 0.802740201171875 0.3733468408203125 0.8042939609375 0.3775581201171875 0.8025614609375
2 0.19352235546875 0.8072021083984375 0.1945039189453125 0.80282346875 0.1859321826171875 0.8002723203125 0.1831253076171875 0.8014263505859375 0.1839552119140625 0.8055268046875 0.18905520703125 0.807402947265625 0.19352235546875 0.8072021083984375
2 0.1457812880859375 0.7691046513671875 0.144921107421875 0.7652507822265625 0.1435042197265625 0.7623281982421874 0.140590736328125 0.760722099609375 0.1203542431640625 0.7554887578125 0.1047358173828125 0.7560693662109375 0.0971594052734375 0.7598869892578125 0.10023656640625 0.763762765625 0.1146636123046875 0.769282435546875 0.1307048779296875 0.7725019970703125 0.1330140498046875 0.771785888671875 0.1381745986328125 0.7731688603515625 0.144255966796875 0.7706679130859375 0.1457812880859375 0.7691046513671875
2 0.1022554736328125 0.7835012490234375 0.1032368466796875 0.7791241591796875 0.098590244140625 0.7735554345703125 0.087046212890625 0.76989 0.07913915234375 0.7691694375 0.0656167890625 0.7707567451171875 0.0546307412109375 0.7734063828125 0.0469336025390625 0.778207248046875 0.04405012109375 0.7836007294921875 0.044787833984375 0.78843919921875 0.051245904296875 0.7937297373046875 0.056347451171875 0.7956060703125 0.0607829619140625 0.795650076171875 0.0689937724609375 0.7939096240234375 0.0760722900390625 0.7905314736328125 0.099916025390625 0.7844639423828125 0.1022554736328125 0.7835012490234375
2 0.3794867353515625 0.6493734091796876 0.379502787109375 0.64562712890625 0.3777376484375 0.64191244921875 0.3728794873046875 0.63806672265625 0.3604734501953125 0.63779339453125 0.3538641005859375 0.6409788486328125 0.35473831640625 0.648333962890625 0.3567437392578125 0.6500788681640625 0.3610296064453125 0.6513544423828125 0.37168473046875 0.65141278515625 0.377554541015625 0.6506348369140625 0.3794867353515625 0.6493734091796876
2 0.4444383212890625 0.6486020166015625 0.4461004208984375 0.642309232421875 0.441770240234375 0.6377789990234375 0.4349796953125 0.6351962509765625 0.429198783203125 0.635237353515625 0.4262709912109375 0.6373761748046874 0.427175673828125 0.64448315234375 0.4286847529296875 0.6466677216796874 0.4324408984375 0.6486291630859375 0.4444383212890625 0.6486020166015625
2 0.1870707294921875 0.682468923828125 0.1867385302734375 0.6779305478515625 0.18166862109375 0.6758093701171874 0.175768533203125 0.676833904296875 0.16985084375 0.681604529296875 0.17139019921875 0.6835425126953125 0.1760528544921875 0.6853649560546875 0.18361321484375 0.68529361328125 0.1870707294921875 0.682468923828125
2 0.2276346318359375 0.6849512353515625 0.22762040625 0.6814515400390625 0.22482803125 0.6788590986328125 0.219893265625 0.67925282421875 0.2155323427734375 0.682216892578125 0.21532078515625 0.683939890625 0.219576376953125 0.68546205078125 0.2276346318359375 0.6849512353515625
2 0.2078251435546875 0.737743068359375 0.2072528505859375 0.7351729150390625 0.2031181767578125 0.7326659638671875 0.196371943359375 0.7333378759765625 0.194636806640625 0.7366227763671875 0.1968695634765625 0.7401445693359375 0.201683412109375 0.740735634765625 0.20533469140625 0.739935587890625 0.2078251435546875 0.737743068359375
2 0.1898833212890625 0.7355400888671875 0.189716541015625 0.7332700302734375 0.18623231640625 0.7290939697265625 0.183198107421875 0.72847111328125 0.1799236142578125 0.729818029296875 0.17940966796875 0.734003783203125 0.1819588486328125 0.73856406640625 0.187302228515625 0.7384708154296875 0.1898833212890625 0.7355400888671875
2 0.50564546875 0.7470734072265625 0.5061895009765625 0.742642619140625 0.5032474833984375 0.74128174609375 0.4991873984375 0.741782869140625 0.4994289580078125 0.747059451171875 0.5033362978515625 0.747789515625 0.50564546875 0.7470734072265625
2 0.548756486328125 0.6853988564453125 0.5496169423828124 0.68200655859375 0.54760996875 0.6802614619140624 0.544486669921875 0.680377001953125 0.5431283203125 0.684208771484375 0.5456329970703125 0.6855159462890625 0.548756486328125 0.6853988564453125
2 0.5235648203125 0.63008206640625 0.52582812890625 0.626111107421875 0.52300702734375 0.6237654423828125 0.506754013671875 0.6222704296875 0.5029660400390625 0.6205553837890625 0.4949986162109375 0.6203264423828125 0.4902896328125 0.6224968642578125 0.494484669921875 0.6245121953125 0.51186978515625 0.6276464580078125 0.5134075908203125 0.6295842509765625 0.5176330947265625 0.6313514453125 0.5235648203125 0.63008206640625
2 0.4184426357421875 0.6179240205078125 0.417219703125 0.61702452734375 0.4132217236328125 0.617032669921875 0.412194296875 0.618156458984375 0.4121782451171875 0.621902740234375 0.4160267724609375 0.623124615234375 0.4184426357421875 0.6179240205078125
0 0 0.87826571484375 0.003135640625 0.878029302734375 0.0388877099609375 0.872673021484375 0.050733748046875 0.873878802734375 0.057449705078125 0.8734534765625 0.0665796982421875 0.87507353125 0.08947369921875 0.8731382451171875 0.112289923828125 0.875439119140625 0.1203192626953125 0.8751766298828125 0.1449770419921875 0.876954283203125 0.164022705078125 0.8737955703125 0.2010280693359375 0.86184758203125 0.2209183271484375 0.8590413017578125 0.2653004794921875 0.86299207421875 0.276497810546875 0.8658656044921875 0.2973689765625 0.865929951171875 0.3312471982421875 0.8685910029296875 0.3449510322265625 0.865525732421875 0.3856363173828125 0.85977553515625 0.3935307041015625 0.8569965927734375 0.5250761171875 0.784191517578125 0.532984814453125 0.7776676552734375 0.53786104296875 0.7705195751953124 0.539914619140625 0.761025638671875 0.5454840576171875 0.7554629189453125 0.5630126357421875 0.710388134765625 0.57119938671875 0.6726624599609375 0.5734681728515625 0.6469535751953125 0.5701338662109375 0.63429978125 0.559075330078125 0.619449203125 0.5572053251953125 0.6129730341796875 0.551454880859375 0.6127660009765625 0.5425967236328125 0.6161759423828125 0.5319576513671875 0.6123713193359375 0.515479044921875 0.60909805859375 0.4731943154296875 0.6061557275390625 0.445608744140625 0.606516896484375 0.3981919169921875 0.6091909833984375 0.385455146484375 0.6116240849609375 0.3703025966796875 0.6120131669921876 0.3482242744140625 0.6145492119140625 0.3308388837890625 0.618661115234375 0.3136790859375 0.6245512666015625 0.2979079150390625 0.6263630615234375 0.2417217451171875 0.638954859375 0.22918048046875 0.643411244140625 0.2078875595703125 0.6467946337890625 0.1997513388671875 0.65154316015625 0.1775075126953125 0.6590555029296875 0.1714689052734375 0.6648109189453125 0.1662923046875 0.667174228515625 0.1506879140625 0.67125608203125 0.148136908203125 0.6739417744140626 0.1026022109375 0.7010838662109375 0.0902704873046875 0.7110647783203125 0.0812611357421875 0.71570609765625 0.07439417578125 0.71736125 0.0657315244140625 0.722794474609375 0.0601620859375 0.7283571943359375 0.04890256640625 0.7332212607421875 0.019485548828125 0.7593450126953125 0.0055859345703125 0.7676331669921875 0.0084513466796875 0.7732334921875 0.0055235546875 0.7753723134765625 0.0024285166015625 0.7824887939453125 0.0029722734375 0.7853041708984375 0 0.793078212890625 0 0.87826571484375
0 0.867115662109375 1 0.867302390625 0.999877978515625 0.8677860595703125 0.995938810546875 0.8652529306640625 0.9876322470703125 0.859141560546875 0.98313361328125 0.857513390625 0.974687861328125 0.8449600009765625 0.9611524091796875 0.8399506455078125 0.958538060546875 0.83029313671875 0.950354796875 0.825192951171875 0.948480205078125 0.8150838759765625 0.9367435478515626 0.79997948046875 0.925893787109375 0.77972876171875 0.9171607509765625 0.7774055546875 0.91437561328125 0.766857123046875 0.9098327841796875 0.7577892333984375 0.907719748046875 0.7555551171875 0.9041962138671875 0.753050439453125 0.9028890400390625 0.7452037412109375 0.901676857421875 0.74066200390625 0.8988696220703125 0.7359085185546875 0.8977869345703124 0.7202460556640625 0.887866716796875 0.700914330078125 0.8824957373046876 0.6956188291015625 0.8785963125 0.6853868203125 0.8750919736328125 0.682219208984375 0.871952853515625 0.6771795771484375 0.86958508984375 0.6732101328125 0.8693480068359375 0.6522802392578125 0.86253085546875 0.6487944638671875 0.8583546044921875 0.6427592333984375 0.856864236328125 0.6399668583984375 0.854271794921875 0.6316224560546875 0.8534975341796875 0.60239312890625 0.8419115146484375 0.593172494140625 0.8410296669921875 0.5855517705078125 0.8415926298828125 0.5757268251953125 0.8383885751953125 0.5587505146484375 0.8355532373046874 0.4955195654296875 0.8367862001953125 0.4618350234375 0.84339440625 0.4565217294921875 0.843242623046875 0.4501682490234375 0.8479597392578125 0.444705501953125 0.8490379716796875 0.43993615625 0.8517000146484375 0.4300363466796875 0.8527340517578125 0.4244526826171875 0.854797076171875 0.4208744404296875 0.8586050078125 0.4051651845703125 0.8599253720703125 0.3962591484375 0.867327990234375 0.3737132080078125 0.870056921875 0.3708760556640625 0.8714575380859375 0.3703320234375 0.875888326171875 0.3667854189453125 0.879451412109375 0.3489611376953125 0.8835094267578125 0.3449932431640625 0.8832725341796875 0.343121603515625 0.8840407900390626 0.3432717890625 0.8864331748046875 0.3376728916015625 0.8886202685546875 0.3244527265625 0.8877463720703125 0.3210430908203125 0.8865783857421875 0.3164853017578125 0.8875174306640625 0.3089853046875 0.8870971533203125 0.3051369677734375 0.8858737265625 0.303672201171875 0.886943818359375 0.3045021044921875 0.8910442724609375 0.3151714541015625 0.8946023095703125 0.3212973251953125 0.8953544716796875 0.3271223583984375 0.898569580078125 0.3523078427734375 0.906908890625 0.3649376474609375 0.9162064423828125 0.3655546328125 0.92202815234375 0.367561416015625 0.9237747998046875 0.377505537109375 0.9259954228515626 0.3837378251953125 0.9295092646484375 0.38535176953125 0.934455322265625 0.38068883984375 0.9398790439453125 0.3889405849609375 0.948639037109375 0.395172873046875 0.9521528779296875 0.39742121484375 0.959176107421875 0.4019328662109375 0.9622283779296875 0.401916814453125 0.965974658203125 0.4085401142578125 0.973535064453125 0.40790544140625 0.9787040595703125 0.4176219541015625 0.9863939609375 0.4191241220703125 0.992250369140625 0.4822397998046875 1 0.867115662109375 1
2 0.8175235146484375 1 0.8167783154296875 0.99892132421875 0.8106669453125 0.99442269140625 0.8039066767578125 0.991593357421875 0.797220998046875 0.99177209765625 0.7868535712890625 0.992999021484375 0.7803952255859375 0.9949546484375 0.773633130859375 0.9993712900390626 0.7710257900390625 1 0.8175235146484375 1
2 0.711752990234375 0.949793263671875 0.7117850927734375 0.9423007021484375 0.7083596806640625 0.9376328310546875 0.7010572060546875 0.9319883095703125 0.692953087890625 0.929244275390625 0.683025017578125 0.9232773720703125 0.671939666015625 0.924915177734375 0.6582750478515625 0.922237734375 0.649328076171875 0.9191399072265625 0.6396382734375 0.918450755859375 0.635896353515625 0.9199890087890625 0.625722607421875 0.9304851904296875 0.6226720712890625 0.940854779296875 0.623064634765625 0.94490153515625 0.6258253720703125 0.9477388203125 0.6309253671875 0.949614962890625 0.6552219453125 0.954347181640625 0.6593408427734375 0.953354248046875 0.6690306455078125 0.9540433994140625 0.682051927734375 0.960139798828125 0.68555375390625 0.9605697685546875 0.7081600576171875 0.9573492158203125 0.711752990234375 0.949793263671875
2 0.5714665302734375 0.9563077021484375 0.5712251611328125 0.9510295693359375 0.546295736328125 0.9442203701171875 0.526693640625 0.94106419921875 0.5107409990234375 0.9443539580078125 0.49915265625 0.93743386328125 0.487653318359375 0.937019986328125 0.4836390966796875 0.9407759599609375 0.4817367138671875 0.949038517578125 0.4846608544921875 0.961391646484375 0.488886359375 0.9631588408203124 0.4949089150390625 0.961149705078125 0.4982277197265625 0.9630574482421875 0.4972160703125 0.967681123046875 0.49151148828125 0.9707289404296875 0.48986544140625 0.973275443359375 0.4944516806640625 0.9793357890625 0.492368017578125 0.989074759765625 0.495597923828125 0.9917193486328125 0.49979141015625 0.99373448828125 0.507232404296875 0.9946481279296875 0.524978720703125 0.99482782421875 0.530004126953125 0.993695892578125 0.5407198896484375 0.98601644921875 0.5512563876953125 0.9725658916015625 0.55874196875 0.969488025390625 0.567616177734375 0.962331802734375 0.5714665302734375 0.9563077021484375
2 0.4964405380859375 0.91611001953125 0.497347322265625 0.90872485546875 0.4946329130859375 0.9018947041015625 0.4886424599609375 0.8964112783203125 0.478893845703125 0.8962139375 0.466955150390625 0.902993888671875 0.4668163564453125 0.9149709365234375 0.4695180908203125 0.918301583984375 0.4787226728515625 0.922929712890625 0.487536052734375 0.9235128271484375 0.4964405380859375 0.91611001953125
2 0.6937710576171875 0.9153513427734375 0.695719302734375 0.910343634765625 0.688189494140625 0.9029222265625 0.6813688623046875 0.9005845126953125 0.6693553876953126 0.9043579404296875 0.6666533779296875 0.908273458984375 0.670108876953125 0.912696294921875 0.6839761142578125 0.9191468681640625 0.6937710576171875 0.9153513427734375
2 0.8143883740234374 0.94965187890625 0.814402875 0.945905408203125 0.8088813994140625 0.9402308369140625 0.804279298828125 0.9379152216796875 0.7989357275390625 0.9380100234375 0.790831333984375 0.942512154296875 0.793472705078125 0.9463344228515626 0.798421697265625 0.9494403916015625 0.81251654296875 0.950421685546875 0.8143883740234374 0.94965187890625
2 0.8592328828125 1 0.854477080078125 0.98855714453125 0.8517767060546875 0.9852282392578126 0.840851486328125 0.9801385390625 0.8248259970703125 0.98041886328125 0.8215196767578125 0.9820121748046875 0.8332211484375 1 0.8592328828125 1
2 0.5634271201171875 0.8481215419921875 0.56341134375 0.84462165625 0.5575573935546875 0.841654875 0.5547968466796875 0.8388160390625 0.55198823046875 0.8399714296875 0.549846029296875 0.842956044921875 0.5450764921875 0.845619638671875 0.5445324599609375 0.8500504267578125 0.5476398974609376 0.8536796171875 0.5493302578125 0.8543877734375 0.552953001953125 0.8538329521484375 0.561373818359375 0.8503693115234375 0.5634271201171875 0.8481215419921875
2 0.7240930693359375 0.8058791142578124 0.72346003125 0.80380368359375 0.71801178515625 0.8011354462890625 0.714360505859375 0.8019354931640625 0.7128050986328125 0.8037437900390625 0.715853533203125 0.8078663427734375 0.722039767578125 0.8081268837890625 0.7240930693359375 0.8058791142578124
0 0.8519465908203125 0.7920921484375 0.8533992333984375 0.773030220703125 0.85180133984375 0.7643378828125 0.8474408828125 0.760054234375 0.8475620751953125 0.75182327734375 0.8436105078125 0.7405939375 0.8227473857421875 0.697051806640625 0.78591712109375 0.660545904296875 0.781224189453125 0.6589700458984376 0.770375576171875 0.64964089453125 0.7516787138671875 0.6390993701171875 0.7489785302734375 0.6357689130859375 0.737736697265625 0.6296422744140625 0.7345372587890625 0.626749548828125 0.7266159716796875 0.6225292919921875 0.6982452734375 0.6147969501953126 0.692798578125 0.6121289033203124 0.677662080078125 0.6087717041015624 0.66190851171875 0.6068374091796875 0.653909259765625 0.60685486328125 0.6443258740234376 0.608927390625 0.641549 0.617081 0.6360847021484375 0.61815904296875 0.6294609365234375 0.617846353515625 0.6257030498046875 0.615886271484375 0.6099479306640625 0.6139517861328125 0.6026739072265626 0.6153066552734375 0.59656226171875 0.6180541875 0.591234466796875 0.6216488740234375 0.5873841142578125 0.627672974609375 0.5843633896484375 0.6450436943359374 0.58455862109375 0.654313142578125 0.5899107490234375 0.6794575126953125 0.6024921240234375 0.7072400712890625 0.6092505673828125 0.717315380859375 0.6381434931640625 0.753347306640625 0.6519801787109375 0.767290630859375 0.661515134765625 0.783703111328125 0.67738751953125 0.7991447548828124 0.6943172265625 0.8132191259765625 0.7042007099609375 0.82317753515625 0.709149701171875 0.8262835048828125 0.7158032783203125 0.8335973251953125 0.7893038642578125 0.8826028857421875 0.793829826171875 0.881910236328125 0.79730156640625 0.8825852412109375 0.798764591796875 0.8815165107421875 0.8003666025390626 0.868469181640625 0.8026615478515625 0.86425337890625 0.812216482421875 0.8551814619140625 0.81876546875 0.8524876279296875 0.8206232646484375 0.8482165751953125 0.825920591796875 0.8448700244140624 0.8418007451171875 0.82408005078125 0.8519465908203125 0.7920921484375
2 0.7063951455078125 0.8704236982421875 0.707467158203125 0.86530840234375 0.7016737626953125 0.8618484501953125 0.693795427734375 0.8608811123046874 0.6856465322265625 0.8621301337890624 0.6855701171875 0.86636803515625 0.6924352509765626 0.871958857421875 0.696721119140625 0.873234431640625 0.7063951455078125 0.8704236982421875
2 0.93929035546875 0.81156305859375 0.9392620947265625 0.8045621181640625 0.9374666796875 0.8010940234375 0.926753017578125 0.794281326171875 0.906665892578125 0.79506258203125 0.89008012890625 0.803521525390625 0.887619763671875 0.8054690107421875 0.8871665625 0.8091600419921875 0.892900955078125 0.81311335546875 0.9035685634765624 0.81667275390625 0.923791021484375 0.818404849609375 0.9358043056640625 0.8146329736328125 0.93929035546875 0.81156305859375
2 0.88067020703125 0.7643845859375 0.88030773046875 0.7600927958984375 0.8763258017578125 0.7563546572265625 0.8612959951171875 0.7485129716796876 0.8487707822265625 0.7492230751953125 0.8534600615234375 0.7652908837890625 0.8557848193359375 0.7680762119140625 0.8666338984375 0.770157646484375 0.87825434375 0.7695851806640625 0.88067020703125 0.7643845859375
2 0.8616708349609375 0.84675971875 0.8620939501953125 0.84331372265625 0.8586685380859375 0.8386458515625 0.8458267109375 0.838319015625 0.83683205078125 0.8392123134765626 0.8317158134765625 0.841084001953125 0.8270528837890625 0.8465077236328125 0.825813900390625 0.84935451171875 0.8275790390625 0.85306919140625 0.8318043525390625 0.8548379365234375 0.8357737978515625 0.8550750205078125 0.8486920390625 0.851163955078125 0.856810658203125 0.8501615185546875 0.8616708349609375 0.84675971875
2 0.8790036796875 0.882872490234375 0.8804083583984375 0.8750478544921875 0.877240556640625 0.8719102841796875 0.8713850556640625 0.8689433125 0.8680217490234375 0.8637824609375 0.8633891806640624 0.861714982421875 0.859012671875 0.8611776142578125 0.84668296484375 0.863911 0.835304353515625 0.8625138828125 0.8279982275390625 0.8713613115234375 0.822142451171875 0.8756405068359375 0.8219752060546875 0.8806181640625 0.824826583984375 0.882717244140625 0.8364930830078126 0.8853980771484375 0.8404910625 0.885389935546875 0.8442186728515625 0.8875966025390625 0.8568648037109375 0.88590170703125 0.867489650390625 0.8862066357421875 0.8790036796875 0.882872490234375
2 0.91439509765625 0.865978443359375 0.91321821875 0.8683322509765625 0.9141674892578125 0.87144772265625 0.921004087890625 0.8772837705078125 0.92334151953125 0.8835686025390626 0.925785833984375 0.8853673974609375 0.946898833984375 0.8834621611328125 0.9569193701171875 0.8814448837890625 0.96033494921875 0.8536272265625 0.9551743994140625 0.852244255859375 0.9349824091796874 0.8502640234375 0.927270853515625 0.8515667431640624 0.9229689345703125 0.8540374501953125 0.9224391279296875 0.86196793359375 0.91439509765625 0.865978443359375
2 0.94767673046875 0.7541209990234375 0.9484928740234375 0.747474041015625 0.9434819677734375 0.744859501953125 0.9320125263671875 0.7442021416015625 0.930668591796875 0.7515320556640624 0.934531154296875 0.75625517578125 0.9388773857421875 0.7570391298828125 0.94767673046875 0.7541209990234375
2 0.635612619140625 0.813756337890625 0.635191330078125 0.8099563583984375 0.6308912373046875 0.80518108984375 0.6261076650390625 0.8043434384765625 0.62548702734375 0.813013677734375 0.6284290458984375 0.81437455078125 0.63374233984375 0.8145263349609375 0.635612619140625 0.813756337890625
2 0.758939953125 0.883872859375 0.75898628125 0.8798799931640625 0.75522839453125 0.877919912109375 0.7474121640625 0.8764595927734375 0.728170994140625 0.8775950224609375 0.7235065986328125 0.875773939453125 0.7162626611328125 0.8768837734375 0.7142714638671875 0.8786385625 0.7180277998046874 0.880598453125 0.730871177734375 0.8809254794921875 0.7415706142578125 0.884238482421875 0.74828501953125 0.8838129658203125 0.7548195048828125 0.884865603515625 0.758939953125 0.883872859375
0 0.961215884765625 0.7342935283203125 0.951559736328125 0.726112005859375 0.9477414853515626 0.724643544921875 0.9355490224609375 0.7153996923828125 0.920958107421875 0.7076118955078124 0.9122353681640625 0.7062905751953125 0.8842893359375 0.695112427734375 0.8581899541015625 0.6924084326171875 0.845927998046875 0.6891538798828125 0.829298197265625 0.6871119970703125 0.8248007724609375 0.6875594208984375 0.8225679306640625 0.6912822431640625 0.82642866796875 0.70325133984375 0.8341984853515625 0.7159491396484375 0.8362479443359375 0.72819487109375 0.841424080078125 0.7330792783203125 0.84521041796875 0.74203875 0.8448779423828126 0.7447465390625 0.84830161328125 0.749415771484375 0.849945560546875 0.7613614091796875 0.854306017578125 0.7656450576171875 0.8543624541015625 0.786891552734375 0.8429615732421875 0.8254725244140625 0.8400638671875 0.8273663115234375 0.8387357939453125 0.83095149609375 0.8309620498046875 0.8399918125 0.821830419921875 0.8456161826171875 0.817362806640625 0.85306473828125 0.812714376953125 0.8547419892578125 0.8032198056640625 0.86332228515625 0.7990403544921875 0.864808390625 0.7988554228515625 0.88077675390625 0.7968339482421875 0.88277812890625 0.7918991826171875 0.8831718544921875 0.785953041015625 0.8809430888671875 0.7787111201171875 0.874805396484375 0.776145888671875 0.8739913935546875 0.767016361328125 0.8651236220703125 0.756000501953125 0.86077212890625 0.74208876171875 0.851068447265625 0.736944263671875 0.8459391953125 0.7145197919921875 0.83319100390625 0.70952648828125 0.826830375 0.702193736328125 0.821432439453125 0.6959474140625 0.8144173515625 0.6725594453125 0.795053994140625 0.6672479775390625 0.787656234375 0.65928237890625 0.780181318359375 0.6508177998046875 0.765897966796875 0.643168625 0.759461541015625 0.6393967021484375 0.7540002138671875 0.6316553359375 0.7483018037109375 0.629859919921875 0.744833708984375 0.6260877236328125 0.7466185478515625 0.619869470703125 0.7466059521484375 0.6133204853515625 0.7492997861328125 0.605470326171875 0.76257800390625 0.603537666015625 0.7710871474609375 0.6047587734375 0.779232615234375 0.60372924609375 0.794848546875 0.6097036474609375 0.804078251953125 0.614739162109375 0.8281856826171875 0.620729615234375 0.833669107421875 0.627080994140625 0.8434441328125 0.625224939453125 0.8477138251953125 0.6286345751953125 0.848881810546875 0.633599427734375 0.84824305078125 0.639636208984375 0.849733609375 0.6521898740234375 0.8560228955078125 0.662059130859375 0.8624816103515625 0.673542607421875 0.866640216796875 0.6828787451171875 0.8677865498046875 0.6899608505859375 0.87040509765625 0.70358625390625 0.87882525390625 0.7110559736328125 0.8794921171875 0.7174091787109375 0.8820211669921875 0.7205643056640625 0.881659232421875 0.7230229296875 0.8797131064453125 0.7273994375 0.880250474609375 0.7306151181640625 0.8793953681640625 0.7389737451171875 0.88366932421875 0.7437573173828125 0.8845069755859375 0.749161251953125 0.8839205537109375 0.7594518828125 0.8869346328125 0.7614588564453125 0.888679728515625 0.7772139755859375 0.8906142138671875 0.810731462890625 0.888982115234375 0.817989435546875 0.89137352734375 0.823331455078125 0.89127853515625 0.8298356640625 0.8925777587890625 0.8461632666015625 0.897080845703125 0.857753435546875 0.89675496484375 0.8775223115234375 0.902181193359375 0.911293841796875 0.909326732421875 0.930414009765625 0.9164207099609375 0.94244151953125 0.9161485283203125 0.947662431640625 0.91703987890625 0.9500622431640625 0.915585564453125 0.9508623359375 0.9126848876953125 0.9533426796875 0.8852530048828126 0.9568590068359375 0.88193650390625 0.9600327509765625 0.8560884306640625 0.9573929306640625 0.852266353515625 0.9590677041015625 0.84947307421875 0.9669401953125 0.7781256767578125 0.9688868115234375 0.7658873115234375 0.9714277255859375 0.7632838154296875 0.9728179873046875 0.7519610341796875 0.970690287109375 0.7511991796875 0.9706307421875 0.748068587890625 0.973755048828125 0.74432928515625 0.9703599130859375 0.739414828125 0.9650944990234375 0.7352703681640625 0.961215884765625 0.7342935283203125
2 0.8206177060546875 0.620328189453125 0.8220381611328125 0.6160034384765625 0.8114151396484375 0.60845253515625 0.7974254345703125 0.6029865634765625 0.7876768193359375 0.60278922265625 0.77919544921875 0.60674603515625 0.7799952666015625 0.6110915234375 0.7866951708984375 0.614412478515625 0.79108571484375 0.618451091796875 0.80203966015625 0.6232940146484375 0.816694314453125 0.62334440625 0.8206177060546875 0.620328189453125
2 0.84731226953125 0.6308520693359375 0.845426404296875 0.628120630859375 0.83362650390625 0.6229235341796875 0.8248875224609376 0.6253500439453125 0.8227437705078126 0.6283344697265625 0.82490147265625 0.6360959052734375 0.828945505859375 0.6393410625 0.8354784404296876 0.6403935087890625 0.8450315498046875 0.6385675673828125 0.84731226953125 0.6308520693359375
2 0.7886195966796875 0.6493826689453125 0.7897980263671875 0.647029052734375 0.7836565693359375 0.6427754541015624 0.77592923828125 0.6405782890625 0.7699385107421876 0.6423410302734375 0.768292462890625 0.644887533203125 0.7723667734375 0.64788610546875 0.7827195087890625 0.650407203125 0.7886195966796875 0.6493826689453125
2 0.9114860322265625 0.5930032646484374 0.9127838291015625 0.589664666015625 0.912120705078125 0.5878342705078125 0.9084233720703125 0.585381017578125 0.894917060546875 0.583222044921875 0.88633082421875 0.5844173681640625 0.8779245087890625 0.5841345380859375 0.875403779296875 0.5865736435546876 0.8743618525390625 0.591443904296875 0.8844869794921875 0.59943428125 0.894024037109375 0.6013546201171875 0.900846685546875 0.5964448076171875 0.90718411328125 0.5954739716796875 0.9114860322265625 0.5930032646484374
2 0.9538031396484375 0.581206869140625 0.9544680888671875 0.5757912890625 0.9514512919921875 0.571423892578125 0.9430006630859376 0.56788640234375 0.9315312216796875 0.5672290419921875 0.9222644501953124 0.5703385087890624 0.9202128896484375 0.57258491796875 0.91907849609375 0.5854393603515625 0.92116005859375 0.59019253125 0.9287950087890625 0.5931292626953125 0.9353597705078125 0.593935314453125 0.943569029296875 0.592194671875 0.9464222333984375 0.587047775390625 0.9538031396484375 0.581206869140625
2 0.8280954697265624 0.5775172685546875 0.8295747373046874 0.57270070703125 0.8245208798828125 0.5668332490234375 0.8215485849609375 0.5657189619140625 0.8171117138671875 0.56567321484375 0.80906768359375 0.5696837255859375 0.80450989453125 0.57062276953125 0.8022450361328125 0.5745935380859375 0.809698705078125 0.579006681640625 0.8225118056640625 0.5795802939453125 0.8280954697265624 0.5775172685546875
2 0.96659012890625 0.636252072265625 0.976429109375 0.642957373046875 0.9862382783203125 0.6426615419921875 0.98714487109375 0.6352779296875 0.982949833984375 0.6332625986328125 0.9740313984375 0.6299195458984375 0.97009378125 0.6294360673828125 0.9678148876953125 0.62990558984375 0.9647042626953125 0.6335206337890625 0.96659012890625 0.636252072265625
2 0.97152465625 0.5598952255859375 0.9720083251953126 0.5559560576171875 0.963996673828125 0.545227841796875 0.955666962890625 0.5407055595703125 0.95038549609375 0.5403073798828125 0.941465234375 0.544210302734375 0.9392308427734375 0.5479329345703124 0.9396536826171875 0.551733103515625 0.9478464248046875 0.560986458984375 0.95481844140625 0.5620912431640624 0.97152465625 0.5598952255859375
2 0.9723954111328125 0.5817407392578124 0.9807110869140625 0.582761775390625 0.9936433642578125 0.58235195703125 0.996242798828125 0.5611812578125 0.9919268447265625 0.56015071875 0.985966203125 0.561668423828125 0.9787364912109375 0.566277953125 0.9683995322265625 0.567256740234375 0.9695741201171875 0.579396625 0.9723954111328125 0.5817407392578124
0 1 0.52736478515625 0.9982257138671875 0.526941130859375 0.996023234375 0.523172751953125 0.9892326884765625 0.52059000390625 0.9747911416015625 0.5188168046875 0.9412293427734375 0.5171942431640625 0.9244928505859376 0.51963684765625 0.9182747890625 0.519622701171875 0.8801531845703126 0.5261867109375 0.853291099609375 0.527886654296875 0.845458818359375 0.5301726162109375 0.837052501953125 0.5298897861328125 0.81286032421875 0.5351667724609375 0.798902171875 0.536700572265625 0.792411998046875 0.5389025947265625 0.7806706357421875 0.5404598525390625 0.7545480048828125 0.54699690625 0.74057225 0.5522767958984375 0.726461162109375 0.5550433330078125 0.687086263671875 0.56819905078125 0.6872667275390625 0.5703448505859375 0.6779844462890625 0.5808245517578124 0.6764891279296875 0.58938739453125 0.6730030771484375 0.5924573095703125 0.6631925478515625 0.5927513984375 0.665215107421875 0.5979979306640625 0.6689108896484375 0.6004509931640625 0.669952541015625 0.6028268984375 0.671733541015625 0.6027968486328125 0.674464001953125 0.6058807197265625 0.679850333984375 0.6090403876953125 0.7006450849609375 0.6133426357421875 0.7470479716796875 0.629785916015625 0.7507136669921874 0.632484013671875 0.752508892578125 0.635953658203125 0.75871109375 0.6397125341796875 0.765562001953125 0.641803662109375 0.768201822265625 0.6456257392578125 0.7900522607421875 0.655805138671875 0.82355323046875 0.665167037109375 0.8430344091796875 0.6693079990234375 0.86705906640625 0.6762548369140625 0.8737890576171875 0.679330755859375 0.896468314453125 0.6863627021484375 0.97427684765625 0.696667298828125 0.979860703125 0.69460272265625 0.9811906015625 0.6837715634765625 0.9790627109375 0.6830112587890625 0.9797579375 0.6773490927734375 0.9820065556640625 0.67712615625 0.991890349609375 0.5966291123046875 0.9897323720703125 0.5961138427734375 0.9895065888671875 0.594337146484375 0.9924343818359375 0.59219832421875 0.996273076171875 0.560934671875 0.9945382138671875 0.55697340625 0.9967868310546875 0.5567504697265625 0.9985400361328125 0.5424717626953125 0.9964121455078125 0.5417114580078125 0.999053791015625 0.5382875595703125 1 0.5305813076171875 1 0.52736478515625
2 0.559351056640625 0.6859503701171875 0.5581281240234375 0.6850508779296876 0.555034912109375 0.6849213818359375 0.5539773994140625 0.68629020703125 0.5574028115234375 0.690958078125 0.559351056640625 0.6859503701171875
2 0.7636253427734375 0.838469498046875 0.763836900390625 0.8367465 0.7582390107421875 0.835309830078125 0.7559298388671875 0.8360259375 0.7565324091796874 0.8383495048828125 0.7603205732421875 0.840063 0.7636253427734375 0.838469498046875
2 0.69987737109375 0.6015045859375 0.698867546875 0.5988822861328125 0.6947027861328126 0.596620369140625 0.6894656318359375 0.599476849609375 0.6905057333984375 0.601852564453125 0.6937960029296875 0.604005533203125 0.69987737109375 0.6015045859375
2 0.506302447265625 0.6187170361328125 0.5068163935546875 0.614531283203125 0.5029981435546875 0.613062822265625 0.4993769501953125 0.613617833984375 0.4973236484375 0.6158656044921875 0.4991493408203125 0.61908711328125 0.506302447265625 0.6187170361328125
2 0.6213698828125 0.9731792119140625 0.621172826171875 0.97115573828125 0.6180653876953125 0.9675265478515624 0.6143822802734376 0.968572990234375 0.6143677802734375 0.9723194609375 0.61643356640625 0.9735727470703125 0.6213698828125 0.9731792119140625
2 0.9233578828125 0.789366869140625 0.928187783203125 0.786211654296875 0.9249883447265626 0.7833189296875 0.9189228369140625 0.782075146484375 0.915738984375 0.782683857421875 0.913685873046875 0.784930076171875 0.916853673828125 0.788067646484375 0.9233578828125 0.789366869140625
2 0.7937272509765625 0.8646550556640625 0.792536146484375 0.86350916796875 0.788747982421875 0.861795671875 0.7851873427734375 0.8618575126953125 0.778048271484375 0.8657288349609376 0.777490013671875 0.8666599287109376 0.7830415751953125 0.87208946484375 0.7914942197265625 0.8683794287109375 0.7937272509765625 0.8646550556640625
2 0.7728757880859375 0.8463524765625 0.771924966796875 0.843236814453125 0.770294970703125 0.8420370380859376 0.7663713896484375 0.8450548046875 0.77053633984375 0.8473151708984376 0.7728757880859375 0.8463524765625
2 0.7052673544921875 0.5901723037109375 0.7051624892578126 0.587410814453125 0.7041511142578125 0.58478832421875 0.6970443359375 0.5811655341796875 0.6917770947265625 0.5842670498046875 0.69464405859375 0.5898675654296875 0.6984607578125 0.5913358359375 0.7052673544921875 0.5901723037109375
2 0.773744826171875 0.625816103515625 0.7721146396484375 0.6246178779296875 0.7682057490234375 0.623887623046875 0.7653988740234375 0.6250416533203125 0.767133736328125 0.6290029189453125 0.77016639453125 0.6296255859375 0.7729750107421876 0.6284701953125 0.773744826171875 0.625816103515625
0 0.415010689453125 0 0.42179368359375 0.0086818369140625 0.4586608095703125 0.0289508916015625 0.5912745 0.1412620849609375 0.6173681123046875 0.1979899375 0.6239523671875 0.1956499140625 0.640167611328125 0.1661562138671875 0.736754349609375 0.1103235078125 0.76066888671875 0.056587416015625 0.765321447265625 0.0571586787109375 0.7639335283203125 0.04282015625 0.75944390234375 0.02810079296875 0.530581310546875 0 0.415010689453125 0
2 0.68511288671875 0.0693495830078125 0.7172999658203125 0.0764501279296875 0.74945955859375 0.0709534248046875 0.748670388671875 0.06455958984375 0.6963222158203125 0.05498357421875 0.678310724609375 0.0606432119140625 0.68511288671875 0.0693495830078125
2 0.7007568681640625 0.0445084423828125 0.699804763671875 0.0522627099609375 0.7156941396484375 0.0510652109375 0.7007568681640625 0.0445084423828125
2 0.6611963642578125 0.0333540869140625 0.6860375048828125 0.048998068359375 0.70813029296875 0.04856225390625 0.7018993935546874 0.035203322265625 0.6892746591796876 0.0226335615234375 0.6596180244140625 0.0205664189453125 0.6611963642578125 0.0333540869140625
2 0.57533015234375 0.117265087890625 0.5980491767578126 0.137371208984375 0.607735138671875 0.13541202734375 0.60694596875 0.1290181923828125 0.595273337890625 0.1086941650390625 0.5811252373046875 0.10853123046875 0.57533015234375 0.117265087890625
2 0.47474060546875 0.0262025400390625 0.494929185546875 0.0412752587890625 0.52921089453125 0.031316416015625 0.5464332158203125 0.0192629443359375 0.5456440458984375 0.0128691103515625 0.5386514619140625 0.0057135927734375 0.51383780859375 0.0026668583984375 0.47474060546875 0.0262025400390625
2 0.5421085087890625 0.0801270673828125 0.5634396142578125 0.085894666015625 0.573887259765625 0.0777320703125 0.5713568154296875 0.0726986689453125 0.5500257099609375 0.0669310703125 0.543441455078125 0.06927109375 0.5421085087890625 0.0801270673828125
2 0.6168478525390625 0.048373818359375 0.628873837890625 0.0529988916015625 0.6391310625 0.0463871494140625 0.6334989111328125 0.04097290625 0.613147396484375 0.0400482890625 0.6168478525390625 0.048373818359375
2 0.5279054345703125 0.0547696376953125 0.510655626953125 0.054225861328125 0.5254024775390626 0.0623334833984375 0.5279054345703125 0.0547696376953125
2 0.430276244140625 0 0.430119212890625 0.004981380859375 0.441573935546875 0.0142590146484375 0.4510350703125 0 0.430276244140625 0
2 0.600469673828125 0.092015619140625 0.6066456015625 0.0801800556640625 0.6033259873046874 0.0687528193359375 0.5986734267578125 0.068181556640625 0.59559920703125 0.080397962890625 0.600469673828125 0.092015619140625
2 0.521293693359375 0.0445124130859375 0.51933451171875 0.034826451171875 0.5080976962890625 0.0365952119140625 0.514519017578125 0.0484032900390625 0.521293693359375 0.0445124130859375
0 0.89496887890625 0.142343681640625 0.8671084912109375 0.1641106025390625 0.86615638671875 0.171864869140625 0.87469982421875 0.1792108076171875 0.8698843291015625 0.192787646484375 0.8627288115234375 0.1997802294921875 0.850131564453125 0.1998077158203125 0.8453160693359375 0.2133845546875 0.84689441015625 0.2261722236328125 0.8649608740234375 0.2457070810546875 0.888822423828125 0.25650808203125 0.9436460673828125 0.24592300390625 0.9480532333984375 0.2228506240234375 0.9468557353515625 0.2069612490234375 0.9244900654296875 0.171156173828125 0.89496887890625 0.142343681640625
2 0.9145606953125 0.23920330078125 0.9222874755859375 0.2275581572265625 0.9154853125 0.2188517861328125 0.89282126171875 0.2239401611328125 0.8980725703125 0.232456111328125 0.9145606953125 0.23920330078125
2 0.9014176865234375 0.1667490078125 0.918722466796875 0.192487279296875 0.934040580078125 0.1959423408203125 0.9320813984375 0.18625637890625 0.91243659375 0.1539338525390625 0.9015806201171875 0.15260090625 0.9014176865234375 0.1667490078125
2 0.8970654931640625 0.2150158828125 0.8989697021484375 0.1995073486328125 0.88346116796875 0.197603140625 0.88620951953125 0.2136829365234375 0.8970654931640625 0.2150158828125
2 0.9459311171875 0.2273127626953125 0.94821616796875 0.2087025224609375 0.939291888671875 0.204458291015625 0.9365985107421875 0.213572990234375 0.9459311171875 0.2273127626953125
2 0.58673188671875 0.1910798134765625 0.601070408203125 0.18969189453125 0.6033829453125 0.18367890234375 0.588826515625 0.1740204267578125 0.5758484267578124 0.1771496201171875 0.58673188671875 0.1910798134765625
2 0.4038666376953125 0.1418648046875 0.420735603515625 0.145510287109375 0.42789112109375 0.1385177041015625 0.4224493916015625 0.131552607421875 0.4044104130859375 0.1246149970703125 0.3955136220703125 0.1329680126953125 0.4038666376953125 0.1418648046875
2 0.4488688720703125 0.1599842568359375 0.4449779951171875 0.1532095810546875 0.4387745810546875 0.1524478974609375 0.4393733310546875 0.1603925849609375 0.4488688720703125 0.1599842568359375
2 0.5327778876953125 0.1561188818359375 0.537022119140625 0.147194603515625 0.5277169990234375 0.146052078125 0.5252140419921875 0.153615923828125 0.5327778876953125 0.1561188818359375
2 0.55394605859375 0.17603458203125 0.5403692197265625 0.1712190869140625 0.5502730888671875 0.1803062998046875 0.55394605859375 0.17603458203125
2 0.6247690234375 0.21464099609375 0.623816919921875 0.2223952626953125 0.6335303681640625 0.2330333291015625 0.67521298828125 0.2397255458984375 0.6782872080078125 0.2275091396484375 0.6532831337890626 0.2260132587890625 0.63581541796875 0.2144230888671875 0.6247690234375 0.21464099609375
2 0.7438588642578124 0.257599603515625 0.7455726513671875 0.243641923828125 0.72832284375 0.2430981474609375 0.734553744140625 0.2564570791015625 0.7438588642578124 0.257599603515625
2 0.724431966796875 0.2363234716796875 0.724023638671875 0.2268279306640625 0.69940040625 0.22223034375 0.7133855732421875 0.23654137890625 0.724431966796875 0.2363234716796875
2 0.6924353095703125 0.2276720732421875 0.6968699619140625 0.21719694140625 0.687564841796875 0.2160544169921875 0.6817697568359375 0.2247882744140625 0.6924353095703125 0.2276720732421875
2 0.5383550654296875 0.1363386298828125 0.54142928515625 0.1241222236328125 0.5249411611328125 0.1173750341796875 0.5201256669921875 0.130951873046875 0.5383550654296875 0.1363386298828125
2 0.3253149072265625 0.0251719462890625 0.344115568359375 0.025906142578125 0.35010107421875 0.015621431640625 0.3285795478515625 0.0114046865234375 0.321233609375 0.019948123046875 0.3253149072265625 0.0251719462890625
0 0.3669333447265625 0 0.3087992958984375 0.0058275087890625 0.2896727666015625 0.0333895146484375 0.281728078125 0.033988263671875 0.2724504453125 0.045442986328125 0.2699749736328125 0.065604080078125 0.2785458974609375 0.085547265625 0.3094275166015625 0.1161010322265625 0.3505663603515625 0.1400430556640625 0.427755673828125 0.165263052734375 0.4931369091796875 0.19690437109375 0.5970990576171875 0.2348570634765625 0.6219127109375 0.237903796875 0.6786680498046875 0.2244074326171875 0.704215900390625 0.2086535048828125 0.732429642578125 0.171187630859375 0.7344967861328126 0.14153099609375 0.711805248046875 0.134022123046875 0.7089214482421875 0.14468767578125 0.691699126953125 0.1567411474609375 0.6791018798828125 0.1567686337890625 0.675048068359375 0.16414205859375 0.66321250390625 0.1579661318359375 0.65200317578125 0.172332140625 0.64405848828125 0.1729308896484375 0.6332574873046874 0.196792439453125 0.6202793984375 0.1999216328125 0.58368316796875 0.1261618798828125 0.5248861875 0.0921805390625 0.489732849609375 0.0579538037109375 0.479067296875 0.0550700048828125 0.4613816748046875 0.032433439453125 0.42530371875 0.0185582197265625 0.4175219658203125 0.0050088671875 0.4095772783203125 0.0056076162109375 0.4084430244140625 0 0.3669333447265625 0
2 0.82969758984375 0.16109135546875 0.8603338154296875 0.168001478515625 0.8789165693359375 0.15768928125 0.879269923828125 0.1419903271484375 0.862972220703125 0.1336922841796875 0.8116311259765625 0.1415564970703125 0.82969758984375 0.16109135546875
2 0.799932994140625 0.19836680859375 0.799524666015625 0.188871267578125 0.7838257109375 0.1885179130859375 0.7832544482421875 0.19317047265625 0.799932994140625 0.19836680859375
2 0.8245267548828125 0.100635560546875 0.8378856865234375 0.09440466015625 0.8370965166015625 0.088010826171875 0.8153845693359375 0.0853449345703125 0.8078482099609375 0.095439224609375 0.8245267548828125 0.100635560546875
2 0.828963392578125 0.1798920166015625 0.8607696298828125 0.190094267578125 0.8653947041015625 0.1780682822265625 0.8430840078125 0.167457703125 0.822542072265625 0.1680839384765625 0.828963392578125 0.1798920166015625
2 0.783389896484375 0.1664251240234375 0.7785194287109375 0.154807466796875 0.7674730341796875 0.155025375 0.7750643671875 0.170125580078125 0.783389896484375 0.1664251240234375
0 0.771687794921875 0.0437722607421875 0.7711440185546875 0.061022068359375 0.7556629716796875 0.071715107421875 0.744699037109375 0.1097247587890625 0.7682072314453126 0.136224712890625 0.8038768583984375 0.140604392578125 0.8933905390625 0.129556013671875 0.9209250576171875 0.136085294921875 0.9342839892578125 0.1298543955078125 0.940459916015625 0.1180188310546875 0.95596844921875 0.1199230390625 0.9590151826171875 0.0951093857421875 0.938636181640625 0.0815875205078125 0.882777974609375 0.0621351220703125 0.771687794921875 0.0437722607421875
2 0.8392755908203124 0.1984747705078125 0.8402276953125 0.1907205029296875 0.823358728515625 0.1870750205078125 0.8175636435546875 0.1958088779296875 0.8392755908203124 0.1984747705078125
2 0.9944943896484375 0.1010399189453125 0.9937052197265624 0.094646083984375 0.9731632841796874 0.0952723203125 0.98132587890625 0.10571996484375 0.9944943896484375 0.1010399189453125
0 0.2231764921875 0.023650564453125 0.2018728740234375 0.0304802138671875 0.193519857421875 0.021583421875 0.14563382421875 0.0141295224609375 0.1299348701171875 0.0137761669921875 0.0982110927734375 0.0413656591796875 0.0701053115234375 0.0394889365234375 0.06447316015625 0.034074693359375 0.0532638310546875 0.0484407021484375 0.034031326171875 0.2050768916015625 0.0606412265625 0.2319576884765625 0.08314234375 0.2410174140625 0.1291516552734375 0.276577095703125 0.134538412109375 0.2583476962890625 0.166615544921875 0.21505925 0.2076444423828125 0.188612283203125 0.23604860546875 0.1495955556640625 0.2603439853515625 0.0927577568359375 0.2651045068359375 0.0539864228515625 0.261566984375 0.0315127919921875 0.2557444130859375 0.02764940234375 0.2231764921875 0.023650564453125
2 0.0791395361328125 0.09412216015625 0.084553779296875 0.0884900087890625 0.0804724814453125 0.0832661865234375 0.054869658203125 0.0738256181640625 0.04812246875 0.0903137431640625 0.0791395361328125 0.09412216015625
2 0.096609236328125 0.19544391796875 0.10142473046875 0.1818670791015625 0.090759177734375 0.178983279296875 0.07799899609375 0.1931588671875 0.096609236328125 0.19544391796875
2 0.1658518759765625 0.131531076171875 0.1689260966796875 0.119314669921875 0.15885929296875 0.12437555859375 0.1575263466796875 0.1352315322265625 0.1658518759765625 0.131531076171875
2 0.102891138671875 0.0545341689453125 0.1106179189453125 0.042889025390625 0.1046049267578125 0.0405764892578125 0.0833013076171875 0.0474061376953125 0.085070068359375 0.058642953125 0.102891138671875 0.0545341689453125
0 0.6378040712890625 0.3264378857421875 0.5874955546875 0.27460798828125 0.57838085546875 0.271914609375 0.5532138466796875 0.284566830078125 0.52298594921875 0.287152248046875 0.4685156611328125 0.28203837109375 0.4002231396484375 0.2484653583984375 0.3965226845703125 0.2401398291015625 0.387217564453125 0.2389973037109375 0.37502864453125 0.24852033203125 0.4036801865234375 0.3228788330078125 0.441228521484375 0.3888843193359375 0.5098469111328126 0.3941611298828125 0.5806423896484375 0.420170296875 0.6458606904296875 0.4659597158203125 0.67061937109375 0.443811953125 0.6724960927734375 0.415706171875 0.6658843515625 0.4054489482421875 0.661530173828125 0.3639842353515625 0.6378040712890625 0.3264378857421875
2 0.50674321875 0.3040487001953125 0.5222517529296875 0.3059529091796875 0.5210542548828125 0.290063533203125 0.505545720703125 0.2881593251953125 0.4997506357421875 0.2968931826171875 0.50674321875 0.3040487001953125
2 0.485221693359375 0.299831955078125 0.48886717578125 0.2829629892578125 0.4729503134765625 0.2715632392578125 0.4685431474609375 0.294635619140625 0.485221693359375 0.299831955078125
2 0.456925490234375 0.2995060869140625 0.46544144140625 0.29425477734375 0.4617409853515625 0.285929248046875 0.4460420302734375 0.285575892578125 0.44334865234375 0.294690591796875 0.456925490234375 0.2995060869140625
2 0.4581504755859375 0.3279927099609375 0.4589121591796875 0.3217892958984375 0.44650533203125 0.3202659296875 0.4443832158203125 0.324728068359375 0.4581504755859375 0.3279927099609375
2 0.6096982900390625 0.3245611640625 0.6141329423828125 0.3140860322265625 0.60036568359375 0.3108213916015625 0.5957406103515624 0.322847376953125 0.6096982900390625 0.3245611640625
2 0.6209370908203125 0.4125239912109375 0.6372073076171875 0.4082247861328125 0.6474645322265625 0.4016130439453125 0.651300435546875 0.383193224609375 0.6195216845703125 0.3855882216796875 0.60463938671875 0.4042259482421875 0.6209370908203125 0.4125239912109375
2 0.4982802568359375 0.24476291796875 0.509517072265625 0.2429941572265625 0.5089183232421876 0.23504946875 0.4974636005859375 0.2257718359375 0.4860363642578125 0.22909144921875 0.4982802568359375 0.24476291796875
2 0.4076515380859375 0.2777136650390625 0.4027810703125 0.2660960078125 0.390374244140625 0.2645726416015625 0.3874904443359375 0.2752381943359375 0.4076515380859375 0.2777136650390625
2 0.422453361328125 0.3110157822265625 0.4257180029296875 0.2972485234375 0.40536648828125 0.2963239052734375 0.404223962890625 0.305629025390625 0.422453361328125 0.3110157822265625
0 0.402945990234375 0.341679494140625 0.3916816884765625 0.3308510078125 0.3624863701171875 0.2737423134765625 0.3424057509765625 0.219326998046875 0.34235077734375 0.1941325029296875 0.3112787373046875 0.1651295908203125 0.26516146484375 0.168912505859375 0.2414903359375 0.15656065234375 0.217330404296875 0.1866531015625 0.158317501953125 0.2313569541015625 0.13995265625 0.2527155458984375 0.13013124609375 0.281420076171875 0.0871156806640625 0.2855838330078125 0.0877144296875 0.293528521484375 0.1065425771484375 0.3068599658203125 0.1069783916015625 0.3289527548828125 0.1286628525390625 0.3190213984375 0.2093622001953125 0.3541177783203125 0.2190756494140625 0.3647558447265625 0.2191031357421875 0.377353091796875 0.2453321953125 0.407335595703125 0.248488875 0.4329109326171875 0.257222732421875 0.438706017578125 0.34945727734375 0.4311401865234375 0.3563948876953125 0.413101208984375 0.36687001953125 0.417535861328125 0.3994104541015625 0.408937451171875 0.3990021259765625 0.39944191015625 0.4156531845703125 0.3920409990234375 0.417938234375 0.3734307587890625 0.413639029296875 0.3571605419921875 0.4008238740234375 0.3461416337890625 0.402945990234375 0.341679494140625
2 0.1818001953125 0.334991248046875 0.23866548046875 0.371883875 0.2536832255859375 0.3265007998046875 0.249601927734375 0.3212769775390625 0.216653166015625 0.320379845703125 0.1818001953125 0.334991248046875
2 0.30679308203125 0.32987340234375 0.304888873046875 0.345381935546875 0.3167244375 0.3515578623046875 0.3492648720703125 0.3429594521484375 0.3564203896484375 0.335966869140625 0.3496182265625 0.327260498046875 0.33816350390625 0.3179828642578125 0.3224645498046875 0.3176295087890625 0.30679308203125 0.32987340234375
2 0.3646379580078125 0.371609009765625 0.35068027734375 0.3698952216796875 0.3443139296875 0.3832816396484375 0.3782422822265625 0.389021751953125 0.414047357421875 0.3666560830078125 0.4109181640625 0.3536779931640625 0.401014294921875 0.3445907802734375 0.3880362060546875 0.3477199736328125 0.3646379580078125 0.371609009765625
2 0.2857348564453125 0.360346693359375 0.30048170703125 0.3684543154296875 0.3177315146484375 0.3689980908203125 0.3190644609375 0.3581421171875 0.304888873046875 0.345381935546875 0.281054810546875 0.3471781826171875 0.2857348564453125 0.360346693359375
2 0.305295216796875 0.265145888671875 0.3384618857421875 0.2770894140625 0.3549225244140625 0.2712393564453125 0.353725025390625 0.25534998046875 0.3502149912109375 0.24547359765625 0.310491552734375 0.24846734375 0.305295216796875 0.265145888671875
2 0.26902683984375 0.252821521484375 0.304696466796875 0.257201201171875 0.3044785595703125 0.246154806640625 0.2823582841796875 0.2339933740234375 0.2695706162109375 0.2355717138671875 0.26902683984375 0.252821521484375
2 0.2276445869140625 0.294967443359375 0.2524582412109375 0.2980141767578125 0.256674986328125 0.276492650390625 0.2210053583984375 0.272112970703125 0.2090068603515625 0.2800851455078125 0.2276445869140625 0.294967443359375
2 0.173555140625 0.2867518603515625 0.18226151171875 0.279949697265625 0.16384169140625 0.2761137939453125 0.1599783017578125 0.281936365234375 0.173555140625 0.2867518603515625
2 0.212734802734375 0.301007921875 0.182697326171875 0.302042486328125 0.2007363037109375 0.3089800966796875 0.212734802734375 0.301007921875
2 0.2007618056640625 0.2318457568359375 0.2094681767578125 0.22504359375 0.206937732421875 0.2200101923828125 0.1761110859375 0.214650921875 0.1619904716796875 0.2270852353515625 0.2007618056640625 0.2318457568359375
2 0.042576748046875 0.30215441796875 0.047011400390625 0.2916792861328125 0.0394475546875 0.289176328125 0.0301424345703125 0.288033802734375 0.0305507626953125 0.29752934375 0.042576748046875 0.30215441796875
2 0.294604162109375 0.3393964296875 0.301378837890625 0.335505552734375 0.296889212890625 0.320786189453125 0.28989662890625 0.313630671875 0.2806189951171875 0.32508539453125 0.294604162109375 0.3393964296875
2 0.346461546875 0.3016851611328125 0.3466244814453125 0.2875370595703125 0.3386797939453125 0.28813580859375 0.3387072802734375 0.300733056640625 0.346461546875 0.3016851611328125
2 0.180465263671875 0.256115634765625 0.186260349609375 0.2473817763671875 0.170942236328125 0.24392671484375 0.1657184140625 0.2480080126953125 0.180465263671875 0.256115634765625
0 1 0.4275823818359375 0.959729833984375 0.4226378271484375 0.90588578125 0.4380658857421875 0.8111482783203126 0.4531955634765625 0.764677650390625 0.47267743359375 0.7470744873046875 0.487832611328125 0.7645422021484375 0.4994227822265625 0.8605046904296875 0.512779728515625 0.878162826171875 0.522819044921875 0.9403598955078125 0.5162877783203125 0.999482744140625 0.5219729169921875 1 0.518271283203125 1 0.4275823818359375
2 1 0.49055174609375 0.9986386005859375 0.4903845869140625 0.982177962890625 0.4962346455078125 0.9792941630859375 0.5069001982421875 1 0.5167475341796876 1 0.49055174609375
2 0.8953576611328125 0.4981683251953125 0.8881746572265625 0.4925636611328125 0.8720948603515625 0.4953120126953125 0.879686193359375 0.5104122177734375 0.8953576611328125 0.4981683251953125
2 0.856804234375 0.5044541982421875 0.86551060546875 0.4976520361328125 0.8606401376953124 0.48603437890625 0.84300948828125 0.4885923095703125 0.8463291025390625 0.5000195458984374 0.856804234375 0.5044541982421875
2 0.83658816796875 0.476784232421875 0.8381115341796875 0.4643774052734375 0.8270651396484375 0.4645953125 0.8230113291015625 0.47196873828125 0.83658816796875 0.476784232421875
2 0.8389007041015625 0.4707712392578125 0.8598234814453125 0.467043296875 0.89524771484375 0.4477793349609375 0.900471537109375 0.443698037109375 0.8961998193359375 0.4400250673828125 0.85919724609375 0.446501361328125 0.838301955078125 0.4628265517578125 0.8389007041015625 0.4707712392578125
0 0.097522248046875 0.88034785546875 0.0775790625 0.888918779296875 0.06190759375 0.901162671875 0.059023794921875 0.911828224609375 0.025721677734375 0.9266300478515626 0.03913558203125 0.9455936435546874 0.05929667578125 0.9480691142578125 0.0765189970703125 0.936015642578125 0.0889258232421875 0.937539009765625 0.09341544921875 0.952258373046875 0.256255052734375 0.9722525625 0.252745017578125 0.9623761796875 0.16907941015625 0.900153609375 0.12600887109375 0.87912287109375 0.097522248046875 0.88034785546875
2 0.1430427568359375 0.95835183984375 0.1424440078125 0.95040715234375 0.1302276015625 0.9473329326171875 0.1259833701171875 0.9562572109375 0.1430427568359375 0.95835183984375
2 0.09651715625 0.95263921484375 0.095727986328125 0.946245380859375 0.0825319892578125 0.9383281796875 0.0670509423828125 0.94902121875 0.09651715625 0.95263921484375
0 0 0.781667060546875 0.0222351591796875 0.74988773828125 0.147253546875 0.6676355517578125 0.1562857861328125 0.6325371865234375 0.139797662109375 0.6257899970703125 0.0814639833984375 0.6264986923828125 0.057058658203125 0.6329475 0.0542023447265625 0.65621030078125 0 0.65743762109375 0 0.781667060546875
2 0.092239482421875 0.679771482421875 0.0900898798828125 0.6716363740234375 0.0616032568359375 0.672861359375 0.0773296982421875 0.6858119619140625 0.092239482421875 0.679771482421875
2 0 0.7102765859375 0.0002503310546875 0.7109809560546875 0.011487146484375 0.7092121953125 0.0108883974609375 0.7012675078125 0 0.6968118115234375 0 0.7102765859375
0 0.4313286220703125 0.55926028125 0.2825291591796875 0.578771623046875 0.2515395791015625 0.5875604541015625 0.2226996005859375 0.6044843935546875 0.203545583984375 0.619449150390625 0.200280943359375 0.63321641015625 0.222782060546875 0.64227613671875 0.344427845703125 0.6131338056640625 0.4841400966796875 0.603526333984375 0.500981576171875 0.594574568359375 0.5013349306640625 0.5788756142578125 0.4935806640625 0.577923509765625 0.4885197763671875 0.5678567060546875 0.4313286220703125 0.55926028125
2 0.3782737392578125 0.5810821748046875 0.4071412041015625 0.5767554833984375 0.4129362890625 0.5680216259765625 0.3811300517578125 0.5578193740234375 0.3656490048828125 0.5685124140625 0.3782737392578125 0.5810821748046875
2 0.2891683876953125 0.601626095703125 0.325122798828125 0.5887241669921875 0.3585209736328125 0.5881022451171874 0.360615603515625 0.571042857421875 0.293004291015625 0.583206275390625 0.285467931640625 0.59330056640625 0.2891683876953125 0.601626095703125
2 0.24699696484375 0.6373781826171875 0.2558937568359375 0.629025166015625 0.2394056328125 0.6222779765625 0.231488431640625 0.6354739736328125 0.24699696484375 0.6373781826171875
0 0.51120734375 0.395902404296875 0.442779375 0.389074740234375 0.435623857421875 0.3960673232421875 0.4286862470703125 0.41410630078125 0.44506641015625 0.4601960869140625 0.4392713251953125 0.4689299443359375 0.428034509765625 0.470698705078125 0.427272826171875 0.476902119140625 0.445394263671875 0.52163147265625 0.4908323125 0.5618437138671875 0.5276994384765625 0.5821127685546875 0.5775446533203125 0.5992526298828125 0.6108467705078126 0.584450806640625 0.646135556640625 0.591932193359375 0.6757372177734375 0.56880483984375 0.681069001953125 0.5253809462890625 0.6528532744140625 0.4731152333984375 0.5672559716796876 0.41380394921875 0.51120734375 0.395902404296875
2 0.464192939453125 0.43263408203125 0.4665054765625 0.4266210888671875 0.446725224609375 0.4210439111328125 0.44150140234375 0.425125208984375 0.464192939453125 0.43263408203125
0 1 0.3515830087890625 0.908522201171875 0.314025103515625 0.8331016484375 0.300041921875 0.760619869140625 0.30058768359375 0.7267190029296875 0.3074448193359375 0.6804387958984375 0.3253758359375 0.65723096875 0.3477140185546875 0.67225069921875 0.3920625302734375 0.687596298828125 0.40811483984375 0.681801212890625 0.416848697265625 0.689582966796875 0.430398048828125 0.71480494921875 0.44294032421875 0.7890554892578125 0.4536313779296875 0.857238064453125 0.4368153994140625 0.908007896484375 0.4336037470703125 0.95700896875 0.4191552783203125 1 0.387501900390625 1 0.3515830087890625
2 0.8749766748046875 0.3949148720703125 0.8790304853515625 0.387541447265625 0.86216151953125 0.38389596484375 0.85655685546875 0.39107896875 0.8749766748046875 0.3949148720703125
2 0.8848255712890625 0.37880758984375 0.8943211123046875 0.37839926171875 0.897014490234375 0.3692845625 0.8863489375 0.3664007626953125 0.8793838408203125 0.3718424931640625 0.8848255712890625 0.37880758984375