2 0.4415546103515625 0.8190680048828125 0.4368902490234375 0.8086459208984375 0.42737604296875 0.808814470703125 0.4175312626953125 0.8148364873046875 0.413950041015625 0.8207618525390625 0.4140125029296875 0.8243224814453125 0.4180544716796875 0.8308249208984375 0.427655498046875 0.8391251796875 0.4334215859375 0.8422301416015625 0.4374777890625 0.8424799375 0.442392126953125 0.8354527744140625 0.443309392578125 0.831735390625 0.4434246796875 0.82769891015625 0.4415546103515625 0.8190680048828125
2 0.35152780078125 0.4266433388671875 0.3511973896484375 0.4182146943359375 0.34849297265625 0.407482185546875 0.3446886162109375 0.40406809765625 0.32856620703125 0.4021572978515625 0.324224490234375 0.4032910751953125 0.3248889697265625 0.434434619140625 0.325578748046875 0.43878970703125 0.3304641298828125 0.4442647470703125 0.335248703125 0.447525166015625 0.3366489609375 0.44685726953125 0.343308201171875 0.4413382109375 0.3499065234375 0.4322582802734375 0.35152780078125 0.4266433388671875
2 0.3916795244140625 0.5073353662109376 0.3961575556640625 0.5070722333984375 0.398651529296875 0.5022128876953125 0.4028519755859375 0.485924 0.4015654619140625 0.48255566015625 0.3964282333984375 0.4802449130859375 0.392019130859375 0.4809432470703125 0.3881987529296875 0.48378050390625 0.38754296875 0.495491333984375 0.3916795244140625 0.5073353662109376
2 0.498868376953125 0.551515958984375 0.4944209267578125 0.55356030078125 0.4915678310546875 0.56249474609375 0.5008786630859375 0.5753053046875 0.506160216796875 0.5753610244140624 0.5098875517578125 0.5671819296875 0.509962947265625 0.564491701171875 0.498868376953125 0.551515958984375
2 0.53257759765625 0.7421538056640625 0.530014451171875 0.7465764072265625 0.53261134765625 0.7582181806640625 0.5340437294921875 0.759331248046875 0.5375112080078125 0.757442119140625 0.5404334775390625 0.7489444169921875 0.5373010078125 0.74185180859375 0.53257759765625 0.7421538056640625
2 0.5947862685546875 0.752834978515625 0.61265076953125 0.773665564453125 0.6115697431640625 0.77160461328125 0.6121680224609375 0.7706176201171875 0.6107501181640625 0.763253451171875 0.6038192705078125 0.749618240234375 0.6008391376953125 0.7371449306640625 0.6059281376953125 0.7296424052734375 0.60642536328125 0.726439248046875 0.605559134765625 0.722558224609375 0.6034387626953125 0.7170913671875 0.595980353515625 0.7048796484375 0.5934990703125 0.7034865927734375 0.59044541015625 0.707988466796875 0.587523140625 0.71648616796875 0.5805112451171875 0.7229548984375 0.5860864052734375 0.7327850263671875 0.5902229599609375 0.7446290595703124 0.5947862685546875 0.752834978515625
2 0.5648598330078125 0.69864780859375 0.5612303837890625 0.694759900390625 0.56018123828125 0.694478369140625 0.5589496640625 0.6977994169921875 0.5573216748046875 0.7065382431640626 0.561923330078125 0.7133981552734375 0.5612804814453125 0.7188581279296875 0.5593140693359375 0.72229398046875 0.559835408203125 0.7239974599609375 0.562982111328125 0.724837423828125 0.566210677734375 0.71986173046875 0.569465146484375 0.71979397265625 0.572480458984375 0.716638107421875 0.5648598330078125 0.69864780859375
2 0.58559633203125 0.77884280078125 0.5787173701171875 0.7893071162109375 0.5794071484375 0.7936622041015625 0.5829357890625 0.7953354912109375 0.5878356494140625 0.7945594296875 0.5901852978515625 0.79195511328125 0.589081701171875 0.7849872802734374 0.58559633203125 0.77884280078125
2 0.5800739267578126 0.6694536845703125 0.5784588720703125 0.6719416533203125 0.5787205986328126 0.6799366416015625 0.581331728515625 0.68532576953125 0.5846548818359375 0.6856916689453125 0.58567190234375 0.684192236328125 0.584444681640625 0.6701013583984375 0.5800739267578126 0.6694536845703125
2 0.5772372607421875 0.9939993828125 0.5703372392578125 0.9821469228515625 0.566043423828125 0.978808775390625 0.564428369140625 0.981296744140625 0.566396650390625 0.9921458447265625 0.5681736767578125 0.9954349130859375 0.5772372607421875 0.9939993828125
2 0.1546803544921875 0.4283581767578125 0.1505472119140625 0.430798853515625 0.1480452275390625 0.4387838720703125 0.148735005859375 0.4431389599609375 0.156435380859375 0.44102710546875 0.1577358837890625 0.4381412578125 0.15673980859375 0.43026416015625 0.1546803544921875 0.4283581767578125
2 0.149285568359375 0.570279076171875 0.144219138671875 0.5826884833984375 0.1420107607421875 0.60044791015625 0.14419383984375 0.609476939453125 0.1469510830078125 0.612612337890625 0.1577981611328125 0.611340447265625 0.159971359375 0.6092101943359375 0.161838259765625 0.60355793359375 0.1586412158203125 0.57861819921875 0.1552713779296875 0.5684387822265625 0.1519495244140625 0.568071095703125 0.149285568359375 0.570279076171875
0 0.522440818359375 1 0.545958181640625 0.9962752158203125 0.5669946845703125 0.99115730859375 0.5992218544921875 0.98694684375 0.6095717080078125 0.988878109375 0.6152061611328125 0.98798569921875 0.6178908173828125 0.9763996455078126 0.6208307333984375 0.9759340087890624 0.6223768603515625 0.97301083984375 0.620776283203125 0.96924770703125 0.6214497138671875 0.9655689423828125 0.6208288642578125 0.9616490546875 0.6166617275390625 0.948023814453125 0.618666486328125 0.943241953125 0.6233595595703125 0.941160291015625 0.6236803349609376 0.9384311982421875 0.62615540625 0.8652730009765625 0.6164273427734375 0.8355649873046875 0.6167481181640625 0.8328358955078125 0.621938171875 0.827549533203125 0.623208337890625 0.8228840205078125 0.623115294921875 0.81754218359375 0.6185037587890625 0.799522990234375 0.6111272138671875 0.7814956142578126 0.6122227177734375 0.77730546484375 0.6116466826171875 0.768914140625 0.6088896845703125 0.7657802841796875 0.6089344990234375 0.76130884765625 0.6031538505859375 0.75017133203125 0.600656220703125 0.740744423828125 0.600946658203125 0.7362356669921875 0.6045970537109375 0.730747044921875 0.6055143203125 0.7270296611328125 0.601692072265625 0.7155819638671875 0.597159345703125 0.7091572529296875 0.5965001484375 0.7065833720703125 0.5985738369140625 0.7022367119140625 0.6006413017578125 0.7010170224609374 0.6012828525390626 0.695558837890625 0.59648217578125 0.684266109375 0.590379208984375 0.6758579296875 0.5862361865234375 0.667139326171875 0.5873057880859375 0.658041240234375 0.586624021484375 0.6505604794921875 0.574456435546875 0.63239811328125 0.5720585595703125 0.62518915625 0.572732234375 0.621511935546875 0.5713063193359375 0.617273439453125 0.5716045234375 0.6096374658203125 0.54802948828125 0.54640947265625 0.5484575400390626 0.542769572265625 0.5474534541015625 0.5380181484375 0.5403785263671875 0.5266395087890625 0.5240777978515625 0.5109178193359375 0.52125963671875 0.504221546875 0.52220902734375 0.5022851259765625 0.5217021669921875 0.494330544921875 0.5186386259765625 0.4876731376953125 0.5160578330078125 0.484063673828125 0.5087922216796875 0.4794117431640625 0.4646408603515625 0.4194427197265625 0.463737828125 0.416907458984375 0.4469157607421875 0.3994822900390625 0.4417785322265625 0.39717154296875 0.439242798828125 0.3890921865234375 0.436663548828125 0.385482478515625 0.4307917265625 0.3832880791015625 0.4068644765625 0.3669882607421875 0.40233175 0.360563548828125 0.4005930712890625 0.35592847265625 0.4011286435546875 0.3513793076171875 0.39886240234375 0.3481677236328125 0.38156746875 0.3388538916015625 0.377471130859375 0.3399488046875 0.37093364453125 0.3383059541015625 0.3403774091796875 0.3150212041015625 0.33507796484375 0.3069318759765625 0.32980287890625 0.303750728515625 0.31239395703125 0.29847158984375 0.3073640048828125 0.2952500341796875 0.29578880078125 0.2935128447265625 0.2910731572265625 0.2906876259765625 0.2826752373046875 0.2915716083984375 0.2796358115234375 0.2898208369140625 0.2696595595703125 0.277563369140625 0.241815833984375 0.276169109375 0.2279052158203125 0.2707835927734375 0.220556197265625 0.2719475625 0.2101164697265625 0.278957626953125 0.18719049609375 0.2848209130859375 0.17289204296875 0.2960142421875 0.1651211953125 0.2976911416015625 0.158494080078125 0.3049911630859375 0.152309576171875 0.31668383984375 0.141555541015625 0.3232975673828125 0.127274734375 0.3425229609375 0.1170296748046875 0.371377767578125 0.1127441962890625 0.3791991455078125 0.1066045078125 0.386420384765625 0.1013631708984375 0.3993036123046875 0.0984365478515625 0.4252132392578125 0.098973990234375 0.434949029296875 0.0982251640625 0.441318021484375 0.0967031513671875 0.4491478271484375 0.093259787109375 0.4559435927734375 0.088079369140625 0.4723876923828125 0.082281759765625 0.4991981572265625 0.0779246240234375 0.538279671875 0.0742760986328125 0.558053248046875 0.072117818359375 0.5999109013671875 0.068086056640625 0.61885294140625 0.066246681640625 0.643696548828125 0.06476171875 0.6501821337890625 0.066534392578125 0.6708831279296875 0.065854494140625 0.6776873203125 0.0671568671875 0.6890864267578125 0.067436240234375 0.70511348046875 0.0763599228515625 0.780482931640625 0.07647732421875 0.7907329482421875 0.079128916015625 0.80906256640625 0.082660724609375 0.82501901953125 0.0862585390625 0.82712905078125 0.0878207685546875 0.83223819140625 0.0893220791015625 0.833786458984375 0.092154474609375 0.8342300859375 0.093769529296875 0.8317421171875 0.0928343720703125 0.8274258935546875 0.0947333984375 0.823554595703125 0.095862048828125 0.8037324296875 0.092488798828125 0.779268302734375 0.09192878515625 0.7646256328125 0.092777123046875 0.760473048828125 0.090738369140625 0.7491889921875 0.0927431279296875 0.744407130859375 0.0932483642578125 0.73807830078125 0.091913623046875 0.7248966884765625 0.0925165810546875 0.7207829677734375 0.09087045703125 0.7119678876953125 0.09561684375 0.71181095703125 0.0967652548828125 0.714307353515625 0.10058408984375 0.71147033984375 0.1054456015625 0.7120402861328124 0.110643748046875 0.71791190625 0.1135836650390625 0.71744626953125 0.1137440107421875 0.7089398955078124 0.1152196650390625 0.705581771484375 0.1133060791015625 0.7014205146484375 0.113734130859375 0.6977806142578125 0.1126227685546875 0.693939998046875 0.1144140283203125 0.690976421875 0.11317257421875 0.6831381884765625 0.1149158515625 0.6703628828125 0.1136500390625 0.6576164697265625 0.111321091796875 0.6508427138671875 0.112415052734375 0.64665280859375 0.111794203125 0.642732919921875 0.113271400390625 0.63937455078125 0.1140344609375 0.6267529140625 0.1132757529296875 0.621962625 0.1149983291015625 0.618565392578125 0.1151120732421875 0.61452915625 0.118342427734375 0.60955476171875 0.121174822265625 0.6099983896484374 0.1290390390625 0.627948525390625 0.1294849814453125 0.6323422333984375 0.130878771484375 0.634799765625 0.1309013427734375 0.639706646484375 0.13274754296875 0.6434324580078125 0.1358657783203125 0.6567777109375 0.13875628125 0.678193892578125 0.1418501591796875 0.6866309658203125 0.1509847861328125 0.6999171328125 0.1540786630859375 0.708354205078125 0.1621962685546875 0.7231398046875 0.1661387275390625 0.7274258369140625 0.1709310673828125 0.7275590390625 0.1746682822265625 0.7305392265625 0.1794080400390625 0.73827108203125 0.18258532421875 0.7408922529296875 0.1859631728515625 0.7479459970703125 0.192593701171875 0.7549306845703125 0.1972259384765625 0.7635718046875 0.2079528046875 0.769461578125 0.2141169345703125 0.781432173828125 0.2149139892578125 0.7848764541015625 0.2255944970703125 0.7952379091796875 0.22823799609375 0.802409544921875 0.237999451171875 0.816487083984375 0.2397319072265625 0.8242491318359375 0.24698328515625 0.8351537080078125 0.25098173828125 0.846125796875 0.256363046875 0.848399466796875 0.261731419921875 0.856923994140625 0.2622302705078125 0.868004248046875 0.2639627265625 0.8757662958984375 0.272437912109375 0.8864770400390625 0.2720884248046875 0.9017098779296875 0.2734068193359375 0.906857638671875 0.27108128515625 0.914368591796875 0.2702412841796875 0.9296807021484375 0.2690783955078125 0.9334354072265625 0.270013552734375 0.937751630859375 0.2684290791015625 0.9420208076171875 0.2663956083984375 0.9593064150390626 0.266857654296875 0.9717324326171874 0.26380586328125 0.990519259765625 0.2643575400390625 0.994002404296875 0.2624603017578125 0.9978750009765625 0.2623363330078125 1 0.522440818359375 1
0 0.7535745302734375 0.273164482421875 0.7890216083984375 0.3371571943359375 0.8209388271484375 0.4088278759765625 0.8253840712890625 0.4468822490234375 0.84131991796875 0.4775797705078125 0.84976951953125 0.480987416015625 0.8707952958984375 0.4539276083984375 0.8708719853515625 0.4444236015625 0.9065060556640625 0.389738439453125 0.9678580224609376 0.2677008935546875 0.9483037138671875 0.1442398505859375 0.92026619140625 0.1170410224609375 0.83088159765625 0.0520993134765625 0.787670232421875 0.0589433212890625 0.7319593837890624 0.0867507744140625 0.716373373046875 0.1082030771484375 0.697470767578125 0.1586562578125 0.704482513671875 0.2129148935546875 0.7535745302734375 0.273164482421875
0 0.2331789384765625 1 0.2467080810546875 0.9783250615234375 0.2699816884765625 0.8955400458984375 0.25794234375 0.8594794482421875 0.2247718154296875 0.7998720966796875 0.20599387109375 0.7712066962890625 0.1838082822265625 0.750990896484375 0.1328375244140625 0.6688911962890625 0.1191638681640625 0.6125237509765625 0.1121041494140625 0.62787969140625 0.0781523623046875 0.6332571259765625 0.10309846484375 0.8207252392578125 0.0915766962890625 0.847861736328125 0.091514365234375 0.88742102734375 0.08656345703125 0.8961150576171875 0.1007403310546875 0.9856243134765625 0.1134986025390625 0.996259416015625 0.1384512548828125 1 0.2331789384765625 1
2 0.141358921875 0.82257526171875 0.1329093203125 0.8191676171875 0.1273928642578125 0.83427912890625 0.1415266611328125 0.8336225322265625 0.141358921875 0.82257526171875
2 0.8696547353515625 0.2769268583984375 0.8742078349609375 0.2856975791015625 0.8847662470703125 0.282443314453125 0.884919626953125 0.2634352998046875 0.879067693359375 0.256452271484375 0.8696547353515625 0.2769268583984375
2 0.853522431640625 0.175071498046875 0.83507996484375 0.1685006376953125 0.83727982421875 0.1823900048828125 0.854500146484375 0.18124455078125 0.853522431640625 0.175071498046875
2 0.80589698828125 0.1240814873046875 0.7973706962890625 0.130177849609375 0.8019237958984375 0.1389485703125 0.81272663671875 0.137237568359375 0.80589698828125 0.1240814873046875
2 0.73402022265625 0.149703439453125 0.7272816220703126 0.1570986357421875 0.7330568662109375 0.173585671875 0.7423164443359375 0.1721190986328125 0.73402022265625 0.149703439453125
2 0.7285948154296875 0.185366228515625 0.720312953125 0.193005853515625 0.729663580078125 0.2120905576171875 0.7358366318359375 0.2111128427734375 0.7285948154296875 0.185366228515625
2 0.8063522333984375 0.226837873046875 0.8046412314453125 0.2160350322265625 0.7941595087890625 0.2097852900390625 0.7900185771484375 0.2136051025390625 0.7937617001953124 0.227250041015625 0.8009124677734375 0.2324453779296875 0.8063522333984375 0.226837873046875
2 0.872027228515625 0.142083068359375 0.8696739892578125 0.14720171484375 0.8773903046875 0.1459795703125 0.872027228515625 0.142083068359375
2 0.9578507978515625 0.234482392578125 0.9519221748046875 0.23700337109375 0.950791080078125 0.2498383330078125 0.9615939208984375 0.2481273310546875 0.9578507978515625 0.234482392578125
2 0.81776369921875 0.3088752431640625 0.806472 0.30749971875 0.80769414453125 0.3152160341796875 0.815654888671875 0.31553715234375 0.81776369921875 0.3088752431640625
2 0.81554948046875 0.264930591796875 0.81799376953125 0.2803632216796875 0.82441125 0.28092876953125 0.829362158203125 0.27223473828125 0.826917869140625 0.2568021083984375 0.81554948046875 0.264930591796875