2 0.4883731591796875 0.3344175 0.487983955078125 0.3388661318359375 0.492822208984375 0.3442677431640625 0.5107084716796875 0.352305658203125 0.52014873046875 0.3506424140625 0.526904 0.3442615810546875 0.5259530146484375 0.3399466533203125 0.516629115234375 0.3301686884765625 0.5053168046875 0.3279336259765625 0.497367896484375 0.327735390625 0.4917931171875 0.3307343662109375 0.4883731591796875 0.3344175
2 0.47110133984375 0.4053555400390625 0.471345822265625 0.4076167021484375 0.472073841796875 0.409424533203125 0.4796338173828125 0.414068287109375 0.4924657060546875 0.419174841796875 0.496879955078125 0.4193116513671875 0.5041239169921875 0.4174562568359375 0.5075440107421875 0.41377156640625 0.506787626953125 0.4072323212890625 0.50175490625 0.4040534697265625 0.4918473359375 0.400946896484375 0.483920080078125 0.400501169921875 0.4753360654296875 0.4024887119140625 0.47110133984375 0.4053555400390625
2 0.39560206640625 0.4184188046875 0.396415140625 0.4192365302734375 0.4066616630859375 0.428598009765625 0.424986873046875 0.4366743271484375 0.43539821484375 0.4390783828125 0.440691916015625 0.4392921357421875 0.448374826171875 0.4374751435546875 0.4512046748046875 0.4354813818359375 0.4515937431640625 0.431034306640625 0.4490167451171875 0.4250823701171875 0.445674859375 0.4227996064453125 0.41948721484375 0.4135366416015625 0.414238375 0.412828041015625 0.4047115048828125 0.41548125390625 0.3993746337890625 0.4157609287109375 0.39560206640625 0.4184188046875
2 0.5557643720703125 0.4443813515625 0.5572191279296875 0.447993763671875 0.5640159091796875 0.45630526953125 0.572433548828125 0.4612750146484375 0.581988646484375 0.4633547724609375 0.5951879501953125 0.464261744140625 0.59973184375 0.46291671484375 0.602604861328125 0.460429525390625 0.602727931640625 0.45396722265625 0.6063209755859374 0.448305708984375 0.5938133330078125 0.439492998046875 0.569655611328125 0.4373794716796875 0.56263434375 0.441745078125 0.5572557236328125 0.442519873046875 0.5557643720703125 0.4443813515625
2 0.6106788720703125 0.4237906748046875 0.6100453212890625 0.425976587890625 0.622127537109375 0.4295228037109375 0.6291404365234375 0.43536405859375 0.64206378125 0.4377400693359375 0.649064990234375 0.44034455078125 0.6519230654296875 0.4430837587890625 0.6549324375 0.4440936357421875 0.662947724609375 0.4435510869140625 0.6675132705078125 0.4419585654296875 0.6687802353515625 0.437588296875 0.667282310546875 0.4344693125 0.6514250205078125 0.4217952802734375 0.6426425732421875 0.4176249072265625 0.6316194697265625 0.41715771484375 0.6196153603515625 0.4228299482421875 0.6106788720703125 0.4237906748046875
2 0.5641275908203125 0.4095103720703125 0.564198986328125 0.4137499150390625 0.57812502734375 0.4164614677734375 0.5956722021484375 0.418246033203125 0.60199509765625 0.416807259765625 0.604537294921875 0.413045763671875 0.601015884765625 0.407759361328125 0.5942907724609375 0.4036842841796875 0.5891715771484375 0.4014938447265625 0.58212208203125 0.4011264794921875 0.574503994140625 0.4022025517578125 0.566626482421875 0.4062438603515625 0.5641275908203125 0.4095103720703125
2 0.5987783134765625 0.3776874111328125 0.598367591796875 0.382381978515625 0.6043296455078125 0.3901232509765625 0.6085061220703125 0.3929778046875 0.6171615341796876 0.3952298056640625 0.6226049765625 0.39371408984375 0.6245569287109375 0.3916435224609375 0.624548662109375 0.38666448046875 0.622302484375 0.3819868505859375 0.618501826171875 0.37991019921875 0.6024443095703125 0.3762655751953125 0.5987783134765625 0.3776874111328125
2 0.672874029296875 0.3806848095703125 0.671389388671875 0.3875251943359375 0.676205990234375 0.3931742978515625 0.6857841611328125 0.395008255859375 0.6985580390625 0.3906487333984375 0.7011865751953125 0.3859003818359375 0.697535521484375 0.3820958193359375 0.69285541015625 0.3799422255859375 0.6822927724609374 0.3792675009765625 0.672874029296875 0.3806848095703125
2 0.6999827734375 0.404715498046875 0.6993925283203125 0.4064064267578125 0.7056355234375 0.4109365283203125 0.719914037109375 0.4146748955078125 0.73262966796875 0.416036755859375 0.7412785048828126 0.4133082939453125 0.7459007421875 0.40599425390625 0.740710013671875 0.399565828125 0.737743947265625 0.398060966796875 0.7045914892578125 0.402629548828125 0.6999827734375 0.404715498046875
2 0.68880478515625 0.43635228515625 0.689115646484375 0.4378726640625 0.6911606474609375 0.439794146484375 0.700448052734375 0.4398600986328125 0.7143956103515625 0.4423257158203125 0.721950431640625 0.44199069921875 0.726118642578125 0.4398662109375 0.7312462060546875 0.4318497900390625 0.72403883984375 0.428231294921875 0.7090187841796874 0.4279131875 0.704035943359375 0.429219814453125 0.6993191005859375 0.4325416669921875 0.69165770703125 0.4341127236328125 0.68880478515625 0.43635228515625
2 0.485103353515625 0.4628462275390625 0.4835769638671875 0.4701817333984375 0.4854923203125 0.4735850556640625 0.4997058759765625 0.4780658994140625 0.5097148642578125 0.474957662109375 0.512142359375 0.467451607421875 0.50502133203125 0.4628462568359375 0.4893595947265625 0.4597334638671875 0.485103353515625 0.4628462275390625
2 0.3663536142578125 0.4036603486328125 0.365028400390625 0.413752 0.3678648232421875 0.416738701171875 0.37313531640625 0.4171998095703125 0.391685150390625 0.4125974580078125 0.3940759140625 0.410566849609375 0.3789978486328125 0.400782666015625 0.3734397041015625 0.398553822265625 0.37122175390625 0.3986091630859375 0.367974609375 0.4003170302734375 0.3663536142578125 0.4036603486328125
2 0.6145352333984375 0.339231568359375 0.6146514912109375 0.3429762626953125 0.6168976689453125 0.347653892578125 0.620849759765625 0.34799965625 0.6363967958984375 0.347367890625 0.6508632021484375 0.3439030361328125 0.6584379833984375 0.3433219482421875 0.6621256328125 0.3416526201171875 0.6697803154296875 0.335102658203125 0.67383382421875 0.329233611328125 0.6752089169921875 0.3236274375 0.6865512490234374 0.3154081474609375 0.6905832412109375 0.3097850361328125 0.7023428681640626 0.3018516416015625 0.70906140625 0.3009462548828125 0.715974546875 0.297816552734375 0.712518095703125 0.291787673828125 0.7041302392578125 0.2915510361328125 0.7028766591796874 0.290694771484375 0.700874828125 0.2882798603515625 0.7004941279296875 0.2825200751953125 0.6980318310546875 0.280312697265625 0.6915077587890625 0.27899532421875 0.682147400390625 0.274689693359375 0.6731310107421875 0.281619294921875 0.6728566435546876 0.2898109287109375 0.6773422890625 0.2941872822265625 0.6791926875 0.2983330810546875 0.6787821025390625 0.303026091796875 0.6750161083984375 0.3106644296875 0.670162912109375 0.310489216796875 0.66384015234375 0.31192643359375 0.6594690732421875 0.3112961953125 0.647228986328125 0.3044988486328125 0.638249328125 0.3059530029296875 0.6321723349609375 0.3096546318359375 0.624913431640625 0.3167364248046875 0.6246239853515625 0.330156013671875 0.6145352333984375 0.339231568359375
2 0.6762380087890625 0.337160814453125 0.676202970703125 0.342634841796875 0.68002528125 0.3444640009765625 0.6849432998046875 0.3438982939453125 0.686895251953125 0.3418277265625 0.6845842529296875 0.3378910166015625 0.6762380087890625 0.337160814453125
2 0.746144099609375 0.3273427333984375 0.746129021484375 0.3325706884765625 0.75222071875 0.33883012109375 0.7624807626953125 0.342963509765625 0.7664344111328125 0.3433094091796875 0.7701205029296875 0.3416399453125 0.7792880537109375 0.332982568359375 0.800400044921875 0.3243726494140625 0.803028716796875 0.319622740234375 0.80076088671875 0.315192603515625 0.7927404462890625 0.3107563818359375 0.785293751953125 0.309855494140625 0.774147443359375 0.3158521611328125 0.7605805859375 0.3191463291015625 0.751343060546875 0.32356585546875 0.746144099609375 0.3273427333984375
2 0.7668904345703125 0.2925607275390625 0.766918662109375 0.2972936982421875 0.773075181640625 0.3028122109375 0.77944795703125 0.305858916015625 0.782961099609375 0.3061662763671875 0.7852438720703125 0.305370015625 0.79353210546875 0.296634140625 0.79383469921875 0.2931754765625 0.7865408583984375 0.2905453935546875 0.7691948603515625 0.291516974609375 0.7668904345703125 0.2925607275390625
2 0.4358099453125 0.307910447265625 0.4362987734375 0.312434328125 0.4392216708984375 0.3144326171875 0.4431968349609375 0.3145325810546875 0.446884484375 0.31286325390625 0.448086626953125 0.309233904296875 0.44474643359375 0.3069497197265625 0.43953920703125 0.3057475556640625 0.4358099453125 0.307910447265625
2 0.491176779296875 0.282131638671875 0.493178474609375 0.28454810546875 0.5118994638671875 0.29315625390625 0.5158746279296875 0.2932562177734375 0.525049025390625 0.2895761904296875 0.528116509765625 0.2848662412109375 0.52514217578125 0.278382337890625 0.52416465625 0.2693330185546875 0.5219898740234376 0.268894931640625 0.52052017578125 0.27050891796875 0.512880435546875 0.271832482421875 0.5027783994140625 0.2709486689453125 0.492769546875 0.274055349609375 0.491176779296875 0.282131638671875
2 0.5353305859375 0.293463642578125 0.5354019814453125 0.297703185546875 0.5427838544921875 0.2993449931640625 0.5442304794921875 0.2979768056640625 0.5419194794921876 0.2940400966796875 0.538030654296875 0.29295327734375 0.5353305859375 0.293463642578125
2 0.403355859375 0.3095521962890625 0.405026734375 0.3106943564453125 0.409376025390625 0.3115736435546875 0.4125366943359375 0.3108541884765625 0.412091171875 0.3058353232421875 0.4051064990234375 0.3047270390625 0.403355859375 0.3095521962890625
2 0.374157048828125 0.3144666787109375 0.37767019140625 0.3147740390625 0.3808107646484375 0.314302212890625 0.3823005595703125 0.31244059765625 0.38126465625 0.3091142177734375 0.375821349609375 0.3106283759765625 0.374157048828125 0.3144666787109375
2 0.302917037109375 0.374956634765625 0.3032046884765625 0.3767243701171875 0.3043934453125 0.3783215546875 0.3123640068359375 0.3782722978515625 0.317411669921875 0.3762247509765625 0.3191839619140625 0.3711521015625 0.31789558203125 0.3605824033203125 0.3134165107421875 0.3611865126953125 0.3094777041015625 0.3708001181640625 0.302917037109375 0.374956634765625
2 0.343743697265625 0.4091512841796875 0.344470296875 0.410957421875 0.3496111455078125 0.4129003701171875 0.354241513671875 0.4105669287109375 0.350987794921875 0.4072943330078125 0.346199419921875 0.40637819921875 0.343743697265625 0.4091512841796875
2 0.3923851806640625 0.3944848583984375 0.3928740087890625 0.399008740234375 0.3966978759765625 0.40083803515625 0.3999450205078125 0.3991301689453125 0.3977421484375 0.3939575546875 0.3923851806640625 0.3944848583984375
2 0.3410043525390625 0.334222720703125 0.334932513671875 0.342903119140625 0.3429479365234375 0.3423590146484375 0.346173427734375 0.3408986396484375 0.3483846689453125 0.335864392578125 0.3478310185546875 0.3320814306640625 0.343812548828125 0.332476451171875 0.3410043525390625 0.334222720703125
2 0.446256533203125 0.4616873447265625 0.4456945146484375 0.468111244140625 0.4500654580078125 0.4687430380859375 0.453269296875 0.46753015625 0.453680017578125 0.462835587890625 0.446256533203125 0.4616873447265625
2 0.5929826357421875 0.3629888515625 0.591060466796875 0.3697925263671875 0.595366587890625 0.371165240234375 0.6012922841796875 0.3691929443359375 0.604186818359375 0.366459818359375 0.6035683466796875 0.36341777734375 0.5957043564453125 0.362230994140625 0.5929826357421875 0.3629888515625
2 0.5039015625 0.3845726826171875 0.5039528623046875 0.389059853515625 0.5140333828125 0.390189603515625 0.523473642578125 0.388526359375 0.526281837890625 0.38678008984375 0.5266276015625 0.382827998046875 0.5238776533203126 0.3788528857421875 0.515704359375 0.3761458603515625 0.507582501953125 0.37792444921875 0.5039015625 0.3845726826171875
2 0.7437909189453125 0.40481369140625 0.74359631640625 0.4070380068359375 0.7563202138671875 0.4133789091796875 0.7613247080078125 0.411824791015625 0.7639317275390625 0.4073223740234375 0.76094387109375 0.4060665615234375 0.7560475048828125 0.4063847763671875 0.7491709599609375 0.404040587890625 0.7437909189453125 0.40481369140625
2 0.826009501953125 0.279559130859375 0.8241141396484375 0.291094083984375 0.82917664453125 0.2990060419921875 0.8339865361328125 0.2996762392578125 0.8367082568359375 0.2989183818359375 0.8418858017578125 0.2802015361328125 0.8474024345703125 0.2677380400390625 0.84768351171875 0.2645253125 0.844451310546875 0.26100678125 0.8310706875 0.272283494140625 0.826009501953125 0.279559130859375
0 0.2912221298828125 0.397335013671875 0.2880878935546875 0.41797476171875 0.292315806640625 0.4253149306640625 0.2965122431640625 0.4279234130859375 0.301719470703125 0.4291255771484375 0.304540951171875 0.43733867578125 0.30981957421875 0.4427803837890625 0.3219083642578125 0.4513070625 0.34284059375 0.4548809638671875 0.3670265419921875 0.4617274609375 0.3677978681640625 0.4630403076171875 0.3712461884765625 0.4640885869140625 0.379570916015625 0.465064724609375 0.413203697265625 0.4752284404296875 0.4292828662109375 0.478625572265625 0.4437357509765625 0.48038880859375 0.448018662109375 0.48200887890625 0.468181123046875 0.4842700703125 0.505754404296875 0.484818759765625 0.5227546396484375 0.4877992705078125 0.5616246689453125 0.4887107978515625 0.5639939169921875 0.486926125 0.6009686865234375 0.484186701171875 0.6176962119140625 0.480173078125 0.63181685546875 0.4806603154296875 0.64073169140625 0.479947080078125 0.6855557451171875 0.4684333779296875 0.6887827939453125 0.4669731396484375 0.6922245400390625 0.46304095703125 0.706885412109375 0.45735334375 0.70804438671875 0.454217421875 0.711377869140625 0.45152269921875 0.7232523349609375 0.447332306640625 0.7335572060546875 0.4357865 0.7394411533203125 0.4343093232421875 0.7478657412109375 0.4290705146484375 0.755066396484375 0.427710103515625 0.76761758203125 0.4208403701171875 0.7716360517578125 0.420445349609375 0.773558083984375 0.413643232421875 0.7831215498046875 0.40551612890625 0.784014388671875 0.400366537109375 0.8071597548828126 0.36853296484375 0.807987908203125 0.364122736328125 0.812546744140625 0.35755130859375 0.8186236005859375 0.353851236328125 0.821900765625 0.3416890166015625 0.8260057109375 0.340305583984375 0.831615392578125 0.331834138671875 0.8380399423828125 0.308993095703125 0.8370973251953125 0.294471306640625 0.843470439453125 0.2671446484375 0.8395831708984375 0.2660579658203125 0.829234994140625 0.2780987568359375 0.815452017578125 0.2838631767578125 0.8073085078125 0.2858892578125 0.797414220703125 0.2927420537109375 0.7891544521484375 0.291023439453125 0.7792901875 0.2874218818359375 0.7590644609375 0.2859017470703125 0.7491121640625 0.2832884658203125 0.73062071484375 0.2821678779296875 0.7170703564453125 0.2802357841796875 0.7020055751953125 0.28041096875 0.694581953125 0.27926428125 0.6818581923828125 0.272921822265625 0.6752194189453125 0.267859890625 0.6589689931640625 0.266438162109375 0.6386120654296875 0.26639973046875 0.63217446875 0.2640939453125 0.6242687294921875 0.2634022822265625 0.5900139892578125 0.2653852685546875 0.57367553125 0.26495181640625 0.5641205703125 0.262870501953125 0.55344994140625 0.263430125 0.5295431396484375 0.268559779296875 0.5215725791015625 0.268609037109375 0.5206066513671875 0.2695205068359375 0.474587265625 0.274456560546875 0.4575571455078125 0.28192884765625 0.4507953017578125 0.2833292177734375 0.4360911240234375 0.2895118154296875 0.4226338154296875 0.2915717724609375 0.415238556640625 0.2951565 0.4048323701171875 0.297731212890625 0.391072466796875 0.303249833984375 0.3716297939453125 0.31300177734375 0.3616275166015625 0.321088919921875 0.35585325390625 0.3213303291015625 0.34911963671875 0.327463669921875 0.3440288037109375 0.3300046435546875 0.337079068359375 0.3386082353515625 0.330541474609375 0.342518953125 0.3293377744140625 0.3461481669921875 0.321200974609375 0.353153154296875 0.312739791015625 0.363865853515625 0.312768017578125 0.36859882421875 0.3107297275390625 0.3716562470703125 0.305221462890625 0.3739128828125 0.299194349609375 0.3820999892578125 0.2912221298828125 0.397335013671875
2 0.4956538017578125 0.70650859375 0.494385279296875 0.7108787275390624 0.4986482314453125 0.712744869140625 0.50260187890625 0.7130907685546874 0.5046618232421874 0.709785853515625 0.5031422451171875 0.706914361328125 0.4992534189453125 0.7058275419921874 0.4956538017578125 0.70650859375
2 0.5428969833984375 0.697695697265625 0.539807845703125 0.702653138671875 0.5460724931640625 0.706935748046875 0.55094720703125 0.706865025390625 0.551336412109375 0.7024163935546875 0.54739770703125 0.696844095703125 0.5428969833984375 0.697695697265625
2 0.5177947490234375 0.7114336083984375 0.5179974814453125 0.714189890625 0.5183284384765625 0.7154626416015625 0.52217240234375 0.71704430859375 0.524476828125 0.7160005556640625 0.5261409921875 0.7121638095703124 0.5177947490234375 0.7114336083984375
2 0.4666517265625 0.66363807421875 0.4672485458984375 0.666927607421875 0.4680415244140625 0.6679929619140625 0.4724124677734375 0.668624755859375 0.4723395146484375 0.6643850771484375 0.4684954150390625 0.662804966796875 0.4666517265625 0.66363807421875
2 0.424298541015625 0.636780486328125 0.4242404287109375 0.6425003125 0.4263069462890625 0.6441758603515625 0.428503244140625 0.6443680107421875 0.4311817958984375 0.6441035810546875 0.4335510439453125 0.642318908203125 0.431060384765625 0.6353801162109375 0.42805101171875 0.6343702392578126 0.424298541015625 0.636780486328125
2 0.34727145703125 0.6571775634765625 0.3469039052734375 0.661378703125 0.35079273046875 0.6624655224609375 0.356128044921875 0.6621857109375 0.358252947265625 0.6581383193359375 0.3548678916015625 0.6563489833984375 0.34909362890625 0.6565903916015625 0.34727145703125 0.6571775634765625
2 0.270351240234375 0.5954276103515626 0.2721785654296875 0.5998192080078125 0.2747937158203125 0.600297390625 0.2789835791015625 0.59792541015625 0.27830028515625 0.5956242880859375 0.27263245703125 0.594631212890625 0.270351240234375 0.5954276103515626
0 0.2328318681640625 0.5234304853515624 0.2301730732421875 0.553820650390625 0.2349677841796875 0.574904705078125 0.2400936904296875 0.5820740517578125 0.24069206640625 0.5853637216796875 0.2464730400390625 0.5901012197265625 0.2503036171875 0.5969094208984375 0.2541707900390625 0.598243732421875 0.255495765625 0.6033395400390625 0.2783481328125 0.6304845498046875 0.2835106337890625 0.632180005859375 0.2857583681640625 0.636857771484375 0.291230037109375 0.6400750263671875 0.2980050283203125 0.6486355810546875 0.307480224609375 0.6566842138671874 0.33062359375 0.670409771484375 0.3408619853515625 0.6747906513671875 0.3555226201171875 0.684290498046875 0.3595261474609375 0.689121875 0.3634567216796875 0.68971357421875 0.3705358642578125 0.6948156015625 0.3821359619140625 0.6988168427734375 0.390069927734375 0.7042414755859375 0.406875560546875 0.7094463017578125 0.424761822265625 0.717484216796875 0.437349365234375 0.7203280517578124 0.4505321708984375 0.7264612861328125 0.458791939453125 0.7281798994140625 0.464652677734375 0.7269500791015625 0.481265400390625 0.73437780078125 0.496400158203125 0.7384404658203125 0.508894515625 0.7372938076171875 0.527485861328125 0.7473837958984375 0.53543476953125 0.7475820302734375 0.539740890625 0.7489547451171875 0.550290005859375 0.754857560546875 0.5708115146484375 0.763126029296875 0.5743246572265625 0.7634333896484375 0.575550009765625 0.75955668359375 0.5644972255859375 0.739170482421875 0.566500953125 0.711212166015625 0.5693672607421875 0.7037460703125 0.567927583984375 0.6949057041015625 0.5720459140625 0.6882957373046875 0.5693325615234375 0.678846734375 0.5716519296875 0.6725765830078125 0.5698597783203125 0.6627094013671875 0.571667109375 0.6521627255859375 0.563164890625 0.617808166015625 0.55712473046875 0.6008484443359375 0.5467635068359376 0.5877424072265625 0.5429760986328125 0.58044077734375 0.5281789736328125 0.567445421875 0.525493984375 0.5627278330078125 0.4953527939453125 0.53793306640625 0.47509057421875 0.52670091796875 0.47062658203125 0.5220770732421876 0.4423655732421875 0.5061612119140625 0.4245009638671875 0.4978758046875 0.413822068359375 0.4934563857421875 0.4008187861328125 0.490326791015625 0.3970596044921875 0.4877581318359375 0.3819898056640625 0.482952990234375 0.3353802763671875 0.4743940703125 0.3155487724609375 0.47340562890625 0.3000249453125 0.4737900390625 0.2949556298828125 0.4760850771484375 0.2975608544921875 0.486769984375 0.2806387265625 0.4930079228515625 0.2750590654296875 0.491025015625 0.2684983984375 0.495181533203125 0.257322306640625 0.4964450927734375 0.2543844658203125 0.4996732021484375 0.2468312001953125 0.5000083544921875 0.24171871484375 0.5027968203125 0.237094921875 0.510110724609375 0.2328318681640625 0.5234304853515624
2 0.4221232470703125 0.5250532412109375 0.421950296875 0.5270300654296876 0.426234765625 0.528650271484375 0.4284527158203125 0.5285949306640625 0.429899205078125 0.5272282998046876 0.424931306640625 0.5233085283203125 0.4221232470703125 0.5250532412109375
2 0.3570752548828125 0.332640810546875 0.355700162109375 0.338246984375 0.3589987431640625 0.3410247314453125 0.3645004326171875 0.3337876337890625 0.3632900234375 0.33243794140625 0.359798533203125 0.3318830888671875 0.3570752548828125 0.332640810546875
2 0.3320757705078125 0.5779234609375 0.3321689560546875 0.581913955078125 0.3343219482421875 0.5826010908203125 0.3374826171875 0.5818816357421875 0.336446849609375 0.57855369921875 0.33435854296875 0.5771272001953125 0.3320757705078125 0.5779234609375
2 0.367249681640625 0.605897080078125 0.3648372646484375 0.6081751806640625 0.3713613359375 0.6094925537109375 0.374061404296875 0.6089821884765625 0.3748677685546875 0.6048210078125 0.367249681640625 0.605897080078125
2 0.585149078125 0.47782277734375 0.5852854326171875 0.48131984375 0.5855313349609375 0.48358269921875 0.5892889599609376 0.4861512216796875 0.5960872626953125 0.479278517578125 0.59375474609375 0.4755877431640625 0.589822615234375 0.474995908203125 0.587079376953125 0.4759997021484375 0.585149078125 0.47782277734375
2 0.289731326171875 0.5256699970703125 0.29129407421875 0.5280480615234375 0.2975289375 0.5275975634765625 0.295680095703125 0.5234519013671876 0.2926691669921875 0.5224418876953125 0.2908702041015625 0.522781703125 0.289731326171875 0.5256699970703125
2 0.3743452646484375 0.6714963759765625 0.3744383134765625 0.6754884267578125 0.3763751865234375 0.6786458134765625 0.382762904296875 0.67646612109375 0.3773479267578125 0.6675273466796875 0.3743452646484375 0.6714963759765625
0 0 0.71882889453125 0.0731760419921875 0.6994964853515625 0.0964657900390625 0.6842809208984375 0.1360796005859375 0.6438295625 0.179428859375 0.5786095166015625 0.1898181171875 0.5136427822265625 0.05986559765625 0.528937375 0 0.517763896484375 0 0.71882889453125
0 0 0.91204312109375 0.011266673828125 0.923076517578125 0.0871292880859375 0.9344190419921875 0.1376199267578125 0.93099405859375 0.1705213623046875 0.913482470703125 0.191515087890625 0.88865521875 0.196670908203125 0.865579267578125 0.210893693359375 0.8464335087890625 0.2500989619140625 0.8106518134765625 0.1974338515625 0.8170234931640625 0.0343412138671875 0.8027547353515625 0.02412623828125 0.79401869921875 0 0.78817497265625 0 0.91204312109375
0 0.26910148046875 0.19904313671875 0.355956640625 0.156450986328125 0.361851931640625 0.142850541015625 0.3368884990234375 0.1234133701171875 0.2452070322265625 0.077749037109375 0.1706286103515625 0.069655802734375 0.1296134775390625 0.0723413173828125 0.0747841025390625 0.089502927734375 0.0319986181640625 0.112423646484375 0.0239639482421875 0.204260345703125 0.0299178037109375 0.207918177734375 0.10725935546875 0.2382117138671875 0.1863712587890625 0.2482700458984375 0.2054584521484375 0.245234552734375 0.259003634765625 0.2248236533203125 0.26910148046875 0.19904313671875
0 0.8456136005859375 0.54749042578125 0.894547685546875 0.5439292607421875 0.8845465068359375 0.514821837890625 0.840787294921875 0.4592339423828125 0.8084496337890625 0.434446205078125 0.7796921884765625 0.422519443359375 0.753970236328125 0.429679875 0.717138607421875 0.4562584267578125 0.6797036904296875 0.47180491796875 0.6030825556640625 0.48705999609375 0.60963969921875 0.501749888671875 0.646919384765625 0.523833060546875 0.7128979501953125 0.5405847158203125 0.8456136005859375 0.54749042578125
2 0.068293994140625 0.844936931640625 0.060238861328125 0.8473691357421875 0.0673407275390625 0.8558328115234375 0.0795207998046875 0.8600353662109375 0.0845990048828125 0.85577424609375 0.068293994140625 0.844936931640625
2 0.0942502060546875 0.9068096083984375 0.09343312109375 0.91614893359375 0.102500083984375 0.9200791279296875 0.1062940966796875 0.9125687177734375 0.0942502060546875 0.9068096083984375
2 0.034925451171875 0.8498599052734375 0.0417549560546875 0.8614366884765625 0.05109428125 0.8622537734375 0.0548882939453125 0.8547433642578125 0.034925451171875 0.8498599052734375
2 0.070803814453125 0.834177232421875 0.07012291015625 0.84196000390625 0.0810187890625 0.84291326953125 0.0815635126953125 0.836687052734375 0.070803814453125 0.834177232421875
2 0.0201184287109375 0.821900494140625 0.0129389462890625 0.832251650390625 0.033037970703125 0.8355785556640625 0.0352754287109375 0.82793196484375 0.0201184287109375 0.821900494140625
2 0.1566676064453125 0.8746271796875 0.1575432568359375 0.8825461318359376 0.1655983896484375 0.880113927734375 0.16458655859375 0.873751529296875 0.1566676064453125 0.8746271796875
2 0.159527404296875 0.841939541015625 0.1604030546875 0.8498584931640625 0.169878560546875 0.8491190244140625 0.1674463564453125 0.8410638916015625 0.159527404296875 0.841939541015625
2 0.170092357421875 0.828747638671875 0.1695476337890625 0.83497385546875 0.18186388671875 0.8376198564453124 0.18281715234375 0.8267239765625 0.170092357421875 0.828747638671875
2 0.02243350390625 0.795439072265625 0.01282181640625 0.797735095703125 0.0138336474609375 0.8040974931640625 0.0308195625 0.807152037109375 0.042260166015625 0.8018790859375 0.02243350390625 0.795439072265625
2 0.06167828515625 0.81298876171875 0.0626901162109375 0.81935116015625 0.068507791015625 0.8245655458984374 0.0756872734375 0.8142143896484375 0.06167828515625 0.81298876171875
2 0.1534578310546875 0.9292427578125 0.143709962890625 0.9330953359375 0.1428928779296875 0.9424346611328125 0.1520960224609375 0.94480830078125 0.1638089873046875 0.9364222412109375 0.1534578310546875 0.9292427578125
2 0.216926576171875 0.95675411328125 0.2100970712890625 0.9451773291015625 0.192974974609375 0.94367933984375 0.189317142578125 0.9496331953125 0.2039294189453125 0.9618908828125 0.213268744140625 0.9627079677734375 0.216926576171875 0.95675411328125
2 0.0507224296875 0.6692996162109375 0.0517342607421875 0.675662013671875 0.0658794287109375 0.6753310869140625 0.0635834052734375 0.665719400390625 0.0507224296875 0.6692996162109375
2 0.1009597578125 0.6329146318359375 0.0950644677734375 0.6465150771484375 0.1090734560546875 0.647740705078125 0.113139830078125 0.6371171865234375 0.1009597578125 0.6329146318359375
2 0.0738569462890625 0.6917137138671875 0.0868541025390625 0.6865769443359375 0.07467403125 0.682374388671875 0.0738569462890625 0.6917137138671875
2 0 0.6127069091796875 0.0089283134765625 0.60917823828125 0 0.5937089716796875 0 0.6127069091796875
2 0.080431728515625 0.54485289453125 0.0640491015625 0.5528304111328125 0.059710365234375 0.566567037109375 0.0848875947265625 0.565632822265625 0.0879421376953125 0.5486469072265625 0.080431728515625 0.54485289453125
2 0.027626015625 0.5747392998046875 0.0157768701171875 0.5846819140625 0.0183452548828125 0.5911804921875 0.040137013671875 0.5930870244140625 0.04447575 0.5793503974609375 0.027626015625 0.5747392998046875
2 0.1619758359375 0.562966359375 0.1556134384765625 0.563978189453125 0.1531036181640625 0.574737888671875 0.1638633173828125 0.577247708984375 0.169077703125 0.5714300341796875 0.1619758359375 0.562966359375
2 0 0.584787103515625 0.000075146484375 0.5848766591796875 0.016185412109375 0.5800122509765625 0.0236372568359375 0.566547986328125 0.0132861005859375 0.55936850390625 0 0.561234470703125 0 0.584787103515625
2 0.2746496162109375 0.4583258369140625 0.27383253125 0.467665162109375 0.28303567578125 0.4700388017578125 0.2850007724609375 0.4655053203125 0.2746496162109375 0.4583258369140625
2 0.2840475068359375 0.47640119921875 0.2847869755859375 0.4858767060546875 0.2969670478515625 0.4900792607421875 0.2919664580078125 0.4755255498046875 0.2840475068359375 0.47640119921875
2 0.057623904296875 0.1601511552734375 0.055114083984375 0.170910853515625 0.0691230712890625 0.1721364814453125 0.071224349609375 0.1660464453125 0.057623904296875 0.1601511552734375
2 0.11712294140625 0.143398087890625 0.12097551953125 0.153145955078125 0.132007580078125 0.1525426669921875 0.131404291015625 0.1415106064453125 0.11712294140625 0.143398087890625
2 0.137377197265625 0.109095330078125 0.128777341796875 0.1177537509765625 0.1296529912109375 0.125672703125 0.1421054248046875 0.1267621494140625 0.1494210888671875 0.114854439453125 0.137377197265625 0.109095330078125
2 0.220303576171875 0.2010477470703125 0.2100886005859375 0.1923117099609375 0.1973638056640625 0.19433537109375 0.1754944306640625 0.2112436708984375 0.1762338994140625 0.2207191767578125 0.1946401884765625 0.2254664560546875 0.2197588525390625 0.2072739638671875 0.220303576171875 0.2010477470703125
2 0.234312564453125 0.2022733740234375 0.2245646962890625 0.2061259521484375 0.22557652734375 0.212488349609375 0.23917697265625 0.2183836396484375 0.25299121484375 0.203907544921875 0.234312564453125 0.2022733740234375
2 0.2668830732421875 0.1706166181640625 0.2644318173828125 0.19863459375 0.2936754208984375 0.187076861328125 0.2994345302734375 0.1750329697265625 0.2668830732421875 0.1706166181640625
2 0.2349144404296875 0.08782783203125 0.2288829697265625 0.1029848310546875 0.2428919580078125 0.104210458984375 0.247366875 0.0889172783203125 0.2349144404296875 0.08782783203125
2 0.1896000859375 0.1575813583984375 0.1782956640625 0.1612977548828125 0.1788989521484375 0.1723298154296875 0.194464494140625 0.1736916240234375 0.2017801572265625 0.1617839140625 0.1896000859375 0.1575813583984375
2 0.2084149169921875 0.157658974609375 0.20604127734375 0.166862119140625 0.2184937119140625 0.1679515654296875 0.2238442783203125 0.1605773369140625 0.2084149169921875 0.157658974609375
2 0.3197473515625 0.1579884892578125 0.31188696484375 0.1761224169921875 0.3573770146484375 0.1581437216796875 0.3597506533203125 0.1489405771484375 0.3197473515625 0.1579884892578125
2 0.0535956318359375 0.0986284560546875 0.052778546875 0.10796778125 0.0623902333984375 0.1056717578125 0.063207318359375 0.0963324326171875 0.0535956318359375 0.0986284560546875
2 0.105351412109375 0.1345258701171875 0.11564400390625 0.1244470751953125 0.1043395810546875 0.1281634716796875 0.105351412109375 0.1345258701171875
2 0.7532512294921875 0.50960886328125 0.75568343359375 0.51766399609375 0.7665793134765625 0.5186172626953125 0.7675325791015625 0.5077213828125 0.7532512294921875 0.50960886328125
2 0.775392966796875 0.4895874560546875 0.76395236328125 0.49486040625 0.7667931103515625 0.498245876953125 0.786755953125 0.5031293359375 0.790822328125 0.492505818359375 0.775392966796875 0.4895874560546875
2 0.840787294921875 0.4592339423828125 0.8274592109375 0.4502255439453125 0.8185869931640625 0.4619970732421875 0.8204744736328125 0.4762784228515625 0.82913289453125 0.484878279296875 0.848220087890625 0.481842787109375 0.840787294921875 0.4592339423828125
2 0.78946051953125 0.5080713603515625 0.78539414453125 0.5186948779296875 0.799130771484375 0.5230336142578125 0.80306096484375 0.513966650390625 0.78946051953125 0.5080713603515625
2 0.845496470703125 0.51297387109375 0.839737361328125 0.5250177626953125 0.85191743359375 0.5292203173828125 0.860653470703125 0.519005341796875 0.845496470703125 0.51297387109375
2 0.85652853125 0.5123705830078125 0.8801492060546875 0.5113001875 0.86269618359375 0.495657029296875 0.85652853125 0.5123705830078125
2 0.889274734375 0.532488658203125 0.87682230078125 0.5313992109375 0.8668020712890625 0.5383648974609375 0.86781390234375 0.544727294921875 0.891298396484375 0.545213453125 0.8932634931640625 0.5406799716796875 0.889274734375 0.532488658203125
2 0.7074493046875 0.47736928125 0.69344031640625 0.476143654296875 0.6937712431640625 0.490288822265625 0.7108933388671875 0.4917868115234375 0.7161077255859375 0.4859691376953125 0.7074493046875 0.47736928125
2 0.719434630859375 0.46587011328125 0.721730654296875 0.47548180078125 0.73885275 0.4769797900390625 0.7393974736328125 0.4707535732421875 0.719434630859375 0.46587011328125
2 0.7472578603515625 0.4526196455078125 0.7467131376953124 0.45884586328125 0.760449763671875 0.4631845986328125 0.765800330078125 0.4558103701171875 0.7472578603515625 0.4526196455078125
2 0.6910476259765626 0.5214199072265625 0.6838681435546875 0.5317710634765626 0.7007178779296875 0.5363821611328125 0.7032276982421874 0.5256224619140625 0.6910476259765626 0.5214199072265625
2 0.643280603515625 0.493713806640625 0.6513943017578125 0.5085398798828125 0.660733626953125 0.50935696484375 0.663107265625 0.5001538203125 0.643280603515625 0.493713806640625
2 0.7490486748046875 0.521788935546875 0.7465388544921875 0.532548634765625 0.761695853515625 0.53858010546875 0.7671826015625 0.529649322265625 0.7490486748046875 0.521788935546875
2 0.1767052421875 0.6097406015625 0.172775048828125 0.6188075654296875 0.186375494140625 0.62470285546875 0.2014739287109375 0.613476048828125 0.1767052421875 0.6097406015625
2 0.226028818359375 0.6375828828125 0.2187131552734375 0.6494905927734375 0.2341425166015625 0.6524089560546875 0.2349596015625 0.6430696298828125 0.226028818359375 0.6375828828125
2 0.1699738154296875 0.66875348046875 0.1695652734375 0.6734231435546875 0.1860064658203125 0.6827039033203125 0.1808696953125 0.6697067470703125 0.1699738154296875 0.66875348046875
2 0.1047932841796875 0.6787356083984375 0.1038400185546875 0.6896314873046875 0.111350427734375 0.6934255 0.12563177734375 0.69153801953125 0.1253008505859375 0.6773928505859375 0.1047932841796875 0.6787356083984375
0 0.23108797265625 0.66939487109375 0.2740096376953125 0.64491759765625 0.2794963857421875 0.635986814453125 0.231262255859375 0.595692099609375 0.184234703125 0.577461505859375 0.1270712021484375 0.6571576455078125 0.08617319921875 0.69435971484375 0.05834996875 0.7076101826171876 0.0628834501953125 0.709575279296875 0.0860955830078125 0.713174546875 0.16244435546875 0.7010325771484375 0.23108797265625 0.66939487109375
0 0.5696759111328125 0.5641291865234375 0.5934518173828125 0.5254291279296875 0.5888012060546876 0.4889474765625 0.438554916015625 0.4852134404296875 0.4344885419921875 0.495836958984375 0.510195923828125 0.5448091455078125 0.5422612236328125 0.5727099921875 0.5696759111328125 0.5641291865234375
2 0.555472177734375 0.5472018359375 0.554655091796875 0.5565411611328125 0.570084453125 0.5594595244140625 0.5754350205078125 0.5520852958984375 0.555472177734375 0.5472018359375
2 0.5333304404296875 0.567223244140625 0.5418526806640624 0.577379654296875 0.550452537109375 0.5687212333984375 0.5354317177734375 0.5611332080078125 0.5333304404296875 0.567223244140625