2 0.8183421875 0.877728125 0.8258375 0.8764875 0.833775 0.8732640625 0.8377421875 0.8692953125 0.8403875 0.862103125 0.838625 0.8576390625 0.839065625 0.84375 0.8368609375 0.83978125 0.8276015625 0.8328375 0.8183421875 0.8296125 0.810846875 0.8249015625 0.802909375 0.8229171875 0.793209375 0.82266875 0.7795421875 0.8244046875 0.7768953125 0.826140625 0.774690625 0.830853125 0.7671953125 0.83506875 0.768959375 0.8482140625 0.7671953125 0.85863125 0.768078125 0.861359375 0.773809375 0.865328125 0.783509375 0.8688 0.7985015625 0.876984375 0.8015875 0.8774796875 0.8183421875 0.877728125
2 0.641975 0.9270828125 0.6693125 0.92881875 0.6732796875 0.9303078125 0.6772484375 0.929315625 0.6776890625 0.9270828125 0.6723984375 0.9161703125 0.666225 0.9079859375 0.664903125 0.900296875 0.6618171875 0.8963296875 0.6538796875 0.892609375 0.61919375 0.8921125 0.608465625 0.893353125 0.6018515625 0.8923609375 0.594796875 0.8881453125 0.5868609375 0.887896875 0.5806875 0.8896328125 0.57010625 0.896578125 0.5679015625 0.9005453125 0.570546875 0.908234375 0.576278125 0.91319375 0.583775 0.91641875 0.59920625 0.918403125 0.6194890625 0.9188984375 0.6344796875 0.9250984375 0.641975 0.9270828125
2 0.666225 0.628471875 0.6719578125 0.6235125 0.6851859375 0.6170640625 0.6860671875 0.6150796875 0.683421875 0.6111109375 0.6741625 0.607390625 0.6534390625 0.6071421875 0.646384375 0.60863125 0.6146390625 0.62103125 0.608465625 0.6267359375 0.603175 0.6359125 0.602734375 0.6428578125 0.6053796875 0.6470734375 0.619046875 0.653521875 0.6261015625 0.655009375 0.6300703125 0.6545140625 0.637125 0.646578125 0.6543203125 0.634425 0.666225 0.628471875
2 0.5304234375 0.6872515625 0.5352734375 0.68204375 0.5357140625 0.6775796875 0.5291 0.669890625 0.5211640625 0.669146875 0.5066140625 0.6701390625 0.4938265625 0.6728671875 0.485009375 0.6736109375 0.46693125 0.67733125 0.4563484375 0.680803125 0.4510578125 0.680803125 0.4497359375 0.681546875 0.4510578125 0.685515625 0.4550265625 0.6877484375 0.4828046875 0.6954359375 0.5066140625 0.7001484375 0.509259375 0.6999015625 0.5154328125 0.6946921875 0.5304234375 0.6872515625
2 0.406525 0.837796875 0.3941796875 0.8278765625 0.392415625 0.8271328125 0.38624375 0.8283734375 0.3787484375 0.834325 0.37830625 0.8380453125 0.3805109375 0.8422625 0.387565625 0.847965625 0.391534375 0.84920625 0.3990296875 0.8494546875 0.4087296875 0.8484625 0.4096125 0.844990625 0.406525 0.837796875
2 0.3756609375 0.7380953125 0.369046875 0.7366078125 0.3549375 0.736359375 0.343475 0.7393359375 0.339065625 0.7420640625 0.3373015625 0.744046875 0.3377421875 0.7522328125 0.3417109375 0.7562 0.3500875 0.7571921875 0.3606703125 0.754215625 0.3756609375 0.7452875 0.377865625 0.7400796875 0.3756609375 0.7380953125
2 0.6208109375 0.851934375 0.62169375 0.857390625 0.6256609375 0.8598703125 0.63315625 0.86011875 0.6384484375 0.8578875 0.6388890625 0.852678125 0.6353609375 0.8487109375 0.626984375 0.8484625 0.6208109375 0.851934375
2 0.3126109375 0.709821875 0.3126109375 0.7137890625 0.3179015625 0.7189984375 0.3258375 0.7170140625 0.3306875 0.712796875 0.3306875 0.7088296875 0.32495625 0.706596875 0.3179015625 0.7068453125 0.3126109375 0.709821875
2 0.442240625 0.6411203125 0.442240625 0.6463296875 0.444003125 0.6478171875 0.4510578125 0.6485609375 0.4545859375 0.647321875 0.4563484375 0.641865625 0.4541453125 0.63988125 0.448853125 0.6388890625 0.442240625 0.6411203125
2 0.6900359375 0.6240078125 0.68783125 0.6259921875 0.689153125 0.6302078125 0.7006171875 0.6334328125 0.708553125 0.633184375 0.71208125 0.6307046875 0.711640625 0.6267359375 0.7063484375 0.6227671875 0.6948859375 0.6225203125 0.6900359375 0.6240078125
2 0.9823640625 0.90550625 0.977071875 0.908978125 0.976190625 0.912203125 0.98148125 0.915921875 0.9903 0.9166671875 0.99426875 0.915675 0.99603125 0.91170625 0.9929453125 0.908234375 0.985890625 0.905009375 0.9823640625 0.90550625
2 0.985009375 0.8549109375 0.989859375 0.853421875 0.9880953125 0.8487109375 0.981921875 0.8482140625 0.9792765625 0.8489578125 0.9792765625 0.85391875 0.985009375 0.8549109375
0 0.09435625 0.6857640625 0.099646875 0.690971875 0.10890625 0.7048609375 0.11375625 0.716765625 0.1203703125 0.7232140625 0.1261015625 0.7333828125 0.1569671875 0.7638890625 0.1635796875 0.7681046875 0.1732796875 0.7807546875 0.1772484375 0.783234375 0.179453125 0.78745 0.1865078125 0.793403125 0.1992953125 0.7993546875 0.2094359375 0.8102671875 0.2200171875 0.815228125 0.2244265625 0.81944375 0.2306 0.821925 0.2376546875 0.826884375 0.2482359375 0.8303578125 0.2579359375 0.8392859375 0.2755734375 0.8484625 0.2791 0.85243125 0.291446875 0.858796875 0.2940921875 0.873015625 0.305996875 0.862846875 0.3174609375 0.8688 0.3192234375 0.8727671875 0.326278125 0.8745046875 0.331128125 0.8772328125 0.3324515625 0.8807046875 0.3465609375 0.8896328125 0.364196875 0.8983140625 0.37345625 0.904265625 0.3888890625 0.908234375 0.3932984375 0.9126984375 0.3994703125 0.915675 0.40564375 0.920634375 0.4131390625 0.9233625 0.4290125 0.9360125 0.442240625 0.9384921875 0.44753125 0.9379953125 0.451940625 0.938740625 0.486771875 0.9479171875 0.4977953125 0.95238125 0.5013234375 0.951140625 0.5061734375 0.9516375 0.5171953125 0.9506453125 0.5211640625 0.95238125 0.528659375 0.9521328125 0.54276875 0.95386875 0.7279546875 0.9833828125 0.7522046875 0.9826390625 0.783509375 0.9848703125 0.8002640625 0.98983125 0.8174609375 0.993303125 0.829365625 0.9923109375 0.8377421875 0.994046875 0.8476625 0.9858625 0.873015625 0.986359375 0.880953125 0.9875984375 0.92019375 0.983134375 0.923721875 0.981646875 0.9272484375 0.9826390625 0.9559078125 0.982390625 0.9559078125 0.978175 0.95723125 0.977678125 0.99426875 0.974703125 0.9969140625 0.9682546875 0.9984375 0.966765625 0.9984375 0.704365625 0.9969140625 0.7013890625 0.9969140625 0.6770828125 0.99426875 0.6612109375 0.9920640625 0.6579859375 0.981921875 0.6564984375 0.976190625 0.654265625 0.9748671875 0.650296875 0.9704578125 0.64930625 0.956790625 0.6401296875 0.9545859375 0.637153125 0.9550265625 0.634671875 0.9466484375 0.6312 0.9409171875 0.6267359375 0.930334375 0.6254953125 0.9215171875 0.623015625 0.9179890625 0.619046875 0.9078484375 0.6165671875 0.9038796875 0.6130953125 0.8994703125 0.612103125 0.89594375 0.6076390625 0.896384375 0.603421875 0.891975 0.603175 0.8805109375 0.5984625 0.876984375 0.5982140625 0.873015625 0.5952375 0.8615515625 0.59300625 0.848765625 0.584821875 0.8430328125 0.58358125 0.8377421875 0.580853125 0.835978125 0.5771328125 0.8328921875 0.576884375 0.810846875 0.5682046875 0.8064375 0.5677078125 0.802028125 0.5639875 0.7985015625 0.56324375 0.7954140625 0.5639875 0.793209375 0.5627484375 0.7940921875 0.560515625 0.786596875 0.559771875 0.7857140625 0.556546875 0.772928125 0.554315625 0.768078125 0.5520828125 0.75881875 0.5520828125 0.75573125 0.5505953125 0.7306 0.5451390625 0.7292765625 0.540921875 0.7142859375 0.540178125 0.7063484375 0.5369546875 0.6966484375 0.53670625 0.65564375 0.529265625 0.5687828125 0.523065625 0.55555625 0.523065625 0.5498234375 0.521825 0.5176359375 0.521578125 0.4964734375 0.519096875 0.485890625 0.519096875 0.4797171875 0.5203375 0.4647265625 0.518353125 0.4545859375 0.518353125 0.4486328125 0.5200890625 0.44268125 0.519096875 0.4351859375 0.5220734375 0.4307765625 0.5220734375 0.4276890625 0.5208328125 0.4118171875 0.5205859375 0.4047625 0.521578125 0.395503125 0.5208328125 0.385803125 0.52256875 0.3796296875 0.521825 0.3611109375 0.523065625 0.325396875 0.5290171875 0.2791 0.5337296875 0.2477953125 0.5396828125 0.23633125 0.5436515625 0.2244265625 0.5453875 0.2059078125 0.5518359375 0.183421875 0.556546875 0.1812171875 0.559028125 0.1618171875 0.56324375 0.1499125 0.56795625 0.1428578125 0.5736609375 0.137565625 0.576140625 0.1402109375 0.5892859375 0.13624375 0.5915171875 0.1340390625 0.5912703125 0.13139375 0.5927578125 0.1252203125 0.59375 0.119046875 0.5927578125 0.112875 0.59449375 0.1071421875 0.59375 0.0952375 0.594990625 0.0789234375 0.603421875 0.0723109375 0.619046875 0.07186875 0.634425 0.0767203125 0.643353125 0.0758375 0.646825 0.0789234375 0.6547625 0.0864203125 0.669890625 0.0908296875 0.6716265625 0.0930328125 0.6750984375 0.09435625 0.6857640625
0 0.036596875 0.4848703125 0.0392421875 0.484375 0.08465625 0.518353125 0.0833328125 0.521578125 0.076278125 0.5248015625 0.0758375 0.533234375 0.07980625 0.5344734375 0.088625 0.533234375 0.0917109375 0.5337296875 0.102734375 0.5314984375 0.1155203125 0.5317453125 0.1618171875 0.527034375 0.1820984375 0.5233140625 0.1856265625 0.523809375 0.2151671875 0.5171125 0.239859375 0.515625 0.2486765625 0.5138890625 0.255290625 0.5141375 0.27425 0.5079359375 0.2795421875 0.50694375 0.28395 0.507440625 0.297178125 0.5047125 0.305996875 0.5009921875 0.3183421875 0.5002484375 0.3333328125 0.49603125 0.3377421875 0.4938 0.3646390625 0.487103125 0.369046875 0.484375 0.3796296875 0.483134375 0.458553125 0.4526296875 0.461640625 0.44915625 0.4744265625 0.4427078125 0.477071875 0.439484375 0.489859375 0.4370046875 0.510140625 0.4275796875 0.51366875 0.4233625 0.5211640625 0.42113125 0.5291 0.4146828125 0.5317453125 0.410465625 0.5507046875 0.4037703125 0.5590828125 0.396578125 0.560846875 0.391865625 0.5679015625 0.3891375 0.5877421875 0.3727671875 0.59435625 0.3611109375 0.6000875 0.3598703125 0.6058203125 0.352678125 0.6111109375 0.349703125 0.6146390625 0.3494546875 0.6164015625 0.3447421875 0.622575 0.3412703125 0.6243390625 0.3387890625 0.626984375 0.3338296875 0.62654375 0.329365625 0.6305109375 0.3258921875 0.6353609375 0.313740625 0.64594375 0.310515625 0.6772484375 0.2509921875 0.6865078125 0.2380953125 0.693121875 0.232390625 0.6909171875 0.231646875 0.7156078125 0.169890625 0.7147265625 0.165921875 0.702821875 0.1619546875 0.701940625 0.1579859375 0.7089953125 0.15625 0.7112 0.1545140625 0.7191359375 0.1463296875 0.7191359375 0.1438484375 0.7288359375 0.1383921875 0.7332453125 0.132440625 0.736771875 0.1307046875 0.7385359375 0.1267359375 0.7420640625 0.1247515625 0.7477953125 0.123759375 0.74911875 0.1205359375 0.7482359375 0.1170640625 0.7438265625 0.115575 0.721340625 0.119046875 0.71605 0.1227671875 0.579365625 0.1245046875 0.5440921875 0.1264875 0.5361546875 0.12896875 0.5304234375 0.127728125 0.5291 0.1264875 0.51455 0.1247515625 0.49515 0.1247515625 0.4788359375 0.1264875 0.46693125 0.1240078125 0.4532625 0.123759375 0.43959375 0.125 0.414021875 0.1321921875 0.4078484375 0.1302078125 0.4038796875 0.1321921875 0.395503125 0.130953125 0.3884484375 0.133928125 0.3835984375 0.134671875 0.3738984375 0.13988125 0.348765625 0.14756875 0.338625 0.1463296875 0.32980625 0.146825 0.3258375 0.148809375 0.3148140625 0.15005 0.302909375 0.1540171875 0.2791 0.1560015625 0.27425 0.1584828125 0.1816578125 0.1845234375 0.17813125 0.1879953125 0.1728390625 0.1892359375 0.170634375 0.1932046875 0.160053125 0.1974203125 0.1574078125 0.2006453125 0.12830625 0.212796875 0.127425 0.2157734375 0.119046875 0.2197421875 0.1164015625 0.226190625 0.1111109375 0.2313984375 0.102734375 0.2361109375 0.1000875 0.2400796875 0.0956796875 0.240575 0.079365625 0.2502484375 0.0736328125 0.2576890625 0.05555625 0.27505 0.0551140625 0.2790171875 0.0515875 0.2849703125 0.0436515625 0.290675 0.04276875 0.2951390625 0.0454140625 0.2983625 0.0454140625 0.3011734375 0.0388 0.3048109375 0.0321875 0.306546875 0.0176359375 0.337796875 0.010140625 0.3650796875 0.00881875 0.3953375 0.0097 0.4045140625 0.008378125 0.4119546875 0.0119046875 0.4437 0.0167546875 0.447171875 0.0167546875 0.459325 0.0202828125 0.4744546875 0.0321875 0.483134375 0.036596875 0.4848703125
2 0.5176359375 0.2713296875 0.522928125 0.2720734375 0.528659375 0.2700890625 0.5299828125 0.2671125 0.5273375 0.265625 0.5207234375 0.2651296875 0.5176359375 0.2666171875 0.5176359375 0.2713296875
2 0.4506171875 0.1599703125 0.447971875 0.16245 0.4462078125 0.165921875 0.4484125 0.1674109375 0.4510578125 0.16790625 0.4589953125 0.16641875 0.4594359375 0.1614578125 0.456790625 0.158978125 0.4550265625 0.1584828125 0.4506171875 0.1599703125
2 0.2579359375 0.2006453125 0.2574953125 0.205109375 0.2597 0.20709375 0.269840625 0.2078375 0.2724875 0.2068453125 0.273809375 0.2008921875 0.2711640625 0.196925 0.263228125 0.1959328125 0.2579359375 0.2006453125
2 0.640653125 0.1381453125 0.632715625 0.140625 0.631834375 0.144840625 0.6340390625 0.1498015625 0.646384375 0.1510421875 0.6543203125 0.15005 0.660934375 0.1383921875 0.6582890625 0.13665625 0.6538796875 0.1361609375 0.640653125 0.1381453125
2 0.715625 0.3921875 0.728125 0.3984375 0.7421875 0.375 0.740625 0.365625 0.7171875 0.3609375 0.7046875 0.365625 0.628125 0.359375 0.596875 0.36875 0.615625 0.396875 0.634375 0.4046875 0.671875 0.390625 0.715625 0.3921875
2 0.7140625 0.259375 0.70625 0.2546875 0.675 0.2578125 0.66875 0.265625 0.675 0.2765625 0.7140625 0.2671875 0.7140625 0.259375
2 0.7515625 0.3265625 0.7390625 0.3328125 0.7359375 0.340625 0.7515625 0.3484375 0.775 0.328125 0.7515625 0.3265625
2 0.7828125 0.2625 0.7453125 0.275 0.746875 0.2828125 0.775 0.284375 0.7953125 0.265625 0.7828125 0.2625
2 0.5421875 0.4953125 0.553125 0.49375 0.5421875 0.4875 0.5421875 0.4953125
2 0.6734375 0.4109375 0.6625 0.4078125 0.6359375 0.409375 0.6359375 0.415625 0.65 0.4234375 0.6734375 0.4171875 0.6734375 0.4109375
0 0.996875 0.5484375 0.9984375 0.3375 0.90625 0.33125 0.8765625 0.3359375 0.846875 0.328125 0.8171875 0.3 0.809375 0.28125 0.796875 0.2828125 0.796875 0.2953125 0.903125 0.4046875 0.975 0.503125 0.996875 0.5484375
0 0.2859375 0.525 0.31875 0.525 0.5046875 0.5140625 0.5703125 0.515625 0.6546875 0.490625 0.69375 0.465625 0.7375 0.41875 0.7375 0.40625 0.725 0.3921875 0.7328125 0.36875 0.7203125 0.3625 0.709375 0.3671875 0.6796875 0.3640625 0.678125 0.3703125 0.6640625 0.3734375 0.65625 0.36875 0.615625 0.3578125 0.4640625 0.453125 0.3453125 0.4984375 0.26875 0.5171875 0.2859375 0.525
0 0.0609375 0.7734375 0.06875 0.709375 0.0515625 0.653125 0.021875 0.621875 0.0015625 0.609375 0 0.8734375 0.0078125 0.8734375 0.0453125 0.821875 0.0609375 0.7734375
0 0.9359375 0 0.8703125 0.040625 0.8296875 0.0921875 0.79375 0.1796875 0.7984375 0.2390625 0.8015625 0.2484375 0.825 0.25625 0.81875 0.275 0.8234375 0.28125 0.8265625 0.271875 0.8484375 0.2671875 0.875 0.2453125 0.9078125 0.203125 0.9984375 0.115625 0.9984375 0 0.9359375 0
2 0.0046875 0.0234375 0 0.046875 0.0171875 0.0375 0.0171875 0.025 0.0046875 0.0234375
2 0.01875 0.7796875 0.021875 0.7890625 0.0359375 0.7859375 0.03125 0.778125 0.01875 0.7796875
2 0.003125 0.61875 0 0.6328125 0.0140625 0.634375 0.0171875 0.6234375 0.003125 0.61875
2 0.0125 0.746875 0.015625 0.759375 0.028125 0.7578125 0.0265625 0.746875 0.0125 0.746875
2 0.984375 0.4640625 0.9859375 0.4859375 0.9984375 0.490625 0.9984375 0.465625 0.984375 0.4640625
2 0.8796875 0.1578125 0.890625 0.153125 0.878125 0.1484375 0.8796875 0.1578125
2 0.9296875 0.1765625 0.9140625 0.1625 0.89375 0.1625 0.8796875 0.178125 0.8765625 0.184375 0.8828125 0.1953125 0.9078125 0.1984375 0.9296875 0.1765625