2 0.551625833984375 0.2864138212890625 0.55660581640625 0.286492615234375 0.560471095703125 0.2758162861328125 0.5620865244140625 0.26756180078125 0.561623359375 0.264853236328125 0.5583548984375 0.262735927734375 0.5501547724609375 0.2671953984375 0.546398232421875 0.2792138837890625 0.551625833984375 0.2864138212890625
2 0.525589767578125 0.5009158134765626 0.52967494921875 0.50001602734375 0.5355455908203125 0.4939825615234375 0.53747077734375 0.487534412109375 0.5377306640625 0.4826850126953125 0.535643900390625 0.4669478642578125 0.5329139326171874 0.4644456728515625 0.5261948759765624 0.46905923828125 0.52300798046875 0.47803466015625 0.525432546875 0.4929196376953125 0.525589767578125 0.5009158134765626
2 0.488466515625 0.533812462890625 0.494046283203125 0.5352850244140624 0.4966521142578125 0.534229751953125 0.4980076552734375 0.5308246669921876 0.4988962177734375 0.5176170693359375 0.496704365234375 0.507633265625 0.489920203125 0.5033742333984375 0.4851270390625 0.508633271484375 0.4842195927734375 0.512528505859375 0.48670683984375 0.5291938505859375 0.488466515625 0.533812462890625
2 0.4539831689453125 0.5368386123046875 0.456495494140625 0.536658044921875 0.4593445869140625 0.5285347939453126 0.4583872685546875 0.5257742919921875 0.4559672236328125 0.5250768828125 0.4538721689453125 0.528402671875 0.453226869140625 0.5345422900390625 0.4539831689453125 0.5368386123046875
2 0.4563949248046875 0.556598958984375 0.461528150390625 0.5575815341796875 0.4628980556640625 0.5493012431640625 0.4616013818359375 0.5473927490234375 0.457210255859375 0.553580146484375 0.4563949248046875 0.556598958984375
2 0.4402753251953125 0.56997791796875 0.4449159521484375 0.5709087197265625 0.4468562080078125 0.5666789853515625 0.4451425908203125 0.561622162109375 0.440334193359375 0.564664337890625 0.4402753251953125 0.56997791796875
2 0.4587682412109375 0.726205849609375 0.463901466796875 0.7271884248046875 0.4651941630859375 0.722004525390625 0.4646388818359375 0.7201723837890625 0.4633437626953125 0.718264052734375 0.459258580078125 0.71916383984375 0.458150115234375 0.7225948935546875 0.4587682412109375 0.726205849609375
2 0.45911647265625 0.7537305322265625 0.4626169404296875 0.75365539453125 0.4647582158203125 0.7498898408203125 0.465403515625 0.7437502216796875 0.4650475361328125 0.742383650390625 0.4608550048828125 0.741942998046875 0.458713892578125 0.745706998046875 0.4579136318359375 0.7509442255859375 0.45911647265625 0.7537305322265625
2 0.520188443359375 0.739754919921875 0.5245191484375 0.7388809384765626 0.52726331640625 0.736509478515625 0.5280325888671875 0.7339288779296875 0.5277204072265625 0.7250303115234376 0.525530814453125 0.7221402919921875 0.5208146962890625 0.7243044912109375 0.51896671875 0.7276562490234375 0.5185835654296875 0.736040251953125 0.520188443359375 0.739754919921875
2 0.4786376005859375 0.6795270517578125 0.4809949638671875 0.6784440927734375 0.482366966796875 0.677259140625 0.482580794921875 0.672847951171875 0.480466857421875 0.666861376953125 0.47686130078125 0.6726898603515625 0.4759538544921875 0.6765850947265625 0.4786376005859375 0.6795270517578125
2 0.525464328125 0.5780455390625 0.5269270556640625 0.5759824462890625 0.52610962890625 0.571905919921875 0.522562939453125 0.5724208232421875 0.5216390322265625 0.5740959248046875 0.521408580078125 0.57628853515625 0.5229966708984375 0.577786177734375 0.525464328125 0.5780455390625
2 0.38411299609375 0.6890989755859375 0.38846048828125 0.6904420205078124 0.3944232451171875 0.6835321318359375 0.395424361328125 0.678760638671875 0.3933881748046875 0.67677284765625 0.3888562880859375 0.6771842021484376 0.384649392578125 0.6816187548828125 0.3836037724609375 0.686828623046875 0.38411299609375 0.6890989755859375
2 0.429366076171875 0.7971539599609375 0.4318321796875 0.797413158203125 0.4336024052734375 0.7900626171875 0.4330303369140625 0.7860134501953125 0.428389873046875 0.7850810947265625 0.4269422158203125 0.789362603515625 0.4276230234375 0.79475392578125 0.429366076171875 0.7971539599609375
2 0.5119347646484375 0.8514980654296875 0.5169608046875 0.8511386484375 0.5199044375 0.849231205078125 0.52031912109375 0.8452857509765626 0.51929912109375 0.840744880859375 0.515290984375 0.8385498291015625 0.510775884765625 0.841178208984375 0.5099461904296875 0.8490722265625 0.5119347646484375 0.8514980654296875
2 0.4809648583984375 0.8495721533203126 0.4837240966796875 0.849419109375 0.4880397314453125 0.846326712890625 0.4878366162109375 0.8387671943359375 0.486833240234375 0.836444904296875 0.4853076669921875 0.83672918359375 0.4794060380859375 0.845419275390625 0.4809648583984375 0.8495721533203126
2 0.48437542578125 0.8171227685546875 0.4883684931640625 0.8170994052734375 0.491680751953125 0.8116847177734375 0.49072343359375 0.808924216796875 0.4893824189453125 0.80745254296875 0.485343294921875 0.8079141181640624 0.4838790126953125 0.809977046875 0.4833720498046875 0.814800478515625 0.48437542578125 0.8171227685546875
2 0.51181694140625 0.7814363193359375 0.515868875 0.776099375 0.517655888671875 0.770965859375 0.51270689453125 0.768230439453125 0.509717203125 0.77057609375 0.5076999013671875 0.7779006650390625 0.51181694140625 0.7814363193359375
2 0.4361115908203125 0.91091663671875 0.4395810703125 0.9134981259765625 0.4454366416015625 0.9052462451171875 0.44631223046875 0.8969155703125 0.4452477265625 0.8928130751953125 0.4438589375 0.8917810029296875 0.4379399775390625 0.8911588955078125 0.43667671484375 0.8936860048828125 0.43573828125 0.9002378662109375 0.4361115908203125 0.91091663671875
2 0.6524852060546875 0.6578977744140625 0.6582969794921875 0.6571778896484375 0.663690091796875 0.6533110654296875 0.666618490234375 0.6491867607421875 0.6697736923828125 0.63577434375 0.6694156162109375 0.6273124345703125 0.6665618388671875 0.621249671875 0.662799224609375 0.61908042578125 0.6500228720703125 0.6243880712890625 0.6450453134765625 0.6314015078125 0.6436437138671876 0.6352448046875 0.6432312900390625 0.64628404296875 0.6465956806640625 0.654618876953125 0.6524852060546875 0.6578977744140625
2 0.61975930859375 0.8340136435546875 0.6222731875 0.8338332392578125 0.6264800830078125 0.8293986865234375 0.628512455078125 0.8242925302734375 0.629941228515625 0.8106986591796875 0.62750455859375 0.8077826708984375 0.618933546875 0.8086556015625 0.6160065380859375 0.812781623046875 0.6158077802734375 0.8194112275390625 0.6175532548828125 0.8289034912109375 0.61975930859375 0.8340136435546875
2 0.5890674228515625 0.7891126201171875 0.593907513671875 0.7905074384765625 0.596002568359375 0.7871816494140625 0.5967860419921875 0.7797273974609376 0.5952440087890625 0.7777915439453125 0.5906662265625 0.7786395556640625 0.5886965361328125 0.7855260791015625 0.5890674228515625 0.7891126201171875
2 0.6487875771484375 0.7049471337890625 0.65510857421875 0.7064976015625 0.658636921875 0.703765509765625 0.658003888671875 0.6979345849609375 0.653254359375 0.6956631806640625 0.648199048828125 0.698677833984375 0.6475831826171875 0.7021606630859375 0.6487875771484375 0.7049471337890625
2 0.6644781728515625 0.7407332880859375 0.6667893154296874 0.7400900947265625 0.66839193359375 0.7367109775390625 0.6681131630859375 0.7322480146484375 0.66650828515625 0.72853334765625 0.66290046875 0.7272680458984375 0.660713298828125 0.7314702578125 0.6605145400390625 0.738099861328125 0.6644781728515625 0.7407332880859375
2 0.575956353515625 0.7691138349609375 0.5771275009765625 0.7674631474609375 0.58077669140625 0.75410422265625 0.58249478515625 0.733004162109375 0.585360666015625 0.727097935546875 0.5864017666015625 0.7077004990234375 0.5834226259765625 0.698077 0.5794771708984375 0.69766231640625 0.571803056640625 0.7066091650390625 0.569216109375 0.7169767998046875 0.5658281953125 0.7254880419921875 0.567590130859375 0.7372004384765625 0.5693331826171875 0.73960047265625 0.5703682529296875 0.7463597578125 0.570955390625 0.75262733984375 0.57000188671875 0.75696078515625 0.5717155048828125 0.7620176083984375 0.57065154296875 0.7650102890625 0.57299609765625 0.76880269921875 0.575956353515625 0.7691138349609375
2 0.6385665087890625 0.574415236328125 0.6404924013671875 0.5750607080078125 0.642943435546875 0.573101490234375 0.64640839453125 0.56149541015625 0.6453882314453125 0.5569560947265625 0.6424908203125 0.5584237734375 0.6372071533203125 0.5707263740234375 0.6385665087890625 0.574415236328125
2 0.6808636103515625 0.4804388623046875 0.681741623046875 0.47920041796875 0.6831560322265625 0.470481751953125 0.68147340234375 0.4627683017578125 0.6812074423828125 0.4534299697265625 0.68034379296875 0.449793208984375 0.6772914208984375 0.45035849609375 0.675366234375 0.4568066455078125 0.6746454423828125 0.466041265625 0.6774401884765625 0.477419162109375 0.6808636103515625 0.4804388623046875
2 0.67198887109375 0.453348734375 0.6763046689453125 0.4502547841796875 0.67461596484375 0.4283536015625 0.6737235888671875 0.434467251953125 0.6702269345703125 0.441636337890625 0.6695665654296875 0.445557541015625 0.67198887109375 0.453348734375
2 0.6420162666015625 0.439557380859375 0.6445760400390625 0.4389403203125 0.642569287109375 0.43429573828125 0.6420162666015625 0.439557380859375
2 0.585087087890625 0.5683512705078125 0.5861659560546875 0.5675785595703124 0.5884455673828125 0.562496818359375 0.5875819189453125 0.5588600576171875 0.5864864267578125 0.557414189453125 0.5834338916015624 0.5579810302734375 0.582233310546875 0.5622885068359375 0.58265041796875 0.5654352822265625 0.585087087890625 0.5683512705078125
2 0.5872827548828125 0.585429021484375 0.5885610869140625 0.5851203271484375 0.5904107822265625 0.5817671796875 0.5889608642578125 0.5789549033203125 0.5872344365234375 0.5787734482421875 0.5846911240234375 0.581610642578125 0.5872827548828125 0.585429021484375
2 0.5839159404296875 0.57000195703125 0.5891428359375 0.5701082744140625 0.588030720703125 0.5664438271484376 0.58574901171875 0.56443023046875 0.58405427734375 0.56868576953125 0.5839159404296875 0.57000195703125
2 0.6209279951171875 0.353106029296875 0.6265093154296875 0.35457875390625 0.624286474609375 0.3472515771484375 0.6194448291015625 0.345856595703125 0.6196775419921875 0.35075776953125 0.6209279951171875 0.353106029296875
2 0.529502900390625 0.7057092265625 0.532169859375 0.7064341591796875 0.5329223447265625 0.701636533203125 0.5320754833984375 0.700216796875 0.52769700390625 0.7015303798828125 0.529502900390625 0.7057092265625
2 0.3785740478515625 0.5045276474609375 0.380547552734375 0.5047350712890625 0.3833822822265625 0.501487025390625 0.38438184375 0.4967153681640625 0.3894683056640625 0.4910425341796875 0.38920460546875 0.4887979873046875 0.3814042578125 0.487092033203125 0.37772094921875 0.4889217333984375 0.3754105126953125 0.4966585478515625 0.375689283203125 0.5011215107421875 0.3785740478515625 0.5045276474609375
2 0.4123471533203125 0.4987669658203125 0.4171425771484375 0.5006017119140626 0.421165078125 0.49792155859375 0.4199902802734375 0.492476744140625 0.4170149541015625 0.4899471923828125 0.41263802734375 0.4912609384765625 0.411821306640625 0.494278033203125 0.4123471533203125 0.4987669658203125
2 0.3342828505859375 0.4537651865234375 0.3349598447265625 0.4520625625 0.334957583984375 0.4449687783203125 0.331934646484375 0.442877275390625 0.3295772822265625 0.4439602333984375 0.329116376953125 0.448345453125 0.3304741787109375 0.45203415234375 0.3342828505859375 0.4537651865234375
2 0.3252919189453125 0.5725228203125 0.3273114814453125 0.572292033203125 0.32848262890625 0.570641345703125 0.3288180068359375 0.5626969443359375 0.327074955078125 0.5602969111328125 0.322882423828125 0.5598562578125 0.32166521875 0.56194515625 0.3219439892578125 0.566408119140625 0.3252919189453125 0.5725228203125
2 0.2713916650390625 0.6369070380859375 0.273903826171875 0.6367280244140625 0.275722533203125 0.6360315029296875 0.2773710458984375 0.6322157294921875 0.2790468955078125 0.6186478271484375 0.278165232421875 0.61279076953125 0.2721079365234375 0.613484849609375 0.2677627041015625 0.61923558984375 0.2671786953125 0.627153859375 0.269001052734375 0.6335528388671875 0.2713916650390625 0.6369070380859375
2 0.2777594697265625 0.685457369140625 0.2819996123046875 0.6854599736328125 0.285144263671875 0.6840167099609376 0.2853580927734375 0.679605521484375 0.2839209853515625 0.671917876953125 0.279866626953125 0.67016258984375 0.278247548828125 0.67132157421875 0.275228423828125 0.6763240185546875 0.2743360478515625 0.6824376689453125 0.2777594697265625 0.685457369140625
2 0.2898717265625 0.757665884765625 0.2930163779296875 0.7562226220703125 0.29594338671875 0.752096599609375 0.3001940791015625 0.7401300517578125 0.300237876953125 0.732598056640625 0.2975080732421875 0.730094310546875 0.291357107421875 0.7316646494140625 0.2861340263671875 0.7386522802734375 0.28505897265625 0.7465189384765625 0.286385623046875 0.7528658173828126 0.2898717265625 0.757665884765625
2 0.292440583984375 0.8257684140625 0.2991620634765625 0.828247078125 0.302889169921875 0.8188853828125 0.2997588818359375 0.8154534404296875 0.295598044921875 0.8194497822265625 0.292440583984375 0.8257684140625
2 0.3004862529296875 0.35533703125 0.30319943359375 0.355622197265625 0.3060358798828125 0.3523727607421875 0.306249708984375 0.347961572265625 0.3016385166015625 0.34437398046875 0.3001757890625 0.3464370732421875 0.2990823935546875 0.3520865439453125 0.3004862529296875 0.35533703125
2 0.20291852734375 0.7307920830078125 0.2046910126953125 0.7305353271484375 0.212886455078125 0.711889841796875 0.2133767939453125 0.70484783203125 0.2114176533203125 0.699765203125 0.2067143447265625 0.6970540341796875 0.20218262109375 0.6974638349609374 0.1881437119140625 0.7123922109375 0.1879298837890625 0.7168033994140625 0.189025375 0.718249267578125 0.20291852734375 0.7307920830078125
2 0.41659018359375 0.297047630859375 0.4244381435546875 0.298315537109375 0.4262106298828125 0.2980587802734375 0.42588580078125 0.2940340283203125 0.4231225859375 0.2870946796875 0.419177130859375 0.2866799951171875 0.4172202509765625 0.288691150390625 0.4161730771484375 0.29390085546875 0.41659018359375 0.297047630859375
2 0.6775681767578124 0.9602352705078125 0.6791396435546875 0.959514333984375 0.6818822578125 0.9571427109375 0.6838663115234375 0.9453809814453125 0.68349542578125 0.94179444140625 0.6796420869140625 0.9405033349609375 0.6766674658203125 0.945067404296875 0.675466884765625 0.9493748818359375 0.6761627626953125 0.9569846201171875 0.6775681767578124 0.9602352705078125
2 0.851284818359375 0.5768229189453125 0.8566651201171875 0.577831462890625 0.85744859375 0.5703772109375 0.852453705078125 0.568078447265625 0.8509433662109375 0.570579587890625 0.850035919921875 0.574474822265625 0.851284818359375 0.5768229189453125
2 0.789917296875 0.15229830078125 0.790703193359375 0.1519362783203125 0.795111107421875 0.14796590625 0.79976212109375 0.1369291083984375 0.8005918154296875 0.1290350908203125 0.7962443232421875 0.127692046875 0.7924379111328125 0.1330547958984375 0.7893121435546875 0.1438104228515625 0.789917296875 0.15229830078125
2 0.8908762763671875 0.1194605615234375 0.89684284765625 0.11964462109375 0.89705667578125 0.1152334326171875 0.894110783203125 0.110047091796875 0.8924764716796875 0.10898921484375 0.888005875 0.1111792197265625 0.8873917265625 0.1146606572265625 0.8908762763671875 0.1194605615234375
2 0.777633662109375 0.1173117138671875 0.77920512890625 0.11659077734375 0.78144007421875 0.1119489638671875 0.7816833369140626 0.1048809853515625 0.780032400390625 0.101604529296875 0.776734505859375 0.1021440107421875 0.7732672861328125 0.106656306640625 0.773638171875 0.11024284765625 0.777633662109375 0.1173117138671875
2 0.51615891796875 0.208646125 0.519209736328125 0.2080806748046875 0.5221994267578125 0.2057350205078125 0.5270826103515625 0.1925042216796875 0.527835095703125 0.1877065966796875 0.5245181533203125 0.1789352685546875 0.5201542001953126 0.175372091796875 0.517904185546875 0.1777954892578125 0.5167496630859375 0.1816647548828125 0.5140138291015625 0.2053177314453125 0.51615891796875 0.208646125
2 0.5465486298828125 0.22558425390625 0.55493524609375 0.22646572265625 0.5563056943359375 0.2252806064453125 0.559030978515625 0.213596783203125 0.5566405302734375 0.2102410302734375 0.5521086435546875 0.210652384765625 0.549657609375 0.2126116025390625 0.547101650390625 0.220322611328125 0.537066357421875 0.223258470703125 0.54368048828125 0.2243966953125 0.544805578125 0.2231842197265625 0.5465486298828125 0.22558425390625
2 0.3505829521484375 0.2156285361328125 0.355871138671875 0.21751350390625 0.35728919921875 0.2158903388671875 0.3579035107421875 0.21240734765625 0.3690282216796875 0.1967296240234375 0.3701366865234375 0.1932985703125 0.3719507099609375 0.1784160341796875 0.3684472763671875 0.1643037666015625 0.3578823671875 0.1960012001953125 0.3522738720703125 0.2042790498046875 0.349564505859375 0.211087830078125 0.3505829521484375 0.2156285361328125
2 0.0954141689453125 0.4818598916015625 0.0981734072265625 0.4817068466796875 0.1039351455078125 0.474332779296875 0.103578623046875 0.465871033203125 0.1014811455078125 0.462104591796875 0.09680953125 0.4638304169921875 0.095747287109375 0.4668217060546875 0.096042681640625 0.473503248046875 0.0942097744140625 0.4790734208984375 0.0954141689453125 0.4818598916015625
2 0.1070261650390625 0.3642638466796875 0.110818212890625 0.363776302734375 0.1125574501953125 0.3590823896484375 0.1109837236328125 0.352709541015625 0.106389154296875 0.3513405283203125 0.1038920634765625 0.35373795703125 0.103139578125 0.3585355830078125 0.10474290234375 0.3622500869140625 0.1070261650390625 0.3642638466796875
2 0.1604283330078125 0.3330797509765625 0.166549865234375 0.3341662021484375 0.1681047080078125 0.3312266875 0.168611833984375 0.3264017021484375 0.167207974609375 0.32315121484375 0.1633546357421875 0.3218601083984375 0.1596697734375 0.3236896455078125 0.1595187900390625 0.3298796474609375 0.1604283330078125 0.3330797509765625
2 0.142701595703125 0.3356502587890625 0.1477442587890625 0.3375094208984375 0.1499006044921875 0.3359622822265625 0.1492213505859375 0.330571123046875 0.147478298828125 0.3281710888671875 0.142900353515625 0.3290206552734375 0.1420836328125 0.33203775 0.142701595703125 0.3356502587890625
2 0.0863692763671875 0.1953951591796875 0.0901152666015625 0.195345826171875 0.0919189033203125 0.1924308896484375 0.09237964453125 0.1880472236328125 0.0915606630859375 0.1839705341796875 0.092097060546875 0.1764903125 0.0881349814453125 0.1738570498046875 0.0846971962890625 0.1757125556640625 0.0836221416015625 0.1835792138671875 0.0845650966796875 0.1912149208984375 0.0863692763671875 0.1953951591796875
2 0.091794841796875 0.10818296484375 0.0965904296875 0.110016158203125 0.0996722353515625 0.1067940810546875 0.0997620908203125 0.0988238740234375 0.09254662109375 0.09629171875 0.090635798828125 0.097864662109375 0.0905920009765625 0.1053966572265625 0.091794841796875 0.10818296484375
2 0.1644577421875 0.1761145048828125 0.1692531669921875 0.177949251953125 0.17156447265625 0.17730450390625 0.17728170703125 0.1703688115234375 0.17828126953125 0.165597154296875 0.1775249697265625 0.16330083203125 0.1764308681640625 0.161856681640625 0.172391744140625 0.1623182568359375 0.1652412158203125 0.168660251953125 0.1638396162109375 0.1725035498046875 0.1644577421875 0.1761145048828125
2 0.2392118828125 0.23362630859375 0.2412775029296875 0.2329573095703125 0.2426957265625 0.231332591796875 0.24480514453125 0.22313159765625 0.24192054296875 0.21972390625 0.23700340625 0.2214239267578125 0.235941162109375 0.2244152158203125 0.2362826142578125 0.2306585458984375 0.2392118828125 0.23362630859375
2 0.1813533193359375 0.2621267578125 0.1867796796875 0.2626970908203125 0.1881979033203125 0.261072373046875 0.1878715205078125 0.2570474580078125 0.1863755458984375 0.254673392578125 0.1821830146484375 0.254232740234375 0.18047165625 0.256269701171875 0.1813533193359375 0.2621267578125
2 0.244224111328125 0.1100168330078125 0.246335953125 0.1089080693359375 0.248338890625 0.106458703125 0.2487831728515625 0.099854904296875 0.24610098046875 0.096913111328125 0.24246217578125 0.0983044365234375 0.24089296875 0.1061191572265625 0.244224111328125 0.1100168330078125
2 0.264163890625 0.1741807294921875 0.2669691865234375 0.1735894736328125 0.268479525390625 0.1710883330078125 0.2680753916015625 0.163064634765625 0.263480822265625 0.1616956220703125 0.2618632978515625 0.16285476953125 0.262083037109375 0.1726328662109375 0.264163890625 0.1741807294921875
2 0.26449248828125 0.1449549755859375 0.2687326318359375 0.144957580078125 0.2694852802734375 0.140158400390625 0.26859064453125 0.1391782666015625 0.265229904296875 0.1379389345703125 0.2638133984375 0.13956226171875 0.26449248828125 0.1449549755859375
2 0.1534915556640625 0.1191012138671875 0.1553563203125 0.1179664814453125 0.1661917099609375 0.1097949482421875 0.165773048828125 0.106648009765625 0.1667907890625 0.1040950947265625 0.170180962890625 0.10267763671875 0.174528455078125 0.1040206806640625 0.1791832822265625 0.1000778310546875 0.180630939453125 0.0957963232421875 0.18312195703125 0.079211162109375 0.181948712890625 0.0737665107421875 0.177553609375 0.0728615146484375 0.173578720703125 0.07510362109375 0.168062341796875 0.0825050478515625 0.166137318359375 0.0889516435546875 0.1488026103515625 0.1115148388671875 0.1489281376953125 0.1150740205078125 0.1506696357421875 0.117473890625 0.1534915556640625 0.1191012138671875
2 0.23892700390625 0.03941072265625 0.24406006640625 0.0403948515625 0.2460480986328125 0.0357255166015625 0.2460146875 0.0312899130859375 0.241266875 0.0290171181640625 0.2390168603515625 0.031440515625 0.238107859375 0.0353355869140625 0.23892700390625 0.03941072265625
0 0.4031883662109375 0.8374084755859375 0.40787505078125 0.8379010654296875 0.410864904296875 0.835553857421875 0.4153966279296875 0.835144056640625 0.434878521484375 0.8230045927734375 0.4364666123046875 0.824502234375 0.4678447490234375 0.8011982314453125 0.4836545908203125 0.786012935546875 0.4870129072265625 0.7801600380859375 0.49750910546875 0.7728389580078125 0.5017748681640625 0.763090826171875 0.5037189384765625 0.7659550390625 0.503842912109375 0.7695140576171875 0.5055231181640625 0.77013527734375 0.5129963779296876 0.7607226953125 0.52214984375 0.7519313330078125 0.5294234755859375 0.7420562880859375 0.53580333984375 0.73829317578125 0.537975603515625 0.7318709951171875 0.542273060546875 0.7265598564453125 0.5417638369140625 0.72428950390625 0.551363138671875 0.708894505859375 0.55678723828125 0.7023710546875 0.5598842783203125 0.70136583984375 0.5664166796875 0.691412888671875 0.5724422822265625 0.686281814453125 0.575923865234375 0.6768943134765625 0.582380775390625 0.67003636328125 0.5858147470703124 0.6610869091796875 0.5908828681640625 0.6531968876953125 0.591190529296875 0.6479078857421875 0.5933316416015625 0.6441438857421875 0.5965668544921875 0.641824037109375 0.5998181494140625 0.634627591796875 0.6065666396484375 0.6273572353515625 0.60819869140625 0.6213213291015625 0.611464892578125 0.616344853515625 0.6126654736328125 0.6120373759765625 0.613327234375 0.608117890625 0.611969595703125 0.6044276376953125 0.6186697685546875 0.590501708984375 0.6228766640625 0.58606715625 0.623538587890625 0.5821461162109375 0.62691369140625 0.5785102431640625 0.64276055078125 0.5345115986328125 0.65454337109375 0.507818888671875 0.658021140625 0.4913374404296875 0.6658311689453125 0.473982173828125 0.667893138671875 0.466217673828125 0.6691080830078125 0.4570349912109375 0.6686743515625 0.45166963671875 0.6720433818359375 0.4338460322265625 0.6732998642578125 0.4100375703125 0.671510591796875 0.4080773017578125 0.66724248046875 0.3300427431640625 0.66946080078125 0.3231823515625 0.66975012109375 0.3156761611328125 0.6688866357421875 0.3120378466796875 0.6695468427734375 0.308118197265625 0.66826625 0.301333107421875 0.6618659482421875 0.295783693359375 0.6625739296875 0.29142444140625 0.6617255146484375 0.2900045419921875 0.6586563544921875 0.2883528046875 0.656003759765625 0.2827526669921875 0.651147044921875 0.2791392705078125 0.6480001328125 0.2734887490234375 0.642665888671875 0.2720419931640625 0.6351700947265625 0.2650467109375 0.6183357333984375 0.2615035693359375 0.6102105576171875 0.25577286328125 0.5838772998046875 0.247685359375 0.572299974609375 0.248685365234375 0.5662262177734375 0.2471593125 0.558855787109375 0.2437247646484375 0.5581931572265625 0.24055218359375 0.55358196484375 0.2369645927734375 0.5510365556640625 0.2327064482421875 0.5228553212890625 0.227970701171875 0.5065005859375 0.2293562568359375 0.4989942412109375 0.234330126953125 0.4907625859375 0.2343510498046875 0.4889605029296875 0.2372661494140625 0.4747955234375 0.241540169921875 0.4695073369140625 0.239655203125 0.467611748046875 0.2434450078125 0.467196900390625 0.2473920166015625 0.465872509765625 0.248138921875 0.4635430263671875 0.2465649267578125 0.453631 0.24596618359375 0.4518290810546875 0.2488797294921875 0.44600068359375 0.2473810361328125 0.4342405166015625 0.250135603515625 0.4315425693359375 0.252067298828125 0.4304341044921875 0.255498353515625 0.4234679716796875 0.2600859501953125 0.4214188115234375 0.26297508203125 0.4022883779296875 0.262293548828125 0.3927789326171875 0.26971833984375 0.3873065146484375 0.2695862177734375 0.3687185517578125 0.2756121943359375 0.364914236328125 0.2880702822265625 0.355913470703125 0.2906702509765625 0.3524923095703125 0.2947443359375 0.3457105703125 0.2975775341796875 0.3439084873046875 0.300492634765625 0.3401775673828125 0.3027603828125 0.33436751171875 0.303478876953125 0.3301795 0.31722579296875 0.3232888583984375 0.318718388671875 0.3216401826171875 0.322535716796875 0.315845033203125 0.3254741806640625 0.313904939453125 0.329702361328125 0.305889208984375 0.3324074326171875 0.3046591943359375 0.33937169921875 0.3066183349609375 0.3444543291015625 0.3089000439453125 0.34646792578125 0.3099200439453125 0.351008794921875 0.3055583505859375 0.35453940234375 0.300762763671875 0.3527062099609375 0.29791141015625 0.3537356767578125 0.29612213671875 0.351775408203125 0.295350767578125 0.3472606708984375 0.2938698623046875 0.347105021484375 0.2914370068359375 0.35128298046875 0.2876600283203125 0.3539889404296875 0.28488798046875 0.359017353515625 0.280957595703125 0.3608210849609375 0.2684456494140625 0.3754668994140625 0.2669519345703125 0.3801866181640625 0.26243528125 0.3828148349609375 0.2614817763671875 0.3871482802734375 0.2566735419921875 0.39018890234375 0.245640947265625 0.404990203125 0.2412979755859375 0.4178347275390625 0.2393410947265625 0.4198458828125 0.225107404296875 0.4484962568359375 0.2211013642578125 0.45339654296875 0.2210885546875 0.458271912109375 0.2197792333984375 0.461237232421875 0.214723759765625 0.464253439453125 0.2149398486328125 0.46693603515625 0.21216780078125 0.4719644482421875 0.21195241796875 0.4763754736328125 0.209565783203125 0.48011366796875 0.2071336337890625 0.4913852490234375 0.203219873046875 0.49540755859375 0.177844728515625 0.577863083984375 0.17428975 0.5974409248046875 0.1697285927734375 0.600507515625 0.1658925830078125 0.6085286083984375 0.1646315810546875 0.618149501953125 0.1617530537109375 0.6289295439453125 0.152863287109375 0.639965453125 0.1385622314453125 0.6526494453125 0.1345252041015625 0.6602063583984376 0.134728482421875 0.667764322265625 0.138122470703125 0.6734408125 0.156498865234375 0.67891980859375 0.16521047265625 0.683824474609375 0.16624554296875 0.690583759765625 0.1691929892578125 0.695770263671875 0.1785059365234375 0.702068861328125 0.1820992265625 0.708210921875 0.1870956689453125 0.7105098486328125 0.188853791015625 0.7151282978515625 0.1946972578125 0.71884540625 0.20274849609375 0.7276712763671875 0.208659166015625 0.7473563212890625 0.21303990625 0.7531365234375 0.2196228857421875 0.7569329287109375 0.2296649580078125 0.7752784228515625 0.2402910400390625 0.785705646484375 0.242960421875 0.7935228095703125 0.2518102041015625 0.797112841796875 0.2579324423828125 0.8052929140625 0.278546041015625 0.813223880859375 0.2800752646484375 0.820035103515625 0.2828807236328125 0.8194422939453125 0.287197064453125 0.8234435185546874 0.2949989658203125 0.8251496357421875 0.3022921875 0.83168057421875 0.327881955078125 0.8325963876953125 0.352534841796875 0.8400642255859375 0.3703076376953125 0.8370555068359375 0.378926966796875 0.842838150390625 0.3838607275390625 0.843356708984375 0.4031883662109375 0.8374084755859375
0 0.9034893212890625 1 0.9044182607421875 0.994276228515625 0.904074548828125 0.9809391142578125 0.9054866982421875 0.9651266640625 0.9092719658203126 0.943357767578125 0.911293744140625 0.909876310546875 0.9111321669921875 0.8876910126953125 0.91285407421875 0.8736848994140625 0.914678603515625 0.8064887568359375 0.9112612119140625 0.7773123359375 0.911520392578125 0.7653693154296874 0.9012917841796875 0.7013384287109375 0.89948605078125 0.69715802734375 0.8967683505859375 0.68268529296875 0.8964410986328125 0.671568310546875 0.892106580078125 0.66534834375 0.89098978125 0.6474978818359375 0.88656072265625 0.635062107421875 0.885464525390625 0.6265226181640625 0.8824097294921875 0.6199956748046875 0.880153640625 0.6082313408203125 0.875603033203125 0.5993287783203125 0.873319064453125 0.5902213974609375 0.870096498046875 0.587667431640625 0.8680580517578125 0.5785858564453125 0.84497378515625 0.515863669921875 0.8434906201171875 0.508614236328125 0.81725098828125 0.45930601953125 0.8123776494140625 0.4534740439453125 0.8102637109375 0.4474874697265625 0.8058995947265625 0.4439258466796875 0.8045880146484375 0.4397973837890625 0.782672515625 0.408676732421875 0.76227258203125 0.396336130859375 0.7457464248046874 0.394599162109375 0.744193841796875 0.4046324609375 0.7389669462890625 0.40452614453125 0.7382899521484375 0.4062287685546875 0.7391073798828125 0.410305294921875 0.735826109375 0.41306335546875 0.7312943857421875 0.41347315625 0.72868387109375 0.4003424140625 0.724569091796875 0.4039005439453125 0.7130757548828125 0.4230855107421875 0.7007006357421875 0.4767594267578125 0.6924084384765625 0.5224397734375 0.6881245419921875 0.5703136171875 0.684342923828125 0.599178015625 0.6766484599609375 0.6795012431640625 0.6769900751953125 0.6857430205078126 0.675160818359375 0.6984086943359376 0.6742897490234375 0.7209269384765625 0.675370876953125 0.72724801171875 0.6728964833984376 0.7460517509765625 0.670864111328125 0.7511579072265625 0.667971056640625 0.7668147080078125 0.6634378232421875 0.807568798828125 0.6630192060546874 0.8447663134765625 0.6652775546875 0.863624431640625 0.667808599609375 0.87275778125 0.667909212890625 0.8931613212890624 0.6690197744140625 0.8968256044921875 0.66677809375 0.920530517578125 0.6674883359375 0.92326505078125 0.66618353515625 0.9404179404296875 0.6668475556640625 0.94359223828125 0.66177792578125 0.9918265498046875 0.661641380859375 1 0.9034893212890625 1
0 1 0.050241029296875 0.99965512890625 0.0502047822265625 0.99888446484375 0.052783666015625 0.9951550986328125 0.0550515771484375 0.9878012919921875 0.053835609375 0.985643392578125 0.055382583984375 0.97738004296875 0.0509665126953125 0.957692611328125 0.0484542275390625 0.956242693359375 0.0456419521484375 0.92886381640625 0.0427643154296875 0.9287254794921875 0.0440805029296875 0.920016294921875 0.04626806640625 0.9061112021484375 0.0456926865234375 0.89627466796875 0.0419989423828125 0.878761759765625 0.0401582607421875 0.8755854140625 0.0371645302734375 0.8732338330078125 0.0391342001953125 0.862729755859375 0.0384732294921875 0.8550071591796875 0.04076605859375 0.853159181640625 0.04411781640625 0.85302310546875 0.0525277880859375 0.846983302734375 0.062532513671875 0.8434087333984375 0.0657043701171875 0.8418689609375 0.07086230078125 0.839402857421875 0.0706031025390625 0.838382857421875 0.0660622333984375 0.83732061328125 0.0690535224609375 0.833930439453125 0.07047098046875 0.8323278212890625 0.07385009765625 0.834425298828125 0.0776165390625 0.83425752734375 0.0815895166015625 0.8322251552734375 0.0866956728515625 0.8285863505859375 0.0880869990234375 0.82615194140625 0.092264794921875 0.8288817451171875 0.094768541015625 0.82803558984375 0.10044242578125 0.8246620400390625 0.1040784619140625 0.8227370166015625 0.1105250576171875 0.81560311328125 0.1190856318359375 0.8128921923828125 0.12589425 0.809378751953125 0.130846310546875 0.8040779189453126 0.133835158203125 0.80201455859375 0.14159794140625 0.7945579228515625 0.1532291025390625 0.78629909375 0.1630005986328125 0.7852979775390625 0.1677720927734375 0.7660737548828125 0.2083128251953125 0.763903044921875 0.2147351689453125 0.75863390625 0.2221610107421875 0.756863517578125 0.22951310546875 0.7545047626953125 0.2305943466796875 0.7560045517578124 0.240062359375 0.7538783466796874 0.2460463291015625 0.7525712861328125 0.25610543359375 0.751171240234375 0.2599488935546875 0.7472870771484375 0.2613128603515625 0.74593153515625 0.2647179453125 0.7442579453125 0.2853796328125 0.7507043056640625 0.2904908349609375 0.754438984375 0.29132641796875 0.7570426318359375 0.3013535029296875 0.7636922705078125 0.314022669921875 0.7716791103515624 0.3210695625 0.7792505595703125 0.3249682900390625 0.79967611328125 0.327558154296875 0.822198275390625 0.326822392578125 0.8431157216796875 0.3223704111328125 0.8700125498046875 0.313227119140625 0.8809090673828125 0.306835791015625 0.887799708984375 0.3053431943359375 0.8954428359375 0.29905297265625 0.9045985625 0.2973553955078125 0.9211368232421875 0.287123375 0.924310908203125 0.2830233212890625 0.945609955078125 0.2701871728515625 0.952789916015625 0.26118838671875 0.962561345703125 0.2560095341796875 0.978758154296875 0.2395341826171875 0.9856782294921875 0.235384796875 0.99362730078125 0.2238069638671875 1 0.2187117705078125 1 0.050241029296875
0 0.6081873427734374 1 0.6126263623046875 0.93035519140625 0.6104473193359375 0.91549601953125 0.611907080078125 0.899245521484375 0.6116243330078125 0.8876901650390625 0.6068077646484376 0.8694492705078125 0.6056487216796875 0.8591309677734374 0.6017773681640625 0.8556195654296875 0.5977373740234375 0.8489890732421875 0.5933233857421875 0.83877171484375 0.59259807421875 0.833818765625 0.5848733818359375 0.8290162568359375 0.5809241123046875 0.8215076259765625 0.5780976728515625 0.805692734375 0.5781104833984375 0.800817365234375 0.572139228515625 0.786447291015625 0.5711813671875 0.7765916142578125 0.56801783203125 0.7687225146484375 0.5600164658203125 0.766552380859375 0.5577792607421875 0.7641004091796875 0.5540159404296875 0.75483754296875 0.5508191572265625 0.74253128515625 0.546456595703125 0.738969826171875 0.54440378515625 0.7347634560546875 0.540026859375 0.7360772021484375 0.5356984140625 0.744044966796875 0.5310267998046875 0.7457707919921875 0.525156158203125 0.7518042568359375 0.5229688251953125 0.7560080224609375 0.5025206181640625 0.77735630078125 0.4955378603515625 0.7797253193359375 0.4874926962890625 0.7850871806640625 0.480019599609375 0.794498208984375 0.466952373046875 0.8073118818359375 0.458351927734375 0.8108416015625 0.44042869140625 0.827135498046875 0.4356665146484375 0.829737908203125 0.4276358779296875 0.8302230107421875 0.420376447265625 0.835224404296875 0.3764428310546875 0.8470107197265625 0.367133552734375 0.841155560546875 0.3532156494140625 0.845455548828125 0.3443348798828125 0.844522142578125 0.340481541015625 0.8432310361328125 0.3371964560546875 0.8388951484375 0.32376717578125 0.8361545185546875 0.3168782509765625 0.8376457236328125 0.30947838671875 0.836867966796875 0.3061493408203125 0.84006562890625 0.3013076953125 0.8386706474609374 0.2952671865234375 0.841581751953125 0.292384681640625 0.8452693994140625 0.2881816005859375 0.8567978994140625 0.2855212587890625 0.8773558740234375 0.283409580078125 0.878463083984375 0.2806375322265625 0.8834914970703125 0.2800533603515625 0.8914113203125 0.262848744140625 0.97206571875 0.2707117734375 0.9755520400390625 0.3361845078125 0.9828765537109375 0.33945253515625 0.9858799208984375 0.343893697265625 0.9863467060546875 0.3440320341796875 0.9850305185546875 0.3476230634765625 0.984078794921875 0.3930074482421875 0.9888488857421875 0.4013480068359375 0.99016856640625 0.40185723046875 0.9924389189453126 0.403830734375 0.9926463427734376 0.40480086328125 0.9905314755859375 0.41027328125 0.99066359765625 0.4250269521484375 0.9926573232421875 0.42529065234375 0.99490187109375 0.429236107421875 0.9953165546875 0.4352321123046875 0.9928438251953124 0.4432795361328125 0.9945757470703125 0.4440358359375 0.9968720693359375 0.455382708984375 0.998064673828125 0.4595586171875 0.996286748046875 0.4600693935546875 0.998557263671875 0.472154388671875 0.9998274482421875 0.4725858603515625 0.9980990185546875 0.47411126953125 0.99781629296875 0.475793193359375 0.9984361220703125 0.4758468935546875 1 0.6081873427734374 1
0 0 0.91251745703125 0.0005179658203125 0.9125718974609375 0.002678125 0.91811870703125 0.032810166015625 0.90665556640625 0.0367111171875 0.907508625 0.047528166015625 0.897119904296875 0.0517850966796875 0.899339533203125 0.06260230859375 0.8889492587890625 0.0670713505859375 0.8867590908203125 0.0735282607421875 0.879901140625 0.076966046875 0.878045634765625 0.0800606630859375 0.8699481884765625 0.0883529033203125 0.8646122958984375 0.1123287529296875 0.8334383056640625 0.113558767578125 0.8264740380859374 0.1165778916015625 0.82147159375 0.117964421875 0.8154098818359375 0.1238667568359375 0.81381341015625 0.12349570703125 0.810228423828125 0.12486561328125 0.8019481328125 0.1293029609375 0.7953209697265625 0.1376812431640625 0.7749209228515626 0.142256927734375 0.766977572265625 0.1475238076171875 0.7524579462890625 0.1483684091796875 0.7467838984375 0.15012582421875 0.7443087265625 0.150431931640625 0.7390195615234375 0.1519573408203125 0.7387368359375 0.15851244140625 0.7451901953125 0.1608992392578125 0.741450447265625 0.16111462109375 0.737039421875 0.1633774462890625 0.7297406552734375 0.167663810546875 0.7293034951171875 0.1687116904296875 0.7311874111328125 0.172411623046875 0.7315762890625 0.175849408203125 0.7297207841796876 0.1768655947265625 0.7271677060546875 0.173781365234375 0.723297552734375 0.1764152392578125 0.7195837724609375 0.170802224609375 0.7136740537109375 0.171571333984375 0.7110950068359375 0.1658828271484375 0.7082802890625 0.1643052861328125 0.694813494140625 0.160741431640625 0.6860146435546876 0.13756944921875 0.678702455078125 0.13204855078125 0.6719163134765626 0.1304898935546875 0.667761880859375 0.130980232421875 0.66071987109375 0.1323356103515625 0.6573163388671875 0.138976916015625 0.648703990234375 0.13963728515625 0.644782787109375 0.1378331064453125 0.640602548828125 0.1271479931640625 0.635490458984375 0.0796186826171875 0.627390419921875 0.04812883984375 0.635164861328125 0.03619951171875 0.641890689453125 0.0340121787109375 0.646094455078125 0.030419431640625 0.6470475693359375 0.017444484375 0.658983265625 0.009830791015625 0.662616697265625 0.004590921875 0.667387302734375 0 0.6701572822265625 0 0.91251745703125
0 0.1399458349609375 0 0.1287601220703125 0.0198520654296875 0.1260175087890625 0.0222236884765625 0.12436883203125 0.0260410166015625 0.105571560546875 0.0506657509765625 0.0893325087890625 0.07467326171875 0.0859596640625 0.0854029189453125 0.0835714765625 0.0891409501953125 0.0812790537109375 0.099098060546875 0.0772255654296875 0.1044348408203125 0.07544026953125 0.1095669658203125 0.0696936015625 0.11915944921875 0.0661529873046875 0.133862083984375 0.065323455078125 0.1417545478515625 0.056668662109375 0.164785416015625 0.0537295498046875 0.180880427734375 0.0482154306640625 0.195375638671875 0.0412455712890625 0.2735581953125 0.041494908203125 0.2806779482421875 0.043223595703125 0.2879531875 0.04042889453125 0.3169197431640625 0.04458144140625 0.3319863388671875 0.0422331181640625 0.3614444345703125 0.0434525830078125 0.3664493203125 0.04758624609375 0.3722035537109375 0.0481626708984375 0.3904418427734375 0.0498302314453125 0.395936876953125 0.0525139775390625 0.398878833984375 0.0568197685546875 0.4148492119140625 0.0575632578125 0.42202090234375 0.0603709775390625 0.428521876953125 0.0666623759765625 0.4327306884765625 0.066941146484375 0.4371936513671875 0.0735303642578125 0.4551762353515625 0.0833192861328125 0.4593080283203125 0.087919765625 0.474866326171875 0.0900172431640625 0.478632767578125 0.0951376591796875 0.484490712890625 0.1013036943359375 0.4851387890625 0.1026613330078125 0.4888290419921875 0.1088311826171875 0.4965710654296875 0.1108031328125 0.496778326171875 0.1238552900390625 0.48174623828125 0.1312317509765625 0.4590240634765625 0.1359312451171875 0.45464128515625 0.1466078603515625 0.4384734140625 0.1626202744140625 0.4237524609375 0.1630811796875 0.4193672412109375 0.165945505859375 0.4134608515625 0.172033626953125 0.41011169921875 0.1740827861328125 0.4072225673828125 0.1811116015625 0.404415337890625 0.1870260400390625 0.390849876953125 0.1907403369140625 0.3863635498046875 0.1960413330078125 0.3833731484375 0.2018068857421875 0.3830930283203125 0.2101451845703125 0.377318923828125 0.2100196572265625 0.3737597431640625 0.2112830830078125 0.371231080078125 0.218018763671875 0.3688360927734375 0.22694177734375 0.3622373408203125 0.2298687861328125 0.358111318359375 0.2337403037109375 0.3616211669921875 0.2362985224609375 0.3610039423828125 0.236019751953125 0.3565409794921875 0.2385779716796875 0.3559237548828125 0.245420294921875 0.3477755859375 0.24890032421875 0.338387921875 0.2560297080078125 0.3156397783203125 0.26176804296875 0.284765779296875 0.2643241650390625 0.277053216796875 0.2690417939453125 0.2345447265625 0.272552810546875 0.222500435546875 0.2714822333984375 0.204210208984375 0.2742980791015625 0.19164980078125 0.275385236328125 0.17181415234375 0.272106181640625 0.1413215439453125 0.273548890625 0.1133645087890625 0.2769976103515625 0.06868335546875 0.2855863701171875 0 0.1399458349609375 0
0 0.2645720361328125 0.364861712890625 0.26865721875 0.36396192578125 0.2705514169921875 0.3601704033203125 0.2865177724609375 0.345887662109375 0.29133881640625 0.337971671875 0.295315259765625 0.335729728515625 0.3015690546875 0.3213122607421875 0.32135915234375 0.3109789697265625 0.3228218798828125 0.308915876953125 0.3268421201171875 0.2991419384765625 0.331675431640625 0.279255404296875 0.3318113447265625 0.270846986328125 0.3357062216796875 0.2575123134765625 0.3357938173828125 0.242448322265625 0.3440611005859375 0.2136123349609375 0.349439142578125 0.207527095703125 0.3597152744140625 0.19043102734375 0.364841720703125 0.17013225 0.3756710361328125 0.1477729853515625 0.3812296591796875 0.1328393994140625 0.381704765625 0.1235805283203125 0.38674135546875 0.1112519580078125 0.3898860068359375 0.1098086943359375 0.394736484375 0.0992359140625 0.3989433798828125 0.094801361328125 0.3985724931640625 0.0912148203125 0.396227939453125 0.08742241015625 0.3893056044921875 0.08447801171875 0.3748263466796875 0.072758126953125 0.3662387119140625 0.071412478515625 0.33416033984375 0.07291762109375 0.3130584990234375 0.079124001953125 0.29960376171875 0.0861325546875 0.2890781298828125 0.096110423828125 0.2786757646484375 0.1025536904296875 0.27662660546875 0.105442822265625 0.2742263125 0.1211498427734375 0.273754857421875 0.1375042158203125 0.2765730078125 0.1723820439453125 0.2763320048828125 0.1865438076171875 0.2729782080078125 0.2065842744140625 0.274691826171875 0.21164109765625 0.2742188173828125 0.2279953076171875 0.2729721787109375 0.2327409951171875 0.2699068330078125 0.238183205078125 0.2705860869140625 0.2435743642578125 0.2689540341796875 0.249610271484375 0.267022275390625 0.2751199677734375 0.2633729208984375 0.2884804462890625 0.2631130341796875 0.2933298466796875 0.2567105166015625 0.3210311015625 0.2511963974609375 0.3355263125 0.2493823740234375 0.3504088486328125 0.2506939541015625 0.3545373125 0.2548276171875 0.360291544921875 0.2568033818359375 0.3675927529296875 0.2604111982421875 0.3688580537109375 0.2645720361328125 0.364861712890625
0 0.6572497646484375 0.9186429462890625 0.661443849609375 0.9190837626953124 0.662707275390625 0.9165550986328125 0.6639644638671875 0.8998402578125 0.663436357421875 0.8882575419921875 0.6621079892578124 0.881912052734375 0.663121916015625 0.8722651904296875 0.66095949609375 0.85962459765625 0.6612195458984375 0.8547736435546875 0.6582417958984375 0.8451518623046875 0.659641841796875 0.84130840234375 0.6593796953125 0.839064017578125 0.6554176162109375 0.8364307548828125 0.6542275859375 0.8287690791015625 0.6557969560546875 0.8209528046875 0.6554553408203125 0.81471102734375 0.6604562587890624 0.7908530693359375 0.662253822265625 0.7737504013671875 0.6616356962890625 0.7701394453125 0.66422506640625 0.7668640400390625 0.6652684267578125 0.7545603876953125 0.6679332890625 0.7481899814453125 0.6673908173828125 0.7414824716796875 0.6703321904296875 0.732481244140625 0.67054741015625 0.7280717724609375 0.67239555078125 0.7247184609375 0.6687250517578125 0.7216727919921875 0.6678910009765625 0.7153776875 0.66886112890625 0.7132628203125 0.66975108203125 0.7000569404296875 0.67291909375 0.6817691552734375 0.6726697568359375 0.67464940234375 0.674544365234375 0.6544518955078125 0.6758831201171875 0.64882978515625 0.6759102939453125 0.6390792109375 0.677357951171875 0.6347977021484374 0.676582767578125 0.623189017578125 0.67872404296875 0.6194234638671875 0.6795218798828125 0.607094005859375 0.680829646484375 0.6041285224609375 0.680594673828125 0.5921335634765625 0.682289408203125 0.5878780244140625 0.68170087890625 0.581608724609375 0.688094357421875 0.5255323330078125 0.68747241796875 0.5148274296875 0.6852345068359375 0.505281837890625 0.68501234375 0.4884115107421875 0.6863973193359375 0.482349634765625 0.678009953125 0.434030091796875 0.6734365283203125 0.4490672265625 0.6735643154296875 0.45972019140625 0.671222021484375 0.4630215654296875 0.6635834140625 0.48349935546875 0.6632774697265625 0.488786966796875 0.6392684169921875 0.5558682529296874 0.6364946513671875 0.560898056640625 0.634401857421875 0.5713176298828125 0.6281329931640625 0.5835166826171875 0.621738927734375 0.592153447265625 0.6172409951171876 0.604095580078125 0.611190642578125 0.626069458984375 0.6072013896484375 0.6331867705078125 0.6025003408203125 0.637569384765625 0.5988963388671875 0.64339803125 0.59009939453125 0.6606511396484375 0.5872963583984375 0.6683361796875 0.5742940732421875 0.69002400390625 0.5680676162109375 0.6946893447265625 0.5610886728515625 0.704152310546875 0.5541374462890625 0.710959876953125 0.5460962587890625 0.7234141318359375 0.544941736328125 0.7272833974609375 0.5453127861328125 0.730868384765625 0.5807797021484375 0.8086360810546875 0.58167815234375 0.8167101630859375 0.5844562744140624 0.8258694814453125 0.621504828125 0.8838503603515625 0.6304467255859375 0.886563970703125 0.6336253310546875 0.896651486328125 0.6393176513671875 0.9065601513671875 0.6505722451171875 0.908630732421875 0.6572497646484375 0.9186429462890625
0 0.6916559091796874 0.4868929462890625 0.6960034013671875 0.488235990234375 0.706853111328125 0.4348447978515625 0.715030375 0.4139805712890625 0.7239971865234375 0.3998498232421875 0.7232552509765625 0.3926782958984375 0.718346404296875 0.37531537890625 0.7068817509765625 0.34440548046875 0.69884713671875 0.337798189453125 0.6969508408203124 0.3344943740234375 0.684985841796875 0.329690814453125 0.677914619140625 0.3400317568359375 0.6722306328125 0.351404607421875 0.6696731201171875 0.359115453125 0.6716171904296875 0.361979666015625 0.6737629853515625 0.3724016806640625 0.6787141201171875 0.422576892578125 0.6812595302734376 0.426835037109375 0.6808446826171874 0.4307820458984375 0.6824956181640625 0.434058501953125 0.6825273125 0.43849549609375 0.6841321904296875 0.4422101640625 0.68580184765625 0.454800537109375 0.6879453828125 0.4581287666015625 0.6862982607421875 0.4619462587890625 0.6862672724609375 0.464602884765625 0.6900465107421875 0.4689907099609375 0.6916053310546875 0.4731435888671875 0.6916559091796874 0.4868929462890625
0 0.7158884677734375 0.0997394453125 0.7253080576171875 0.100284861328125 0.7384402265625 0.0963453408203125 0.7627916455078125 0.0829439052734375 0.787358283203125 0.065132998046875 0.798422572265625 0.05476869140625 0.8050495126953126 0.0510315478515625 0.8144500556640625 0.042266154296875 0.820350130859375 0.0335758994140625 0.821630017578125 0.033267369140625 0.821814412109375 0.0315129697265625 0.74041745703125 0.0229578056640625 0.739939927734375 0.0251244462890625 0.7330364765625 0.0314924111328125 0.724224462890625 0.0465271044921875 0.7184189267578125 0.0614331669921875 0.7160328349609375 0.0722665361328125 0.708821884765625 0.08392194921875 0.7067599150390625 0.09168644921875 0.709228279296875 0.099039431640625 0.7108308974609375 0.095660314453125 0.7126954990234375 0.0945271357421875 0.7158884677734375 0.0997394453125
0 0.6967640634765625 0.0729011904296875 0.70030903515625 0.072387677734375 0.7044049306640625 0.0595171845703125 0.7116015166015625 0.0527369775390625 0.723694095703125 0.027850603515625 0.7240166640625 0.0247815712890625 0.7229045478515626 0.0211171240234375 0.690099310546875 0.0176691552734375 0.6879308623046875 0.031185283203125 0.6887498427734375 0.03526197265625 0.68681029296875 0.0465853271484375 0.6878327158203125 0.0582184267578125 0.6892530361328125 0.063689046875 0.690640271484375 0.064720955078125 0.69186355078125 0.0768197890625 0.6967640634765625 0.0729011904296875
0 1 0.2204173720703125 0.994769013671875 0.22481306640625 0.9913644755859375 0.23110573046875 0.9846914765625 0.2352810849609375 0.981286939453125 0.241573748046875 0.976523208984375 0.2441759951171875 0.9702210966796875 0.251937890625 0.952605521484375 0.26294278515625 0.94992558984375 0.2670947763671875 0.9008691962890625 0.299623306640625 0.896584548828125 0.300059076171875 0.8921305771484375 0.30446766015625 0.8768110751953125 0.3126109462890625 0.8333903505859375 0.327111052734375 0.807385736328125 0.330142248046875 0.8077590458984375 0.3408210185546875 0.811153033203125 0.3464975078125 0.813053142578125 0.356895271484375 0.8161985 0.36254562890625 0.8158297109375 0.3660544267578125 0.8188067548828125 0.3685825869140625 0.8197957666015625 0.3757800830078125 0.8223117421875 0.382695017578125 0.824748412109375 0.3856110048828125 0.8271705537109375 0.393403751953125 0.8537788115234375 0.4392047255859375 0.85894528515625 0.444624458984375 0.86090442578125 0.449707087890625 0.864822 0.452778724609375 0.8674747587890625 0.45837730859375 0.8884805517578125 0.4862994091796875 0.91659307421875 0.515411509765625 0.920447966796875 0.516702779296875 0.92382516796875 0.520162244140625 0.957376154296875 0.5378756884765625 0.977401224609375 0.5395373564453125 0.9853542734375 0.5350519169921875 1 0.518633384765625 1 0.2204173720703125
0 0.2701353486328125 0.9573137509765625 0.2701481591796875 0.9524383828125 0.283574927734375 0.8673978759765625 0.285219083984375 0.8493929794921875 0.2831783779296875 0.8332176201171875 0.27771876953125 0.82821012890625 0.2757135712890625 0.8235657109375 0.2685902177734375 0.8201571328125 0.267571771484375 0.8156164267578125 0.261789431640625 0.8136795224609376 0.251318310546875 0.8041546884765625 0.2484645341796875 0.79809192578125 0.2425916328125 0.7970316064453125 0.2408025234375 0.7950697841796875 0.237747890625 0.788541287109375 0.2227886806640625 0.7718958134765626 0.2214438525390625 0.76333019140625 0.20687231640625 0.752488283203125 0.205051349609375 0.7460910205078125 0.199467931640625 0.7375229580078125 0.193716580078125 0.7329294267578125 0.19172419140625 0.7234096396484375 0.18791551953125 0.7216786044921875 0.1860507548828125 0.722813337890625 0.1851266845703125 0.7244899931640625 0.185390384765625 0.726734541015625 0.1886152119140625 0.736382291015625 0.1871700966796875 0.74539309765625 0.18009633203125 0.7510047412109375 0.1737654912109375 0.7685170478515625 0.1723806787109375 0.774577369140625 0.172537736328125 0.7825750986328125 0.1700278349609375 0.789847896484375 0.1673380595703125 0.8130626611328124 0.168186681640625 0.8548254599609375 0.17592271875 0.9354413427734375 0.175541119140625 0.943825509765625 0.176966123046875 0.9634821435546875 0.1840584892578125 0.9695473486328124 0.255096876953125 0.9770137841796875 0.2558199287109375 0.9748729482421875 0.2638060625 0.974826220703125 0.2658090009765625 0.9723768544921875 0.2685661416015625 0.9651284716796875 0.268440615234375 0.961569291015625 0.2701353486328125 0.9573137509765625
0 0 0.950202021484375 0.0789825888671875 0.9585034267578125 0.0797071943359375 0.95636275390625 0.08912662109375 0.9569097236328125 0.09545816796875 0.9464910390625 0.0994617841796875 0.934498521484375 0.1028474384765625 0.9188934951171875 0.10512688671875 0.9138133076171875 0.126276251953125 0.82647997265625 0.128829951171875 0.8116751796875 0.1288420556640625 0.799706189453125 0.124450765625 0.8058951416015625 0.1186270517578125 0.8185824619140625 0.1036052041015625 0.84050107421875 0.0991844794921875 0.8493468154296875 0.0708777626953125 0.8813963408203125 0.064789478515625 0.8847470478515626 0.0567150439453125 0.8927641455078125 0.0383596298828125 0.9036928505859375 0.0194309208984375 0.9105691181640625 0.0124329306640625 0.910721275390625 0.003046751953125 0.914611462890625 0 0.9144513125 0 0.950202021484375
0 0.0424409609375 0.423534419921875 0.0545735673828125 0.424366556640625 0.055866263671875 0.4191826572265625 0.0543808388671875 0.404839439453125 0.0493821357421875 0.395446728515625 0.0474184755859375 0.37617653125 0.0419399833984375 0.3618566767578125 0.04354846875 0.332322392578125 0.04317758203125 0.3287358515625 0.0409253076171875 0.32406546484375 0.040521009765625 0.3160433212890625 0.0430854228515625 0.2892678212890625 0.0403533583984375 0.279670291015625 0.0482903798828125 0.185185462890625 0.051062427734375 0.1801570498046875 0.051891958984375 0.1722645859375 0.049840703125 0.1680583798828125 0.04719246484375 0.1766473642578125 0.044510978515625 0.1807991923828125 0.0405345361328125 0.183041134765625 0.035420357421875 0.1913693681640625 0.0295791494140625 0.19474604296875 0.0063966962890625 0.4153123525390625 0.0424409609375 0.423534419921875
0 0.719526556640625 0.2264749375 0.7271258857421875 0.2277167109375 0.7312572890625 0.2263771591796875 0.735648416015625 0.22018976171875 0.7479027353515625 0.2174871318359375 0.75639444140625 0.212615255859375 0.767351380859375 0.2009105107421875 0.80034473828125 0.1290091220703125 0.8054294833984375 0.1233376787109375 0.82494700390625 0.0823831494140625 0.82764113671875 0.0733575068359375 0.827083595703125 0.0644315810546875 0.822671162109375 0.0542143857421875 0.8141297470703125 0.0524289716796875 0.81312637109375 0.0501066806640625 0.8088249365234375 0.04832542578125 0.803924423828125 0.0522440234375 0.7979744765625 0.05427854296875 0.7529739951171875 0.0885625224609375 0.7365754619140625 0.0974800732421875 0.724474548828125 0.101084931640625 0.720376556640625 0.1068600859375 0.7124673056640625 0.1038135302734375 0.702371048828125 0.104967630859375 0.69787085546875 0.10981598046875 0.6867167109375 0.1281504931640625 0.6748983828125 0.14331226171875 0.6712022646484375 0.150017330078125 0.6706492431640625 0.15527897265625 0.6914729013671875 0.1920492568359375 0.701573841796875 0.205081169921875 0.71732033984375 0.2213663388671875 0.719526556640625 0.2264749375
0 0.67858094140625 0.0940444873046875 0.68206323046875 0.0917506064453125 0.686948673828125 0.0856135927734375 0.687317462890625 0.0821047958984375 0.6860600673828126 0.0584767373046875 0.684023880859375 0.0564889462890625 0.6841305244140625 0.0507357646484375 0.683034869140625 0.0492914501953125 0.6789972978515625 0.0497531884765625 0.6772565068359375 0.0544469384765625 0.6737726630859375 0.05674065625 0.6695823916015625 0.063393787109375 0.6656520068359375 0.0651975185546875 0.6615999091796875 0.0705360166015625 0.6572692041015625 0.0714099970703125 0.652044568359375 0.07839746484375 0.6529889140625 0.0860348896484375 0.65528741015625 0.0902655107421875 0.67858094140625 0.0940444873046875
0 0.464565650390625 0 0.4630714482421875 0.006665501953125 0.4623991376953125 0.0225541416015625 0.4648380673828125 0.0325639130859375 0.4705303876953125 0.0424725791015625 0.47298594140625 0.0547009296875 0.4756847578125 0.0598613017578125 0.476612478515625 0.0652801474609375 0.483784150390625 0.075344298828125 0.4831767822265625 0.10010708984375 0.48354766796875 0.1036936298828125 0.4856451455078125 0.107460072265625 0.485923916015625 0.11192303515625 0.4840297177734375 0.1157145576171875 0.484894919921875 0.1193514814453125 0.48663641796875 0.1217513525390625 0.50172928125 0.1228946240234375 0.5079391142578125 0.116010705078125 0.5124370478515625 0.1040685712890625 0.5166900009765625 0.0991958076171875 0.5171969638671875 0.094372376953125 0.5253953720703125 0.089914296875 0.529157986328125 0.09208354296875 0.5343206455078126 0.0904093291015625 0.5368177373046875 0.088011900390625 0.54168881640625 0.086750091796875 0.543629072265625 0.082520357421875 0.550226580078125 0.08144000390625 0.5611691552734375 0.07461046484375 0.566040234375 0.07334865625 0.568382365234375 0.0700488359375 0.5747622294921875 0.0662857236328125 0.5796499326171874 0.067242494140625 0.5866455 0.059998107421875 0.591424462890625 0.059612720703125 0.592934802734375 0.057111580078125 0.5974038447265625 0.054921412109375 0.60651506640625 0.053662208984375 0.6082248701171875 0.0516250849609375 0.609810701171875 0.046028943359375 0.6103470986328124 0.0385487216796875 0.6122262275390625 0.032538783203125 0.6119935146484375 0.027637609375 0.617386626953125 0.02377078515625 0.621888916015625 0.0260177744140625 0.62474043359375 0.02498675390625 0.6270825634765625 0.02168693359375 0.6282665205078125 0.0151608779296875 0.627665181640625 0.013766947265625 0.528180359375 0.0033106708984375 0.5253318955078125 0.0003514013671875 0.5219885341796875 0 0.464565650390625 0
0 0.029164302734375 0.1986930517578125 0.0322152841796875 0.1981260478515625 0.0472052744140625 0.17177199609375 0.0531697490234375 0.1648607177734375 0.060086009765625 0.1536173837890625 0.0644915009765625 0.14255478125 0.06852522265625 0.1160452607421875 0.0704142294921875 0.1099263828125 0.0754991376953125 0.1042533857421875 0.08167727734375 0.09293247265625 0.0853100078125 0.0773534150390625 0.083797408203125 0.072760771484375 0.080929267578125 0.0715732138671875 0.075207513671875 0.064321337890625 0.066876798828125 0.043938884765625 0.0591815390625 0.0364795849609375 0.0545847109375 0.0280167880859375 0.0538578447265625 0.0230636767578125 0.0500174794921875 0.0168956474609375 0.0482910517578125 0.0167141923828125 0.029164302734375 0.1986930517578125
0 0.526244625 0.2194611767578125 0.5587733515625 0.2255399677734375 0.5620819599609375 0.213029779296875 0.5683394052734375 0.2057078125 0.578750060546875 0.1802016083984375 0.5833234853515625 0.165164474609375 0.5861015634765625 0.13397933984375 0.5848820986328125 0.128974453125 0.5856989833984375 0.1259558046875 0.58500155078125 0.1183459033203125 0.5832894873046875 0.1132892421875 0.584934185546875 0.1023795205078125 0.5827591201171874 0.0946127421875 0.58264795703125 0.08617835546875 0.5813514462890625 0.0842683076171875 0.5771589150390625 0.083827654296875 0.5749549580078125 0.0858128408203125 0.573569982421875 0.091874716796875 0.569731876953125 0.0928004716796875 0.5669120537109374 0.0982684873046875 0.5601907373046875 0.0957882685546875 0.557263728515625 0.099914291015625 0.5506201640625 0.10143285546875 0.548787255859375 0.1070030283203125 0.543314837890625 0.10687090625 0.541666162109375 0.110688234375 0.540681669921875 0.117678306640625 0.53619600390625 0.117649896484375 0.53585212890625 0.1043143349609375 0.5283284541015625 0.0999760068359375 0.5245068095703125 0.10312189453125 0.519866345703125 0.1021895390625 0.514001017578125 0.111326498046875 0.5106666591796875 0.111420666015625 0.50764598046875 0.116422947265625 0.4826969931640625 0.0951799462890625 0.483265083984375 0.0921367197265625 0.4819535029296875 0.088008255859375 0.482952359375 0.076142978515625 0.4796210537109375 0.0722468564453125 0.4755169873046875 0.063834279296875 0.477411185546875 0.0600427568359375 0.4723073935546875 0.056403390625 0.4701910322265625 0.0433245859375 0.462418021484375 0.03186650390625 0.4621853095703125 0.026965330078125 0.4572515478515625 0.0264467705078125 0.45437059765625 0.03013458203125 0.44684918359375 0.032890037109375 0.4409309306640625 0.0393615498046875 0.4386975390625 0.0440035263671875 0.42265724609375 0.0613814326171875 0.41613975 0.073554353515625 0.4053225380859375 0.0839446279296875 0.40153275 0.0915259560546875 0.3986540595703125 0.10230755078125 0.395773271484375 0.10599380859375 0.393370556640625 0.1146085986328125 0.3849711298828125 0.118602498046875 0.3843092060546875 0.1225235380859375 0.3419847666015625 0.226252041015625 0.33858265234375 0.2396369345703125 0.336772279296875 0.2616149716796875 0.334294072265625 0.273324763671875 0.33408250390625 0.284829736328125 0.3322345263671875 0.288181494140625 0.3304333125 0.2981886611328125 0.3309901474609375 0.3000209658203125 0.3387586376953125 0.2972914794921875 0.3562194150390625 0.2853826396484375 0.36145011328125 0.2795034404296875 0.414863005859375 0.2494281015625 0.4228936435546875 0.2489429990234375 0.4326652353515625 0.2437625927734375 0.4385230673828125 0.24260449609375 0.4469979853515625 0.2355155947265625 0.4711084013671875 0.2362759228515625 0.4817578427734375 0.229858625 0.518675599609375 0.2226546796875 0.526244625 0.2194611767578125
2 0.1345387294921875 0.527204171875 0.139271634765625 0.5272569970703125 0.1412132822265625 0.52302898046875 0.1387139306640625 0.518332625 0.1327473603515625 0.5181485654296875 0.1306060849609375 0.521914119140625 0.1315634033203125 0.52467462109375 0.1345387294921875 0.527204171875
2 0.6293162783203124 0.7454618974609375 0.6344955615234374 0.7460062626953124 0.635666708984375 0.7443555751953125 0.6360815556640625 0.74040856640625 0.6345242890625 0.7362558515625 0.628928767578125 0.7396567783203125 0.6282683984375 0.7435779814453125 0.6293162783203124 0.7454618974609375
2 0.4251709951171875 0.2367674736328125 0.429130814453125 0.2323069521484375 0.42886866796875 0.230062568359375 0.4273877626953125 0.2299069189453125 0.4260782783203125 0.23287379296875 0.42190237109375 0.23465171875 0.4251709951171875 0.2367674736328125
2 0.4395165205078125 0.0480802158203125 0.4511089169921875 0.0492986259765625 0.4555795126953125 0.04710862109375 0.4571487197265625 0.039293900390625 0.456021533203125 0.0334110380859375 0.453245671875 0.03134550390625 0.4429799267578125 0.03647397265625 0.4395165205078125 0.0480802158203125
2 0.5249891376953125 0.80321530859375 0.529706810546875 0.8010512724609375 0.5322780029296875 0.795557125 0.530519880859375 0.79093867578125 0.5255398984375 0.7908598818359375 0.5226130537109375 0.7949843505859375 0.5249891376953125 0.80321530859375
2 0.4374349072265625 0.1343147177734375 0.4406884619140625 0.134212056640625 0.4437242099609375 0.1314281904296875 0.444185115234375 0.127042970703125 0.4400514521484375 0.12128873828125 0.436058384765625 0.1213121015625 0.434365205078125 0.1255678046875 0.4347989365234375 0.1309331591796875 0.4374349072265625 0.1343147177734375
2 0.730646904296875 0.6284283349609375 0.73741444140625 0.6304687880859375 0.7390335205078125 0.6293098046875 0.739693890625 0.6253886005859375 0.73824397265625 0.6225763251953125 0.7335572890625 0.622083734375 0.7300749990234375 0.6243776142578125 0.730646904296875 0.6284283349609375
2 0.3978668603515625 0.1833567626953125 0.4025059326171875 0.184287400390625 0.4050324580078125 0.179233181640625 0.4055394208984375 0.1744097509765625 0.4027175009765625 0.172782427734375 0.39912630859375 0.1737357060546875 0.39612380859375 0.180956728515625 0.3978668603515625 0.1833567626953125
2 0.40237969921875 0.1736345986328125 0.4041061279296875 0.1738160537109375 0.411627705078125 0.1710590439453125 0.4130753623046875 0.1667775361328125 0.410253279296875 0.1651517666015625 0.405336142578125 0.166851787109375 0.402794546875 0.16968758984375 0.40237969921875 0.1736345986328125
2 0.4193750078125 0.11157895703125 0.4223646982421875 0.109233302734375 0.419511083984375 0.1031689853515625 0.4158881982421875 0.09968526953125 0.4102003974609375 0.103964171875 0.41165412890625 0.1138703955078125 0.4158632841796875 0.1165296279296875 0.41709555859375 0.11665914453125 0.4193750078125 0.11157895703125
2 0.4169194541015625 0.0993506064453125 0.4189390166015625 0.0991198193359375 0.420156220703125 0.0970309208984375 0.416703365234375 0.0966680107421875 0.4169194541015625 0.0993506064453125
2 0.4253825234375 0.4815178525390625 0.430360951171875 0.4815964833984375 0.431716330078125 0.478192951171875 0.4301131689453125 0.4744768935546875 0.42632095703125 0.4749659912109375 0.424764560546875 0.47790534375 0.4253825234375 0.4815178525390625
2 0.5065429580078125 0.04625765234375 0.512801109375 0.046029306640625 0.51500506640625 0.0440441201171875 0.5156654365234375 0.0401229169921875 0.5150012529296875 0.0369501728515625 0.5129203994140625 0.0354023095703125 0.5078945224609375 0.0357601728515625 0.5038259638671875 0.0388785380859375 0.5024704228515625 0.0422836240234375 0.5027801806640625 0.0440899599609375 0.5065429580078125 0.04625765234375
2 0.501269841796875 0.0465911005859375 0.5074358779296875 0.0472391767578125 0.5111667978515625 0.0449714287109375 0.512258638671875 0.0393217958984375 0.5115483974609375 0.0365872626953125 0.5034549150390625 0.0352935517578125 0.5003731083984375 0.0385156279296875 0.501269841796875 0.0465911005859375
2 0.5222333466796875 0.0417009072265625 0.5344121748046875 0.0420932783203125 0.535103369140625 0.035517001953125 0.5315878310546875 0.033373724609375 0.5297360400390625 0.02963153515625 0.5243867255859375 0.02596636328125 0.5213032021484375 0.0291898310546875 0.521921328125 0.0328007861328125 0.5210767265625 0.0384748349609375 0.5222333466796875 0.0417009072265625
2 0.5114085947265625 0.118592193359375 0.5189784892578125 0.1224907568359375 0.5230472109375 0.119370837890625 0.5239688583984375 0.1106019521484375 0.52301309375 0.10784161328125 0.5204382509765625 0.106240259765625 0.5153661533203125 0.1070378876953125 0.5114085947265625 0.118592193359375
2 0.5318047578125 0.16418330078125 0.5364914423828125 0.1646758916015625 0.5380462861328125 0.1617363759765625 0.5380606494140625 0.1568611708984375 0.53391278515625 0.15598058984375 0.53083081640625 0.159204220703125 0.5318047578125 0.16418330078125
2 0.58346689453125 0.049910591796875 0.5961383212890625 0.0503547373046875 0.6000664462890625 0.0414572216796875 0.599540599609375 0.0369682900390625 0.5979984033203125 0.035033990234375 0.5863138916015626 0.0346920029296875 0.5841559921875 0.0362389775390625 0.5835402900390625 0.0397202529296875 0.5814911298828125 0.0426093837890625 0.5802112431640625 0.0429179140625 0.5818788037109375 0.04841294921875 0.58346689453125 0.049910591796875
2 0.4732926806640625 0.137195845703125 0.474865701171875 0.1364750732421875 0.478178123046875 0.13105883203125 0.477388412109375 0.12432690625 0.472301408203125 0.1229045654296875 0.4684797626953125 0.126050453125 0.467864060546875 0.129531728515625 0.4695761240234375 0.134588388671875 0.4732926806640625 0.137195845703125
2 0.485530212890625 0.1322761904296875 0.493795279296875 0.1366908720703125 0.4965228232421875 0.1321008330078125 0.4946248115234375 0.128798408203125 0.490662732421875 0.1261651455078125 0.484310748046875 0.1272713046875 0.485530212890625 0.1322761904296875
2 0.113651517578125 0.1849616484375 0.1165657158203125 0.1857109951171875 0.119509185546875 0.1838051064453125 0.12058440234375 0.17593689453125 0.11680671875 0.171549232421875 0.1147869931640625 0.17178157421875 0.1127840546875 0.1742309404296875 0.1123397734375 0.1808347392578125 0.113651517578125 0.1849616484375
2 0.3727447333984375 0.15899262890625 0.377938380859375 0.1546617880859375 0.3873510283203125 0.133927404296875 0.3878579912109375 0.1291039736328125 0.3845268486328125 0.125206296875 0.3798552333984375 0.1269321220703125 0.37243426953125 0.1500926708984375 0.371742912109375 0.1566705009765625 0.3727447333984375 0.15899262890625
2 0.19014637109375 0.021870357421875 0.1958348779296875 0.0246850751953125 0.1977457001953125 0.023112130859375 0.198160384765625 0.01916667578125 0.19721759375 0.0115294150390625 0.1961695498046875 0.009647052734375 0.19174501171875 0.0113988466796875 0.189958162109375 0.01653080859375 0.19014637109375 0.021870357421875
2 0.2297425537109375 0.3474585166015625 0.2317773486328125 0.34944458984375 0.238217634765625 0.3403680615234375 0.2406035634765625 0.32953624609375 0.237163517578125 0.3242979677734375 0.233310341796875 0.323005306640625 0.23085930859375 0.3249645244140625 0.2295037666015625 0.3283696103515625 0.2284271591796875 0.33623610546875 0.2297425537109375 0.3474585166015625
2 0.3716455166015625 0.2311417197265625 0.3787075791015625 0.2327716474609375 0.3800781904296875 0.2315849765625 0.38157190625 0.2268652578125 0.38166176171875 0.21889505078125 0.3783472431640625 0.2172159541015625 0.3747560498046875 0.2181692314453125 0.3716281865234375 0.22182951953125 0.3702265869140625 0.22567281640625 0.3716455166015625 0.2311417197265625
2 0.3845268486328125 0.125206296875 0.3914008662109375 0.121495123046875 0.3964229287109375 0.1140433115234375 0.3966828154296875 0.109193912109375 0.3943384248046875 0.105399947265625 0.3902085751953125 0.106739662109375 0.3874183486328125 0.1095493330078125 0.3837078671875 0.121129607421875 0.3845268486328125 0.125206296875
2 0.5379390556640625 0.1200499296875 0.542116517578125 0.1182721669921875 0.54479644921875 0.1141201767578125 0.5442243818359375 0.110071009765625 0.5388608662109375 0.111279490234375 0.537228814453125 0.117315396484375 0.5379390556640625 0.1200499296875
2 0.11485959375 0.07380870703125 0.1165709521484375 0.0717717470703125 0.1194811728515625 0.0654287001953125 0.1169984453125 0.0629509228515625 0.112158517578125 0.06155455078125 0.108381376953125 0.064262064453125 0.1086140888671875 0.06916323828125 0.1107131201171875 0.0729298427734375 0.11485959375 0.07380870703125
2 0.8951905234375 0.4129662529296875 0.899476888671875 0.4125290927734375 0.897731576171875 0.403035275390625 0.8956786025390625 0.398830458984375 0.893891046875 0.3968687998046875 0.8896048466796875 0.39730440625 0.8916727265625 0.40372919140625 0.8912284453125 0.410332990234375 0.8951905234375 0.4129662529296875
2 0.9570965458984375 0.4052857451171875 0.9608887568359376 0.4047966474609375 0.96269223046875 0.401883263671875 0.9628432138671875 0.39569326171875 0.961284556640625 0.3915388291015625 0.9577395859375 0.392052341796875 0.955522818359375 0.3989128974609375 0.95575553125 0.4038140712890625 0.9570965458984375 0.4052857451171875
2 0.1793330859375 0.4308288154296875 0.1834644892578125 0.4294892646484375 0.1847866201171875 0.4216485751953125 0.1833495126953125 0.4139609296875 0.1818074794921875 0.412025076171875 0.17736787109375 0.411558455078125 0.17385459375 0.4165089619140625 0.1749984033203125 0.4246104033203125 0.1745376611328125 0.4289940693359375 0.1793330859375 0.4308288154296875
2 0.4747856015625 0.0446935986328125 0.486132474609375 0.045886203125 0.4872113427734375 0.0451134931640625 0.4895641865234375 0.0298429658203125 0.48791325 0.026566509765625 0.479865826171875 0.0248345869140625 0.4774149560546875 0.0267922509765625 0.4743496103515625 0.0322344609375 0.4747856015625 0.0446935986328125
2 0.9421041318359376 0.42454756640625 0.9470841142578125 0.4246263603515625 0.9500571806640625 0.4200621279296875 0.94854458203125 0.4154694833984375 0.94558587890625 0.41515851171875 0.9409769462890625 0.4186647041015625 0.9405620986328125 0.422611712890625 0.9421041318359376 0.42454756640625
2 0.9783652412109375 0.051070060546875 0.983190099609375 0.050248017578125 0.983374494140625 0.048493619140625 0.97745553515625 0.0478715107421875 0.97722508203125 0.05006412109375 0.9783652412109375 0.051070060546875
2 0.942380849609375 0.46225964453125 0.9482075302734375 0.463759728515625 0.9505203896484375 0.46311514453125 0.953401177734375 0.4594288876953125 0.9517185478515625 0.4517154375 0.94740065234375 0.4477140498046875 0.9436712861328125 0.4499819609375 0.9422847568359375 0.456043673828125 0.942380849609375 0.46225964453125
2 0.17027026953125 0.5194324990234375 0.1742617822265625 0.5194089716796875 0.1806432001953125 0.5156460224609375 0.182612890625 0.5087594990234375 0.18676091796875 0.5096385263671875 0.1871923896484375 0.507910095703125 0.181950423828125 0.5055853642578125 0.1799435087890625 0.5009423369140625 0.167873583984375 0.5018905673828125 0.1669519365234375 0.5106594541015625 0.17027026953125 0.5194324990234375
2 0.8334468359375 0.058449890625 0.8369473037109375 0.058374751953125 0.84044395703125 0.051205666015625 0.8406245380859375 0.0423573203125 0.8419338583984375 0.0393919990234375 0.842287578125 0.0336647861328125 0.832314966796875 0.038381013671875 0.8331952392578125 0.0442363525390625 0.8311168095703125 0.049780720703125 0.8308107021484376 0.0550698857421875 0.8334468359375 0.058449890625
2 0.8889714833984375 0.0948767841796875 0.8908989306640624 0.0955224189453125 0.8947666328125 0.0919383203125 0.8960759541015625 0.0889729990234375 0.8953967001953125 0.08358183984375 0.8914663154296875 0.0853855712890625 0.88898584765625 0.0900015791015625 0.8889714833984375 0.0948767841796875
2 0.8880588798828125 0.4286206123046875 0.89248341796875 0.426868818359375 0.8933614306640625 0.4256303740234375 0.8945597509765625 0.4142291123046875 0.8928000751953125 0.4096105 0.88444670703125 0.4131661884765625 0.879917080078125 0.420671328125 0.8797955302734375 0.4242045400390625 0.881955689453125 0.429751349609375 0.885871546875 0.432824376953125 0.8869045205078125 0.43248832421875 0.8880588798828125 0.4286206123046875
2 0.0975385791015625 0.2599679677734375 0.1019781865234375 0.26043458984375 0.104658119140625 0.2562825986328125 0.101988736328125 0.2484654365234375 0.100354587890625 0.2474060048828125 0.0949614755859375 0.2512728291015625 0.0975385791015625 0.2599679677734375
2 0.4798205625 0.113055326171875 0.4818401240234375 0.1128245380859375 0.483964775390625 0.1068404052734375 0.482745310546875 0.10183551953125 0.4809101435546875 0.100311908203125 0.4778742314453125 0.103097328125 0.4779537001953125 0.107094720703125 0.4798205625 0.113055326171875
2 0.02586941796875 0.2537643916015625 0.0396718447265625 0.26718534765625 0.0433490791015625 0.2511679150390625 0.044731630859375 0.2380138095703125 0.044171830078125 0.2219940986328125 0.0393007509765625 0.2232559072265625 0.026905998046875 0.22017938671875 0.023403314453125 0.2535051943359375 0.02586941796875 0.2537643916015625
2 0.963020662109375 0.0760592587890625 0.96365315234375 0.0747950087890625 0.9666095947265625 0.068012197265625 0.96525179296875 0.064323498046875 0.960426935546875 0.0651455419921875 0.9579313974609375 0.0675431337890625 0.9573155322265625 0.071025962890625 0.95892041015625 0.0747406298828125 0.963020662109375 0.0760592587890625
2 0.5485530341796875 0.14244614453125 0.5516514638671876 0.1414426455078125 0.553007005859375 0.138037560546875 0.551724859375 0.131252306640625 0.5495647001953124 0.1257054970703125 0.5485318896484375 0.1260399970703125 0.5453140068359374 0.1376720458984375 0.547243712890625 0.14541146484375 0.5485530341796875 0.14244614453125
2 0.691540982421875 0.0798888212890625 0.69459180078125 0.07932337109375 0.6956246103515625 0.0789888720703125 0.6967791337890625 0.0751196064453125 0.6990684267578126 0.05097664453125 0.695443986328125 0.0474927646484375 0.690665185546875 0.0478765966796875 0.687627177734375 0.0435666787109375 0.686317693359375 0.046533552734375 0.686412232421875 0.052749361328125 0.6888655263671875 0.057883927734375 0.68840462109375 0.0622691474609375 0.68976451953125 0.0730531845703125 0.691540982421875 0.0798888212890625
2 0.6906155244140625 0.3781635654296875 0.6928345517578125 0.3783967939453125 0.6963478291015625 0.373446287109375 0.696515599609375 0.3694733095703125 0.692398560546875 0.36593765625 0.6896559462890625 0.368309279296875 0.68890190625 0.3731067412109375 0.6906155244140625 0.3781635654296875
2 0.67957916015625 0.42621537109375 0.684558978515625 0.42629571875 0.686962400390625 0.4247745498046875 0.6885650185546875 0.4213954326171875 0.687142275390625 0.40883258203125 0.682423896484375 0.403902998046875 0.6772891171875 0.4029202587890625 0.6763212490234375 0.4121289091796875 0.677682701171875 0.422913109375 0.67957916015625 0.42621537109375
2 1 0.3268783642578125 0.995792068359375 0.324230248046875 0.990290921875 0.3338485361328125 0.993207380859375 0.34169166796875 0.99966655078125 0.341927501953125 1 0.341889396484375 1 0.3268783642578125
2 1 0.0616469345703125 0.999735140625 0.061297349609375 0.9956348876953125 0.059978720703125 0.99279844140625 0.0632281572265625 0.991890994140625 0.0671233916015625 0.993449814453125 0.07127626953125 0.9961167734375 0.0720012021484375 0.99885955078125 0.0696280244140625 1 0.0676037431640625 1 0.0616469345703125
2 0.1310722255859375 0.403589650390625 0.1367917197265625 0.4037477421875 0.13962661328125 0.4004981416015625 0.1394233349609375 0.392940177734375 0.1364480078125 0.390410626953125 0.131977412109375 0.3926006318359375 0.130408205078125 0.4004153525390625 0.1310722255859375 0.403589650390625