2 0.490711560546875 0.5205644638671875 0.4874793623046875 0.52094873828125 0.48320283203125 0.5244011904296875 0.4697363251953125 0.5426877021484375 0.4659011474609375 0.5492358291015625 0.463004150390625 0.5588867392578125 0.46509809375 0.5668619990234375 0.4691976728515625 0.573547064453125 0.4724150595703125 0.5881570029296875 0.475811041015625 0.592624763671875 0.4778649453125 0.60280434765625 0.4769828076171875 0.6107260966796875 0.478687693359375 0.6125201865234375 0.4806717666015625 0.612554818359375 0.4854605029296875 0.608228359375 0.489349537109375 0.598594765625 0.4971589873046875 0.5916753173828125 0.50125025390625 0.58469096875 0.50141954296875 0.5749924462890625 0.4987589404296875 0.5568651259765625 0.493703671875 0.5338452685546875 0.4928655166015625 0.5250121083984375 0.490711560546875 0.5205644638671875
2 0.41721172265625 0.66701026953125 0.4134765693359375 0.6678280185546875 0.3996302568359375 0.67949283203125 0.39930490234375 0.68389719921875 0.4022524091796875 0.6998229404296875 0.4001221181640625 0.7081651572265625 0.4058188408203125 0.722816810546875 0.4057495771484375 0.7267849560546875 0.40264265625 0.7342271787109375 0.403062501953125 0.7386445537109375 0.40944841015625 0.7422831201171874 0.4156397490234375 0.7428334453125 0.42374535546875 0.733271888671875 0.4301906533203125 0.7192728681640626 0.43132119140625 0.711355455078125 0.430962892578125 0.7034120546875 0.4253821953125 0.696258880859375 0.42229777734375 0.6882663330078125 0.4218080732421875 0.6737055693359375 0.41721172265625 0.66701026953125
2 0.531746919921875 0.6138870302734375 0.529259919921875 0.6142843125 0.52695818359375 0.6182134892578125 0.5258830654296875 0.6230454619140625 0.5263398251953125 0.6252584580078125 0.53070318359375 0.631066744140625 0.534919728515625 0.63114034375 0.5369637861328125 0.627648923828125 0.5378013193359376 0.6223721123046875 0.5351813515625 0.616152001953125 0.531746919921875 0.6138870302734375
2 0.527703748046875 0.376566259765625 0.5232326474609375 0.3769304716796875 0.5174672822265625 0.3803569365234375 0.5149110185546875 0.38472236328125 0.5147647998046875 0.3930992119140625 0.512588369140625 0.4040847763671875 0.512428927734375 0.427454302734375 0.5193891572265625 0.4408059345703125 0.521590841796875 0.4426086962890625 0.5421336318359375 0.445170732421875 0.546666251953125 0.4412820576171875 0.5507883056640624 0.4325339150390625 0.550500833984375 0.420622396484375 0.5430339306640625 0.3935926513671875 0.535322375 0.3806685986328125 0.527703748046875 0.376566259765625
2 0.5775421572265625 0.3919899716796875 0.5658245732421875 0.3953125400390625 0.5492890283203125 0.404725388671875 0.5479732001953125 0.4091124677734375 0.550260125 0.4201775029296875 0.5561107568359375 0.4260117490234375 0.5645345947265625 0.4265994794921875 0.5704483359375 0.4289077275390625 0.5733767158203125 0.43160455859375 0.5762527734375 0.4373884462890625 0.5842352314453125 0.434882064453125 0.586178669921875 0.423009486328125 0.585781921875 0.4172688759765625 0.5823952197265625 0.412359021484375 0.581224021484375 0.4083707861328125 0.5792547607421875 0.39334194140625 0.5775421572265625 0.3919899716796875
2 0.4444005400390625 0.4452291259765625 0.438192232421875 0.4455614521484375 0.4369071640625 0.448186298828125 0.4368456171875 0.45171232421875 0.4379536796875 0.4592281201171875 0.4398761787109375 0.46279033984375 0.4430622099609375 0.4650509755859375 0.4460598544921875 0.46377966015625 0.4479032685546875 0.4576374599609375 0.445121080078125 0.4465653427734375 0.4444005400390625 0.4452291259765625
2 0.464687837890625 0.3913421689453125 0.4604651640625 0.3917091533203125 0.4506485439453125 0.399917205078125 0.4475724111328125 0.4055956337890625 0.446975560546875 0.41131890234375 0.448039017578125 0.421479634765625 0.4526276787109375 0.4286154921875 0.4600440732421875 0.4300685849609375 0.4686679873046875 0.4191939990234375 0.469968435546875 0.4156880361328125 0.4701069365234375 0.407753306640625 0.46795298046875 0.4033056630859375 0.4658821064453125 0.39400873046875 0.464687837890625 0.3913421689453125
2 0.5763694521484375 0.317001833984375 0.5741385419921875 0.3169628935546875 0.56856769140625 0.3234807236328125 0.57099314453125 0.3266094677734375 0.57594563671875 0.3271366064453125 0.57749445703125 0.323636541015625 0.57781212109375 0.3196727314453125 0.5763694521484375 0.317001833984375
2 0.55162391015625 0.739914064453125 0.5454248544921875 0.739805859375 0.5391026767578125 0.746751267578125 0.534090767578125 0.7638632783203125 0.53991061328125 0.771461318359375 0.543955712890625 0.7671218798828126 0.546093693359375 0.7583391044921876 0.552771984375 0.74522709765625 0.552825869140625 0.7421400673828125 0.55162391015625 0.739914064453125
2 0.499868931640625 0.2517239609375 0.4887251015625 0.250646498046875 0.481070126953125 0.2628616357421875 0.480752490234375 0.2668238828125 0.478142369140625 0.27427477734375 0.4783291943359375 0.277806701171875 0.4814751875 0.2822716611328125 0.483080048828125 0.28979612890625 0.4852740439453125 0.2920394482421875 0.4927751103515625 0.2886417177734375 0.4975946064453125 0.28255302734375 0.501196763671875 0.2751194482421875 0.5031171328125 0.2645685439453125 0.5031940869140625 0.2601598408203125 0.499868931640625 0.2517239609375
0 0.5548128310546875 0.201969037109375 0.5493420048828125 0.202756490234375 0.543809658203125 0.20706840625 0.53833883203125 0.2078558603515625 0.5347289853515625 0.21572999609375 0.52995562890625 0.2191753388671875 0.5227029892578124 0.22257584375 0.50252308984375 0.227515033203125 0.493016416015625 0.2322013955078125 0.4931555400390625 0.238376638671875 0.4906300625 0.240978271484375 0.488522869140625 0.2479972529296875 0.4836417978515625 0.25761353125 0.4785754375 0.2636994755859375 0.47434351171875 0.2645069912109375 0.460258646484375 0.2898384716796875 0.4576946923828125 0.2946444560546875 0.4529773779296875 0.30911433203125 0.4494059794921875 0.3147856787109375 0.445447681640625 0.32838741796875 0.4416361962890625 0.34772384375 0.4417713212890625 0.368452796875 0.4393541806640625 0.378993466796875 0.4306302431640625 0.3955984296875 0.425377056640625 0.398152451171875 0.4225492958984375 0.40383677734375 0.4170169228515625 0.4081502568359375 0.413445552734375 0.413820041015625 0.402096681640625 0.452870111328125 0.4009661435546875 0.4607875234375 0.3948483564453125 0.4844937392578125 0.3950588740234375 0.5008139609375 0.3888240927734375 0.531133205078125 0.3881903544921875 0.5390592890625 0.3894698623046875 0.5509881240234376 0.3842194013671875 0.5817668037109375 0.384718357421875 0.595887037109375 0.3870514765625 0.6043056005859375 0.387771203125 0.6341586455078125 0.3858257958984375 0.6602896103515625 0.3892992998046875 0.674461765625 0.3891453916015625 0.683279171875 0.3905788076171875 0.686390599609375 0.3918983544921875 0.6961151103515625 0.3966876865234375 0.7059001865234374 0.400368955078125 0.7081694658203125 0.40229148046875 0.7117301240234375 0.4043546376953125 0.7214691767578125 0.4031548359375 0.7333547353515625 0.3981429541015625 0.75046518359375 0.395340447265625 0.7689378369140625 0.3946205029296875 0.7817131552734375 0.397962599609375 0.7892679462890625 0.3955377421875 0.8002507373046875 0.39347671484375 0.80462480859375 0.39053570703125 0.8310321904296875 0.388954537109375 0.836296021484375 0.389684923828125 0.8513032412109375 0.3939559482421875 0.8624013466796875 0.3978471396484375 0.866879314453125 0.3985292021484375 0.8704198818359375 0.4010534599609375 0.9105934921875 0.4087111591796875 0.926603013671875 0.4152608232421875 0.9350951767578125 0.4199802958984375 0.93473686328125 0.42381547265625 0.9281887373046875 0.4278282236328125 0.925613064453125 0.429517134765625 0.9141767353515625 0.4318634755859375 0.90760262109375 0.4360723310546875 0.908116779296875 0.4431941591796875 0.9122104453125 0.44644017578125 0.9109450283203125 0.4527716318359375 0.90355752734375 0.455599365234375 0.8978747626953125 0.4588684794921875 0.8952861103515625 0.4627190361328125 0.8878568671875 0.463795716796875 0.883024921875 0.4691720244140625 0.8734172880859375 0.471675994140625 0.8721373564453125 0.48009983203125 0.8727250869140625 0.483881125 0.869263990234375 0.493317939453125 0.8544342392578125 0.496161052734375 0.8478703583984375 0.5004145126953125 0.8457395791015625 0.511958521484375 0.82389084765625 0.5167549482421875 0.8191238310546874 0.5219290234375 0.806866951171875 0.523803197265625 0.7989625185546875 0.532141796875 0.7902879765625 0.536564544921875 0.7784586748046874 0.54039972265625 0.7719105478515625 0.5414917822265625 0.7661974873046875 0.5440326669921876 0.76271317578125 0.5466735751953125 0.7534984873046875 0.5533364853515625 0.7412675966796874 0.5541432587890625 0.737753015625 0.5561642470703125 0.73558326953125 0.5617729521484375 0.7127511142578125 0.5661033662109375 0.7062116328125 0.568992673828125 0.6970012802734376 0.57059694140625 0.690414212890625 0.5721359140625 0.6732431435546875 0.574971365234375 0.6671182587890625 0.574643259765625 0.643299529296875 0.5838849091796875 0.6112700029296875 0.590548470703125 0.5421507705078125 0.5924694365234375 0.474714650390625 0.5897060576171875 0.434094611328125 0.5831939619140625 0.2955129775390625 0.5792944853515625 0.277364033203125 0.57553410546875 0.26539189453125 0.57263435546875 0.246819708984375 0.56543894921875 0.2184710634765625 0.5627189296875 0.2179828935546875 0.5596575810546875 0.208668671875 0.5548128310546875 0.201969037109375
2 0.7152232578125 0.135535029296875 0.71150351171875 0.1354701005859375 0.7039716865234374 0.1406300625 0.699541248046875 0.1528999228515625 0.69904660546875 0.1670028125 0.7005360361328125 0.1811403349609375 0.7023969873046875 0.188228580078125 0.708821345703125 0.1896643564453125 0.7188863662109375 0.1814606416015625 0.7206912763671875 0.1775243544921875 0.722946845703125 0.1762400859375 0.73333225390625 0.1922972197265625 0.7397258525390625 0.1954952275390625 0.74156370703125 0.203906708984375 0.741215283203125 0.20963275 0.74513726171875 0.212346923828125 0.74700374609375 0.2048830498046875 0.7471191767578125 0.198269994140625 0.7557920390625 0.141975283203125 0.7501805546875 0.1365859033203125 0.74548415234375 0.13562254296875 0.7352169267578125 0.141175451171875 0.7220120419921875 0.14447362109375 0.7185868623046875 0.141768119140625 0.7152232578125 0.135535029296875
2 0.6847687021484375 0.3312411435546875 0.6753451376953125 0.331076654296875 0.66402586328125 0.340139861328125 0.661724126953125 0.3440690390625 0.6613372255859375 0.351999431640625 0.67242719921875 0.3561623623046875 0.6760084443359375 0.36416201953125 0.6804487294921875 0.3655631640625 0.682471279296875 0.3633934443359375 0.684826873046875 0.3563787998046875 0.689180384765625 0.3485160810546875 0.6897464208984375 0.344558169921875 0.687411767578125 0.3361380166015625 0.6874656240234375 0.3330525498046875 0.6847687021484375 0.3312411435546875
2 0.7413273388671875 0.231683376953125 0.7383204423828125 0.23339522265625 0.736785439453125 0.23601414453125 0.7356949140625 0.241728794921875 0.7368491435546874 0.2465996806640625 0.741104166015625 0.2444689296875 0.743458197265625 0.2374542568359375 0.743263654296875 0.234364453125 0.7413273388671875 0.231683376953125
2 0.1794627275390625 0.161902796875 0.167815943359375 0.1612588095703125 0.156472037109375 0.1716436630859375 0.1575893525390625 0.178718927734375 0.161155189453125 0.1876012626953125 0.1816539423828125 0.2069213330078125 0.187101671875 0.207457115234375 0.1931446611328125 0.2022711650390625 0.19450821875 0.1952392041015625 0.1921212431640625 0.1899061083984375 0.1908016962890625 0.18018159765625 0.1855232822265625 0.16994573046875 0.1794627275390625 0.161902796875
2 0.205187599609375 0.1945442294921875 0.1977635146484375 0.1935316943359375 0.1944928388671875 0.1961203203125 0.194392787109375 0.201852259765625 0.196818240234375 0.2049810029296875 0.2010369423828125 0.2191661650390625 0.2054002744140625 0.224976013671875 0.20908154296875 0.2272452939453125 0.2130481259765625 0.2273145302734375 0.2158220302734375 0.2247156708984375 0.2163012646484375 0.211495458984375 0.21393738671875 0.204839126953125 0.2087980693359375 0.2007800654296875 0.205187599609375 0.1945442294921875
2 0.2162495361328125 0.29969080078125 0.2088116064453125 0.2995609716796875 0.2072919833984375 0.30129877734375 0.205177099609375 0.30875831640625 0.2057914873046875 0.3162654951171875 0.2073886318359375 0.32423208203125 0.21220875 0.3322533642578125 0.224678283203125 0.3426131904296875 0.2285309970703125 0.349295509765625 0.23087949609375 0.35683295703125 0.2345299775390625 0.36086603125 0.24322528515625 0.360136423828125 0.2479986416015625 0.3566910810546875 0.2483163056640625 0.352727271484375 0.24323853515625 0.34514218359375 0.241897453125 0.3367409365234375 0.236083763671875 0.3287007490234375 0.234232064453125 0.3211719736328125 0.2300693759765625 0.31801290625 0.22458873046875 0.30512779296875 0.2162495361328125 0.29969080078125
2 0.22106994140625 0.421487228515625 0.2148708857421875 0.4213790244140625 0.21261534375 0.4226617294921875 0.210802716796875 0.42704013671875 0.2117408681640625 0.430144482421875 0.217816802734375 0.43730630078125 0.2286276171875 0.443227126953125 0.23459521484375 0.4424499072265625 0.2354081162109375 0.4384947421875 0.226207724609375 0.425544701171875 0.22106994140625 0.421487228515625
2 0.1946386630859375 0.500402021484375 0.1822482421875 0.4997450537109375 0.1790006357421875 0.5010120048828125 0.1767158681640625 0.5040585322265625 0.1803048037109375 0.5116176318359374 0.18495344921875 0.5152274365234375 0.1894107041015625 0.5157459296875 0.1966556533203125 0.5127859833984375 0.1984682802734375 0.508407576171875 0.1978092880859375 0.5035453349609375 0.1946386630859375 0.500402021484375
2 0.1742784111328125 0.4731472216796875 0.1698073388671875 0.47350987109375 0.16604142578125 0.4760898525390625 0.1632367626953125 0.480450943359375 0.1640902705078125 0.48840455078125 0.1712428857421875 0.490734423828125 0.174496619140625 0.48902688671875 0.17730897265625 0.4842252373046875 0.1781388154296875 0.4793889833984375 0.1774475009765625 0.4762889462890625 0.1742784111328125 0.4731472216796875
2 0.1286340732421875 0.402233568359375 0.1204509453125 0.4020907314453125 0.114196443359375 0.4050695283203125 0.11499612109375 0.416107041015625 0.1141755302734375 0.4205027646484375 0.1205614111328125 0.424142892578125 0.1263191142578125 0.421155423828125 0.1304180712890625 0.4137305166015625 0.1309902626953125 0.4093304580078125 0.1286340732421875 0.402233568359375
2 0.09786375390625 0.3602448447265625 0.0916570087890625 0.360577197265625 0.0884094296875 0.3618425869140625 0.086124634765625 0.36489067578125 0.0867836279296875 0.36975291796875 0.0899219296875 0.374658435546875 0.0977812666015625 0.37920566796875 0.10199625 0.379279240234375 0.107048765625 0.374076001953125 0.1073741201171875 0.3696716337890625 0.1052109111328125 0.3656645205078125 0.09786375390625 0.3602448447265625
2 0.13317719140625 0.355127556640625 0.12871380859375 0.3550496484375 0.1261713623046875 0.3585339326171875 0.128326880859375 0.362981603515625 0.1330079033203125 0.364826080078125 0.1352772900390625 0.3626606689453125 0.13317719140625 0.355127556640625
2 0.122108130859375 0.335531390625 0.1206131669921875 0.33594598828125 0.118552140625 0.3403200595703125 0.1189935205078125 0.3434141708984375 0.1211644189453125 0.3469807265625 0.1255739443359375 0.3501441025390625 0.12954208984375 0.3502133671875 0.1318268564453125 0.3471668408203125 0.1314008837890625 0.34319005078125 0.1297113779296875 0.3405148447265625 0.122108130859375 0.335531390625
2 0.12120845703125 0.2592259423828125 0.0979056357421875 0.258378498046875 0.096634439453125 0.260119078125 0.09656517578125 0.2640872236328125 0.1038199990234375 0.27479671875 0.1179497861328125 0.2895971337890625 0.1253738974609375 0.2906081064453125 0.1334240576171875 0.284133552734375 0.1337416943359375 0.2801713056640625 0.130468861328125 0.268648369140625 0.126377 0.2615211826171875 0.12120845703125 0.2592259423828125
2 0.0527602255859375 0.272583390625 0.047304806640625 0.272488166015625 0.0444001181640625 0.2825796337890625 0.0469970166015625 0.2901214169921875 0.046430953125 0.2940808916015625 0.0448975126953125 0.29669983984375 0.0403956533203125 0.298826283203125 0.0418290693359375 0.3019377109375 0.0462616650390625 0.3037794140625 0.048447970703125 0.306463291015625 0.05295751953125 0.3038962900390625 0.060697111328125 0.2868334541015625 0.0583486123046875 0.279296005859375 0.0556516904296875 0.277484599609375 0.0527602255859375 0.272583390625
0 0.1651040263671875 0 0.145174951171875 0.0514985146484375 0.1380998583984375 0.0588730361328125 0.1342339208984375 0.06718339453125 0.1323443388671875 0.0759705048828125 0.129252798828125 0.082531611328125 0.12162094921875 0.093421951171875 0.1176004814453125 0.096439744140625 0.1162754013671875 0.101267353515625 0.1127501982421875 0.104292228515625 0.1116888974609375 0.1082430576171875 0.085262556640625 0.1584941953125 0.069286546875 0.192612759765625 0.0689473759765625 0.1978982705078125 0.0652359150390625 0.211504318359375 0.061703021484375 0.214969751953125 0.059387466796875 0.219780072265625 0.0590467060546875 0.2250671181640625 0.056931822265625 0.23252665625 0.0511664560546875 0.23595312109375 0.04963298828125 0.2385736328125 0.047356505859375 0.25529113671875 0.0485661826171875 0.25707501953125 0.0484738212890625 0.2623664013671875 0.047466404296875 0.263230201171875 0.0486744912109375 0.265015619140625 0.0460763740234375 0.300249080078125 0.0407600791015625 0.3063290986328125 0.0412260908203125 0.308101564453125 0.0386374775390625 0.3142307578125 0.0384297119140625 0.3261336318359375 0.040664341796875 0.340284162109375 0.038774787109375 0.3490697099609375 0.042248291015625 0.3632418642578125 0.0439999384765625 0.376502580078125 0.0434354375 0.3804620810546875 0.04905520703125 0.3995224375 0.0511898125 0.4194033447265625 0.0537789931640625 0.427387248046875 0.0567012451171875 0.4305246630859375 0.057599384765625 0.435831771484375 0.063257037109375 0.4385762412109375 0.0636768818359375 0.4429936171875 0.068040240234375 0.44880190234375 0.0680962548828125 0.4598279970703125 0.0648255791015625 0.4624166220703125 0.0646793603515625 0.4707934716796875 0.0808652626953125 0.509881908203125 0.0854616142578125 0.51657720703125 0.0866081533203125 0.5218886513671875 0.0917782578125 0.5241839189453125 0.0946856982421875 0.5423155478515626 0.1062345888671875 0.5628030361328125 0.11141084765625 0.56465615625 0.1157680517578125 0.57090658984375 0.117891220703125 0.57711802734375 0.131749564453125 0.59323421875 0.1503257919921875 0.6089936318359375 0.1552551865234375 0.610844005859375 0.1672141025390625 0.622076302734375 0.178311765625 0.62579867578125 0.189710150390625 0.6264383271484375 0.19692433984375 0.6252406123046875 0.2006825634765625 0.623101189453125 0.2022175654296875 0.620482267578125 0.208083578125 0.6254353974609375 0.2102467861328125 0.62944251171875 0.210424359375 0.6334149658203125 0.2151130712890625 0.6348188837890625 0.2174554150390625 0.642798478515625 0.2206552919921875 0.6441764091796875 0.2245233857421875 0.6499776123046875 0.236093216796875 0.6550303037109375 0.24193371875 0.652044279296875 0.2450661484375 0.6525412109375 0.2478477421875 0.6495017939453125 0.24842149609375 0.64510176171875 0.253892294921875 0.64431587109375 0.27641637890625 0.6186910048828125 0.279523298828125 0.6112487822265625 0.279839400390625 0.6072849453125 0.2811183134765625 0.6051022451171875 0.2853579287109375 0.603854171875 0.289052447265625 0.5911292119140625 0.293344384765625 0.5867940810546876 0.2952647265625 0.5762447392578125 0.2950948427734375 0.5718317275390625 0.299261501953125 0.5604386474609375 0.3025475576171875 0.55696890625 0.3062497666015625 0.543803388671875 0.30852840625 0.541197447265625 0.3113946162109375 0.533310330078125 0.3135079658203125 0.5258492021484374 0.313476583984375 0.5135014609375 0.315769041015625 0.510014376953125 0.31509466796875 0.5060332509765625 0.317357927734375 0.5043084248046875 0.321354703125 0.488502333984375 0.3253723916015625 0.4572630068359375 0.326485392578125 0.4361151474609375 0.3275389755859375 0.4326064384765625 0.3264293505859375 0.425090615234375 0.326614046875 0.4145094150390625 0.3231399482421875 0.3862257255859375 0.320379294921875 0.3738303447265625 0.3162781806640625 0.3671436904296875 0.313526779296875 0.354307779296875 0.308635861328125 0.350253052734375 0.305674537109375 0.3352084541015625 0.301985578125 0.333379732421875 0.3007836201171875 0.331153728515625 0.2964741455078125 0.3222584130859375 0.2922415986328125 0.3089559560546875 0.286133341796875 0.3035563427734375 0.2859865283203125 0.2978216572265625 0.2834512041015625 0.2867522861328125 0.27650479296875 0.27251951171875 0.2717770078125 0.2592084111328125 0.2699930107421875 0.2477114619140625 0.267575275390625 0.24414059765625 0.26575280078125 0.2348480009765625 0.2451238603515625 0.16613532421875 0.2427276328125 0.1612427587890625 0.2404637783203125 0.1488560498046875 0.23664182421875 0.1404114990234375 0.2312627646484375 0.1217960361328125 0.2278360224609375 0.1190905068359375 0.224051978515625 0.0943285068359375 0.2200431982421875 0.082352033203125 0.217151138671875 0.0633392890625 0.2147103056640625 0.06109166015625 0.2114759501953125 0.0473643720703125 0.20877902734375 0.0455529658203125 0.201787388671875 0.01985515625 0.202103490234375 0.0158913193359375 0.1979423642578125 0.012732279296875 0.1894779189453125 0.0002357763671875 0.1891265751953125 0 0.1651040263671875 0
2 0.2381647412109375 0.6074388955078125 0.2332122490234375 0.6069117578125 0.2314226923828125 0.6099684912109375 0.231345765625 0.6143756318359375 0.2330198642578125 0.617933515625 0.23797235546875 0.618460654296875 0.241512966796875 0.6145531015625 0.240830876953125 0.611014095703125 0.2381647412109375 0.6074388955078125
2 0.4068508876953125 0.791628115234375 0.404046224609375 0.7959892060546875 0.4039384833984375 0.802161703125 0.4066046455078125 0.8057353408203125 0.4111757421875 0.799642314453125 0.4102837568359375 0.7938930595703125 0.4068508876953125 0.791628115234375
0 0.733122984375 0.06220344140625 0.6929417265625 0.0619427666015625 0.676800798828125 0.0629831025390625 0.66931511328125 0.065499716796875 0.5973933779296875 0.0646850107421875 0.5874053388671875 0.0684784609375 0.5823620751953125 0.0732411689453125 0.5805555751953125 0.0771789912109375 0.5819443603515625 0.08293691796875 0.579542599609375 0.09259647265625 0.580457681640625 0.0970224921875 0.5781575341796875 0.100950134765625 0.5770269697265625 0.108869109375 0.58279295703125 0.1195526171875 0.5876684951171876 0.124488458984375 0.5881120322265625 0.1416941328125 0.5862938720703125 0.16062466015625 0.5891529873046875 0.1672896357421875 0.589278265625 0.1743475849609375 0.588991388671875 0.1765476005859375 0.5864736025390626 0.17870867578125 0.5886599072265625 0.1813925537109375 0.588868267578125 0.1836012138671875 0.58143093359375 0.1975829189453125 0.576329783203125 0.1961718017578125 0.574827412109375 0.19217622265625 0.575121978515625 0.1895356494140625 0.5716891103515624 0.187270705078125 0.571253884765625 0.1837344453125 0.56975889453125 0.18415060546875 0.568582189453125 0.194712927734375 0.569422474609375 0.2176592119140625 0.572555244140625 0.2371168505859375 0.579974390625 0.2667930390625 0.580138146484375 0.27164663671875 0.583711701171875 0.2800868515625 0.58999971484375 0.3035689189453125 0.5931533974609375 0.3075933212890625 0.598370263671875 0.32135521484375 0.6073530703125 0.3325355634765625 0.615530666015625 0.3472305205078125 0.627520341796875 0.3567005869140625 0.6335539189453125 0.357246595703125 0.6951396689453125 0.4050661982421875 0.702276876953125 0.4082787490234375 0.7180924775390625 0.41164121875 0.73938812890625 0.4137772666015625 0.764239798828125 0.411123083984375 0.8139271083984375 0.392587423828125 0.8442166318359375 0.37679958203125 0.8477880029296875 0.3711297978515625 0.860913775390625 0.3581287685546875 0.8721884443359375 0.3517104990234375 0.8863853388671875 0.34843120703125 0.893458841796875 0.341058220703125 0.927160322265625 0.34296855859375 0.9296719541015624 0.341249630859375 0.9240660302734375 0.3213065693359375 0.921159185546875 0.3172864755859375 0.9142758828125 0.299527703125 0.91040776171875 0.2937280615234375 0.90799555859375 0.275605078125 0.90391138671875 0.268037333984375 0.8835825732421875 0.1821304013671875 0.879078556640625 0.1701452822265625 0.8784118740234375 0.1657235986328125 0.8725365830078124 0.161212560546875 0.8708855537109375 0.1563330029296875 0.86769339453125 0.154512953125 0.863723091796875 0.140332126953125 0.863358666015625 0.1328293115234375 0.8556532373046875 0.1194646728515625 0.844198837890625 0.1077989267578125 0.840648380859375 0.0980354755859375 0.8357651533203125 0.09354019140625 0.8251796689453125 0.088945375 0.8100209033203125 0.076333583984375 0.773412578125 0.07040315234375 0.7633146416015625 0.0662575380859375 0.733122984375 0.06220344140625
0 0.1438279794921875 0.7610111943359374 0.115598185546875 0.7667693935546875 0.09652380859375 0.7851893056640625 0.0660227490234375 0.8315390478515625 0.0255754599609375 0.91053267578125 0.0251391494140625 0.9355288681640626 0.0086166396484375 0.9868108212890625 0.361633318359375 0.9960982265625 0.3644499716796875 0.924261443359375 0.33637588671875 0.831569865234375 0.3212441162109375 0.803176455078125 0.227745912109375 0.698403728515625 0.212286908203125 0.688757462890625 0.1857829921875 0.685169359375 0.185455759765625 0.70391650390625 0.15498196875 0.748703984375 0.1438279794921875 0.7610111943359374
2 0.0877932470703125 0.927246072265625 0.0912995419921875 0.9054289423828125 0.0835973095703125 0.899043546875 0.069509681640625 0.900360384765625 0.0629606708984375 0.917436189453125 0.0750769951171875 0.9395260126953126 0.0877932470703125 0.927246072265625
2 0.0760120615234375 0.97548530859375 0.0793547412109375 0.963041751953125 0.0638411982421875 0.956520009765625 0.0574285341796875 0.96578450390625 0.0666112197265625 0.976883955078125 0.0760120615234375 0.97548530859375
2 0.0634866962890625 0.976829416015625 0.0509340615234375 0.97973578515625 0.0569922236328125 0.9907806962890625 0.0680371357421875 0.9847225341796875 0.0634866962890625 0.976829416015625
2 0.031415466796875 0.9340756845703125 0.0348126845703125 0.9185076025390625 0.0286454453125 0.9137117392578125 0.0222873193359375 0.9198517099609375 0.01886283203125 0.936982052734375 0.0234950791015625 0.9401883857421875 0.031415466796875 0.9340756845703125
0 0.4328622685546875 0.9442084404296875 0.424996419921875 0.9471966171875 0.400491076171875 0.9186395908203125 0.3965951025390625 0.87325218359375 0.372607876953125 0.8150121787109375 0.364757841796875 0.996152765625 0.4553690400390625 0.9977343896484375 0.4328622685546875 0.9442084404296875
2 0.427240416015625 0.9081673359375 0.423952275390625 0.917486369140625 0.42685864453125 0.93003900390625 0.4334894638671875 0.9082764130859375 0.427240416015625 0.9081673359375
2 0.3954497880859375 0.9388671884765625 0.387556669921875 0.9434176279296875 0.3889825849609375 0.95125620703125 0.3984106953125 0.9482952998046875 0.3954497880859375 0.9388671884765625
2 0.4236523125 0.934671251953125 0.4096192236328125 0.9328635654296875 0.4170760322265625 0.953309318359375 0.428120943359375 0.94725115625 0.4236523125 0.934671251953125
0 0.364640857421875 0.9133256083984375 0.3696197001953125 0.807146330078125 0.35753064453125 0.783494244140625 0.356350154296875 0.761595306640625 0.3442883681640625 0.736380958984375 0.3459869765625 0.7285969189453125 0.3136430537109375 0.701465806640625 0.2995826953125 0.7012203828125 0.2722334287109375 0.7460624013671875 0.331934525390625 0.81742769921875 0.364640857421875 0.9133256083984375
2 0.354101603515625 0.8008854853515625 0.3618901982421875 0.802323197265625 0.3789387333984375 0.810434470703125 0.38680458203125 0.80744629296875 0.3670678330078125 0.7742842890625 0.349735408203125 0.7526238095703125 0.3444586533203125 0.756438548828125 0.3383199208984375 0.8097254658203125 0.354101603515625 0.8008854853515625
0 0.2039936201171875 0 0.203866953125 0.00725671875 0.2252750419921875 0.0341969443359375 0.22198690234375 0.0435159775390625 0.212586060546875 0.044914623046875 0.2278269091796875 0.0670589853515625 0.227226982421875 0.10142875 0.2601242001953125 0.186390826171875 0.2899435263671875 0.1790976337890625 0.3783028193359375 0.1306323349609375 0.417959296875 0.0969443046875 0.43886862890625 0.0629290419921875 0.436153146484375 0.0394405732421875 0.4284509130859375 0.0330551787109375 0.433547548828125 0 0.2039936201171875 0
2 0.2677639873046875 0.1068245400390625 0.2665834970703125 0.0849256025390625 0.254112669921875 0.083145185546875 0.2474545810546875 0.1064700380859375 0.261378591796875 0.1145267724609375 0.2677639873046875 0.1068245400390625
2 0.35048206640625 0.112956603515625 0.3426162177734375 0.11594478125 0.34554985546875 0.1269351533203125 0.353415705078125 0.1239469765625 0.35048206640625 0.112956603515625
2 0.4460800126953125 0.097435154296875 0.44465409765625 0.08959657421875 0.4275510234375 0.0846098251953125 0.41946701953125 0.1000960986328125 0.423935650390625 0.1126760029296875 0.4460800126953125 0.097435154296875
2 0.4325966708984375 0.4222493076171875 0.44857379296875 0.402212595703125 0.4475841884765625 0.3693778232421875 0.420453076171875 0.40172174609375 0.415629943359375 0.409451248046875 0.4185363125 0.4220038837890625 0.4325966708984375 0.4222493076171875
2 0.4009273857421875 0.8936433984375 0.3977483232421875 0.8967133837890625 0.40819330859375 0.9250249853515625 0.4116450654296875 0.9063323798828125 0.4009273857421875 0.8936433984375
0 0.683330044921875 0.47194527734375 0.7205243701171875 0.489784625 0.7315147431640625 0.486850986328125 0.7438764921875 0.4948804521484375 0.78282396484375 0.501811234375 0.8077928876953125 0.503809806640625 0.867377 0.492347947265625 0.861209759765625 0.487552083984375 0.864525169921875 0.4766707880859375 0.8789672998046875 0.4550445439453125 0.878877583984375 0.3706551259765625 0.7624793818359376 0.4139427900390625 0.74370496875 0.4151778193359375 0.7218605693359375 0.4132337861328125 0.6846117060546875 0.398518962890625 0.6555831923828125 0.3605065556640625 0.62902473828125 0.3600429755859375 0.61353846484375 0.3519589716796875 0.613129423828125 0.37539290234375 0.627824884765625 0.4287825048828125 0.65836112109375 0.469946705078125 0.683330044921875 0.47194527734375
2 0.705828908203125 0.4363950224609375 0.714049259765625 0.413097439453125 0.7016329716796875 0.408192498046875 0.695274845703125 0.41433246875 0.69174128125 0.4377118603515625 0.697908521484375 0.4425077236328125 0.705828908203125 0.4363950224609375
2 0.8237700107421875 0.4837730947265625 0.8082291982421875 0.4788136142578125 0.8049410576171875 0.4881326474609375 0.814151013671875 0.4976698359375 0.8237700107421875 0.4837730947265625
2 0.8818191298828125 0.470721703125 0.8772686904296875 0.4628285849609375 0.8662783173828125 0.4657622236328125 0.8610734130859375 0.4953633935546875 0.8736533173828125 0.4908947626953125 0.8818191298828125 0.470721703125
0 0.8577484892578126 1 0.8514666826171875 0.9562034208984375 0.86577246484375 0.9423884873046875 0.8663451220703124 0.9095809853515625 0.84284874609375 0.823220263671875 0.85646488671875 0.75938567578125 0.8133566533203125 0.8117663115234375 0.7123356474609375 0.86938702734375 0.634386162109375 0.858649986328125 0.6232321728515625 0.8709571962890625 0.619834955078125 0.8865252783203125 0.6131861318359375 1 0.8577484892578126 1
2 0.8359804091796875 0.9481194169921875 0.84971353515625 0.967111986328125 0.8640193173828125 0.953297052734375 0.8241640478515625 0.9088447119140625 0.80234691796875 0.905338416015625 0.7931642314453125 0.8942389658203125 0.766633046875 0.8922131240234376 0.7680589619140625 0.9000517041015625 0.7944265302734375 0.9114511171875 0.8359804091796875 0.9481194169921875
2 0.7086384658203125 0.9021399912109375 0.7058139052734375 0.8849005703125 0.6870940302734375 0.8830110751953125 0.68377862109375 0.89389237109375 0.6883290595703125 0.9017854892578125 0.7086384658203125 0.9021399912109375
2 0.8569531630859375 1 0.8572794208984374 0.98130869140625 0.8463163173828125 0.9826800673828125 0.8484828701171875 1 0.8569531630859375 1
2 0.6332135791015625 0.9258272529296875 0.6160014267578126 0.9270895517578125 0.6172909951171875 0.94273944140625 0.6377367490234375 0.9352826337890625 0.6332135791015625 0.9258272529296875
2 0.84868875390625 0.846763271484375 0.8423851669921875 0.8497787177734375 0.8437292734375 0.862304083984375 0.853048306640625 0.8655922236328125 0.84868875390625 0.846763271484375
0 0.0086513681640625 0 0.0086114697265625 0.002285783203125 0.050056271484375 0.0452031318359375 0.068612529296875 0.0564661982421875 0.069874828125 0.073678349609375 0.0991214970703125 0.09919266015625 0.1084950693359375 0.0993562763671875 0.1291862470703125 0.0778391103515625 0.13099393359375 0.063806021484375 0.1584250078125 0.014277216796875 0.1543033642578125 0 0.0086513681640625 0
2 0.078340603515625 0.036320408203125 0.0722006337890625 0.0299622822265625 0.0627452529296875 0.0344854521484375 0.0669139208984375 0.0642502392578125 0.076151146484375 0.0722251650390625 0.078340603515625 0.036320408203125
2 0.1221657490234375 0.0323971650390625 0.11459986328125 0.0182004599609375 0.1114207998046875 0.0212704453125 0.107641810546875 0.0587101953125 0.112301328125 0.0603542646484375 0.1221657490234375 0.0323971650390625
2 0.15084048046875 0 0.1508591220703125 0.00008051171875 0.158479546875 0.0111526923828125 0.1607090556640625 0 0.15084048046875 0
2 0.046064103515625 0 0.04454349609375 0.0029129794921875 0.0505471201171875 0.0170824150390625 0.064662017578125 0.0142033154296875 0.06207829296875 0 0.046064103515625 0