2 0.454771671875 0.51979948046875 0.45989535546875 0.521140943359375 0.4667919443359375 0.5162683466796875 0.4683057060546875 0.51126594921875 0.4647145302734375 0.506953181640625 0.464723875 0.4963052548828125 0.4585913818359375 0.484859814453125 0.44521771484375 0.475677044921875 0.4398309501953125 0.46920789453125 0.43344598046875 0.465315642578125 0.41163928125 0.4576374248046875 0.401480734375 0.45877520703125 0.394359435546875 0.4625856865234375 0.3919305 0.467647546875 0.3920389462890625 0.47350273046875 0.396510537109375 0.4800313427734375 0.4185160322265625 0.4973857783203125 0.4393628984375 0.51170646484375 0.454771671875 0.51979948046875
2 0.5925059345703125 0.5949693095703125 0.6119646474609375 0.5988513994140625 0.6171212373046875 0.597918759765625 0.6245004765625 0.592894765625 0.6305703876953125 0.5919038671875 0.6357453994140625 0.5930038505859375 0.6422536259765625 0.598443033203125 0.6564986298828125 0.59716109765625 0.661192521484375 0.598412802734375 0.674524205078125 0.5971891259765625 0.6874433134765625 0.5979064599609375 0.685146654296875 0.5938688515625 0.68721466796875 0.590504994140625 0.7005224658203125 0.580909021484375 0.706059927734375 0.5803113251953125 0.7091113369140625 0.5786788251953126 0.7105221171875 0.574160916015625 0.709467119140625 0.5706396201171875 0.7001482060546875 0.563588654296875 0.67176353125 0.548680111328125 0.660272095703125 0.5454771650390625 0.6493548623046875 0.5459457080078125 0.6404246943359375 0.5519083837890625 0.6347048310546874 0.561848880859375 0.6358909580078125 0.579595802734375 0.626174701171875 0.5800656337890625 0.602528212890625 0.5732646982421875 0.5903164619140625 0.573458083984375 0.581780447265625 0.5754471240234375 0.5813862939453125 0.5794207587890625 0.583303609375 0.583123748046875 0.581892830078125 0.5876416572265625 0.5841378359375 0.5919222744140625 0.5925059345703125 0.5949693095703125
2 0.7882459013671875 0.6241504912109375 0.7985974541015625 0.62635078125 0.810860857421875 0.6259143876953125 0.8160448896484375 0.6163679716796875 0.80657166796875 0.610042974609375 0.7826766796875 0.6036971943359375 0.7732641875 0.60980973828125 0.772368962890625 0.6119021474609375 0.7749936376953125 0.61651585546875 0.7882459013671875 0.6241504912109375
2 0.4493760341796875 0.3140311318359375 0.456585828125 0.3140428896484375 0.4777974970703125 0.3096779716796875 0.48036144140625 0.301854138671875 0.4790167998046875 0.301822314453125 0.476513853515625 0.2987552119140625 0.4744736064453125 0.293503763671875 0.473171541015625 0.2805483798828125 0.4686984228515625 0.274019443359375 0.4628661767578125 0.271765408203125 0.4530371728515625 0.273479615234375 0.4473118447265625 0.277080439453125 0.438171453125 0.277674271484375 0.4360188798828125 0.283555240234375 0.43512912109375 0.291987322265625 0.4385880205078125 0.3053995576171875 0.442610193359375 0.309803935546875 0.4493760341796875 0.3140311318359375
2 0.183524068359375 0.5001766904296875 0.1898186884765625 0.5002479091796875 0.197216673828125 0.497255009765625 0.2000433740234375 0.494560392578125 0.2009198515625 0.490436888671875 0.1860121484375 0.48422509765625 0.179028591796875 0.4852757822265625 0.1703231328125 0.49230057421875 0.17310244140625 0.49618678515625 0.178831705078125 0.4989253095703125 0.183524068359375 0.5001766904296875
2 0.2366880263671875 0.5066592578125 0.2445550546875 0.507825068359375 0.24926069921875 0.5047678701171875 0.244306458984375 0.4983906552734375 0.2437153642578125 0.4926868681640625 0.24014293359375 0.4904051962890625 0.231208830078125 0.4900285224609375 0.2235532294921875 0.494233408203125 0.224247630859375 0.499451177734375 0.2366880263671875 0.5066592578125
2 0.0864008740234375 0.36543291796875 0.0916275390625 0.3662898916015625 0.09559259375 0.36459760546875 0.09700490234375 0.3600800205078125 0.093207763671875 0.3567362314453125 0.0857400283203125 0.35793798828125 0.0835170556640625 0.3620308701171875 0.0864008740234375 0.36543291796875
2 0.4509229912109375 0.56335259765625 0.45576998828125 0.56387648046875 0.4580627109375 0.561574740234375 0.4576649462890625 0.559207498046875 0.4545748408203125 0.55677595703125 0.4506411650390625 0.5561938154296875 0.4465211513671875 0.5586151279296875 0.44740341796875 0.56082976953125 0.4509229912109375 0.56335259765625
2 0.5891767265625 0.3625098310546875 0.592677552734375 0.363001564453125 0.59505516015625 0.358181185546875 0.5927769228515625 0.35617619921875 0.5876019111328125 0.355076216796875 0.5853091884765625 0.3573779560546875 0.58641583984375 0.3606562431640625 0.5891767265625 0.3625098310546875
2 1 0.552275466796875 0.99477906640625 0.55166817578125 0.9858621806640625 0.5533222724609375 0.979364884765625 0.560562435546875 0.97809425390625 0.5686595732421875 0.9792009052734375 0.5719378603515625 0.983119771484375 0.5768282548828125 0.9882634052734375 0.580202666015625 0.9938694130859375 0.581394259765625 1 0.552552115234375 1 0.552275466796875
2 0.985154990234375 0.6223923994140625 0.9875784609375 0.6109908662109375 0.9785915 0.6108553486328125 0.9761770498046874 0.611610482421875 0.9745932138671874 0.6148232666015625 0.9769412001953125 0.61861939453125 0.9834294765625 0.6220256298828125 0.985154990234375 0.6223923994140625
2 0.4099466845703125 0.5949597744140624 0.4135378603515625 0.599272541015625 0.4161401767578125 0.5955142783203125 0.413861939453125 0.59350929296875 0.4099466845703125 0.5949597744140624
0 1 0.364197984375 0.9778180390625 0.3578948681640625 0.9759707978515625 0.3559814931640625 0.9724681171875 0.3554909638671875 0.969000197265625 0.352725126953125 0.9700630126953125 0.345598169921875 0.9455972041015624 0.3355800224609375 0.9409232626953125 0.3363612646484375 0.937042767578125 0.335536439453125 0.9336249716796875 0.3325272705078125 0.8205350947265625 0.2983473369140625 0.808459556640625 0.2957806015625 0.7977615673828125 0.2909715888671875 0.7020177294921875 0.270620607421875 0.6971190791015625 0.2703397333984375 0.681141568359375 0.2649149013671875 0.664270361328125 0.2615828037109375 0.6180386318359375 0.25429103125 0.6063095302734375 0.2543330185546875 0.5985983408203125 0.252441564453125 0.4465898896484375 0.2338225478515625 0.4278901884765625 0.2306081689453125 0.4140574345703125 0.22995062109375 0.400893666015625 0.22613822265625 0.3968754306640625 0.228073193359375 0.374660091796875 0.2286753349609375 0.3632269775390625 0.2315709072265625 0.3498753447265625 0.2307616376953125 0.2917321123046875 0.232854654296875 0.2801576455078125 0.2321691455078125 0.2733084482421875 0.2304609130859375 0.2689123974609375 0.2320615888671875 0.251421125 0.2316391552734375 0.2400526201171875 0.22998466796875 0.2330690634765625 0.2310353525390625 0.2240120283203125 0.2291102197265625 0.221442943359375 0.2305928515625 0.20793667578125 0.230511078125 0.190156083984375 0.2335765869140625 0.183480267578125 0.2331719521484375 0.1755298837890625 0.2345251064453125 0.171306888671875 0.2374309072265625 0.150178251953125 0.239278388671875 0.146695521484375 0.240820806640625 0.142382501953125 0.2399040458984375 0.1323456826171875 0.24258843359375 0.1294673291015625 0.2455260595703125 0.1175319404296875 0.2465385537109375 0.1009093291015625 0.2526408681640625 0.081384478515625 0.2533085126953125 0.0753459453125 0.2520249833984375 0.074399392578125 0.254358873046875 0.054086560546875 0.2629722578125 0.0475853271484375 0.2638730732421875 0.0408288876953125 0.2723248974609375 0.0345191884765625 0.29989041015625 0.033520982421875 0.3024673076171875 0.032204216796875 0.3034541650390625 0.0325889716796875 0.3238214208984375 0.0314545537109375 0.3291584384765625 0.0348523984375 0.33013466015625 0.0380642314453125 0.3341128076171875 0.0357715087890625 0.3364145478515625 0.0284584091796875 0.336888806640625 0.0250829208984375 0.3442845556640625 0.0159942939453125 0.39128927734375 0.0168931298828125 0.3955377451171875 0.037520751953125 0.4151359873046875 0.0460622314453125 0.4194866201171875 0.053397689453125 0.42738433203125 0.0677381826171875 0.4362646318359375 0.0789055400390625 0.445230826171875 0.0816845234375 0.4491185654296875 0.092504240234375 0.4554741845703125 0.096386263671875 0.456299333984375 0.1028926357421875 0.4617397197265625 0.1199940166015625 0.4724736083984375 0.1244468603515625 0.4769711259765625 0.1320049443359375 0.47959040234375 0.1380286669921875 0.485182185546875 0.14915765234375 0.4900828095703125 0.15870094921875 0.498197421875 0.171142873046875 0.505405826171875 0.1799791357421875 0.5126081904296875 0.182947513671875 0.5134931259765625 0.207404302734375 0.534157673828125 0.3521921962890625 0.6100664326171875 0.3601809521484375 0.6127788486328125 0.3693778115234375 0.61828473828125 0.3709819228515625 0.617103373046875 0.38661146875 0.6199191572265625 0.3991551708984375 0.626641220703125 0.4025729658203125 0.629650390625 0.4195858505859375 0.636562041015625 0.4242449814453125 0.640089052734375 0.4312672353515625 0.64310241015625 0.4631307041015625 0.6501291875 0.4681655673828125 0.6476499423828125 0.4801197021484375 0.64866854296875 0.487952294921875 0.6521081318359375 0.495007455078125 0.6528473857421875 0.49744185546875 0.65412519921875 0.5002208388671875 0.658012939453125 0.51612674609375 0.66164783203125 0.5183865625 0.6616201953125 0.524489705078125 0.658353666015625 0.5356664072265624 0.65667193359375 0.54391125 0.6581720380859375 0.5493125 0.660334462890625 0.5600237705078125 0.6608348974609375 0.5636995068359375 0.662630552734375 0.5755832421875 0.6618610673828125 0.5861540390625 0.6587838017578125 0.6980894365234375 0.6496139072265625 0.7013474580078125 0.647009373046875 0.7100064033203125 0.646568791015625 0.712350779296875 0.64402404296875 0.7172310078125 0.642272294921875 0.7317726494140625 0.64384088671875 0.7342051962890624 0.645119904296875 0.742934541015625 0.646467408203125 0.75494000390625 0.6472445283203125 0.7581832158203125 0.648948248046875 0.763339806640625 0.6480156083984375 0.7670816806640625 0.645261529296875 0.7860193720703125 0.6452294453125 0.791523603515625 0.6469073818359375 0.8000267109375 0.6471924443359375 0.8067726025390625 0.649386693359375 0.8192619189453125 0.65001426953125 0.830334111328125 0.6488167001953125 0.83814795703125 0.6502251943359375 0.847238224609375 0.6498746953125 0.853932462890625 0.652311953125 0.881324341796875 0.652810119140625 0.889963662109375 0.6503350615234375 0.90704083203125 0.652698181640625 0.913009615234375 0.6521905693359376 0.916735150390625 0.6537444189453125 0.9208234609375 0.6535990625 0.9358677021484375 0.657049205078125 0.9453886396484374 0.656791845703125 0.9480924091796875 0.65254876953125 0.95718267578125 0.6521982705078125 0.966445673828125 0.65315442578125 0.9788637119140625 0.6519905341796876 1 0.5525521162109375 1 0.364197984375
2 0.0657802197265625 0.7487373896484375 0.068194669921875 0.747982255859375 0.0712460791015625 0.746349755859375 0.072502224609375 0.74255934375 0.068962701171875 0.738003568359375 0.0645279541015625 0.7355402021484375 0.0576657998046875 0.7381390205078125 0.055667861328125 0.7432924912109375 0.0618981962890625 0.747912240234375 0.0657802197265625 0.7487373896484375
0 0 0.9048920166015625 0.08854053125 0.9237118876953125 0.0931389326171875 0.914801357421875 0.0932790263671875 0.89505363671875 0.1022384892578125 0.880475982421875 0.106840828125 0.87790480078125 0.1115241142578125 0.866475630859375 0.114781810546875 0.863872625 0.117689458984375 0.85232001953125 0.121533111328125 0.8490795986328125 0.1220486669921875 0.84665409765625 0.1298444169921875 0.84602844140625 0.134776298828125 0.8440336845703125 0.1366694033203125 0.8393659052734375 0.1365241142578125 0.8294454755859375 0.139960599609375 0.811158791015625 0.13695773046875 0.7849971396484375 0.1448830244140625 0.7731580634765625 0.146430017578125 0.7658800341796875 0.143555544921875 0.7518300595703125 0.13811319140625 0.7392645693359375 0.1376398876953125 0.7287680390625 0.133341677734375 0.7235430244140625 0.1274299560546875 0.706820353515625 0.1224596474609375 0.6814225908203125 0.12247445703125 0.6771143369140625 0.124490818359375 0.67399348828125 0.120603330078125 0.666828666015625 0.1207027001953125 0.66000330078125 0.1080692421875 0.6261301982421875 0.091811376953125 0.5902199609375 0.0801193876953125 0.570998716796875 0.069295734375 0.55830375 0.0647341201171875 0.547952576171875 0.0574487861328125 0.53981153125 0.053459845703125 0.5331315224609375 0.0496110537109375 0.5300307412109375 0.0479516787109375 0.52511423828125 0.0437748720703125 0.521437357421875 0.0425981455078125 0.5163694560546875 0.037660798828125 0.5120245400390625 0.0303570439453125 0.5018508720703125 0.0294582080078125 0.4976024052734375 0.0236404482421875 0.4910416435546875 0.0202504189453125 0.4794171689453125 0.017522763671875 0.47528794921875 0.0173626650390625 0.4696757734375 0.01378991015625 0.4673956298828125 0.0149481591796875 0.447103958984375 0.009983314453125 0.428045869140625 0.0065522373046875 0.4293452783203125 0.0061913154296875 0.4310432822265625 0.0050291845703125 0.4313026416015625 0.001883544921875 0.446101708984375 0.0027880615234375 0.4470543349609375 0.002032986328125 0.45272597265625 0 0.4565007314453125 0 0.9048920166015625
0 1 0.096705390625 0.597517560546875 0.011155107421875 0.5200292392578125 0.007463712890625 0.582175048828125 0.0382446923828125 0.6596414130859375 0.09464585546875 0.757493171875 0.13780858984375 0.7713223701171875 0.1854754775390625 0.8114214765625 0.2147650986328125 0.897046390625 0.2553289365234375 1 0.281986904296875 1 0.096705390625
2 0.787033658203125 0.0514379970703125 0.8046282470703126 0.066359693359375 0.809346267578125 0.081739203125 0.8429700908203125 0.08888616796875 0.875523375 0.10858483984375 0.9097969228515626 0.1126750927734375 0.9166560234375 0.102951189453125 0.8863767744140625 0.0725540283203125 0.787033658203125 0.0514379970703125
2 0.762727962890625 0.1357264638671875 0.7700818779296875 0.1612506943359375 0.78230872265625 0.1638495908203125 0.8000582216796875 0.14046644140625 0.7975182822265625 0.1223550810546875 0.762727962890625 0.1357264638671875
0 0.096705390625 0 0.0699551318359375 0.1258500703125 0.08959484765625 0.1236349921875 0.1205457783203125 0.098265671875 0.12880028125 0.0744617060546875 0.1688253916015625 0.0590081982421875 0.206406515625 0.0174766904296875 0.220765900390625 0 0.096705390625 0
0 0.3705017216796875 0 0.4709449912109375 0.088082744140625 0.5914342216796875 0.160018328125 0.586007521484375 0.1780337333984375 0.5899428642578125 0.18206503125 0.658947775390625 0.2031221064453125 0.6634368876953125 0.2120633330078125 0.7625880947265625 0.2491126435546875 0.7924095283203125 0.2666332353515625 0.9246307890625 0.3059195830078125 0.9402981630859375 0.277301642578125 0.92969562890625 0.2670609677734375 0.9037135830078125 0.2615383134765625 0.824202091796875 0.222273923828125 0.763126822265625 0.17894123828125 0.7626690068359375 0.1660646689453125 0.7500803017578125 0.1426225634765625 0.654731484375 0.095199625 0.5289227353515625 0 0.3705017216796875 0
2 0.5918550380859375 0.1505233330078125 0.581710318359375 0.1531592275390625 0.6275979853515625 0.18527665234375 0.6416780478515625 0.1866720546875 0.6417740029296874 0.1787054150390625 0.6248291376953125 0.1607270078125 0.5918550380859375 0.1505233330078125
2 0.503099416015625 0.0645666416015625 0.50453181640625 0.0728581435546875 0.524075578125 0.078609705078125 0.530284955078125 0.0719425126953125 0.524267486328125 0.0626764248046875 0.503099416015625 0.0645666416015625