2 0.5167546875 0.701140625 0.51366875 0.6999015625 0.50881875 0.701140625 0.4973546875 0.7088296875 0.49118125 0.7170140625 0.4933859375 0.7197421875 0.5013234375 0.724703125 0.5097 0.7244546875 0.5211640625 0.720734375 0.52336875 0.70858125 0.5216046875 0.704365625 0.5167546875 0.701140625
2 0.212521875 0.7834828125 0.21605 0.7797625 0.2204578125 0.78125 0.231921875 0.77430625 0.239859375 0.7666171875 0.244709375 0.7557046875 0.2429453125 0.7482640625 0.239859375 0.7447921875 0.2372140625 0.7438 0.2244265625 0.74454375 0.216490625 0.7470234375 0.2107578125 0.74603125 0.208553125 0.744046875 0.206790625 0.7477671875 0.20723125 0.7517359375 0.212521875 0.7591765625 0.217371875 0.7606640625 0.217371875 0.764384375 0.2129625 0.77108125 0.2098765625 0.7829859375 0.212521875 0.7834828125
2 0.7089953125 0.4828875 0.7010578125 0.48040625 0.697090625 0.480903125 0.69268125 0.4826390625 0.689153125 0.4868546875 0.6887125 0.4900796875 0.69268125 0.4928078125 0.7081125 0.5024796875 0.717371875 0.5052078125 0.7191359375 0.5032234375 0.7178125 0.494046875 0.71605 0.4900796875 0.7089953125 0.4828875
2 0.754409375 0.572171875 0.7486765625 0.5682046875 0.7248671875 0.55704375 0.7204578125 0.5567953125 0.716490625 0.5600203125 0.713403125 0.5729171875 0.7129625 0.580109375 0.717371875 0.58755 0.7200171875 0.5887890625 0.73545 0.5912703125 0.7438265625 0.5915171875 0.7473546875 0.5887890625 0.7561734375 0.576140625 0.754409375 0.572171875
2 0.6018515625 0.5545640625 0.607584375 0.5540671875 0.608025 0.5518359375 0.603175 0.5483625 0.5965609375 0.5483625 0.5965609375 0.553075 0.6018515625 0.5545640625
2 0.349646875 0.751240625 0.34920625 0.759671875 0.3619921875 0.7611609375 0.3796296875 0.7557046875 0.37345625 0.7477671875 0.3650796875 0.7428078125 0.3571421875 0.743303125 0.3522921875 0.7462796875 0.349646875 0.751240625
2 0.3456796875 0.7509921875 0.3412703125 0.748759375 0.3430328125 0.74454375 0.3412703125 0.7395828125 0.344796875 0.7321421875 0.3368609375 0.727678125 0.333775 0.7271828125 0.3280421875 0.7291671875 0.325396875 0.74305625 0.32010625 0.7485125 0.3192234375 0.751984375 0.324515625 0.75694375 0.3284828125 0.758184375 0.334215625 0.762153125 0.3408296875 0.7631453125 0.3452375 0.762153125 0.3470015625 0.753471875 0.3456796875 0.7509921875
2 0.354575 0.7387515625 0.3474984375 0.7387515625 0.3474984375 0.743059375 0.354575 0.743059375 0.354575 0.7387515625
2 0.5361546875 0.45858125 0.52821875 0.4499015625 0.5207234375 0.447171875 0.5097 0.4454359375 0.50573125 0.4454359375 0.4973546875 0.44915625 0.49603125 0.4506453125 0.4969140625 0.454365625 0.5 0.46255 0.5035265625 0.466021875 0.50573125 0.466765625 0.53306875 0.466021875 0.536596875 0.464534375 0.5361546875 0.45858125
2 0.221340625 0.6768359375 0.227071875 0.66170625 0.2328046875 0.654265625 0.2336859375 0.650296875 0.2283953125 0.646825 0.2244265625 0.6463296875 0.2129625 0.652034375 0.2050265625 0.6510421875 0.2041453125 0.6537703125 0.208553125 0.6614578125 0.2089953125 0.6661703125 0.2014984375 0.68204375 0.2041453125 0.6879953125 0.208553125 0.6892359375 0.2129625 0.68675625 0.21605 0.681546875 0.221340625 0.6768359375
0 0.23545 0.7946421875 0.2482359375 0.78819375 0.2526453125 0.7844734375 0.2617953125 0.7822421875 0.2716046875 0.782490625 0.27821875 0.7810015625 0.2910046875 0.77430625 0.3015875 0.7703375 0.311728125 0.7693453125 0.3192234375 0.77108125 0.3902109375 0.7646328125 0.396384375 0.765625 0.419753125 0.759671875 0.4232796875 0.759671875 0.4276890625 0.761409375 0.4351859375 0.7609125 0.438271875 0.758928125 0.4589953125 0.7522328125 0.466490625 0.75396875 0.4744265625 0.7529765625 0.5017640625 0.7420640625 0.5074953125 0.7435515625 0.513228125 0.743303125 0.5211640625 0.7400796875 0.5833328125 0.7232140625 0.59435625 0.7170140625 0.604496875 0.7135421875 0.6106703125 0.7140375 0.61375625 0.71329375 0.622134375 0.709078125 0.6261015625 0.7056046875 0.635803125 0.7028765625 0.650353125 0.691715625 0.6538796875 0.6922125 0.661375 0.689484375 0.6631390625 0.6860125 0.6719578125 0.679315625 0.6851859375 0.6743546875 0.6873890625 0.67113125 0.6962078125 0.664434375 0.7010578125 0.662946875 0.708553125 0.6584828125 0.716490625 0.64756875 0.7306 0.6341765625 0.75396875 0.5954859375 0.75485 0.58755 0.7513234375 0.569940625 0.7619046875 0.5689484375 0.7676359375 0.570684375 0.7804234375 0.560515625 0.788359375 0.548859375 0.787478125 0.5446421875 0.7892421875 0.539434375 0.7918875 0.5369546875 0.791446875 0.533234375 0.7985015625 0.5290171875 0.8015875 0.52108125 0.8042328125 0.4962796875 0.801146875 0.4821421875 0.796296875 0.4771828125 0.7945328125 0.4704859375 0.7910046875 0.4709828125 0.7817453125 0.465278125 0.7791 0.460565625 0.774690625 0.459821875 0.7711640625 0.457340625 0.7676359375 0.457340625 0.76366875 0.45386875 0.7597 0.454365625 0.7517640625 0.4508921875 0.7477953125 0.4516375 0.730159375 0.44766875 0.7336859375 0.4397328125 0.7380953125 0.4350203125 0.7380953125 0.4196421875 0.7328046875 0.41170625 0.7244265625 0.40699375 0.701940625 0.4030265625 0.6904765625 0.4045140625 0.680334375 0.400296875 0.6626984375 0.3983140625 0.6335984375 0.3983140625 0.60890625 0.39930625 0.5723109375 0.403521875 0.5489421875 0.4077375 0.5251328125 0.410465625 0.5123453125 0.415675 0.489859375 0.4216265625 0.43474375 0.44444375 0.418871875 0.44915625 0.41049375 0.4541171875 0.3990296875 0.4580859375 0.387565625 0.464534375 0.3738984375 0.4697421875 0.363315625 0.4779265625 0.3258375 0.4942953125 0.3209875 0.5017359375 0.3042328125 0.508928125 0.2892421875 0.5173609375 0.2813046875 0.5275296875 0.2724875 0.533234375 0.2654328125 0.54613125 0.250440625 0.556546875 0.2477953125 0.5602671875 0.241621875 0.564484375 0.24118125 0.5736609375 0.2235453125 0.595734375 0.2239859375 0.6001984375 0.227071875 0.603421875 0.2283953125 0.6076390625 0.2235453125 0.615575 0.217371875 0.622271875 0.2112 0.6264875 0.213403125 0.6341765625 0.206790625 0.6463296875 0.20238125 0.711309375 0.1997359375 0.7192453125 0.212521875 0.7760421875 0.2041453125 0.7946421875 0.1992953125 0.7991078125 0.19753125 0.8102671875 0.202821875 0.8115078125 0.2094359375 0.810515625 0.216490625 0.80704375 0.23545 0.7946421875
0 0.3953125 0 0.3796875 0.0359375 0.38125 0.0546875 0.3765625 0.059375 0.371875 0.1375 0.4390625 0.25625 0.4859375 0.309375 0.5734375 0.353125 0.634375 0.3734375 0.66875 0.3703125 0.7375 0.3109375 0.7484375 0.2828125 0.7515625 0.2453125 0.7453125 0.1359375 0.709375 0.0671875 0.6484375 0.015625 0.6125 0 0.3953125 0
0 0 0 0 0.0125 0.0078125 0.021875 0.009375 0.0953125 0.01875 0.1015625 0.025 0.1390625 0.040625 0.165625 0.125 0.2484375 0.1421875 0.25 0.16875 0.26875 0.290625 0.3109375 0.3484375 0.31875 0.384375 0.33125 0.48125 0.33125 0.4796875 0.3171875 0.46875 0.3171875 0.4625 0.3078125 0.45 0.3046875 0.45 0.296875 0.3921875 0.2375 0.378125 0.209375 0.3671875 0.14375 0.375 0.03125 0.3859375 0 0 0
0 0.765625 0 0.71875 0.05625 0.7140625 0.0671875 0.74375 0.11875 0.7578125 0.1875 0.75 0.3109375 0.771875 0.3109375 0.8203125 0.28125 0.85625 0.271875 0.8890625 0.3296875 0.9984375 0.278125 0.9984375 0 0.765625 0
0 0.93125 0.5609375 0.9984375 0.584375 0.9984375 0.3515625 0.9484375 0.359375 0.903125 0.375 0.875 0.396875 0.875 0.409375 0.8546875 0.421875 0.8140625 0.421875 0.8078125 0.428125 0.8125 0.4578125 0.8796875 0.528125 0.93125 0.5609375
0 0 0.36875 0.06875 0.3921875 0.06875 0.375 0.0890625 0.3203125 0.090625 0.284375 0.08125 0.2640625 0.0828125 0.2453125 0.0625 0.21875 0.0359375 0.2015625 0.0078125 0.19375 0 0.19375 0 0.36875
2 0.21875 0.2421875 0.1953125 0.2375 0.19375 0.246875 0.2 0.253125 0.21875 0.2515625 0.21875 0.2421875
2 0.303125 0.025 0.28125 0.0375 0.2828125 0.05 0.2984375 0.05 0.296875 0.0328125 0.303125 0.025
2 0.3140625 0.096875 0.3 0.1015625 0.296875 0.10625 0.30625 0.1109375 0.3171875 0.1046875 0.3140625 0.096875
2 0 0.3703125 0.015625 0.3703125 0.0234375 0.359375 0.00625 0.3515625 0 0.3515625 0 0.3703125
2 0.421875 0.1 0.425 0.109375 0.4359375 0.1046875 0.43125 0.0953125 0.421875 0.1
2 0.5234375 0.1078125 0.5125 0.1125 0.5109375 0.11875 0.521875 0.1234375 0.5328125 0.1171875 0.5234375 0.1078125
2 0.5625 0.08125 0.55625 0.078125 0.54375 0.0859375 0.540625 0.0953125 0.5484375 0.1 0.5578125 0.0953125 0.5625 0.08125
2 0.5375 0.2953125 0.540625 0.30625 0.55 0.3046875 0.5484375 0.29375 0.5375 0.2953125
2 0.675 0.240625 0.6640625 0.2453125 0.665625 0.25625 0.6765625 0.2578125 0.68125 0.2515625 0.675 0.240625
2 0.475 0.296875 0.471875 0.30625 0.4859375 0.3125 0.484375 0.2953125 0.475 0.296875
2 0.4046875 0.2140625 0.396875 0.2109375 0.3875 0.2109375 0.3875 0.221875 0.4 0.23125 0.4046875 0.2140625
2 0.9421875 0.1078125 0.934375 0.1140625 0.9296875 0.1296875 0.9734375 0.125 0.95625 0.109375 0.9421875 0.1078125
2 0.8828125 0.0625 0.8796875 0.071875 0.8921875 0.0734375 0.8921875 0.0625 0.8828125 0.0625
2 0.9296875 0.534375 0.9359375 0.528125 0.9203125 0.5265625 0.9296875 0.534375
2 0.99375 0.496875 0.990625 0.5046875 0.9984375 0.5109375 0.9984375 0.496875 0.99375 0.496875