2 0.6625879296875 0.25994426953125 0.6618798056640625 0.2497510517578125 0.6577910751953125 0.2424724013671875 0.655855541015625 0.2414885048828125 0.652544197265625 0.2430814482421875 0.650827966796875 0.2474069306640625 0.6513904345703125 0.265096548828125 0.6539301728515625 0.2687626171875 0.6589996962890625 0.2668205869140625 0.6613894755859375 0.2638540927734375 0.6625879296875 0.25994426953125
2 0.73119523828125 0.3867242705078125 0.731041025390625 0.3849497060546875 0.727054654296875 0.3851820185546875 0.7251364482421875 0.3886144560546875 0.7250137705078125 0.395672396484375 0.730417982421875 0.396838078125 0.73119523828125 0.3867242705078125
2 0.669022658203125 0.2241006640625 0.6684773828125 0.2345051357421875 0.6747812314453125 0.2348355068359375 0.6753265068359375 0.22443103515625 0.669022658203125 0.2241006640625
2 0.5832821083984375 0.365726193359375 0.58119809375 0.3581113759765625 0.57841017578125 0.3544338662109375 0.5762512470703125 0.3529954677734375 0.5721264306640625 0.3558694677734375 0.5697698291015625 0.36766698828125 0.569516 0.3725103408203125 0.5708398740234375 0.3756714599609375 0.5757478916015625 0.3768111376953125 0.5824182607421875 0.3727452900390625 0.5832821083984375 0.365726193359375
2 0.57059176171875 0.304573537109375 0.5668996904296875 0.30393725 0.562978328125 0.3077059365234375 0.56172637890625 0.3173536357421875 0.5627575947265625 0.3213818759765625 0.566828998046875 0.3242441923828125 0.571673484375 0.321849138671875 0.573839787109375 0.3184297021484375 0.5735585126953126 0.309585673828125 0.57059176171875 0.304573537109375
2 0.5473314130859375 0.340884072265625 0.5490245830078125 0.3369986103515625 0.54849529296875 0.32814001953125 0.5460708564453125 0.3222738447265625 0.54415846484375 0.3208483671875 0.5426960634765625 0.32033049609375 0.5413417548828126 0.322467232421875 0.538311685546875 0.332904205078125 0.537625111328125 0.341257845703125 0.540211052734375 0.3440423115234375 0.545257515625 0.342540302734375 0.5473314130859375 0.340884072265625
2 0.544674845703125 0.2873200673828125 0.5504855390625 0.2854168798828125 0.5517071357421875 0.2810654755859375 0.550140814453125 0.2730365595703125 0.5454825361328125 0.2719084052734375 0.541984984375 0.277024556640625 0.54206584375 0.284975623046875 0.544674845703125 0.2873200673828125
2 0.522431126953125 0.337371390625 0.523560400390625 0.3347816298828125 0.5232719140625 0.330792314453125 0.5188370302734375 0.330118662109375 0.5181735986328125 0.3380307216796875 0.522431126953125 0.337371390625
2 0.4970852490234375 0.5793217861328125 0.4928969833984375 0.578659494140625 0.4900802734375 0.5802783603515625 0.488433224609375 0.583283779296875 0.4881433095703125 0.598279783203125 0.4889726318359375 0.60141341796875 0.4930051240234375 0.6003010634765625 0.495171427734375 0.5968816279296875 0.499082671875 0.5838418935546875 0.4970852490234375 0.5793217861328125
2 0.50417243359375 0.406174158203125 0.50308928125 0.4078838759765625 0.503129669921875 0.411860189453125 0.5064583427734375 0.414683580078125 0.511054732421875 0.4122755244140625 0.5110836064453125 0.4069775869140625 0.5092173359375 0.4046720673828125 0.5067641064453124 0.4041022685546875 0.50417243359375 0.406174158203125
2 0.5635507802734375 0.4768395625 0.562203763671875 0.474120025390625 0.560718302734375 0.47404217578125 0.5540941357421875 0.4772264208984375 0.55827519140625 0.48274342578125 0.56232918359375 0.4811909677734375 0.5635507802734375 0.4768395625
2 0.579229408203125 0.68473409375 0.5737574931640625 0.6848901171875 0.572041263671875 0.689215599609375 0.5732110068359375 0.690600591796875 0.5789293759765625 0.6904590498046875 0.5797197880859375 0.689618013671875 0.579229408203125 0.68473409375
2 0.545829982421875 0.5827588486328125 0.5446156787109375 0.58225398046875 0.5407332265625 0.589997337890625 0.5430941318359375 0.59232878125 0.54485075 0.591979611328125 0.5471323564453126 0.5863600703125 0.545829982421875 0.5827588486328125
2 0.6289533564453125 0.5390492880859376 0.6285890498046875 0.546000685546875 0.63170196484375 0.5461638271484375 0.6320662724609375 0.5392124287109376 0.6289533564453125 0.5390492880859376
0 0.5574111669921875 0.257522361328125 0.545959759765625 0.2675195537109375 0.541796115234375 0.266417322265625 0.533811826171875 0.2765962197265625 0.52806740625 0.2961630205078125 0.5241906865234375 0.2990500224609375 0.51983501953125 0.3063289150390625 0.51247242578125 0.3236031982421875 0.5080434052734375 0.3370585908203125 0.5023565712890625 0.346032638671875 0.493103134765625 0.3804283017578125 0.4893821884765625 0.385089951171875 0.4868079248046875 0.3915766142578125 0.4821162216796875 0.414731552734375 0.4799327216796875 0.4327200546875 0.476250603515625 0.441357935546875 0.4736675361328125 0.471687751953125 0.47149558203125 0.479961982421875 0.4700360546875 0.51255839453125 0.46719485546875 0.533602599609375 0.4675092255859375 0.5512792158203125 0.4651930126953125 0.5670530498046875 0.464356529296875 0.587761087890625 0.465282478515625 0.6032620419921875 0.462951810546875 0.64773382421875 0.4596778662109375 0.6722883173828125 0.449566314453125 0.7088467216796875 0.4489028828125 0.71675878125 0.4518292451171875 0.7177946044921875 0.459669275390625 0.715115310546875 0.477299078125 0.7151567900390625 0.4889235859375 0.7113505791015625 0.504596435546875 0.7108467041015625 0.510160591796875 0.7089305966796875 0.522833513671875 0.69458355859375 0.5255578994140625 0.694726337890625 0.5279188046875 0.6970577802734375 0.5289038994140625 0.7019660634765625 0.5276347529296875 0.7261828291015625 0.528883712890625 0.7355203671875 0.5325931943359375 0.7405714287109375 0.593467138671875 0.6974028505859375 0.6468545810546875 0.6454507353515625 0.667586705078125 0.6147483818359375 0.67007601953125 0.605165529296875 0.6746335810546875 0.5987812421875 0.68402247265625 0.58072912890625 0.688004541015625 0.5663678525390625 0.69723348828125 0.551397529296875 0.6990938955078125 0.53957400390625 0.71263795703125 0.5133515966796875 0.71192401953125 0.508016294921875 0.7209928896484376 0.477142361328125 0.7201247392578125 0.470032494140625 0.7241917568359375 0.4587674072265625 0.7258906591796875 0.4500255908203125 0.725990275390625 0.443407671875 0.7245336064453125 0.4380334453125 0.7253974541015625 0.4310143486328125 0.7296492021484375 0.4162244111328125 0.7307006044921875 0.3866983486328125 0.731876080078125 0.3832269853515625 0.7319567265625 0.3721942109375 0.7337783056640625 0.356394455078125 0.7330413076171876 0.3514991748046875 0.730795787109375 0.3469660654296875 0.732611634765625 0.3360226650390625 0.7329173173828125 0.3254429140625 0.7302505986328125 0.3147058212890625 0.731144798828125 0.3023904296875 0.7273790791015625 0.2889483623046875 0.7289064404296876 0.274015646484375 0.7245465517578125 0.2671640146484375 0.7254595107421875 0.240279638671875 0.7228101201171875 0.233958880859375 0.7217169326171875 0.226395990234375 0.72795168359375 0.1927261484375 0.7283439580078125 0.1852411083984375 0.7299678642578125 0.1826772705078125 0.7312587236328125 0.1770042421875 0.7314490224609375 0.1686261572265625 0.7307755546875 0.1672656083984375 0.72511907421875 0.170943361328125 0.7215308408203125 0.1778196787109375 0.7128234638671875 0.18913729296875 0.681316849609375 0.210591203125 0.6752349169921875 0.212922970703125 0.664562408203125 0.2128048779296875 0.657395845703125 0.2168447197265625 0.65390566796875 0.217103037109375 0.650352041015625 0.2138250625 0.64616525390625 0.2131644130859375 0.634673458984375 0.2191852919921875 0.626252203125 0.218743953125 0.622196568359375 0.2202978896484375 0.6095293798828125 0.229788572265625 0.5977275986328126 0.2322602392578125 0.562480689453125 0.255580330078125 0.5574111669921875 0.257522361328125