2 0.7279546875 0.4481640625 0.73545 0.444196875 0.7663140625 0.4486609375 0.7795421875 0.4481640625 0.786596875 0.4446921875 0.792328125 0.434771875 0.806878125 0.4236109375 0.8037921875 0.4141859375 0.7949734375 0.408978125 0.787478125 0.4067453125 0.76851875 0.4087296875 0.7579359375 0.4079859375 0.7477953125 0.4112109375 0.73941875 0.4119546875 0.7244265625 0.4174109375 0.7129625 0.419890625 0.7107578125 0.4213796875 0.6957671875 0.4236109375 0.67989375 0.4303078125 0.673721875 0.4342765625 0.6723984375 0.4379953125 0.664903125 0.4466765625 0.6644625 0.455109375 0.666225 0.4568453125 0.6772484375 0.46329375 0.689153125 0.465278125 0.7010578125 0.4642859375 0.7156078125 0.459078125 0.7239859375 0.4533734375 0.7279546875 0.4481640625
2 0.612875 0.412203125 0.6115515625 0.4079859375 0.603175 0.4030265625 0.5921515625 0.3998015625 0.5855375 0.3990578125 0.576278125 0.3998015625 0.5643734375 0.40699375 0.561728125 0.410465625 0.5626109375 0.4154265625 0.5679015625 0.4221234375 0.579365625 0.4268359375 0.583775 0.4265875 0.5912703125 0.4241078125 0.599646875 0.41790625 0.608465625 0.415178125 0.612875 0.412203125
2 0.5299828125 0.415178125 0.5299828125 0.4171625 0.53306875 0.4188984375 0.5410046875 0.4188984375 0.54276875 0.417659375 0.543209375 0.415921875 0.5392421875 0.4139390625 0.533509375 0.413690625 0.5299828125 0.415178125
2 0.5921515625 0.5369546875 0.5877421875 0.5317453125 0.5824515625 0.5290171875 0.57186875 0.5267859375 0.5626109375 0.530009375 0.55246875 0.53745 0.551146875 0.5411703125 0.5542328125 0.5466265625 0.5674609375 0.55704375 0.5723109375 0.558284375 0.581128125 0.5553078125 0.588625 0.548859375 0.5925921875 0.5419140625 0.5921515625 0.5369546875
2 0.7561734375 0.544146875 0.7623453125 0.5362109375 0.76455 0.534721875 0.7676359375 0.53521875 0.7694 0.533234375 0.7619046875 0.529265625 0.7482359375 0.52728125 0.731921875 0.527034375 0.7244265625 0.529265625 0.7248671875 0.533234375 0.7226625 0.5369546875 0.7239859375 0.5421625 0.7283953125 0.548115625 0.735890625 0.55084375 0.7438265625 0.55084375 0.7486765625 0.548859375 0.7561734375 0.544146875
2 0.9581125 0.587796875 0.9651671875 0.5838296875 0.97178125 0.5756453125 0.9735453125 0.56795625 0.9678125 0.559028125 0.9581125 0.551090625 0.9532625 0.5500984375 0.93783125 0.5505953125 0.930334375 0.55233125 0.920634375 0.5572921875 0.914903125 0.5634921875 0.91534375 0.568453125 0.9179890625 0.571925 0.9175484375 0.580109375 0.92019375 0.5845734375 0.925484375 0.587796875 0.9373890625 0.58978125 0.947090625 0.58978125 0.9581125 0.587796875
2 0.8990296875 0.5786203125 0.8981484375 0.5828375 0.900353125 0.58506875 0.906084375 0.5858140625 0.910934375 0.584325 0.9135796875 0.580109375 0.911375 0.57738125 0.9029984375 0.576884375 0.8990296875 0.5786203125
2 0.9984375 0.6919640625 0.9984375 0.6768359375 0.9929453125 0.6741078125 0.9889765625 0.665921875 0.9744265625 0.6612109375 0.958553125 0.6609625 0.947090625 0.665178125 0.9387125 0.6810515625 0.938271875 0.685515625 0.9435625 0.689484375 0.963403125 0.6939484375 0.98148125 0.699653125 0.98633125 0.7001484375 0.989859375 0.698909375 0.9973546875 0.6922125 0.9984375 0.6919640625
2 0.5537921875 0.61954375 0.5498234375 0.6150796875 0.5370375 0.608134375 0.5220453125 0.606646875 0.514990625 0.6071421875 0.5070546875 0.610615625 0.4977953125 0.611359375 0.489859375 0.615328125 0.4889765625 0.6192953125 0.5035265625 0.6240078125 0.523809375 0.6388890625 0.5304234375 0.6403765625 0.533509375 0.6403765625 0.5445328125 0.633928125 0.5542328125 0.6232640625 0.5537921875 0.61954375
2 0.4559078125 0.6056546875 0.4550265625 0.602678125 0.4457671875 0.5967265625 0.4338625 0.586309375 0.4268078125 0.57738125 0.4232796875 0.576884375 0.4166671875 0.584325 0.41534375 0.591765625 0.4193125 0.59920625 0.4351859375 0.6091265625 0.439153125 0.6103671875 0.44753125 0.6108625 0.4550265625 0.6076390625 0.458553125 0.607390625 0.4559078125 0.6056546875
2 0.2473546875 0.5602671875 0.235009375 0.5629953125 0.2341265625 0.5649796875 0.2389765625 0.5682046875 0.2597 0.57266875 0.26366875 0.5729171875 0.2658734375 0.571925 0.268959375 0.5642359375 0.264990625 0.560515625 0.2473546875 0.5602671875
2 0.1962078125 0.626240625 0.19444375 0.6279765625 0.194003125 0.6307046875 0.197090625 0.633184375 0.2063484375 0.6349203125 0.2129625 0.634671875 0.213403125 0.6302078125 0.208553125 0.626984375 0.1997359375 0.62574375 0.1962078125 0.626240625
2 0.622134375 0.7318953125 0.61684375 0.7234625 0.6097890625 0.7170140625 0.599646875 0.712796875 0.5912703125 0.71180625 0.583775 0.7142859375 0.5776015625 0.7170140625 0.5740734375 0.721478125 0.5731921875 0.724703125 0.5758375 0.7286703125 0.583775 0.7326390625 0.5912703125 0.73834375 0.594796875 0.7390875 0.6111109375 0.738590625 0.6208109375 0.7353671875 0.622134375 0.7318953125
0 0.477071875 0.616071875 0.4823640625 0.6185515625 0.48633125 0.617559375 0.494709375 0.6220234375 0.5079359375 0.62574375 0.5211640625 0.6369046875 0.5273375 0.6388890625 0.5299828125 0.6423609375 0.541446875 0.649553125 0.5502640625 0.6537703125 0.560846875 0.6564984375 0.5679015625 0.6626984375 0.5820109375 0.669890625 0.5912703125 0.6728671875 0.5956796875 0.6755953125 0.6067015625 0.678571875 0.6159609375 0.6830359375 0.641975 0.6892359375 0.661375 0.6974203125 0.673721875 0.701140625 0.6807765625 0.7021328125 0.6887125 0.701884375 0.69268125 0.7028765625 0.6966484375 0.705109375 0.73148125 0.7165171875 0.7438265625 0.71875 0.7482359375 0.7185015625 0.7517640625 0.7197421875 0.75881875 0.71875 0.7945328125 0.730159375 0.798059375 0.7294140625 0.815696875 0.7326390625 0.830246875 0.7326390625 0.8377421875 0.73511875 0.852734375 0.7373515625 0.8747796875 0.7390875 0.91049375 0.746528125 0.923721875 0.74603125 0.9325390625 0.7428078125 0.9462078125 0.7452875 0.9779546875 0.747271875 0.986771875 0.7470234375 0.9938265625 0.7452875 0.9973546875 0.741815625 0.9984375 0.74131875 0.9984375 0.5327375 0.9969140625 0.5295140625 0.9973546875 0.519840625 0.9984375 0.51959375 0.9984375 0.4923109375 0.9973546875 0.491815625 0.9973546875 0.4880953125 0.9984375 0.4873515625 0.9984375 0.4858625 0.9973546875 0.4853671875 0.9964734375 0.4751984375 0.9964734375 0.4662703125 0.9984375 0.4635421875 0.9964734375 0.45858125 0.9984375 0.455109375 0.9973546875 0.4533734375 0.9973546875 0.4494046875 0.9984375 0.448909375 0.9984375 0.4077375 0.9973546875 0.4045140625 0.9964734375 0.3797125 0.9973546875 0.372271875 0.9984375 0.3717765625 0.9984375 0.35540625 0.98633125 0.350446875 0.981040625 0.3516859375 0.9783953125 0.3509421875 0.9435625 0.35391875 0.92019375 0.357390625 0.9135796875 0.356646875 0.8999125 0.3571421875 0.84435625 0.3640875 0.805996875 0.365328125 0.7989421875 0.3665671875 0.7896828125 0.3665671875 0.78306875 0.3650796875 0.777778125 0.366071875 0.774690625 0.3650796875 0.7658734375 0.3678078125 0.750440625 0.3705359375 0.7006171875 0.3754953125 0.673721875 0.3764875 0.6261015625 0.3856640625 0.6058203125 0.3883921875 0.5952375 0.3921125 0.583775 0.3923609375 0.5806875 0.39459375 0.57186875 0.3953375 0.5679015625 0.3970734375 0.56040625 0.3970734375 0.524690625 0.4064984375 0.5163140625 0.409721875 0.513228125 0.41245 0.5097 0.41245 0.5035265625 0.41493125 0.4977953125 0.4201390625 0.4885359375 0.4213796875 0.4709 0.4298109375 0.46605 0.4310515625 0.4409171875 0.44444375 0.4356265625 0.451884375 0.424603125 0.4608140625 0.41534375 0.4744546875 0.4241625 0.4880953125 0.4276890625 0.4888390625 0.4338625 0.4935515625 0.433421875 0.4982640625 0.4215171875 0.49925625 0.4179890625 0.502728125 0.4029984375 0.509671875 0.401234375 0.5138890625 0.396384375 0.5153765625 0.392415625 0.5188484375 0.3937390625 0.528521875 0.4078484375 0.552828125 0.443121875 0.59449375 0.447971875 0.595734375 0.45238125 0.6001984375 0.46693125 0.6076390625 0.4704578125 0.6123515625 0.477071875 0.616071875
0 0.513228125 0.991815625 0.5176359375 0.990575 0.5343921875 0.969990625 0.5436515625 0.9615578125 0.5599640625 0.962796875 0.5683421875 0.9588296875 0.5758375 0.9528765625 0.583775 0.9419640625 0.5868609375 0.9325390625 0.5952375 0.919890625 0.5970015625 0.9109625 0.60890625 0.9112109375 0.6106703125 0.912203125 0.619046875 0.9119546875 0.62830625 0.897321875 0.6296296875 0.887153125 0.627865625 0.8802078125 0.641534375 0.8732640625 0.6388890625 0.853421875 0.635803125 0.847221875 0.641534375 0.8447421875 0.6529984375 0.8432546875 0.6569671875 0.8380453125 0.6574078125 0.83358125 0.6543203125 0.821925 0.6494703125 0.8149796875 0.6494703125 0.8127484375 0.6574078125 0.8072921875 0.6618171875 0.80704375 0.6644625 0.8033234375 0.6618171875 0.790675 0.656084375 0.7862109375 0.65564375 0.782490625 0.6529984375 0.779265625 0.6529984375 0.775296875 0.6582890625 0.77430625 0.661375 0.7720734375 0.6618171875 0.7673609375 0.651675 0.751240625 0.650353125 0.7497515625 0.64594375 0.7485125 0.646384375 0.746528125 0.6534390625 0.743303125 0.656525 0.7400796875 0.6525578125 0.732390625 0.642415625 0.722221875 0.641534375 0.7197421875 0.6437390625 0.716765625 0.642415625 0.71478125 0.6291890625 0.709325 0.622134375 0.699653125 0.623015625 0.69295625 0.6194890625 0.6877484375 0.612875 0.6860125 0.6067015625 0.6813 0.603615625 0.6810515625 0.5767203125 0.6703875 0.5599640625 0.6592265625 0.548059375 0.6552578125 0.52821875 0.644096875 0.5030859375 0.6254953125 0.4775125 0.6173109375 0.466490625 0.612103125 0.4365078125 0.5900296875 0.428571875 0.580109375 0.4171078125 0.5696921875 0.4126984375 0.566715625 0.4047625 0.5647328125 0.400353125 0.560515625 0.391975 0.55555625 0.373015625 0.5500984375 0.36860625 0.5463796875 0.3465609375 0.5389390625 0.333775 0.53670625 0.3258375 0.5369546875 0.3112875 0.540921875 0.307759375 0.54290625 0.2945328125 0.5451390625 0.2857140625 0.5478671875 0.283509375 0.550346875 0.2779984375 0.5515875 0.0127859375 0.5731640625 0.00573125 0.5744046875 0.0030859375 0.5865578125 0.0030859375 0.978421875 0.0070546875 0.990575 0.0123453125 0.99603125 0.018078125 0.9984375 0.5026453125 0.9984375 0.5026453125 0.998015625 0.5123453125 0.9935515625 0.513228125 0.991815625
0 0.4046875 0 0.3453125 0.0328125 0.3390625 0.0453125 0.2953125 0.0765625 0.2484375 0.125 0.21875 0.165625 0.2171875 0.1796875 0.2078125 0.1859375 0.1953125 0.23125 0.1953125 0.26875 0.2078125 0.3109375 0.2515625 0.3796875 0.275 0.4046875 0.3125 0.428125 0.3375 0.4296875 0.3453125 0.4234375 0.3609375 0.4390625 0.396875 0.4359375 0.43125 0.421875 0.4859375 0.390625 0.55 0.33125 0.6171875 0.1953125 0.6453125 0.1578125 0.6453125 0.146875 0.6578125 0.1265625 0.6703125 0.028125 0.68125 0.015625 0.66875 0.0015625 0.53125 0 0.521875 0.021875 0.4859375 0.0296875 0.4703125 0.0234375 0.446875 0 0.4046875 0
0 0.065625 0 0.0578125 0.0171875 0.059375 0.0296875 0.0515625 0.0453125 0.2 0.171875 0.215625 0.1703125 0.2671875 0.09375 0.2875 0.0796875 0.2890625 0.071875 0.271875 0.05625 0.2421875 0.0515625 0.225 0.0140625 0.2328125 0 0.065625 0
0 0.1921875 0.3875 0.2078125 0.3890625 0.2234375 0.3484375 0.1984375 0.3015625 0.1890625 0.253125 0.1953125 0.196875 0.2015625 0.184375 0.196875 0.1765625 0.1828125 0.184375 0.165625 0.165625 0.15625 0.1734375 0.078125 0.1203125 0.075 0.1078125 0.084375 0.090625 0.003125 0.040625 0 0.265625 0.1421875 0.3578125 0.1703125 0.365625 0.1921875 0.3875
2 0.521875 0.01875 0.525 0 0.4546875 0.003125 0.475 0.0234375 0.5140625 0.0265625 0.521875 0.01875
2 0.29375 0.0484375 0.28125 0.053125 0.29375 0.071875 0.3171875 0.0578125 0.3125 0.0515625 0.29375 0.0484375
2 0.0921875 0.04375 0.0875 0.0546875 0.0984375 0.0609375 0.1 0.046875 0.0921875 0.04375
2 0.11875 0.1765625 0.1328125 0.1921875 0.1546875 0.1890625 0.16875 0.178125 0.15625 0.1578125 0.1234375 0.15 0.1015625 0.1265625 0.0765625 0.1203125 0.0578125 0.13125 0.0546875 0.1484375 0.0625 0.159375 0.0890625 0.171875 0.11875 0.1765625
2 0.34375 0.009375 0.3484375 0 0.325 0.003125 0.33125 0.003125 0.334375 0.0109375 0.34375 0.009375
2 0.91875 0.7359375 0.91875 0.746875 0.9484375 0.74375 0.9421875 0.7328125 0.91875 0.7359375