0 0.5407615283203125 0 0.48277963671875 0.016327521484375 0.45293968359375 0.0338088291015625 0.4122613115234375 0.07082786328125 0.407602564453125 0.0833189326171875 0.40221912109375 0.08750876171875 0.4030602021484375 0.0911524462890625 0.400155013671875 0.099771259765625 0.3732311640625 0.1207162802734375 0.369368509765625 0.130348962890625 0.368504134765625 0.144366703125 0.35422972265625 0.1604862021484375 0.342491298828125 0.199622259765625 0.3359887431640625 0.202978328125 0.3280214404296875 0.219477697265625 0.3290238955078125 0.2249658994140625 0.325692044921875 0.2466356240234375 0.32142588671875 0.251656236328125 0.319361779296875 0.2639187353515625 0.290974560546875 0.3398301474609375 0.2883907001953125 0.3521396875 0.2908008076171875 0.36772958203125 0.2768601962890625 0.399622197265625 0.274023248046875 0.4389064423828125 0.260636599609375 0.4651731181640625 0.2450029111328125 0.4776958369140625 0.2433299716796875 0.482489572265625 0.233714306640625 0.486118001953125 0.2316844091796875 0.4928016025390625 0.2328143017578125 0.5057163330078125 0.2407242373046875 0.51245884375 0.262804671875 0.51982180078125 0.2822437841796875 0.5209098359375 0.3309580234375 0.5817111015625 0.335039513671875 0.5925073974609375 0.34777906640625 0.6006875751953125 0.3623421103515625 0.635662349609375 0.377041720703125 0.648318416015625 0.3820466044921875 0.6636812978515625 0.3866805009765625 0.6688517900390625 0.41255375 0.677741552734375 0.4156793310546875 0.68955158203125 0.42091387109375 0.6955996259765626 0.4340926943359375 0.7028128388671875 0.4478237861328125 0.704398693359375 0.4520217978515625 0.710538990234375 0.4518246572265625 0.7142735078125 0.459297015625 0.721984404296875 0.4842018837890625 0.7198055107421875 0.4979796572265625 0.72789485546875 0.5105128466796875 0.7277284453125 0.5183421630859375 0.7335494765625 0.52768148828125 0.7327323916015624 0.5396496630859375 0.726107837890625 0.5494374814453125 0.73640489453125 0.560772630859375 0.7344846640625 0.57932398046875 0.725425521484375 0.597484298828125 0.7238367001953125 0.6083336328125 0.7163814990234375 0.6264939501953125 0.7147926767578126 0.6410911103515625 0.7023622109375 0.660483677734375 0.6969483115234375 0.6995712861328125 0.66564435546875 0.7163131728515625 0.64187287109375 0.729319568359375 0.6351574853515625 0.7431904765625 0.614425916015625 0.75083503125 0.594237513671875 0.7634721328125 0.5773311591796875 0.7635869619140625 0.572673740234375 0.7703671416015625 0.566503078125 0.778207416015625 0.5425818505859376 0.783431041015625 0.5365473681640625 0.7852980078125 0.5280193876953125 0.7904410146484375 0.52106342578125 0.816649296875 0.4620719296875 0.83520224609375 0.4111878671875 0.8586901875 0.3031750498046875 0.8586327255859375 0.284590587890625 0.853121888671875 0.2395291044921875 0.8441393857421875 0.238454767578125 0.8403000244140625 0.230426025390625 0.8435279619140625 0.22549624609375 0.83925088671875 0.21843433203125 0.8382018857421875 0.2064441953125 0.82164457421875 0.1725724296875 0.817010677734375 0.1674019375 0.812848431640625 0.15568260546875 0.7621400615234375 0.0959859052734375 0.6589589384765625 0.01020857421875 0.6196949375 0 0.5407615283203125 0
2 0.46942000390625 0.6644017578125 0.467795208984375 0.6338725078125 0.465996525390625 0.631241134765625 0.4531871328125 0.634220447265625 0.447525794921875 0.6412217568359375 0.4474326611328125 0.670042671875 0.4541090634765625 0.680613509765625 0.4583394560546875 0.681171931640625 0.46942000390625 0.6644017578125
2 0.7241546796875 0.5342972685546875 0.7184467958984375 0.5347966435546875 0.715380369140625 0.5415724970703125 0.7202688671875 0.5615929326171875 0.7235433505859376 0.563165087890625 0.731752783203125 0.5494332724609375 0.7294699765625 0.541268349609375 0.7241546796875 0.5342972685546875
2 0.3480705224609375 0.4008266416015625 0.33997591796875 0.4099010390625 0.339986697265625 0.4219820087890625 0.348495857421875 0.4296037646484375 0.3569598916015625 0.430721892578125 0.3631395634765625 0.423675234375 0.358527267578125 0.4008418974609375 0.3480705224609375 0.4008266416015625
2 0.5345588916015624 0.195830537109375 0.5379141298828125 0.1983257294921875 0.545017193359375 0.19584565625 0.5463316181640625 0.192941921875 0.544244259765625 0.1810410615234375 0.536253568359375 0.173375513671875 0.530107970703125 0.174841716796875 0.52835596875 0.1787138359375 0.5290822216796875 0.187014939453125 0.5345588916015624 0.195830537109375
2 0.47299840625 0.3527194599609375 0.4771838095703125 0.346775810546875 0.476861060546875 0.3430867763671875 0.4726647412109375 0.3369478994140625 0.466956857421875 0.337447275390625 0.46520471875 0.341317837890625 0.4658503525390625 0.3486974609375 0.468847076171875 0.353082654296875 0.47299840625 0.3527194599609375
2 0.6421648603515625 0.5293885361328124 0.640920138671875 0.5211312236328125 0.6380026142578125 0.5176692041015625 0.634012658203125 0.5198769150390625 0.6311074697265625 0.528495728515625 0.632029306640625 0.5330624501953125 0.6353845439453125 0.5355576416015625 0.6410118095703125 0.534136787109375 0.6421648603515625 0.5293885361328124
2 0.789737826171875 0.4532729990234375 0.7779667919921875 0.45616303515625 0.7786122890625 0.4635411015625 0.7879284560546875 0.480386998046875 0.794949208984375 0.4769840244140625 0.797497439453125 0.470255076171875 0.796690431640625 0.461030935546875 0.789737826171875 0.4532729990234375
2 0.8101933720703125 0.3882803642578125 0.8181375166015625 0.3894439765625 0.8196025361328125 0.3763037900390625 0.8161666796875 0.3728871181640625 0.8087066572265625 0.3772570556640625 0.8077149814453125 0.3838498232421875 0.8101933720703125 0.3882803642578125
2 0.763197197265625 0.329188990234375 0.7689050810546875 0.328689615234375 0.770219505859375 0.325785880859375 0.76861640625 0.319420126953125 0.7606722607421875 0.3182565146484375 0.760718806640625 0.32475844921875 0.763197197265625 0.329188990234375
2 0.801224794921875 0.2319860302734375 0.8075317666015625 0.23236434375 0.8087996455078125 0.222958673828125 0.8078311279296875 0.2118884609375 0.8008336689453125 0.1976300087890625 0.7966823388671875 0.197993203125 0.7903862822265625 0.209697416015625 0.7862365087890625 0.210060474609375 0.7865592578125 0.2137495078125 0.801224794921875 0.2319860302734375
2 0.796395126953125 0.1468972373046875 0.792842884765625 0.1481381201171875 0.7924160869140625 0.161187474609375 0.7949767890625 0.166540916015625 0.8029550078125 0.16212407421875 0.804707146484375 0.15825351171875 0.8031056025390625 0.15188762109375 0.796395126953125 0.1468972373046875
2 0.428494369140625 0.184661857421875 0.43540029296875 0.1859163017578125 0.4376723203125 0.1820002548828125 0.434109162109375 0.171158611328125 0.4294751298828125 0.1659865625 0.4250925859375 0.17566473046875 0.428494369140625 0.184661857421875
0 0 0.521830470703125 0.03498955859375 0.921762953125 0.0407781982421875 0.922186615234375 0.05816558203125 0.905793197265625 0.06231535546875 0.9054301396484375 0.077028900390625 0.888342119140625 0.1938989921875 0.6764232421875 0.193414869140625 0.67088969140625 0.1870613515625 0.664009443359375 0.1395236435546875 0.66445118359375 0.1342891025390625 0.658403138671875 0.1190353935546875 0.651371455078125 0.11731746484375 0.649663119140625 0.1204988564453125 0.6382314033203125 0.1197726044921875 0.6299302998046875 0.10079436328125 0.610212455078125 0.0517123857421875 0.539220083984375 0.051228126953125 0.5336849775390625 0.032653525390625 0.518580759765625 0.0274080693359375 0.5004501884765625 0.01087414453125 0.49074333984375 0.00293 0.4895797275390625 0 0.4898360693359375 0 0.521830470703125
2 0.06363137890625 0.860701484375 0.07133339453125 0.85909754296875 0.078309158203125 0.8491924990234375 0.0817683095703125 0.83494774609375 0.0809613017578125 0.82572360546875 0.07916275390625 0.8230937900390625 0.0714606015625 0.824696173828125 0.0605290927734375 0.83123003125 0.0610706767578125 0.85534804296875 0.06363137890625 0.860701484375
2 0.0045658037109375 0.574017845703125 0.0223676064453125 0.5743190244140625 0.027903201171875 0.5598926064453125 0.0244548720703125 0.544393544921875 0.012314271484375 0.5370894990234375 0.0014183916015625 0.5380427646484375 0.0045658037109375 0.574017845703125
2 0.0453480458984375 0.562083650390625 0.0587565263671875 0.55998202734375 0.0623770517578125 0.547581791015625 0.0548595673828125 0.533367267578125 0.040920419921875 0.5234334052734375 0.0429488544921875 0.5585762822265625 0.0453480458984375 0.562083650390625
2 0.172799412109375 0.69221133203125 0.16569634765625 0.6946914052734375 0.164751353515625 0.7077876650390625 0.16742519140625 0.708482267578125 0.175715515625 0.695675044921875 0.172799412109375 0.69221133203125
0 0.52183046875 1 0.6629142138671875 0.987656771484375 0.665023173828125 0.9818947880859376 0.680151138671875 0.9815013642578125 0.6838058740234375 0.9635222294921875 0.682756736328125 0.9515305361328125 0.685489634765625 0.9289846796875 0.683287447265625 0.921741236328125 0.6839687529296875 0.881715484375 0.67887219921875 0.8533470400390625 0.6751942119140625 0.8471628154296875 0.67201286328125 0.81676974609375 0.6620045166015625 0.786042291015625 0.656886361328125 0.77533669140625 0.654210966796875 0.7746422255859375 0.65018684375 0.7406040498046875 0.66677969140625 0.7270688828125 0.67028383203125 0.719326201171875 0.6688313271484375 0.702723994140625 0.640617767578125 0.708909630859375 0.62593998828125 0.7204186162109375 0.6114932861328125 0.722611072265625 0.5941399765625 0.7334240341796875 0.573225064453125 0.733395216796875 0.5585813583984375 0.7393237470703125 0.5289260732421875 0.740988146484375 0.4841662529296875 0.7253861015625 0.4664450693359375 0.72600640234375 0.455145685546875 0.7223475986328125 0.4493928125 0.71634490234375 0.4466707353515625 0.7091469443359375 0.3700550419921875 0.6461409345703125 0.3588364140625 0.6434051669921875 0.3290648876953125 0.775204587890625 0.3358886875 0.8591888154296875 0.3405816015625 0.8829436328125 0.3415966650390625 0.90051578125 0.3557189765625 0.9782839970703125 0.3628328203125 0.98788489453125 0.365471392578125 1 0.52183046875 1
2 0.6550878134765625 0.7727068759765625 0.6551559609375 0.7615459658203125 0.6525161953125 0.755270908203125 0.6381379140625 0.7463055673828125 0.6257660986328125 0.748316494140625 0.6259399453125 0.762243400390625 0.63645415234375 0.7808431171875 0.64543651953125 0.7819158974609375 0.6550878134765625 0.7727068759765625
2 0.6745160107421875 0.761712384765625 0.6706998076171875 0.7360206611328125 0.6676207724609375 0.730712568359375 0.6539687431640625 0.7300483310546875 0.65177902734375 0.7348872783203125 0.65199786328125 0.755316255859375 0.661509478515625 0.7684262138671875 0.6672981181640625 0.7688498759765625 0.6745160107421875 0.761712384765625
2 0.6920851884765625 0.8968061396484375 0.6967548515625 0.89639759765625 0.69359666015625 0.848341546875 0.6902756318359375 0.8402674560546874 0.68017584375 0.8383623359375 0.6805901279296875 0.8550553759765624 0.6920851884765625 0.8968061396484375
2 0.5375145341796875 0.9168353271484375 0.5347241748046875 0.92079672265625 0.5356119375 0.9309438994140625 0.5396468818359375 0.935238259765625 0.546391431640625 0.9346481875 0.5491816552734375 0.930685236328125 0.54597701171875 0.917953591796875 0.5375145341796875 0.9168353271484375
2 0.6531605107421875 0.9299544755859375 0.6494933037109375 0.935851220703125 0.6496206044921875 0.9432761923828125 0.65321797265625 0.9485389375 0.659444189453125 0.9479942138671875 0.659431716796875 0.93591182421875 0.6567919521484376 0.929636765625 0.6531605107421875 0.9299544755859375
2 0.3908290078125 0.9194438017578125 0.3971359794921875 0.919822115234375 0.40004116796875 0.9112033017578125 0.3984736982421875 0.8992569560546875 0.3947957119140625 0.89307273046875 0.3879005673828125 0.903899255859375 0.3908290078125 0.9194438017578125
2 0.546219099609375 0.9625459296875 0.544707669921875 0.96918573828125 0.547994625 0.982840283203125 0.5535394423828125 0.980494970703125 0.5495743369140625 0.96504112109375 0.546219099609375 0.9625459296875
0 1 0.51495212109375 0.9833503037109375 0.3416456591796875 0.9251749716796875 0.268311916015625 0.903169416015625 0.2498470625 0.8860473203125 0.2513450517578125 0.864877900390625 0.2782926318359375 0.8412558134765625 0.40269983984375 0.81740087890625 0.470662552734375 0.7430348427734375 0.6246047763671875 0.686959376953125 0.6828386728515625 0.6817640419921875 0.713094107421875 0.6855771064453124 0.756677625 0.7054228193359375 0.786310720703125 0.72458762890625 0.8081610439453125 0.7460484609375 0.820399681640625 0.7585785107421875 0.8381250654296875 0.8063060185546875 0.8637503515625 0.8136802470703125 0.8583997841796875 0.8148092080078125 0.81752083203125 0.8396364599609375 0.796527107421875 0.8709813408203125 0.8141748759765625 0.9070735 0.85022893359375 0.9256159697265625 0.847038208984375 0.965055498046875 0.8137867958984375 1 0.7440270537109375 1 0.51495212109375
2 0.9299166044921875 0.7886286181640625 0.9343915205078125 0.803921798828125 0.945287400390625 0.8029685322265625 0.947174880859375 0.7886871826171875 0.9401315791015625 0.7798925810546875 0.9299166044921875 0.7886286181640625
2 0.9430689931640625 0.83139505078125 0.9348776796875 0.82740629296875 0.925207427734375 0.842368546875 0.9318421865234375 0.8464934853515625 0.9430689931640625 0.83139505078125
2 0.9659353828125 0.4294350341796875 0.9725115771484375 0.4508182509765625 0.9894974931640625 0.4477637080078125 0.9899646005859375 0.4351750927734375 0.9827851171875 0.4248239365234375 0.9659353828125 0.4294350341796875
0 0.69598400390625 0.9831950712890625 0.795739654296875 0.9760360517578125 0.7819839765625 0.9443016787109375 0.747915478515625 0.895522826171875 0.72902303125 0.8767856103515625 0.7062780068359376 0.8677962626953125 0.698631416015625 0.8700337216796875 0.69598400390625 0.9831950712890625
2 0.701587880859375 0.9576092998046875 0.69577020703125 0.9628236865234375 0.69828002734375 0.973583384765625 0.704506244140625 0.9730386611328125 0.701587880859375 0.9576092998046875
2 0.7242552900390625 0.94778381640625 0.7264151328125 0.9366155751953125 0.718827107421875 0.921594755859375 0.7087483125 0.93188734765625 0.7118028564453125 0.9488732626953125 0.7168810615234374 0.9531343828125 0.7242552900390625 0.94778381640625
0 0.271596484375 0.39921064453125 0.2982145498046875 0.30904762890625 0.2668696689453125 0.2913998603515625 0.2378398623046875 0.300213513671875 0.2142191865234375 0.2991431181640625 0.1869992451171875 0.27486058984375 0.1859097978515625 0.26240815625 0.179547400390625 0.2613963251953125 0.1748586865234375 0.2257317587890625 0.1669397353515625 0.224856109375 0.1662778818359375 0.253146447265625 0.1817262939453125 0.2863011923828125 0.1843708837890625 0.424095048828125 0.2075816044921875 0.545973384765625 0.2036704619140625 0.5729795302734375 0.2138459228515625 0.61757487890625 0.2365909482421875 0.6265642265625 0.23734946875 0.6531618291015625 0.2473111328125 0.6773857919921875 0.31103177734375 0.742392041015625 0.3254493076171875 0.745836076171875 0.3370070400390625 0.71659247265625 0.3356452314453125 0.7010269296875 0.326773013671875 0.689255400390625 0.3232323115234375 0.6487849912109375 0.345685923828125 0.61858812109375 0.2930559052734375 0.5369268837890625 0.2776851083984375 0.5225869697265625 0.2378179873046875 0.515095611328125 0.2267083115234375 0.4956774912109375 0.236106201171875 0.47760212890625 0.2482862734375 0.47339957421875 0.2714793544921875 0.4337271982421875 0.271596484375 0.39921064453125
2 0.21742755078125 0.4792362998046875 0.222505755859375 0.483497419921875 0.228459611328125 0.479839587890625 0.2329154765625 0.4590596591796875 0.2164361826171875 0.396194203125 0.210346146484375 0.39829548046875 0.20643500390625 0.425301625 0.21742755078125 0.4792362998046875
2 0.2559914287109375 0.4539038388671875 0.2352115 0.44944797265625 0.2371180322265625 0.4712397314453125 0.251263201171875 0.471570658203125 0.2559914287109375 0.4539038388671875
2 0.209587626953125 0.3716978779296875 0.214938193359375 0.3790721064453125 0.2334806630859375 0.3758813818359375 0.23130176953125 0.3509765146484375 0.211066564453125 0.352746865234375 0.209587626953125 0.3716978779296875
2 0.250680375 0.3931982236328125 0.238364123046875 0.395844224609375 0.2397259306640625 0.411409767578125 0.2534625576171875 0.40707103125 0.250680375 0.3931982236328125
2 0.25577904296875 0.308054849609375 0.256246150390625 0.2954662353515625 0.2056193310546875 0.290484697265625 0.2058331279296875 0.3108560830078125 0.21883028515625 0.3159928525390625 0.245564068359375 0.31679088671875 0.25577904296875 0.308054849609375
2 0.2202083212890625 0.6185867099609375 0.2308508896484375 0.6505934443359375 0.2359290947265625 0.654854564453125 0.240112599609375 0.63096152734375 0.22655166796875 0.583525431640625 0.2202083212890625 0.6185867099609375
2 0.2538492255859375 0.6266227919921875 0.2398402373046875 0.6278484189453125 0.2444513349609375 0.644698154296875 0.25859650390625 0.645029080078125 0.2538492255859375 0.6266227919921875
2 0.2784817314453125 0.6213307890625 0.2722555146484375 0.6218755126953125 0.27585478125 0.6450876455078125 0.2833651904296875 0.6412936328125 0.2784817314453125 0.6213307890625
2 0.3211310341796875 0.642694955078125 0.3252164599609375 0.6893915810546875 0.3305670263671875 0.6967658095703125 0.339633990234375 0.6928356162109375 0.3467168056640625 0.64829883203125 0.345899720703125 0.6389595068359375 0.3343229375 0.632130001953125 0.326540166015625 0.63281090625 0.3211310341796875 0.642694955078125
2 0.319067859375 0.70875113671875 0.314320580078125 0.69034484765625 0.309923279296875 0.693866498046875 0.31406726953125 0.72330484765625 0.319067859375 0.70875113671875
2 0.2877229775390625 0.6911033671875 0.2792007373046875 0.7012597783203125 0.2805625458984375 0.7168253203125 0.2945715341796875 0.7155996923828125 0.2877229775390625 0.6911033671875
2 0.29570190625 0.54924313671875 0.2900204130859375 0.5560140771484375 0.2930749560546875 0.5729999931640625 0.3020057392578125 0.5675132451171875 0.29570190625 0.54924313671875
2 0.2395297734375 0.55258909375 0.2449579560546875 0.5787781533203125 0.2497637998046875 0.5799261650390625 0.253344015625 0.5670651884765625 0.24548362890625 0.54893126171875 0.2395297734375 0.55258909375
2 0.2054027109375 0.521068517578125 0.2007330478515625 0.521477060546875 0.2027171962890625 0.562083650390625 0.216453822265625 0.5577449150390625 0.2054027109375 0.521068517578125
2 0.1821348369140625 0.29097085546875 0.18201770703125 0.32548741015625 0.187504455078125 0.3344181923828125 0.19406159765625 0.31972830078125 0.192427427734375 0.3010496494140625 0.1821348369140625 0.29097085546875
2 0.0950030791015625 0.62169840625 0.0876288505859375 0.6270489736328125 0.0910919375 0.6487045517578125 0.101715455078125 0.644638177734375 0.0950030791015625 0.62169840625
2 0.10305680078125 0.7496082138671875 0.092024740234375 0.74900492578125 0.0915576328125 0.7615935400390625 0.099340404296875 0.7609126357421875 0.10305680078125 0.7496082138671875
2 0 0.521830470703125 0.0006770234375 0.5295688837890625 0.019550419921875 0.512232990234375 0.032002853515625 0.5111435439453125 0.0245510087890625 0.497679279296875 0 0.4899948056640625 0 0.521830470703125