2 0.4308671201171875 0.6110094755859375 0.4357548232421875 0.610052705078125 0.445052537109375 0.60597096875 0.4509571328125 0.60047365625 0.4521154697265625 0.5972489736328125 0.4574497138671875 0.5958022177734374 0.4599490654296875 0.5911058623046875 0.4642503359375 0.5893230537109375 0.4704813134765625 0.5798008251953125 0.4731506962890625 0.5719836630859375 0.4728908095703125 0.5671342626953125 0.4706740419921875 0.5602737080078125 0.464049361328125 0.5494427802734375 0.4488349482421875 0.54705283984375 0.4429333193359375 0.538362748046875 0.434931953125 0.5405328818359375 0.42515600390625 0.5495415966796875 0.421544373046875 0.557900845703125 0.418426189453125 0.57330177734375 0.4208356416015625 0.60097966796875 0.4229618466796875 0.6069636376953125 0.4254573837890625 0.6093612294921875 0.4308671201171875 0.6110094755859375
2 0.4796205380859375 0.32746318359375 0.48648174609375 0.326298990234375 0.4898591103515625 0.3228410791015625 0.4862037255859375 0.28332387890625 0.4785840029296875 0.2535337255859375 0.47510397265625 0.2441460615234375 0.4712196455078125 0.242780541015625 0.44113587890625 0.26500628125 0.441607333984375 0.281360654296875 0.4454410830078125 0.29647553125 0.47057371484375 0.32442500390625 0.4796205380859375 0.32746318359375
2 0.4120971005859375 0.380225970703125 0.417971392578125 0.3791639345703125 0.4187739140625 0.3773073779296875 0.417667708984375 0.3667825390625 0.4203997724609375 0.3571850087890625 0.4208501279296875 0.349601076171875 0.41459649609375 0.3351851611328125 0.3908486767578125 0.3132960107421875 0.383974822265625 0.309586390625 0.3799815927734375 0.30956147265625 0.378238541015625 0.311961505859375 0.3766648134765625 0.3183343544921875 0.377567740234375 0.3364171572265625 0.3796144765625 0.3463985185546875 0.3849274130859375 0.3613563564453125 0.3899035810546875 0.368371509765625 0.3954220576171875 0.3686775986328125 0.4006640224609375 0.3663528662109375 0.4036076552734375 0.3682603095703125 0.4069804990234375 0.3789899677734375 0.4120971005859375 0.380225970703125
2 0.274081396484375 0.4266521796875 0.27838266796875 0.42486937109375 0.2832560068359375 0.41903739453125 0.2879638349609375 0.4021386572265625 0.28707317578125 0.3960263974609375 0.2840985556640625 0.391462328125 0.2737422490234375 0.3854572734375 0.26507912109375 0.3837079208984375 0.2602374765625 0.38510290234375 0.2590950576171875 0.3932026259765625 0.258579759765625 0.4096607109375 0.2592877421875 0.4140199619140625 0.26167609375 0.4177595478515625 0.27069122265625 0.4252347216796875 0.274081396484375 0.4266521796875
2 0.282922810546875 0.6199085537109374 0.2875618828125 0.618977916015625 0.297681001953125 0.6037272607421875 0.300149365234375 0.5963742783203125 0.30027698828125 0.5857197587890625 0.2969375556640625 0.570554498046875 0.2927933427734375 0.5643395771484375 0.28778408984375 0.5617631357421875 0.274325375 0.5618469755859375 0.264798599609375 0.563734384765625 0.26182171875 0.5662640986328125 0.2598165205078125 0.5709085166015625 0.2590413369140625 0.582517201171875 0.2682363408203125 0.60593434375 0.2724266123046875 0.612587474609375 0.27737318359375 0.6169442841796875 0.282922810546875 0.6199085537109374
2 0.2354894638671875 0.4462261767578125 0.2525082197265625 0.4444374326171875 0.2557638701171875 0.437444755859375 0.2555817353515625 0.428596572265625 0.25681782421875 0.421373107421875 0.2554624462890625 0.417969576171875 0.2529667451171875 0.4155704296875 0.2502726123046875 0.4065447880859375 0.2476371845703125 0.4028311708984375 0.2412097080078125 0.3986300107421875 0.232238212890625 0.3986852783203125 0.2237405966796875 0.4080026875 0.225925669921875 0.419300236328125 0.227000017578125 0.434260515625 0.2283849931640625 0.4403223916015625 0.230773181640625 0.4440604228515625 0.2354894638671875 0.4462261767578125
2 0.257868724609375 0.500177771484375 0.26246329296875 0.4988087587890625 0.2659327724609375 0.4962272705078125 0.2681389892578125 0.491118671875 0.270058146484375 0.4714101005859375 0.2672677568359375 0.468598875 0.2548292060546875 0.464143400390625 0.2459039326171875 0.464638431640625 0.2443913330078125 0.469231076171875 0.2445438701171875 0.4754209150390625 0.250301251953125 0.49698410546875 0.257868724609375 0.500177771484375
2 0.3397288447265625 0.48891404296875 0.3488090791015625 0.487516619140625 0.3491648955078125 0.486148494140625 0.345530068359375 0.4776647744140625 0.34221990625 0.46515475 0.33940024609375 0.4596882890625 0.3331420947265625 0.4594599423828125 0.3286230185546875 0.46392395703125 0.328528642578125 0.470141318359375 0.3332568642578125 0.4842745078125 0.3397288447265625 0.48891404296875
2 0.33681992578125 0.5632581845703125 0.34139787109375 0.5641077509765625 0.34535994921875 0.56147448828125 0.34656434375 0.558688017578125 0.345688591796875 0.5503557890625 0.3447336962890625 0.546024060546875 0.3412368798828125 0.5388534208984375 0.336998291015625 0.5388558623046875 0.3337132060546875 0.5431917490234375 0.332615291015625 0.55172984765625 0.33681992578125 0.5632581845703125
2 0.3364937099609375 0.2706848486328125 0.3403023818359375 0.2689538134765625 0.342955140625 0.26335523046875 0.34289471875 0.2580418134765625 0.3414636845703125 0.2515417265625 0.339753880859375 0.249504603515625 0.3372417197265625 0.24932558984375 0.3329238251953125 0.2533269775390625 0.334490771484375 0.268235482421875 0.3364937099609375 0.2706848486328125
2 0.5464692041015625 0.738068685546875 0.550615677734375 0.7371898212890625 0.5541480029296875 0.73282951953125 0.5570961552734375 0.72054939453125 0.556299708984375 0.70821821875 0.5536516337890625 0.6996307880859375 0.5494113271484375 0.6996318388671875 0.5435680234375 0.703350501953125 0.5390300625 0.71712687890625 0.54210751171875 0.734538078125 0.5464692041015625 0.738068685546875
2 0.5776388271484375 0.654991404296875 0.5810622490234375 0.651971705078125 0.5865996083984375 0.6429654306640625 0.589176875 0.634271845703125 0.588100103515625 0.626403796875 0.5846661318359375 0.61745434375 0.5830009951171875 0.6158571484375 0.577035814453125 0.6160394912109375 0.57499962890625 0.6180272822265624 0.57194499609375 0.624555779296875 0.5710020419921875 0.6321914873046875 0.572832689453125 0.6448554443359376 0.575480927734375 0.6534444296875 0.5776388271484375 0.654991404296875
2 0.635390041015625 0.68483229296875 0.6373952392578125 0.680187875 0.638631328125 0.67296441015625 0.6369992763671875 0.6669285029296875 0.63305452734375 0.66024956640625 0.628030205078125 0.6598915390625 0.62722784765625 0.661749650390625 0.627888216796875 0.665670853515625 0.6269452626953125 0.673306560546875 0.628623373046875 0.6797806787109375 0.630672369140625 0.6826682568359375 0.635390041015625 0.68483229296875
2 0.356345142578125 0.2388950361328125 0.3630037783203125 0.238195185546875 0.36394430859375 0.2376517080078125 0.363299171875 0.2315136435546875 0.3598168828125 0.229219763671875 0.3570870791015625 0.2317235087890625 0.3549729775390625 0.237708529296875 0.356345142578125 0.2388950361328125
2 0.3258946455078125 0.7226813369140626 0.3276837548828125 0.7207195146484375 0.3269759365234375 0.7163618173828125 0.324679701171875 0.713498654296875 0.322104857421875 0.7151000087890625 0.32188721484375 0.717782767578125 0.32358194921875 0.722038306640625 0.3258946455078125 0.7226813369140626
2 0.3525798603515625 0.7606641083984375 0.3580985 0.7609717509765626 0.356512505859375 0.7553740556640625 0.3540169677734375 0.7529764638671875 0.346617103515625 0.753754220703125 0.34860341796875 0.758422166015625 0.3525798603515625 0.7606641083984375
2 0.3083711865234375 0.7125528642578125 0.31103830859375 0.711829486328125 0.3121322470703125 0.7103837822265625 0.307849859375 0.702854228515625 0.3060818935546875 0.6884099033203125 0.3027694716796875 0.682993662109375 0.28920583203125 0.6773257119140625 0.28530659765625 0.6781801611328125 0.2863378544921875 0.6785148232421875 0.2875694228515625 0.685478927734375 0.2907729423828125 0.6922357705078125 0.30670588671875 0.710954115234375 0.3083711865234375 0.7125528642578125
2 0.1563108291015625 0.461641732421875 0.16256898046875 0.4618700791015625 0.1650517080078125 0.4593923017578125 0.162896068359375 0.45075154296875 0.155605107421875 0.450188697265625 0.1545094521484375 0.45163301171875 0.1540758837890625 0.456999919921875 0.1563108291015625 0.461641732421875
2 0.14367566015625 0.4031168623046875 0.151228931640625 0.401436876953125 0.1527875888671875 0.3972824443359375 0.1506925341796875 0.39395665625 0.1412897314453125 0.392285046875 0.1331818857421875 0.388703552734375 0.129959482421875 0.391259072265625 0.130912986328125 0.3955925185546875 0.1341807412109375 0.4005688310546875 0.14367566015625 0.4031168623046875
2 0.6646737890625 0.4414615341796875 0.6672025751953125 0.43942196875 0.6684220390625 0.4344170830078125 0.6676695537109375 0.42961945703125 0.6633371318359375 0.4287440859375 0.6628717060546875 0.4385464345703125 0.6646737890625 0.4414615341796875
2 0.672929609375 0.5057648896484375 0.6758883115234375 0.5054539169921874 0.67706171875 0.5000108203125 0.6753519150390624 0.4979736962890625 0.6722843095703125 0.4996252705078125 0.6712182509765625 0.5037279287109375 0.672929609375 0.5057648896484375
2 0.6608693955078125 0.6449127919921875 0.6631988798828125 0.643338796875 0.6633393134765625 0.637559646484375 0.6615373935546875 0.634646099609375 0.6594383623046876 0.638412705078125 0.659159591796875 0.64287566796875 0.6608693955078125 0.6449127919921875
2 0.5957258564453125 0.682350671875 0.5983469208984376 0.6811890830078124 0.599842896484375 0.678815017578125 0.5997696650390625 0.668626232421875 0.5944981015625 0.66829262109375 0.593186521484375 0.672421083984375 0.5930459248046875 0.6781986806640625 0.5957258564453125 0.682350671875
2 0.590019931640625 0.77516649609375 0.593288392578125 0.7730491875 0.59638924609375 0.766960455078125 0.6137660791015624 0.756709802734375 0.6148768037109374 0.753047072265625 0.612397890625 0.7484309013671875 0.6031815791015624 0.741418353515625 0.5974160263671875 0.7411382333984375 0.594394642578125 0.743229572265625 0.58843862109375 0.75538278515625 0.5883274580078125 0.763817171875 0.5872629541015625 0.7679196669921875 0.590019931640625 0.77516649609375
2 0.5247569404296875 0.8019758251953125 0.53525384375 0.802203283203125 0.5400492685546875 0.800368537109375 0.5364121806640625 0.7989786015625 0.534533052734375 0.7929686640625 0.530726640625 0.7876059140625 0.5198315126953125 0.7812128681640625 0.5117826982421875 0.7829465078125 0.5090838818359374 0.788106880859375 0.5075395888671875 0.7971365185546875 0.50829207421875 0.8019341435546875 0.510726484375 0.8061119404296875 0.5247569404296875 0.8019758251953125
2 0.6510638056640625 0.6916076162109375 0.6524525947265625 0.690575544921875 0.6532700224609375 0.6864990185546875 0.65074505078125 0.68144463671875 0.648353048828125 0.684800552734375 0.6484300947265625 0.687895390625 0.6510638056640625 0.6916076162109375
0 0.5412981669921875 0.7980204404296874 0.558285228515625 0.80066869140625 0.5614004462890625 0.7994551650390626 0.6127038349609375 0.7537185126953125 0.6183312138671875 0.7526839990234375 0.63341197265625 0.73957173828125 0.6344764765625 0.7354692431640625 0.640137103515625 0.729997572265625 0.6446416533203125 0.720656798828125 0.6545727265625 0.71074724609375 0.66084976171875 0.701663228515625 0.66725232421875 0.6890200302734375 0.6739781611328125 0.672352244140625 0.6737856396484375 0.6515364619140624 0.67719834765625 0.6365460546875 0.6780491865234375 0.62803392578125 0.6763272783203125 0.6140278115234376 0.6769158076171875 0.6077585126953124 0.68160701171875 0.593078353515625 0.6804064306640625 0.588770876953125 0.6807336826171875 0.57765389453125 0.6790699365234375 0.5760549814453125 0.6751689853515624 0.5769080400390625 0.67193221875 0.5745883544921875 0.670610087890625 0.5667476650390625 0.6714290693359375 0.5626709755859375 0.676532861328125 0.5590316103515625 0.6837966494140625 0.549843880859375 0.6848150947265625 0.5453031748046875 0.6873440439453125 0.5432651640625 0.6901704833984375 0.5274502724609375 0.690637462890625 0.5176477607421875 0.68909166015625 0.4863331083984375 0.68466490625 0.4513306455078125 0.681061609375 0.4384083779296875 0.6706954580078125 0.413340548828125 0.6519487646484375 0.37496645703125 0.6332919267578125 0.344562572265625 0.630966419921875 0.339044173828125 0.6119386962890625 0.3122268291015625 0.6052180849609375 0.3076134267578125 0.5964355048828125 0.2952355234375 0.5926600810546875 0.2925294013671875 0.587499681640625 0.28376140234375 0.5843550302734375 0.2823181396484375 0.5724589501953125 0.2711551533203125 0.5429599423828125 0.2538610888671875 0.5391678935546875 0.253373544921875 0.508435056640625 0.23620916015625 0.5025477919921875 0.2323942734375 0.4985419150390625 0.227495541015625 0.491959478515625 0.224196771484375 0.488615525390625 0.2232190791015625 0.485931779296875 0.2261610361328125 0.4811067578125 0.2253374384765625 0.4774378134765625 0.2283829443359375 0.4654896015625 0.2309694794921875 0.43715792578125 0.222420048828125 0.4322574130859375 0.2185014501953125 0.42397969921875 0.21804231640625 0.4153958779296875 0.212294017578125 0.407225349609375 0.2104928916015625 0.4047298125 0.208095298828125 0.4002107353515625 0.2125593134765625 0.3933216484375 0.2110665537109375 0.3774430517578125 0.211849357421875 0.37326558984375 0.2100715947265625 0.3696411494140625 0.213555474609375 0.370024302734375 0.2219394775390625 0.369129666015625 0.2229196123046875 0.3602338271484375 0.22607143359375 0.3486414306640625 0.22728984375 0.3486081826171875 0.2317270009765625 0.344985296875 0.2352107177734375 0.3297225654296875 0.2394763505859375 0.324309015625 0.244922052734375 0.3226890673828125 0.250855134765625 0.3044175986328125 0.262085921875 0.303121087890625 0.263995970703125 0.3034897138671875 0.2675032138671875 0.2852492333984375 0.2813906279296875 0.2831337412109375 0.287377365234375 0.27966581640625 0.2899586904296875 0.2781069951171875 0.2941115693359375 0.2686082626953125 0.298657484375 0.2652158291015625 0.3043338115234375 0.2616542333984375 0.306038876953125 0.2588887587890625 0.3200720107421875 0.2490501279296875 0.33086109375 0.2468288408203125 0.338188107421875 0.2345828115234375 0.3545484140625 0.2323433466796875 0.364094169921875 0.22563483984375 0.3714497568359375 0.21451997265625 0.3748348076171875 0.1942476630859375 0.376520890625 0.187400982421875 0.38256184375 0.1714595400390625 0.3851234609375 0.1671726337890625 0.3917814755859375 0.1288638271484375 0.39270338671875 0.126215751953125 0.3841159560546875 0.1125908212890625 0.3802266552734375 0.108350677734375 0.380229259765625 0.1061150263671875 0.382681068359375 0.1101503369140625 0.3902365908203125 0.1127064599609375 0.3979491533203125 0.1300870615234375 0.4209490068359375 0.1358338935546875 0.4305430439453125 0.1406270576171875 0.4358020810546875 0.1467137880859375 0.439152951171875 0.1534117001953125 0.4601726640625 0.1581754306640625 0.4627749111328125 0.1564157548828125 0.4673935244140625 0.16734170703125 0.476441642578125 0.1715925634765625 0.488409744140625 0.1712381376953125 0.48977615234375 0.173394482421875 0.491323291015625 0.1737480390625 0.4970489501953125 0.1877393369140625 0.5115392783203125 0.1928680419921875 0.5247442705078125 0.192559837890625 0.526550443359375 0.215103099609375 0.5512245107421875 0.217458203125 0.55940125390625 0.223793400390625 0.5627244375 0.229062703125 0.5701518330078125 0.23166698046875 0.57120726953125 0.2357206318359375 0.576545603515625 0.2419915927734375 0.581649318359375 0.2442099140625 0.5885097099609375 0.25259045703125 0.60181597265625 0.26140628515625 0.6097567177734375 0.2636985439453125 0.6197122744140625 0.2631726962890625 0.6242012060546875 0.265173375 0.6337443564453125 0.2650494013671875 0.637303375 0.2700565576171875 0.6469751552734375 0.272981306640625 0.6581949609375 0.2755983935546875 0.664125765625 0.2843681640625 0.6716282998046875 0.2892392431640625 0.6728901083984375 0.292704908203125 0.6774025673828125 0.298178880859375 0.67727028125 0.301736662109375 0.6826591630859375 0.3052833505859375 0.68317406640625 0.309117642578125 0.6911937685546875 0.3158678505859375 0.698465515625 0.318176732421875 0.7062024931640625 0.3232782646484375 0.7096569111328125 0.324706875 0.723249228515625 0.3213462978515625 0.724490115234375 0.3212373955078125 0.725830716796875 0.3437074248046875 0.7403159990234375 0.3463889111328125 0.744467826171875 0.37990816015625 0.771535830078125 0.38648904296875 0.77483476171875 0.39151110546875 0.7822865732421875 0.402223392578125 0.786925056640625 0.4058310458984375 0.785658201171875 0.4092227734375 0.78707549609375 0.4201487255859375 0.7961236142578125 0.4240013583984375 0.80192612890625 0.4361173408203125 0.8033125712890625 0.443530015625 0.80741018359375 0.4554449794921875 0.8092608056640626 0.459794025390625 0.8079175986328125 0.4659434375 0.8094881005859375 0.4746231884765625 0.8090188740234375 0.4834102890625 0.807209208984375 0.4876338076171875 0.8094251826171875 0.4961276103515625 0.807201720703125 0.4992262041015625 0.8082067724609375 0.5028044228515625 0.8042831279296875 0.5146823505859375 0.7826417421875 0.524162380859375 0.7820884033203125 0.52921785546875 0.7851046103515625 0.53331584765625 0.790879765625 0.536860982421875 0.79139483203125 0.5412981669921875 0.7980204404296874
2 0.5500840458984375 0.2030144365234375 0.557236833984375 0.2022626474609375 0.5594136171875 0.194497259765625 0.565723900390625 0.1809760849609375 0.566218759765625 0.1738305263671875 0.5640186162109375 0.164751392578125 0.5577649853515625 0.150335478515625 0.555468912109375 0.1474738701171875 0.54957938671875 0.150752767578125 0.54667573828125 0.163471267578125 0.5399022900390625 0.179701005859375 0.5406246357421876 0.188935462890625 0.5453218701171875 0.200412025390625 0.5500840458984375 0.2030144365234375
2 0.459124091796875 0.0968611337890625 0.4644266416015625 0.0998513720703125 0.465090662109375 0.09667707421875 0.4634421494140625 0.0928612998046875 0.459019166015625 0.0911093427734375 0.459124091796875 0.0968611337890625
2 0.4579590185546875 0.08102271484375 0.4618599697265625 0.0801696572265625 0.4620760576171875 0.0774870615234375 0.4584706650390625 0.0716601318359375 0.4568529765625 0.0704994306640625 0.453492236328125 0.0717387626953125 0.4535678916015625 0.0748353173828125 0.456587015625 0.0798377626953125 0.4579590185546875 0.08102271484375
0 0.4887441923828125 0 0.4099145732421875 0.0082853271484375 0.4097013759765625 0.013387123046875 0.417266587890625 0.0236745732421875 0.42262574609375 0.03907217578125 0.4279871640625 0.047375994140625 0.431760328125 0.0571759013671875 0.434303640625 0.0600130947265625 0.440033685546875 0.0718241572265625 0.443222134765625 0.080799416015625 0.441818275390625 0.0840499033203125 0.443341423828125 0.091426412109375 0.4462684326171875 0.0955524345703125 0.44515787109375 0.0992167177734375 0.446065154296875 0.1031103984375 0.4505168662109375 0.1146127666015625 0.4559809501953125 0.1357621611328125 0.46106359765625 0.1485289423828125 0.4643275390625 0.1605992021484375 0.4791649912109375 0.1807634150390625 0.4858040361328125 0.1964695478515625 0.50250625390625 0.217768494140625 0.5121561328125 0.219414134765625 0.5209704072265625 0.22735504296875 0.5243160771484375 0.2283341259765625 0.530389833984375 0.2268080732421875 0.5404673701171875 0.237276091796875 0.57764275390625 0.256423220703125 0.5801398447265625 0.2588206494140625 0.5809550126953125 0.2618379072265625 0.5846232509765625 0.2658860234375 0.5864546044921874 0.271456359375 0.5964543896484376 0.28592316015625 0.6014342080078126 0.2858428125 0.5997772421875 0.262962546875 0.597885466796875 0.2520787939453125 0.596111470703125 0.211477748046875 0.596853076171875 0.1876808046875 0.597964849609375 0.18047040625 0.600980876953125 0.172393712890625 0.598544251953125 0.1349652470703125 0.59660641796875 0.123643283203125 0.5989070107421876 0.1123173232421875 0.591719509765625 0.0368175263671875 0.5894127236328125 0.0219852099609375 0.5868107060546875 0.013835990234375 0.5855949130859375 0 0.4887441923828125 0
2 0.4541315068359375 0.05172166015625 0.455765818359375 0.0506637822265625 0.4558896279296875 0.0471032109375 0.454087708984375 0.0441896640625 0.450094642578125 0.04416630078125 0.4508947392578125 0.049401974609375 0.4541315068359375 0.05172166015625
0 0.632736189453125 0 0.618580517578125 0.028773533203125 0.6080108173828125 0.1524307744140625 0.62736726171875 0.321646958984375 0.63439965234375 0.3287633583984375 0.7084988173828125 0.31626190234375 0.716917130859375 0.3515125556640625 0.71102801953125 0.355273740234375 0.71266127734375 0.37081314453125 0.719530341796875 0.376375603515625 0.723697494140625 0.4010753251953125 0.7389102470703125 0.3963341865234375 0.7629613583984375 0.3560997529296875 0.765747279296875 0.3228137001953125 0.8474903583984374 0.069129513671875 0.8572293544921875 0.0272571298828125 0.8543645146484375 0 0.632736189453125 0
0 0.2797933447265625 0.243487662109375 0.3148107392578125 0.1581096376953125 0.3223424912109375 0.110184818359375 0.3234998486328125 0.0315078408203125 0.3127855908203125 0.0342050615234375 0.3122116044921875 0.043692029296875 0.30198732421875 0.0510510712890625 0.2698445517578125 0.0591427333984375 0.2122694375 0.0494830546875 0.1980413310546875 0.0336963154296875 0.18528315625 0.0318950400390625 0.173994912109375 0.0440792294921875 0.192558189453125 0.0562681103515625 0.1747275322265625 0.0659977216796875 0.1725155966796875 0.0897968056640625 0.152230361328125 0.106068830078125 0.1371016171875 0.096661177734375 0.1292525986328125 0.081775076171875 0.1155937861328125 0.086352888671875 0.1107733310546875 0.0554374052734375 0.09686718359375 0.0726100673828125 0.0802544306640625 0.13877151171875 0.06428559765625 0.2708517587890625 0.079157623046875 0.35255730078125 0.092321765625 0.3731691865234375 0.1507135087890625 0.3905985673828125 0.2022408779296875 0.3726139697265625 0.208050671875 0.3531500556640625 0.2466612333984375 0.301958720703125 0.2797933447265625 0.243487662109375
0 1 0.473796109375 0.998894205078125 0.4632751728515625 0.993905732421875 0.46065726953125 0.9648661484375 0.4982737998046875 0.94425426171875 0.511437943359375 0.898690626953125 0.5712156083984375 0.8927921318359375 0.63467983203125 0.893935412109375 0.6455574150390625 0.9020317666015625 0.64784866796875 0.922064974609375 0.6740230126953125 0.9449634208984375 0.6826140361328125 0.970638404296875 0.717622046875 0.9773441435546875 0.7216305654296875 1 0.71592715234375 1 0.473796109375
0 1 0.7673607724609375 0.9788140751953125 0.7356160302734375 0.9008837939453125 0.6668226044921876 0.889763568359375 0.6507092138671875 0.8799499482421875 0.6470273466796875 0.85410225390625 0.670168435546875 0.8195049033203124 0.6848025107421875 0.790964681640625 0.667377822265625 0.7786964833984374 0.6702383681640625 0.763572431640625 0.6309791962890625 0.752858173828125 0.6336764169921875 0.7526061474609375 0.676122787109375 0.778103728515625 0.79913141796875 0.827311693359375 0.968352294921875 1 0.9502020224609375 1 0.7673607724609375
0 0.7363388154296875 0.62598603125 0.69348178515625 0.6367749140625 0.6832575048828124 0.644133955078125 0.6821095322265625 0.663107892578125 0.66304689453125 0.70596023046875 0.6219817548828125 0.7636939775390625 0.60969948046875 0.8561090849609375 0.62947127734375 0.98443283984375 0.6315151953125 0.9889313359375 0.8024486455078125 0.970965505859375 0.8050665498046875 0.965977033203125 0.794688328125 0.9120790947265625 0.8022153876953125 0.894005794921875 0.7878286474609375 0.8468135947265625 0.7447618203125 0.6313851650390625 0.7363388154296875 0.62598603125
0 0.93078663671875 0 0.916853078125 0.011563783203125 0.913824513671875 0.0275931650390625 0.8964045166015625 0.0262818671875 0.86941354296875 0.038545373046875 0.8568980107421875 0.0540007685546875 0.854849400390625 0.0793537939453125 0.838325349609375 0.101514927734375 0.770325091796875 0.3364725126953125 0.763367326171875 0.3749103642578125 0.765401859375 0.439111900390625 0.7585281025390626 0.4634009609375 0.7604040029296875 0.496197037109375 0.7653924755859375 0.4988149404296875 0.7875583017578125 0.4854874716796875 0.7893595771484375 0.4727292958984375 0.8048196650390625 0.45539330859375 0.8215863583984375 0.4504888447265625 0.853481796875 0.4549920322265625 0.8767862109375 0.4823936669921875 0.879072771484375 0.5041488330078125 0.90008593359375 0.5396468212890625 0.8993486220703125 0.547579849609375 0.9173426044921875 0.5394041787109375 0.9333766787109375 0.51258122265625 0.9755010888671874 0.4798738486328125 0.9970976220703125 0.446181828125 0.9528363505859375 0.025063962890625 0.934436400390625 0.0144290224609375 0.9329198486328125 0 0.93078663671875 0
0 0 0.5112558095703125 0.01523581640625 0.6562149169921875 0.0635572197265625 0.7422603203125 0.0869456435546875 0.7555131650390625 0.0985558466796875 0.776288376953125 0.1261954306640625 0.8000921533203125 0.144842716796875 0.7981322451171875 0.17593091015625 0.735162689453125 0.17748954296875 0.70514784375 0.1743910458984375 0.645771455078125 0.1543719150390625 0.530042548828125 0.0668894248046875 0.3554178466796875 0.03050018359375 0.323107056640625 0.0134861552734375 0.340606369140625 0 0.3307093349609375 0 0.368218021484375 0.001049939453125 0.3717644951171875 0 0.3752819921875 0 0.5112558095703125
2 0.705488572265625 0.73606377734375 0.7084284345703125 0.7640347060546875 0.732960138671875 0.7881651337890625 0.7440010478515625 0.7885757939453125 0.7541460107421875 0.765514021484375 0.714648888671875 0.7335298828125 0.705488572265625 0.73606377734375
2 0.6833039765625 0.8687973271484375 0.69213294921875 0.893007072265625 0.7021098955078126 0.89824287890625 0.7031738583984375 0.893417732421875 0.698843380859375 0.8671640703125 0.6883764580078126 0.85726644140625 0.6833039765625 0.8687973271484375
2 0.7724572607421875 0.8201492724609375 0.7825975322265625 0.8269390205078125 0.7727886044921874 0.7934056328125 0.7687800859375 0.8001113720703125 0.7724572607421875 0.8201492724609375
2 0.7340381787109375 0.69378542578125 0.7396799541015625 0.7026190908203125 0.753828744140625 0.7027031005859375 0.7486816376953125 0.6686797353515626 0.7341221875 0.6796366357421875 0.7340381787109375 0.69378542578125
2 0.710071076171875 0.7198710703125 0.71849408203125 0.725270203125 0.72266592578125 0.720118404296875 0.724303875 0.7058062890625 0.7084378193359375 0.7043316650390625 0.710071076171875 0.7198710703125
2 0.9478145830078125 0.7545852744140625 0.9571382255859375 0.7536053203125 0.9546043310546874 0.7444450029296875 0.9449540361328125 0.742317076171875 0.9478145830078125 0.7545852744140625
2 0.8182400771484375 0.92688587890625 0.8320622158203125 0.9238620068359376 0.830918935546875 0.912984423828125 0.8161168427734375 0.9066846533203125 0.8182400771484375 0.92688587890625
2 0.87192352734375 0.720141865234375 0.8796932294921875 0.7193252373046874 0.877159333984375 0.710164919921875 0.867999017578125 0.712698814453125 0.87192352734375 0.720141865234375
2 1 0.724520810546875 0.985113845703125 0.7208139375 0.9793880615234375 0.7261290615234375 0.986009791015625 0.7442863701171875 0.9985206318359375 0.758682494140625 1 0.758527005859375 1 0.724520810546875
2 1 0.561575099609375 0.99397097265625 0.565914560546875 0.990942408203125 0.5819439423828126 0.9950302431640625 0.59094093359375 1 0.589275296875 1 0.561575099609375
2 0.9517719375 0.55306768359375 0.95553312109375 0.5589567939453125 0.9614222314453125 0.5551956103515625 0.9625702041015625 0.536221673828125 0.9530832353515625 0.5356476875 0.9517719375 0.55306768359375
2 0.953820546875 0.5277146591796875 0.9648614560546875 0.5281253193359375 0.961837583984375 0.514303181640625 0.9554584970703125 0.5134025439453125 0.953820546875 0.5277146591796875
2 0.9102168212890624 0.6061396103515625 0.9143886650390625 0.6009878115234375 0.91880784375 0.5832411630859375 0.9062129951171874 0.5829938291015625 0.9102168212890624 0.6061396103515625
2 0.9465220537109374 0.6525991904296875 0.9589535771484375 0.6512925849609374 0.9576469716796875 0.638861060546875 0.9436615068359375 0.6403309921875 0.9465220537109374 0.6525991904296875
2 0.986621314453125 0.4959872392578125 0.999379490234375 0.4977885146484375 0.997746232421875 0.4822491103515625 0.9899765302734375 0.48306573828125 0.986621314453125 0.4959872392578125
2 0.9210854697265625 0.1415207958984375 0.924520001953125 0.144302025390625 0.934417630859375 0.1338351025390625 0.9365455576171875 0.12418480859375 0.9237873828125 0.122383533203125 0.9210854697265625 0.1415207958984375
2 0.9170675673828125 0.207929576171875 0.9070113046875 0.1869910380859375 0.8999742216796875 0.2097261591796875 0.9170675673828125 0.207929576171875
2 0.95076897265625 0.169823068359375 0.9498683349609375 0.17620215625 0.9603352578125 0.18609978515625 0.9691689228515625 0.1804580087890625 0.967535666015625 0.1649186044921875 0.95076897265625 0.169823068359375
2 0.7235623212890625 0.220412263671875 0.707201595703125 0.2441273388671875 0.7058902978515625 0.2615473349609375 0.7219196796875 0.2645758994140625 0.741061634765625 0.2374262919921875 0.7355038681640625 0.2144438359375 0.7235623212890625 0.220412263671875
2 0.6481612431640625 0.19063067578125 0.636555732421875 0.140003943359375 0.623386896484375 0.1492435771484375 0.625099470703125 0.1804857119140625 0.6491365048828125 0.2298058388671875 0.656164203125 0.2667737578125 0.6684324013671875 0.2639132119140625 0.6738315341796876 0.25549020703125 0.6702383681640625 0.2213035166015625 0.6481612431640625 0.19063067578125
2 0.661060466796875 0 0.6353472119140625 0.0238690693359375 0.6281468037109375 0.0450502490234375 0.6290427490234375 0.068522681640625 0.6400789658203125 0.0987848623046875 0.651035865234375 0.1133443125 0.6665752705078125 0.1117110556640625 0.67099444921875 0.0939644072265625 0.664172630859375 0 0.661060466796875 0
2 0.732340130859375 0.04981015625 0.7347107001953125 0.0574165322265625 0.750329421875 0.071486005859375 0.759653064453125 0.0705060517578125 0.757529830078125 0.0503048251953125 0.743628375 0.037625966796875 0.732340130859375 0.04981015625
2 0.7064178125 0.027396994140625 0.711648927734375 0.0472715693359375 0.7191712958984375 0.0590497900390625 0.7283316123046875 0.0565158955078125 0.72334783203125 0.024046470703125 0.7118169453125 0.0189739892578125 0.7064178125 0.027396994140625
2 0.701503193359375 0 0.70756578515625 0.0084230576171875 0.7151721611328125 0.00605248828125 0.715002962890625 0 0.701503193359375 0
2 0.7353686953125 0.0337807744140625 0.7398671904296875 0.0317368564453125 0.7422424521484375 0.009491712890625 0.733898763671875 0.019795310546875 0.7353686953125 0.0337807744140625
2 0.665715625 0 0.6646294375 0.003509208984375 0.67125116796875 0.021666517578125 0.6799215078125 0.0144708017578125 0.679718037109375 0 0.665715625 0
2 0.7360825458984375 0.17510534765625 0.7350978994140625 0.195633224609375 0.753581859375 0.1921193759765625 0.756610423828125 0.176089994140625 0.74197165625 0.1713441630859375 0.7360825458984375 0.17510534765625
2 0.7583929296875 0.2827378994140625 0.7640347060546875 0.2915715654296875 0.771804408203125 0.2907549365234375 0.780474748046875 0.283559220703125 0.7767975732421875 0.2635213203125 0.7583929296875 0.2827378994140625
2 0.73401516796875 0.319864453125 0.7367123876953126 0.3305787099609375 0.7465260078125 0.3342605771484375 0.749143912109375 0.3292721044921875 0.750781861328125 0.3149599892578125 0.742522181640625 0.3111147958984375 0.73401516796875 0.319864453125
2 0.7484206767578125 0.247650572265625 0.7577443193359376 0.2466706171875 0.754720447265625 0.2328484794921875 0.745233478515625 0.2322744931640625 0.7484206767578125 0.247650572265625
2 0.6897022822265625 0.227113310546875 0.68250656640625 0.2184429697265625 0.6824225576171875 0.232591759765625 0.6897022822265625 0.227113310546875
2 0.7028851943359375 0.128319115234375 0.7149900673828125 0.12390462890625 0.7133568095703124 0.108365224609375 0.7012519375 0.1127797109375 0.7028851943359375 0.128319115234375
2 0.694924013671875 0.3066909248046875 0.70923612890625 0.3083288740234375 0.7062122568359375 0.294506736328125 0.6995065185546875 0.2904982177734375 0.694924013671875 0.3066909248046875
2 0.715003693359375 0.557528642578125 0.718928203125 0.564971693359375 0.73430428125 0.5617844951171875 0.7581920673828125 0.51999612109375 0.7400347587890626 0.5266178505859375 0.715003693359375 0.557528642578125
2 0.695773037109375 0.6286785595703125 0.711475767578125 0.6285992431640625 0.7117231025390625 0.6160043935546875 0.6988016015625 0.612649177734375 0.695773037109375 0.6286785595703125
2 0.723827974609375 0.6115899072265625 0.73814008984375 0.6132278564453125 0.736996810546875 0.6023502734375 0.724238634765625 0.600548998046875 0.723827974609375 0.6115899072265625
2 0.7388398642578125 0.844106990234375 0.750534076171875 0.850733412109375 0.7533153056640625 0.8472988798828125 0.74857416796875 0.832086126953125 0.737206607421875 0.8285675859375 0.7388398642578125 0.844106990234375
2 0.612625267578125 0.9736345732421875 0.624319478515625 0.98026099609375 0.6271007080078125 0.9768264638671875 0.6315198876953125 0.9590798154296875 0.609274744140625 0.9567045546875 0.612625267578125 0.9736345732421875
2 0.6777743623046875 0.6667057509765625 0.6902058857421876 0.66539914453125 0.691680509765625 0.6495330888671875 0.68276752734375 0.6394721337890625 0.6777743623046875 0.6667057509765625
2 0.279326828125 0.0895682392578125 0.278664140625 0.143055517578125 0.2844692421875 0.1534431240234375 0.29019502734375 0.148128 0.2960888291015625 0.1145152958984375 0.29134769140625 0.09930254296875 0.279326828125 0.0895682392578125
2 0.2158672958984375 0.053818224609375 0.2264928525390625 0.095121314453125 0.2408049677734375 0.096759263671875 0.2446501611328125 0.088499583984375 0.236395173828125 0.05480287109375 0.2158672958984375 0.053818224609375
2 0.1987598740234375 0.1451693681640625 0.20301103515625 0.1557202998046875 0.2109440634765625 0.156457611328125 0.207677548828125 0.125378802734375 0.1996652041015625 0.1089387607421875 0.1987598740234375 0.1451693681640625
2 0.13848284765625 0.1546469521484375 0.14306066015625 0.1683057646484375 0.1505037109375 0.164381255859375 0.1563135048828125 0.1449173408203125 0.149365123046875 0.12365215234375 0.13848284765625 0.1546469521484375
2 0.1359583369140625 0.0857835947265625 0.14577195703125 0.0894654619140625 0.143326763671875 0.0363048349609375 0.1293412998046875 0.0377747666015625 0.1359583369140625 0.0857835947265625
2 0.1069234453125 0.0935486044921875 0.10405820703125 0.1111319267578125 0.1143618046875 0.119475615234375 0.1245860849609375 0.1121165732421875 0.1224628505859375 0.09191534765625 0.1173110517578125 0.08774350390625 0.1069234453125 0.0935486044921875
2 0.2139538583984375 0.259834310546875 0.2112519462890625 0.2789715732421875 0.2152557724609375 0.3021173544921875 0.21991759375 0.3016273779296875 0.2254847451171875 0.26490679296875 0.2210702578125 0.252801919921875 0.2139538583984375 0.259834310546875
2 0.252718361328125 0.2698999580078125 0.254762279296875 0.274398453125 0.263922595703125 0.27186455859375 0.2785660556640625 0.2467588681640625 0.274151568359375 0.23465399609375 0.252718361328125 0.2698999580078125
2 0.220911625 0.2213964599609375 0.228597318359375 0.23472862109375 0.2362036943359375 0.2323580517578125 0.2400488876953125 0.2240983720703125 0.2359610517578125 0.215101380859375 0.220911625 0.2213964599609375
2 0.1679936396484375 0.24109832421875 0.17543669140625 0.237173814453125 0.169878923828125 0.214191359375 0.1625151904296875 0.2338185986328125 0.1679936396484375 0.24109832421875
2 0.1158828994140625 0.328272931640625 0.1142449501953125 0.342585046875 0.128141712890625 0.38511542578125 0.1374653564453125 0.3841354716796875 0.1376333740234375 0.3558378916015625 0.120544720703125 0.3277829541015625 0.1158828994140625 0.328272931640625
2 0.0999328349609375 0.34094709765625 0.1075392109375 0.3385765283203125 0.1079498720703125 0.327535619140625 0.1012441328125 0.3235271005859375 0.0999328349609375 0.34094709765625
2 0.1815731357421875 0.22081778125 0.1840277138671875 0.2142753681640625 0.1758520439453125 0.1962813857421875 0.1747040712890625 0.215255322265625 0.1815731357421875 0.22081778125
2 0.1691556884765625 0.132569826171875 0.174634138671875 0.1398495517578125 0.182240515625 0.137478982421875 0.181997873046875 0.1202223115234375 0.172020927734375 0.11498650390625 0.1691556884765625 0.132569826171875
2 0.1995905791015625 0.063384509765625 0.206296318359375 0.0673930283203125 0.2104681630859375 0.0622412294921875 0.210388845703125 0.0465384990234375 0.2019658408203125 0.0411393662109375 0.1995905791015625 0.063384509765625
2 0.231695814453125 0.294105009765625 0.24470132421875 0.283311435546875 0.2468292509765625 0.2736611416015625 0.2331704384765625 0.2782389541015625 0.231695814453125 0.294105009765625
2 0.132355787109375 0.1112999453125 0.1409421181640625 0.1182530185546875 0.14372334765625 0.114818486328125 0.1451979716796875 0.0989524306640625 0.133177107421875 0.089218126953125 0.132355787109375 0.1112999453125
2 0.1134419482421875 0.7684393583984375 0.1260367978515625 0.7686866923828125 0.121622310546875 0.7565818203125 0.1109080537109375 0.759279041015625 0.1134419482421875 0.7684393583984375
2 0.0956952998046875 0.7640201787109375 0.0961059609375 0.7529792705078125 0.077295349609375 0.75338523828125 0.0956952998046875 0.7640201787109375