2 0.4129591484375 0.590492443359375 0.4150038798828125 0.588798708984375 0.42528696484375 0.5715095517578125 0.4268791748046875 0.5614183466796875 0.41972004296875 0.5532275693359375 0.41460772265625 0.5504021181640625 0.4040738056640625 0.553562978515625 0.4007292021484375 0.5569764580078125 0.397323607421875 0.569210369140625 0.40092066015625 0.5799236806640625 0.4092411025390625 0.5903626064453125 0.4129591484375 0.590492443359375
2 0.496193212890625 0.6516345166015625 0.5033517705078125 0.652767849609375 0.505876134765625 0.6515317578125 0.50720832421875 0.6489313544921875 0.5085676259765625 0.6383911220703125 0.5116941796875 0.62702925390625 0.509044138671875 0.617671693359375 0.50693581640625 0.6140677939453125 0.502815080078125 0.6112769697265625 0.4980900732421875 0.6115528623046875 0.4947285302734375 0.6154066435546875 0.493598439453125 0.6193383486328125 0.4919006123046875 0.639572671875 0.4934046650390625 0.6462432890625 0.496193212890625 0.6516345166015625
2 0.50648017578125 0.5844932509765625 0.5092220166015625 0.5841481044921875 0.51154428125 0.5815807109375 0.512225494140625 0.576310650390625 0.5111241318359375 0.5723010205078125 0.507219310546875 0.5704010869140625 0.5051453857421875 0.5729755888671875 0.5041389443359375 0.58044032421875 0.50648017578125 0.5844932509765625
2 0.5782406572265625 0.5406740869140625 0.580472109375 0.5407520107421875 0.5843286630859374 0.536915515625 0.5842188291015625 0.53294207421875 0.5831344072265625 0.5284921435546875 0.5787792001953125 0.5252522373046875 0.5764569892578125 0.5278180693359374 0.5761646513671875 0.5361895283203125 0.5782406572265625 0.5406740869140625
2 0.593535072265625 0.5575321865234375 0.5987243349609375 0.55815429296875 0.6068570166015625 0.552703548828125 0.6063907353515625 0.544744927734375 0.6014461162109375 0.537072376953125 0.5945835380859374 0.53462669921875 0.5900606298828125 0.5362338935546875 0.588171865234375 0.5405799990234375 0.5875234892578125 0.5520284072265625 0.593535072265625 0.5575321865234375
2 0.4484275703125 0.363637392578125 0.4529037705078125 0.3562938232421875 0.45454425 0.3519390478515625 0.453908650390625 0.348829033203125 0.44477918359375 0.3260090185546875 0.435467623046875 0.322596033203125 0.4295181240234375 0.322388271484375 0.423757427734375 0.3310112294921875 0.4238518837890625 0.33542502734375 0.4269517890625 0.3390635537109375 0.42555803515625 0.3434269453125 0.43812390625 0.3531307744140625 0.444740279296875 0.362626841796875 0.4484275703125 0.363637392578125
2 0.3920748115234375 0.250490845703125 0.394273947265625 0.2514494287109375 0.397371771484375 0.24802889453125 0.3987347705078125 0.244546216796875 0.3982843310546875 0.2432078056640625 0.3938691748046875 0.241729380859375 0.3922902607421875 0.2443211689453125 0.3920748115234375 0.250490845703125
2 0.437777515625 0.462532205078125 0.441464806640625 0.4635427548828125 0.4427816181640625 0.4613827080078125 0.4419746748046875 0.4560606787109375 0.437713869140625 0.4572361318359375 0.43708040625 0.4611836171875 0.437777515625 0.462532205078125
2 0.499582056640625 0.2348332568359375 0.5014092568359375 0.232250138671875 0.5029707119140625 0.2230396474609375 0.5019324765625 0.217267083984375 0.500320671875 0.2136820869140625 0.496587248046875 0.2139926064453125 0.4957654462890625 0.216169939453125 0.4960620009765625 0.2219150390625 0.498014876953125 0.2299255732421875 0.499582056640625 0.2348332568359375
2 0.402260361328125 0.676590259765625 0.403265759765625 0.6761844755859375 0.4053104912109375 0.6744907412109375 0.406193802734375 0.6705519814453125 0.40233522265625 0.66732785546875 0.4002289267578125 0.6707845771484375 0.402260361328125 0.676590259765625
2 0.370364486328125 0.81533350390625 0.376298607421875 0.81598162109375 0.380371130859375 0.813034455078125 0.3825235595703125 0.8082566630859375 0.381514462890625 0.8016048935546874 0.378416119140625 0.797966421875 0.37437284375 0.8000312587890624 0.3692939345703125 0.810441599609375 0.370364486328125 0.81533350390625
2 0.5377660654296875 0.292638572265625 0.5411588828125 0.294963083984375 0.542970705078125 0.292820322265625 0.5429994345703125 0.2848789873046875 0.540800298828125 0.2839204052734375 0.5377660654296875 0.292638572265625
0 0.3174368525390625 0.8456907861328125 0.3299868271484375 0.8487759658203125 0.337545994140625 0.8455112255859375 0.3582844921875 0.827264498046875 0.3643102685546875 0.827034029296875 0.3688343603515625 0.8307207265625 0.37382303125 0.8300131474609375 0.37761801953125 0.8279396396484375 0.381798240234375 0.821908416015625 0.3858722705078125 0.8189628662109375 0.3877477392578125 0.8221161767578125 0.388088865234375 0.82654015234375 0.392969837890625 0.828916630859375 0.40255627734375 0.817339453125 0.425649876953125 0.8027036796875 0.4338907763671875 0.8012278837890625 0.4407857255859375 0.802791341796875 0.444813623046875 0.801166861328125 0.46161654296875 0.7819009130859375 0.468758162109375 0.7834745478515625 0.4807935849609375 0.772864677734375 0.485268224609375 0.7655210546875 0.489373064453125 0.7616932294921875 0.4972097666015625 0.757554830078125 0.501778287109375 0.747567560546875 0.5074774189453125 0.7407075908203125 0.5093815615234375 0.73592112890625 0.5160107109375 0.7308587734375 0.5211999736328125 0.7314808798828125 0.5223146865234375 0.72798953125 0.5253971328125 0.7250093544921875 0.526804703125 0.7202055517578125 0.529655857421875 0.7167748408203125 0.53572426953125 0.69934006640625 0.5380311025390625 0.697214591796875 0.54223034375 0.6978021259765625 0.5462874345703125 0.6952968779296875 0.5668519873046876 0.6607200693359375 0.57086237109375 0.652478447265625 0.57340159375 0.6437429931640625 0.5874472958984375 0.6252625478515625 0.59898146484375 0.5934582109375 0.60048135546875 0.58601070703125 0.604632328125 0.5808618115234375 0.605791091796875 0.5689903330078125 0.617841892578125 0.55794010546875 0.6212941943359375 0.551442568359375 0.621973326171875 0.539113447265625 0.6395276923828125 0.4841363447265625 0.6447711826171875 0.4477018330078125 0.6442417744140625 0.44150614453125 0.6459278662109375 0.4287712939453125 0.6447957490234375 0.425642376953125 0.6443909775390625 0.415922330078125 0.6465895390625 0.4098234677734375 0.6469408955078125 0.385569392578125 0.646333970703125 0.37451960546875 0.64473759765625 0.370492689453125 0.6469033232421875 0.35821548046875 0.64620205078125 0.3427487724609375 0.6448385322265625 0.3391724453125 0.645487427734375 0.3347830419921875 0.6441239638671875 0.3312051533203125 0.644757427734375 0.3272576689453125 0.6385364638671875 0.2851273955078125 0.635326724609375 0.277515427734375 0.6330465390625 0.2646405078125 0.630102025390625 0.256596908203125 0.6258561318359375 0.2502714375 0.625917642578125 0.24851001171875 0.6225540732421875 0.2453031708984375 0.62088018359375 0.2364221552734375 0.6131147548828125 0.2242374736328125 0.60501225390625 0.2217500595703125 0.604205365234375 0.2164264697265625 0.601678919921875 0.2106035009765625 0.594908662109375 0.2055141220703125 0.5950779248046875 0.200667076171875 0.5933584228515625 0.20016613671875 0.590770466796875 0.19610459375 0.585668224609375 0.1976915576171875 0.559746109375 0.153549060546875 0.5584287783203125 0.1486501025390625 0.559077673828125 0.14426069921875 0.557340712890625 0.1371410556640625 0.5536996083984375 0.1348078740234375 0.5506935302734375 0.1285272626953125 0.5450385048828125 0.1270055400390625 0.54235609375 0.1185302001953125 0.5349985048828125 0.116067236328125 0.5243393779296875 0.11569501171875 0.46794146484375 0.13887212109375 0.46273734375 0.145749376953125 0.457176666015625 0.148644576171875 0.4545600361328125 0.152522806640625 0.4353850205078125 0.1686196640625 0.4309241962890625 0.175522876953125 0.4273929267578125 0.1771631357421875 0.4249937734375 0.1819323125 0.41813171484375 0.1865456396484375 0.4170016240234375 0.190477345703125 0.4101703212890625 0.1942099599609375 0.40930394921875 0.19770841796875 0.4038069169921875 0.205899689453125 0.3949309375 0.2113244765625 0.3862898935546875 0.2242589130859375 0.38330184765625 0.23165444921875 0.376813232421875 0.23981109375 0.3732055390625 0.2507137041015625 0.3690868828125 0.254981939453125 0.3640408095703125 0.271570626953125 0.3581708544921875 0.283277587890625 0.3532935244140625 0.2879602236328125 0.3504752607421875 0.297567720703125 0.3356426748046875 0.33146290625 0.3324853671875 0.34370548828125 0.3303790712890625 0.3471622099609375 0.330442716796875 0.352458283203125 0.3224855400390625 0.374239162109375 0.3191086201171875 0.3785332998046875 0.3160149033203125 0.396073515625 0.30658494921875 0.4173620712890625 0.2837096298828125 0.5039180244140625 0.283215138671875 0.510959744140625 0.2807236650390625 0.51837262109375 0.2830172021484375 0.5237465625 0.2835296708984375 0.530382552734375 0.2797850322265625 0.5452515498046875 0.2771667861328125 0.549131287109375 0.2775248515625 0.5531149609375 0.275418609375 0.55657012109375 0.2738402158203125 0.5662209150390625 0.273967453125 0.57681462109375 0.276465169921875 0.5905789248046875 0.2742819853515625 0.5962374296875 0.268664478515625 0.622071181640625 0.269053873046875 0.6322315859375 0.2646769296875 0.7291409921875 0.2654223076171875 0.7362260087890625 0.2714954560546875 0.7399667998046875 0.2716667998046875 0.7421788154296876 0.2633402880859375 0.774536060546875 0.26414723046875 0.7798580888671875 0.26768063671875 0.785275328125 0.2665680048828125 0.7958257373046875 0.26274278125 0.8058389638671875 0.2625735185546875 0.810686009765625 0.2641852685546875 0.814272568359375 0.268074658203125 0.816614419921875 0.2687102578125 0.8197244345703125 0.2676109765625 0.822773865234375 0.2684486748046875 0.8272151806640625 0.2675976806640625 0.8302732822265625 0.2684528369140625 0.8413333017578125 0.2651856953125 0.8496024423828125 0.2655745703125 0.8527038408203125 0.26475276953125 0.854881173828125 0.2621822724609375 0.8574383349609375 0.261920689453125 0.86492908203125 0.262602421875 0.8667180263671875 0.2658408349609375 0.866390220703125 0.2677142216796875 0.8624844716796874 0.278122982421875 0.8557889658203125 0.2826305126953125 0.8546221279296875 0.285728337890625 0.8512015947265625 0.298555791015625 0.8534146767578125 0.3174368525390625 0.8456907861328125
2 0.3125709677734375 0.8997867353515625 0.31461413671875 0.8980929462890626 0.3168588857421875 0.8906714541015625 0.313076673828125 0.8781865380859375 0.309574078125 0.8718870244140625 0.3055923134765625 0.872190435546875 0.3012736396484375 0.8821864306640625 0.3009197373046875 0.8923208779296875 0.3101066064453125 0.8992597841796875 0.3125709677734375 0.8997867353515625
2 0.0895294208984375 0.7843495634765625 0.094997779296875 0.78409806640625 0.0984192705078125 0.7784828037109375 0.10170387109375 0.7768323671875 0.1027087509765625 0.7693675771484375 0.1003982744140625 0.7644339365234375 0.096244181640625 0.748405759765625 0.0948483466796875 0.7457100908203125 0.090898953125 0.74513128125 0.0845165283203125 0.750202251953125 0.08041376953125 0.7610891376953125 0.080385095703125 0.7690289111328125 0.0859037490234375 0.7815744638671875 0.0895294208984375 0.7843495634765625
2 0.2097771796875 0.5388372158203125 0.2164392197265625 0.539951646484375 0.2351525263671875 0.5370764169921876 0.2384201875 0.5358662822265625 0.24178173046875 0.5320125009765625 0.2332724306640625 0.51274441796875 0.22870125390625 0.50861518359375 0.224224533203125 0.50889974609375 0.205621525390625 0.522808984375 0.2097771796875 0.5388372158203125
2 0.016834583984375 0.748279640625 0.0248118203125 0.74723553125 0.0283908935546875 0.7442711328125 0.0370780712890625 0.730015626953125 0.037029802734375 0.7242791982421874 0.029206396484375 0.7209181796875 0.024186970703125 0.72250647265625 0.017929703125 0.7311120888671875 0.0160101826171875 0.736338908203125 0.0126655791015625 0.73975238671875 0.0093984921875 0.748019966796875 0.0100186591796875 0.7515718984375 0.0124368330078125 0.75342148046875 0.016834583984375 0.748279640625
0 0.318322994140625 0.9198418828125 0.3210012431640625 0.9141991025390624 0.3211397509765625 0.9102327705078125 0.3239892890625 0.90680356640625 0.3243914599609375 0.9024055478515625 0.3278745166015625 0.895027296875 0.3288947744140625 0.887122150390625 0.3277488408203125 0.8844336455078124 0.3278698349609375 0.8738501708984375 0.3305634619140625 0.8677670341796875 0.3329816357421875 0.8696166162109376 0.333166275390625 0.8643292138671875 0.3359368447265625 0.856042732421875 0.3333027021484375 0.8533038212890625 0.3300027236328125 0.855394615234375 0.325633701171875 0.8525951201171875 0.3218387119140625 0.8546686279296875 0.318027826171875 0.850123486328125 0.298958482421875 0.8560756640625 0.2858981201171875 0.8534135546875 0.2827249140625 0.8590374873046875 0.278945302734375 0.8606706376953125 0.2742993203125 0.8658022470703125 0.2703175556640625 0.8661056572265625 0.263967501953125 0.870294408203125 0.2609927529296875 0.87019052734375 0.2578774150390625 0.8669939189453125 0.2594558095703125 0.857343125 0.2654473330078125 0.8421101337890625 0.26646758984375 0.8342049873046875 0.2647762421875 0.8187052685546875 0.2624196337890625 0.8150926982421876 0.2615665576171875 0.8110917392578125 0.2617204423828125 0.8066850498046875 0.266379203125 0.7869950185546875 0.2640241015625 0.783384064453125 0.262302572265625 0.7758225029296875 0.2627508759765625 0.7701034150390625 0.268399658203125 0.7504479560546875 0.2688633935546875 0.74428694921875 0.264384591796875 0.7375124521484375 0.263377111328125 0.73085917578125 0.26620919140625 0.7208112685546875 0.2710706240234375 0.709509982421875 0.2733594794921875 0.693706798828125 0.2679680634765625 0.691754951171875 0.265472427734375 0.6850497080078125 0.2675920205078125 0.6740935693359374 0.272252861328125 0.6614625986328125 0.2736429736328125 0.650040091796875 0.273271091796875 0.646496830078125 0.2699705947265625 0.6415286171875 0.2677831943359375 0.6330705634765625 0.2676575185546875 0.6224769111328124 0.27465334765625 0.5927216865234375 0.274807232421875 0.5883149970703125 0.2719227216796875 0.57850835546875 0.2729717080078125 0.5626618740234375 0.281176650390625 0.5338306591796875 0.2791944482421875 0.5194964990234375 0.27938939453125 0.51391396484375 0.2839097021484375 0.4981887041015625 0.2899011708984375 0.4829572744140625 0.2902725869140625 0.47943996875 0.2879174853515625 0.475829015625 0.2681202216796875 0.4813148798828125 0.2532655498046875 0.487412673828125 0.2370303662109375 0.4903760048828125 0.227243388671875 0.500621935546875 0.216678662109375 0.5046650693359375 0.20596005078125 0.513114892578125 0.192701232421875 0.5161805966796875 0.16464815625 0.530643181640625 0.1432279267578125 0.5471009638671875 0.1308206220703125 0.5541675732421875 0.1272431103515625 0.557132025390625 0.10893873828125 0.5838454228515625 0.0818808876953125 0.6054017490234375 0.073440435546875 0.6196658701171875 0.0591618251953125 0.6376972880859375 0.047081830078125 0.649628283203125 0.0446657373046875 0.65483776171875 0.042680220703125 0.6643273740234374 0.0280982724609375 0.6886723642578125 0.0102977548828125 0.7506982939453125 0.0113529296875 0.7560305546875 0.0075934326171875 0.7783989140625 0.00558830078125 0.8145071826171875 0.00388475 0.820623330078125 0.00400990625 0.8241579765625 0.00644403125 0.832624646484375 0.0076685234375 0.8331082998046875 0.008908912109375 0.8402106025390625 0.00664873046875 0.848074013671875 0.005831091796875 0.8643694677734375 0.0062045888671875 0.86791122265625 0.01007912109375 0.8777524365234375 0.0113215908203125 0.8919137998046875 0.019272234375 0.9058685244140625 0.021646875 0.9231572421875 0.0249032666015625 0.936507146484375 0.0284366728515625 0.9419243857421875 0.033023171875 0.9456148251953125 0.0375661396484375 0.964744400390625 0.040107962890625 0.9701270126953125 0.0454223818359375 0.974283765625 0.0477021025390625 0.980098119140625 0.0508466337890625 0.9824139599609375 0.067064873046875 0.9829803134765625 0.0698549326171875 0.985283775390625 0.2210533955078125 0.9905637421875 0.2216253486328125 0.98837768359375 0.2322844765625 0.9887499091796875 0.2329508310546875 0.9909792099609375 0.242616814453125 0.9913167529296875 0.2461635166015625 0.9892345751953125 0.25136971875 0.9894163798828125 0.252284359375 0.9916543515625 0.289711544921875 0.992961337890625 0.294777158203125 0.9900504140625 0.29931336328125 0.980943802734375 0.3005357734375 0.974368396484375 0.3124726337890625 0.9452250458984375 0.313771931640625 0.9364478564453125 0.318322994140625 0.9198418828125
0 0.9711264921875 0.70875674609375 0.972618650390625 0.6212555185546875 0.9543014560546875 0.5189914609375 0.8957855576171875 0.35903934765625 0.83728451953125 0.2882045400390625 0.8037484169921875 0.2635816474609375 0.7650368955078125 0.2528490966796875 0.69956093359375 0.247435720703125 0.64447050390625 0.2580195400390625 0.6380607197265625 0.2624860625 0.6360083974609375 0.2764854658203125 0.6521840439453125 0.3505325947265625 0.6459328759765625 0.48477120703125 0.6875642314453125 0.5909763173828125 0.7761312578125 0.7410336728515625 0.8677321552734375 0.8489837587890625 0.8967472041015625 0.8687584150390625 0.9108011376953125 0.869249189453125 0.9415066318359375 0.840615853515625 0.9607012890625 0.78343840625 0.9711264921875 0.70875674609375
2 0.7440377578125 0.4960143671875 0.7451630625 0.508561283203125 0.7550032900390625 0.540173958984375 0.770673302734375 0.5391577158203125 0.7782282265625 0.501898681640625 0.7618691533203125 0.4778756240234375 0.7440377578125 0.4960143671875
2 0.732293939453125 0.384599142578125 0.7112849169921875 0.404190373046875 0.7126828740234376 0.4089295478515625 0.7369042177734375 0.431663708984375 0.7510672119140624 0.42903138671875 0.7576951181640625 0.418318671875 0.7538284306640625 0.3947318583984375 0.732293939453125 0.384599142578125
2 0.8063112822265625 0.6826763916015625 0.8036045947265625 0.7154143720703126 0.8138265361328125 0.7360962119140625 0.82319582421875 0.73642339453125 0.826393287109375 0.6896314794921875 0.814664328125 0.6673335615234375 0.8063112822265625 0.6826763916015625
2 0.8641480703125 0.548675736328125 0.8533609892578125 0.5889488056640625 0.8606779560546876 0.6032753916015625 0.8715542626953126 0.6052186533203125 0.8851917880859375 0.5728623857421875 0.879436369140625 0.558590330078125 0.8641480703125 0.548675736328125
0 0.0187190654296875 0 0.002684091796875 0.4591815595703125 0.02706902734375 0.4772310771484375 0.082575865234375 0.4994942998046875 0.1029106865234375 0.5439810751953125 0.11356887109375 0.552170529296875 0.100080078125 0.490724845703125 0.1415032626953125 0.334262681640625 0.153490013671875 0.259635552734375 0.149861283203125 0.1844631181640625 0.101076552734375 0.05924677734375 0.06532061328125 0 0.0187190654296875 0
2 0.0949889755859375 0.1888007451171875 0.0855106259765625 0.191596658203125 0.070891552734375 0.25206079296875 0.072814978515625 0.2865239140625 0.0789521103515625 0.2898651318359375 0.090973556640625 0.2590158818359375 0.1136531875 0.2363560859375 0.0949889755859375 0.1888007451171875
2 0.0570607158203125 0.1108670927734375 0.039085564453125 0.088351052734375 0.03843119921875 0.107089630859375 0.0570607158203125 0.1108670927734375
2 0.0366366689453125 0.024163986328125 0.029954232421875 0.03643825 0.0310250068359375 0.0505467138671875 0.04496987890625 0.054160583984375 0.0546118203125 0.0466800263671875 0.053541046875 0.0325715625 0.0366366689453125 0.024163986328125
2 0.0063921630859375 0.3529962841796875 0.0054651455078125 0.379542603515625 0.0133274169921875 0.37825370703125 0.01817565234375 0.373732654296875 0.0171594091796875 0.3580626416015625 0.0063921630859375 0.3529962841796875
2 0.12941242578125 0.277556173828125 0.14039779296875 0.2763763388671875 0.1422865244140625 0.267061580078125 0.1330262958984375 0.26361130078125 0.12941242578125 0.277556173828125
2 0.133170052734375 0.304266083984375 0.134513478515625 0.310566806640625 0.1424302802734375 0.3077163623046875 0.1444826025390625 0.2937169599609375 0.138618123046875 0.2825680009765625 0.133170052734375 0.304266083984375
0 0.843049888671875 0.0335631279296875 0.8453203330078125 0.0133175322265625 0.7360119609375 0.0095003994140625 0.737335552734375 0.0611405498046875 0.7287098544921875 0.0842911201171875 0.7465214150390626 0.1114918046875 0.7528221376953125 0.1101483779296875 0.795747365234375 0.0897590263671875 0.826289267578125 0.0658103349609375 0.843049888671875 0.0335631279296875
2 0.7801318828125 0.0892137216796875 0.7820206142578126 0.079898962890625 0.75837926953125 0.08532719921875 0.7801318828125 0.0892137216796875