2 0.42813125 0.525296875 0.4223984375 0.52256875 0.4118171875 0.5193453125 0.401234375 0.5200890625 0.3884484375 0.523065625 0.381834375 0.525296875 0.380953125 0.527034375 0.37654375 0.529265625 0.3743390625 0.5349703125 0.3756609375 0.5486109375 0.3893296875 0.56175625 0.392415625 0.5629953125 0.406084375 0.560515625 0.419753125 0.5548109375 0.428571875 0.5438984375 0.4307765625 0.5317453125 0.42813125 0.525296875
2 0.5736328125 0.52728125 0.5727515625 0.522321875 0.5683421875 0.5181046875 0.557759375 0.513640625 0.5410046875 0.509671875 0.53306875 0.506696875 0.5224875 0.509671875 0.5202828125 0.51165625 0.5202828125 0.5213296875 0.522928125 0.5248015625 0.52336875 0.529265625 0.5291 0.5424109375 0.53306875 0.5463796875 0.548059375 0.5446421875 0.5709875 0.5327375 0.5736328125 0.52728125
2 0.4748671875 0.4985125 0.46208125 0.497271875 0.4589953125 0.4975203125 0.4559078125 0.49925625 0.45238125 0.5052078125 0.452821875 0.5124015625 0.4612 0.5228171875 0.471340625 0.5275296875 0.47575 0.5280265625 0.481921875 0.5267859375 0.489859375 0.5119046875 0.4903 0.504215625 0.4748671875 0.4985125
2 0.6380078125 0.4650296875 0.642415625 0.46329375 0.647265625 0.4635421875 0.655203125 0.465278125 0.6574078125 0.466765625 0.6635796875 0.4672625 0.6816578125 0.476190625 0.688271875 0.47569375 0.6935625 0.47420625 0.7081125 0.462053125 0.7089953125 0.45858125 0.706790625 0.4508921875 0.70238125 0.4459328125 0.68959375 0.4432046875 0.67989375 0.4427078125 0.6741625 0.443453125 0.66534375 0.4404765625 0.6543203125 0.434771875 0.6428578125 0.436259375 0.6384484375 0.4397328125 0.6344796875 0.4379953125 0.6344796875 0.435515625 0.630953125 0.4345234375 0.6238984375 0.4352671875 0.6238984375 0.4384921875 0.6115515625 0.4412203125 0.603615625 0.4407234375 0.599646875 0.43824375 0.5956796875 0.4384921875 0.5912703125 0.439484375 0.5868609375 0.4439484375 0.5855375 0.4513890625 0.5833328125 0.454365625 0.583775 0.459078125 0.5912703125 0.466021875 0.5952375 0.4744546875 0.603175 0.4771828125 0.6305109375 0.4712296875 0.6380078125 0.4650296875
2 0.768078125 0.4342765625 0.7597 0.428571875 0.7517640625 0.4268359375 0.73148125 0.4270828125 0.7204578125 0.431546875 0.7156078125 0.434771875 0.716490625 0.4407234375 0.726190625 0.441715625 0.735890625 0.444940625 0.7438265625 0.44915625 0.74911875 0.44915625 0.7627859375 0.4466765625 0.768078125 0.4427078125 0.768078125 0.4342765625
2 0.4933859375 0.4821421875 0.48545 0.4826390625 0.481040625 0.4848703125 0.481040625 0.487103125 0.4929453125 0.495784375 0.4977953125 0.4962796875 0.5017640625 0.4950390625 0.50485 0.4895828125 0.5035265625 0.4861109375 0.50088125 0.484375 0.4933859375 0.4821421875
2 0.641534375 0.40699375 0.6344796875 0.410465625 0.631834375 0.4141859375 0.632275 0.4196421875 0.6397703125 0.425346875 0.642415625 0.4303078125 0.656084375 0.4216265625 0.661375 0.4166671875 0.6618171875 0.4094734375 0.6578484375 0.407490625 0.641534375 0.40699375
2 0.25573125 0.623015625 0.25573125 0.6279765625 0.2597 0.6307046875 0.264109375 0.630953125 0.26851875 0.6272328125 0.2671953125 0.6232640625 0.263228125 0.6217765625 0.259259375 0.6217765625 0.25573125 0.623015625
2 0.74426875 0.6021828125 0.731921875 0.601190625 0.726190625 0.6036703125 0.7244265625 0.605903125 0.72575 0.611359375 0.7283953125 0.612846875 0.7323640625 0.6130953125 0.74118125 0.611359375 0.74426875 0.6096234375 0.7464734375 0.607390625 0.7469140625 0.603421875 0.74426875 0.6021828125
2 0.7945328125 0.4786703125 0.788359375 0.48040625 0.7861546875 0.4821421875 0.7857140625 0.486359375 0.7888 0.488590625 0.806878125 0.49305625 0.81525625 0.4920640625 0.82186875 0.4826390625 0.8179015625 0.47891875 0.806878125 0.476934375 0.7945328125 0.4786703125
2 0.7755734375 0.4704859375 0.786596875 0.46949375 0.7892421875 0.4672625 0.7870375 0.46329375 0.78395 0.4623015625 0.7791 0.46255 0.7751328125 0.4655265625 0.7755734375 0.4704859375
2 0.901675 0.4057546875 0.8791890625 0.405009375 0.8703703125 0.4060015625 0.8571421875 0.4094734375 0.8461203125 0.4154265625 0.8461203125 0.419146875 0.84920625 0.423859375 0.8606703125 0.4313 0.87654375 0.435515625 0.8849203125 0.4360125 0.8937390625 0.431546875 0.90564375 0.4077375 0.901675 0.4057546875
2 0.82495625 0.4233625 0.8267203125 0.4236109375 0.838625 0.423115625 0.8417109375 0.4203875 0.839065625 0.4186515625 0.83465625 0.41790625 0.825396875 0.419146875 0.82495625 0.4233625
2 0.5784828125 0.3990578125 0.571428125 0.39608125 0.561728125 0.4005453125 0.552909375 0.4094734375 0.55246875 0.4119546875 0.5551140625 0.415921875 0.56040625 0.417659375 0.566578125 0.417659375 0.57495625 0.4161703125 0.583775 0.412946875 0.585096875 0.40699375 0.5784828125 0.3990578125
2 0.6022921875 0.4303078125 0.6009703125 0.431546875 0.603615625 0.4357640625 0.6115515625 0.4360125 0.6146390625 0.4350203125 0.6155203125 0.4313 0.6111109375 0.4283234375 0.6071421875 0.4275796875 0.6022921875 0.4303078125
0 0.39594375 0.7172625 0.425484375 0.71800625 0.443121875 0.7162703125 0.522928125 0.701140625 0.52425 0.6999015625 0.5533515625 0.694196875 0.555996875 0.6932046875 0.555996875 0.691715625 0.5679015625 0.690971875 0.5723109375 0.6875 0.5868609375 0.6852671875 0.6071421875 0.6790671875 0.6146390625 0.676090625 0.617284375 0.6736109375 0.6384484375 0.668403125 0.642415625 0.665178125 0.646825 0.6646828125 0.6538796875 0.66170625 0.6618171875 0.6614578125 0.6644625 0.6594734375 0.6776890625 0.6564984375 0.7081125 0.6455859375 0.711640625 0.6423609375 0.7244265625 0.63988125 0.74603125 0.6287203125 0.764990625 0.6220234375 0.7857140625 0.6108625 0.7949734375 0.607390625 0.8126109375 0.594990625 0.8179015625 0.5939984375 0.8227515625 0.5907734375 0.826278125 0.5900296875 0.86684375 0.5595234375 0.8712515625 0.5520828125 0.8888890625 0.539434375 0.89109375 0.537203125 0.891534375 0.5327375 0.8985890625 0.528521875 0.9038796875 0.523065625 0.9047625 0.5171125 0.9135796875 0.507440625 0.9144625 0.501240625 0.9179890625 0.498015625 0.9268078125 0.482390625 0.924603125 0.47743125 0.92813125 0.4732140625 0.92813125 0.46180625 0.925484375 0.44915625 0.9290125 0.4310515625 0.9241625 0.42113125 0.9219578125 0.41170625 0.9219578125 0.3970734375 0.9268078125 0.391865625 0.930334375 0.3901296875 0.9360671875 0.3881453125 0.943121875 0.3883921875 0.9404765625 0.384425 0.9506171875 0.3826890625 0.9532625 0.3807046875 0.9545859375 0.376984375 0.939153125 0.3764875 0.9312171875 0.3772328125 0.92813125 0.378471875 0.918871875 0.378471875 0.9082890625 0.376984375 0.9047625 0.377728125 0.8835984375 0.377728125 0.8738984375 0.37574375 0.862875 0.37574375 0.8461203125 0.3797125 0.8425921875 0.378471875 0.8412703125 0.3767359375 0.834215625 0.3754953125 0.8007046875 0.3764875 0.6856265625 0.3670640625 0.6710765625 0.367559375 0.6618171875 0.366071875 0.643959375 0.371528125 0.6393296875 0.372271875 0.6344796875 0.371528125 0.618165625 0.3747515625 0.6071421875 0.375 0.5917109375 0.379215625 0.5877421875 0.3787203125 0.5855375 0.3807046875 0.57980625 0.38194375 0.5723109375 0.3856640625 0.48545 0.415675 0.4748671875 0.4216265625 0.4704578125 0.4255953125 0.4550265625 0.4298109375 0.451940625 0.43353125 0.4413578125 0.4412203125 0.4316578125 0.443453125 0.42504375 0.44618125 0.411375 0.4548609375 0.4096125 0.4580859375 0.400353125 0.462796875 0.3937390625 0.470734375 0.39109375 0.471478125 0.3893296875 0.4704859375 0.386684375 0.470734375 0.382275 0.475446875 0.353175 0.4900796875 0.3474421875 0.4962796875 0.339946875 0.50074375 0.3364203125 0.5057046875 0.3306875 0.509671875 0.3090828125 0.53125 0.3064375 0.5322421875 0.264990625 0.5669640625 0.2597 0.56944375 0.250440625 0.5771328125 0.24426875 0.580109375 0.2420640625 0.584325 0.230159375 0.5942453125 0.213403125 0.61954375 0.201940625 0.65228125 0.2010578125 0.662203125 0.2050265625 0.67881875 0.2112 0.6810515625 0.2138453125 0.684028125 0.2711640625 0.7033734375 0.3007046875 0.7041171875 0.3646390625 0.7110609375 0.39594375 0.7172625
2 0.4131390625 0.8841765625 0.415784375 0.8874015625 0.420634375 0.887896875 0.4276890625 0.8854171875 0.4276890625 0.882440625 0.4259265625 0.8807046875 0.4219578125 0.88045625 0.416225 0.881696875 0.4131390625 0.8841765625
2 0.2006171875 0.775296875 0.2050265625 0.77728125 0.2081125 0.7765375 0.2098765625 0.775296875 0.208553125 0.771578125 0.2041453125 0.7700890625 0.2001765625 0.7700890625 0.2006171875 0.775296875
0 0.0921515625 0.878059375 0.093475 0.8821921875 0.098325 0.8849203125 0.1062609375 0.896825 0.1208109375 0.9119546875 0.12654375 0.915675 0.1291890625 0.9201390625 0.146825 0.9350203125 0.156525 0.93824375 0.1710765625 0.951140625 0.2345671875 0.976190625 0.25881875 0.9813984375 0.2716046875 0.982390625 0.2821875 0.98511875 0.311728125 0.9858625 0.3289234375 0.9890875 0.3373015625 0.9895828125 0.400353125 0.9888390625 0.4175484375 0.9873515625 0.4413578125 0.98834375 0.447971875 0.9873515625 0.4510578125 0.9880953125 0.4686953125 0.9861109375 0.4982359375 0.985615625 0.5124921875 0.982390625 0.5251328125 0.982390625 0.5299828125 0.9813984375 0.533509375 0.978175 0.5449734375 0.9764390625 0.5485015625 0.9744546875 0.5537921875 0.9734625 0.556878125 0.9704859375 0.5758375 0.9697421875 0.603615625 0.965278125 0.6071421875 0.9642859375 0.6111109375 0.961309375 0.619046875 0.959078125 0.617725 0.9546125 0.619046875 0.9533734375 0.622575 0.9536203125 0.62345625 0.9513890625 0.623015625 0.946925 0.6208109375 0.9466765625 0.61684375 0.94146875 0.618165625 0.9313 0.622575 0.9270828125 0.62345625 0.9241078125 0.62169375 0.9203875 0.6238984375 0.91245 0.622134375 0.8970734375 0.623015625 0.891865625 0.6203703125 0.8802078125 0.62345625 0.8717765625 0.613315625 0.8616078125 0.6106703125 0.8568953125 0.6062609375 0.8469734375 0.608465625 0.8420140625 0.6071421875 0.83829375 0.6049375 0.8373015625 0.5930328125 0.821428125 0.5873015625 0.818453125 0.583775 0.81324375 0.5806875 0.81175625 0.576278125 0.8033234375 0.56525625 0.7953875 0.561728125 0.787946875 0.55555625 0.7844734375 0.552909375 0.7814984375 0.5436515625 0.7795140625 0.5295421875 0.7658734375 0.5154328125 0.75868125 0.50573125 0.7517359375 0.4920640625 0.7477671875 0.48633125 0.744046875 0.4554671875 0.733134375 0.4466484375 0.7313984375 0.439153125 0.728421875 0.429453125 0.72743125 0.4118171875 0.722221875 0.3571421875 0.7135421875 0.349646875 0.7115578125 0.3408296875 0.711309375 0.330246875 0.709078125 0.325396875 0.709325 0.3192234375 0.7080859375 0.2817453125 0.706596875 0.2345671875 0.709821875 0.216490625 0.709821875 0.206790625 0.7110609375 0.189153125 0.7172625 0.1812171875 0.7177578125 0.174603125 0.719990625 0.164903125 0.72891875 0.1635796875 0.731646875 0.1644625 0.736359375 0.1622578125 0.73834375 0.1582890625 0.7400796875 0.1582890625 0.7414015625 0.1291890625 0.75545625 0.127425 0.7576890625 0.12345625 0.756696875 0.118165625 0.7576890625 0.103615625 0.7544640625 0.098765625 0.7547125 0.0925921875 0.7626484375 0.0873015625 0.765625 0.0828921875 0.7703375 0.0784828125 0.7782734375 0.0723109375 0.7983625 0.0731921875 0.80853125 0.07186875 0.818453125 0.0736328125 0.822171875 0.0723109375 0.841765625 0.0740734375 0.8422625 0.0833328125 0.86011875 0.0864203125 0.873015625 0.0921515625 0.878059375
2 0.5806875 0.9201390625 0.583775 0.921875 0.5877421875 0.921875 0.5908296875 0.919890625 0.5903875 0.9161703125 0.5877421875 0.9139390625 0.581128125 0.9188984375 0.5806875 0.9201390625
0 0.184375 0.653125 0.1921875 0.6546875 0.2015625 0.6390625 0.2015625 0.625 0.209375 0.621875 0.2296875 0.5890625 0.2984375 0.5375 0.3546875 0.4828125 0.3890625 0.465625 0.3859375 0.459375 0.3453125 0.4515625 0.321875 0.4546875 0.309375 0.4671875 0.2875 0.4734375 0.265625 0.465625 0.2421875 0.4703125 0.209375 0.4890625 0.16875 0.5453125 0.165625 0.5640625 0.1734375 0.5828125 0.1765625 0.6375 0.184375 0.653125
0 0.0671875 0.8109375 0.065625 0.7984375 0.0515625 0.7828125 0.003125 0.796875 0 0.9484375 0.0359375 0.9046875 0.059375 0.8640625 0.0671875 0.8109375
0 0 0.7671875 0.0265625 0.7703125 0.03125 0.759375 0.0203125 0.7515625 0 0.7515625 0 0.7671875
0 0.6203125 0.95625 0.6015625 0.9671875 0.5640625 0.9734375 0.5546875 0.9828125 0.5640625 0.9984375 0.7171875 0.9984375 0.7234375 0.9796875 0.759375 0.9671875 0.790625 0.9671875 0.796875 0.9609375 0.8109375 0.934375 0.809375 0.9125 0.7984375 0.890625 0.778125 0.871875 0.74375 0.853125 0.684375 0.834375 0.59375 0.821875 0.621875 0.875 0.625 0.9109375 0.6140625 0.9390625 0.6203125 0.95625
0 0.9609375 0.946875 0.9625 0.990625 0.965625 0.9984375 0.9984375 0.9984375 0.9984375 0.825 0.98125 0.815625 0.9703125 0.821875 0.971875 0.8359375 0.9609375 0.8765625 0.965625 0.896875 0.959375 0.9109375 0.965625 0.9328125 0.9609375 0.946875
0 0 0.9984375 0.128125 0.9984375 0.146875 0.965625 0.15 0.94375 0.0828125 0.875 0.0625 0.875 0.046875 0.8890625 0 0.95 0 0.9984375
0 0 0.1828125 0.078125 0.184375 0.1265625 0.1734375 0.20625 0.1453125 0.2265625 0.1296875 0.21875 0.1109375 0.0046875 0.0625 0 0.0625 0 0.1828125
2 0.0609375 0.09375 0.05 0.0953125 0.05 0.103125 0.071875 0.1 0.0609375 0.09375
2 0.1140625 0.15 0.128125 0.1484375 0.1140625 0.14375 0.1140625 0.15
2 0.003125 0.1078125 0 0.125 0.0234375 0.121875 0.0125 0.109375 0.003125 0.1078125
2 0.059375 0.959375 0.04375 0.9578125 0.0390625 0.9625 0.0421875 0.96875 0.0625 0.9671875 0.059375 0.959375
2 0.146875 0.9390625 0.1453125 0.9640625 0.1640625 0.9640625 0.1609375 0.946875 0.146875 0.9390625
2 0.059375 0.8796875 0.078125 0.8734375 0.059375 0.86875 0.059375 0.8796875
2 0 0.853125 0.00625 0.853125 0.0015625 0.8453125 0 0.853125
2 0.790625 0.96875 0.784375 0.9671875 0.74375 0.971875 0.721875 0.98125 0.7203125 0.9984375 0.81875 0.9984375 0.8015625 0.9890625 0.790625 0.96875
2 0.94375 0.8453125 0.9453125 0.83125 0.934375 0.8140625 0.915625 0.8109375 0.9 0.81875 0.8984375 0.8375 0.8875 0.8515625 0.9 0.85625 0.94375 0.8453125
2 0.9203125 0.7875 0.8984375 0.7796875 0.89375 0.784375 0.8984375 0.8 0.928125 0.7984375 0.9203125 0.7875
2 0.78125 0.83125 0.78125 0.8421875 0.7984375 0.840625 0.79375 0.828125 0.78125 0.83125
2 0.81875 0.940625 0.81875 0.9515625 0.8296875 0.9578125 0.83125 0.94375 0.81875 0.940625
0 0.8230546875 0.954659375 0.8433671875 0.976534375 0.9183671875 0.993721875 0.9589921875 0.995284375 0.9621171875 0.928096875 0.9574296875 0.910909375 0.9621171875 0.903096875 0.9605546875 0.873409375 0.9683671875 0.865596875 0.9699296875 0.810909375 0.9496171875 0.795284375 0.9089921875 0.782784375 0.9058671875 0.768721875 0.9168046875 0.762471875 0.9136796875 0.734346875 0.9027421875 0.731221875 0.8933671875 0.739034375 0.8449296875 0.795284375 0.8386796875 0.810909375 0.8011796875 0.826534375 0.7730546875 0.829659375 0.7558671875 0.846846875 0.7527421875 0.857784375 0.7761796875 0.867159375 0.8011796875 0.890596875 0.8230546875 0.954659375
2 0.990625 0.7671875 0.9890625 0.8140625 0.9984375 0.821875 0.9984375 0.7625 0.990625 0.7671875
2 0.228125 0.5609375 0.2203125 0.553125 0.1984375 0.553125 0.190625 0.5609375 0.18125 0.60625 0.2046875 0.615625 0.225 0.5921875 0.228125 0.5609375
2 0.2953125 0.5140625 0.2953125 0.5265625 0.303125 0.5328125 0.321875 0.5125 0.2953125 0.5140625
2 0.2703125 0.4703125 0.2578125 0.4734375 0.2546875 0.4859375 0.259375 0.4890625 0.2828125 0.48125 0.2703125 0.4703125
2 0.3421875 0.45625 0.3421875 0.465625 0.3609375 0.465625 0.35625 0.4578125 0.3421875 0.45625
2 0.434375 0.421875 0.4171875 0.4265625 0.4125 0.4328125 0.421875 0.44375 0.4375 0.4359375 0.434375 0.421875
2 0.3890625 0.4671875 0.36875 0.478125 0.378125 0.4875 0.39375 0.478125 0.396875 0.46875 0.3890625 0.4671875