2 0.4987065048828125 0.4930558271484375 0.5029345986328125 0.493353931640625 0.506664849609375 0.4850568818359375 0.510095287109375 0.4641712080078125 0.50945745703125 0.4577916552734375 0.5067408056640625 0.454626515625 0.5017037470703125 0.45463319140625 0.5000991298828125 0.4565889521484375 0.4953603466796875 0.46918398046875 0.4952470751953125 0.4812539306640625 0.4987065048828125 0.4930558271484375
2 0.447260109375 0.4848808701171875 0.445557615234375 0.5002499765625 0.4460902255859375 0.504373865234375 0.4497207890625 0.509491427734375 0.4499173720703125 0.5126596337890625 0.4524374404296875 0.5126565673828125 0.456272638671875 0.5066167216796875 0.458000310546875 0.5011016923828125 0.4603738642578125 0.4876406015625 0.4607599609375 0.47830646484375 0.4591452880859375 0.47175308203125 0.4538019033203125 0.47349701953125 0.447260109375 0.4848808701171875
2 0.4290194697265625 0.481215544921875 0.421946603515625 0.4884757783203125 0.420017552734375 0.4979852734375 0.4198745810546875 0.507362279296875 0.4184680859375 0.512486517578125 0.4186643984375 0.5156562626953125 0.4205705458984375 0.51912591015625 0.4227845595703125 0.520858568359375 0.4271656806640625 0.520288810546875 0.4337356376953125 0.5115976337890625 0.4375740927734375 0.49839484375 0.4359926494140625 0.487369923828125 0.433582052734375 0.482469060546875 0.4290194697265625 0.481215544921875
2 0.470227048828125 0.50459986328125 0.4694281396484375 0.5134137880859375 0.4706018369140625 0.51675428515625 0.4718236142578125 0.5169697177734375 0.4748780107421875 0.5139273251953125 0.47601321875 0.5060675439453125 0.4740770986328125 0.4999064892578125 0.470227048828125 0.50459986328125
2 0.4039513779296875 0.5376860556640625 0.398759482421875 0.5385618603515625 0.39532224609375 0.5437754462890625 0.3935761953125 0.555108484375 0.39482640625 0.55801505078125 0.398977986328125 0.5587470869140625 0.4022005322265625 0.556181765625 0.4052015888671875 0.5405926220703124 0.4039513779296875 0.5376860556640625
2 0.4574653271484375 0.6469622431640625 0.460458060546875 0.64570025390625 0.4691055712890625 0.6337928525390625 0.474693619140625 0.6320920556640625 0.475943830078125 0.6349986220703125 0.4780662080078125 0.63582027734375 0.4823889228515625 0.6298679794921875 0.484501244140625 0.622180490234375 0.484737298828125 0.6065528115234375 0.4838085361328125 0.603253916015625 0.4801912841796875 0.5994825537109375 0.474574802734375 0.598492216796875 0.4606805166015625 0.5987283994140625 0.4549391708984375 0.60129859765625 0.4507249453125 0.63234312890625 0.452028767578125 0.6477949072265625 0.4539513056640625 0.652611298828125 0.4550950302734375 0.653260390625 0.4574653271484375 0.6469622431640625
2 0.458917953125 0.728704779296875 0.457951166015625 0.7370400927734375 0.459201376953125 0.73994666015625 0.46335449609375 0.740678966796875 0.4643932734375 0.73907085546875 0.4715056103515625 0.713014736328125 0.4721844501953125 0.7005986748046875 0.4681894248046875 0.6918342958984375 0.4641276708984375 0.6920145302734375 0.4593153583984375 0.6978820849609375 0.4582071376953125 0.71559467578125 0.458917953125 0.728704779296875
2 0.41466900390625 0.6797110810546875 0.410374451171875 0.68835605078125 0.4044403349609375 0.7105915341796875 0.4058206708984375 0.7256093818359375 0.41044319921875 0.732245708984375 0.4138623291015625 0.73284859375 0.421667646484375 0.7257175107421875 0.42411445703125 0.718985431640625 0.425937021484375 0.707218462890625 0.4243704287109375 0.6975400146484375 0.4199922919921875 0.6909483671875 0.4178734423828125 0.68296223046875 0.41466900390625 0.6797110810546875
2 0.50263720703125 0.62358707421875 0.5025888564453125 0.626713677734375 0.5069085859375 0.62792278515625 0.5081155126953125 0.6267917451171875 0.51067206640625 0.6151541982421875 0.510062669921875 0.6114657802734375 0.5060777001953125 0.611210544921875 0.50263720703125 0.62358707421875
2 0.5380902109375 0.4453782177734375 0.542967171875 0.4305688564453125 0.5425410478515625 0.4287024423828125 0.5386174697265625 0.4266683427734375 0.5365253359375 0.4285365556640625 0.5316946455078125 0.440222119140625 0.5311122373046875 0.44638651171875 0.5321791767578125 0.4474710732421875 0.5350340048828125 0.44842187890625 0.5380902109375 0.4453782177734375
2 0.544093771484375 0.4070382548828125 0.547040234375 0.4089000634765625 0.55125320703125 0.407853234375 0.55617526171875 0.3970802119140625 0.5568644287109376 0.393171755859375 0.556211748046875 0.38544573046875 0.5517437861328125 0.3779418134765625 0.5479402783203124 0.3795098505859375 0.54424 0.3904983056640625 0.5430914794921875 0.3970118857421875 0.544093771484375 0.4070382548828125
2 0.5685298505859375 0.389856443359375 0.570047626953125 0.3798270078125 0.5679736005859375 0.3758787490234375 0.5632561806640625 0.3754943623046875 0.5572653759765624 0.385184091796875 0.556989021484375 0.389612759765625 0.5595178779296875 0.39811702734375 0.5609078046875 0.39880953125 0.5635944833984375 0.3992832646484375 0.5685298505859375 0.389856443359375
2 0.5905226611328125 0.402241740234375 0.586615744140625 0.4015528447265625 0.5830868720703125 0.4058554287109375 0.5806984677734375 0.4179700478515625 0.5809383359375 0.4251758603515625 0.58394619140625 0.4252588037109375 0.5880112021484375 0.4179156259765625 0.590963908203125 0.4054530869140625 0.5905226611328125 0.402241740234375
2 0.5786790341796875 0.3965708369140625 0.5761305322265625 0.39388276953125 0.5729845 0.3960141591796875 0.5689194892578125 0.4033573369140625 0.5683038515625 0.4139932666015625 0.572302404296875 0.4155931640625 0.574869013671875 0.4124647607421875 0.578201302734375 0.404993970703125 0.5786790341796875 0.3965708369140625
2 0.56605391015625 0.4538915244140625 0.5620689404296875 0.4536362890625 0.5598235087890625 0.45637390234375 0.558004201171875 0.4609779287109375 0.558794787109375 0.466491158203125 0.5628713916015625 0.4676573955078125 0.564963796875 0.46578764453125 0.5673189716796875 0.4581445634765625 0.56605391015625 0.4538915244140625
0 0.5938502041015625 0.6947398271484375 0.605723517578125 0.673104162109375 0.62176480078125 0.6535472763671875 0.631096412109375 0.644895630859375 0.636466234375 0.63800782421875 0.6418030986328125 0.6355900166015624 0.6506736376953125 0.6367067099609375 0.66356108203125 0.6412178125 0.666683966796875 0.64445458203125 0.66925383203125 0.6341632353515625 0.669348724609375 0.627911294921875 0.6608341298828125 0.6219325458984375 0.6586384951171875 0.6143818779296875 0.6561793544921874 0.5897715927734375 0.656073849609375 0.5575179541015625 0.6479954208984375 0.5319152490234375 0.6324128935546875 0.4360434892578125 0.62801990625 0.4281053701171875 0.6233357158203126 0.4232494462890625 0.617620798828125 0.40567601953125 0.6080407119140625 0.3914510322265625 0.6001188525390625 0.3878154970703125 0.591669177734375 0.372893400390625 0.5844646474609375 0.36804208203125 0.578210607421875 0.3606706533203125 0.5737992412109375 0.3585505439453125 0.571633580078125 0.3536912822265625 0.57193990625 0.35195401953125 0.56136459765625 0.343373212890625 0.539583220703125 0.33550259375 0.5305742333984375 0.3366017734375 0.5079838916015625 0.3290359345703125 0.5036309326171875 0.332298365234375 0.4836459609375 0.33280286328125 0.4798872763671875 0.3384087783203125 0.4757641298828125 0.340367876953125 0.4645580615234375 0.3410780654296875 0.4587069716796875 0.3485537314453125 0.44905744140625 0.350433224609375 0.439938982421875 0.356436333984375 0.4362719326171875 0.362953251953125 0.42252895703125 0.3694847880859375 0.4173471162109375 0.378869736328125 0.405160677734375 0.3865705771484375 0.4015072119140625 0.39443215625 0.3915012861328125 0.40833873046875 0.37491380859375 0.42242706640625 0.365782037109375 0.427083974609375 0.3590154970703125 0.4326069462890625 0.353605654296875 0.443293958984375 0.3400292890625 0.450302294921875 0.3348957998046875 0.4565606396484375 0.3327236240234375 0.4660272646484375 0.3276233642578125 0.467814072265625 0.3189174462890625 0.4743389326171875 0.3126072744140625 0.4844181845703125 0.2807738955078125 0.5164139638671875 0.2663120517578125 0.5241610107421875 0.2649669482421875 0.527506384765625 0.2639233759765625 0.5362771689453125 0.257511513671875 0.5369362734375 0.2537560849609375 0.53537924609375 0.2419373642578125 0.539563958984375 0.2365640068359375 0.5386164912109375 0.22854752734375 0.541231357421875 0.219109158203125 0.5476270673828125 0.2181756005859375 0.5514908427734375 0.2186933603515625 0.5542682587890625 0.2235922421875 0.55647591796875 0.2277886455078125 0.5612458310546875 0.2365197412109375 0.5645750478515625 0.2387470654296875 0.56765390625 0.25780853515625 0.5795223291015625 0.267651392578125 0.5879739853515625 0.2706695751953125 0.5965645341796875 0.273644201171875 0.601119015625 0.280787068359375 0.6077507373046875 0.2849202705078125 0.6143007822265625 0.2869913115234375 0.6254104462890625 0.303131765625 0.6452695986328125 0.3052357646484375 0.651909263671875 0.324844966796875 0.6692465078125 0.3263967080078125 0.6775784833984375 0.3356752646484375 0.686378060546875 0.36448171484375 0.720111484375 0.3721692373046875 0.7322114853515626 0.3904333359375 0.752894103515625 0.3917736435546875 0.7567114013671875 0.403858677734375 0.7695883876953125 0.408984115234375 0.777655658203125 0.41586746875 0.7828977666015625 0.42042706640625 0.7913126865234374 0.4290045908203125 0.7955128427734375 0.4360077431640625 0.8043586279296875 0.44538119140625 0.8069062646484375 0.450782982421875 0.8105448662109375 0.4576944990234375 0.8184796484375 0.46670321484375 0.8173820068359375 0.4682161962890625 0.814515244140625 0.4720946796875 0.81251300390625 0.4772281689453125 0.8062546591796875 0.4812649912109375 0.803831330078125 0.4843579033203125 0.8043766943359375 0.4838036572265625 0.8132337587890625 0.485020638671875 0.82061186328125 0.4905921181640625 0.82472780859375 0.4961185029296875 0.8248074150390625 0.50453140625 0.821366017578125 0.509325611328125 0.82131493359375 0.5176335673828125 0.8156163330078126 0.5514692548828125 0.7808400712890625 0.5559268896484375 0.7798363837890625 0.5657629482421875 0.7726159521484375 0.5762078466796875 0.7390875048828125 0.5764706171875 0.7333141748046875 0.590469564453125 0.7053372216796875 0.5938502041015625 0.6947398271484375
2 0.4881992880859375 0.6711859013671875 0.4838430732421875 0.681611275390625 0.4807189619140625 0.7007596865234375 0.4799167958984375 0.7167365537109375 0.4813965478515625 0.7183413271484375 0.4897012470703125 0.719805669921875 0.493230390625 0.7155015478515625 0.494510017578125 0.6911030849609375 0.4968171123046875 0.6865850693359375 0.497659306640625 0.6818087509765625 0.49620091796875 0.6672245634765624 0.491163859375 0.66723123828125 0.4881992880859375 0.6711859013671875
2 0.4890304599609375 0.7178961162109375 0.491803978515625 0.7264435244140625 0.4930390673828125 0.7280051572265624 0.4973454853515625 0.7278680634765625 0.499412712890625 0.7161442353515625 0.4988365458984375 0.707984279296875 0.49534090234375 0.7078153251953125 0.4890304599609375 0.7178961162109375
2 0.488058181640625 0.7933882392578125 0.4917481328125 0.7738921787109375 0.4916748759765625 0.767163166015625 0.484428599609375 0.7582745126953125 0.4800607900390625 0.760190470703125 0.478060021484375 0.7629712236328124 0.47183641796875 0.7811256884765625 0.4761012841796875 0.7997872861328125 0.4853065830078125 0.8018578515625 0.488058181640625 0.7933882392578125
2 0.517868599609375 0.7471577314453125 0.51449601171875 0.743429509765625 0.510176552734375 0.74221886328125 0.507504724609375 0.7430916015625 0.50582359375 0.7454812939453125 0.5028557666015625 0.756598900390625 0.5025096982421875 0.7771335859375 0.50415787109375 0.7792138935546875 0.50934795703125 0.77833935546875 0.514649595703125 0.7725580830078125 0.519997775390625 0.76365147265625 0.5212512431640625 0.7593950966796875 0.521207958984375 0.755357490234375 0.517868599609375 0.7471577314453125
2 0.5328771943359375 0.7748756689453125 0.5379142529296875 0.7748689931640625 0.5447036953125 0.75636687890625 0.54606690625 0.7472050341796875 0.5451846845703125 0.7407808017578125 0.5432785361328125 0.7373111533203125 0.5390788759765625 0.73970418359375 0.5341900498046875 0.7460056689453125 0.5314236015625 0.75312880859375 0.530591462890625 0.7664142705078125 0.5328771943359375 0.7748756689453125
2 0.5560466328125 0.6706134599609375 0.5549345986328125 0.6654925595703125 0.5522330693359375 0.663672353515625 0.5496045263671875 0.6685826982421875 0.5500457724609376 0.671794044921875 0.5545336513671875 0.6734802236328125 0.5560466328125 0.6706134599609375
2 0.5076429013671875 0.740877267578125 0.5081455400390625 0.74230975 0.514406185546875 0.7425172392578125 0.5154630693359376 0.7350926572265625 0.5126563212890625 0.7310167861328125 0.5112815166015625 0.7316692158203125 0.5096003857421875 0.734058908203125 0.5076429013671875 0.740877267578125
2 0.2433476728515625 0.557273212890625 0.2465372607421875 0.5591778896484375 0.2535152353515625 0.5581695966796875 0.254204130859375 0.5542626796875 0.2522365908203125 0.5525718955078125 0.2503769833984375 0.5459769111328125 0.2475989404296875 0.5445906357421875 0.2438883359375 0.5470714853515625 0.2426949921875 0.5495471875 0.2419293125 0.55388957421875 0.2433476728515625 0.557273212890625
2 0.6130228076171875 0.5817145068359375 0.613297443359375 0.584449052734375 0.6135556904296875 0.58583685546875 0.6179383505859375 0.5852673701171875 0.620551771484375 0.579012091796875 0.6195462236328125 0.576148666015625 0.61533144140625 0.57719676171875 0.6130228076171875 0.5817145068359375
2 0.5805818427734375 0.6100206005859375 0.585054599609375 0.610361845703125 0.5946759677734375 0.6057896796875 0.5938219091796875 0.60205812109375 0.591854369140625 0.6003673369140625 0.589140974609375 0.59003925390625 0.58498939453125 0.5893072177734375 0.5828204755859375 0.591610900390625 0.578707384765625 0.602079142578125 0.5785226669921875 0.6074188134765625 0.5805818427734375 0.6100206005859375
2 0.3889366806640625 0.434301892578125 0.3923173203125 0.4237044990234375 0.3922440634765625 0.416975486328125 0.3901848876953125 0.4143737001953125 0.3869472197265625 0.415594087890625 0.3791570244140625 0.4240701044921875 0.376370658203125 0.437010982421875 0.3770414453125 0.438920537109375 0.382156828125 0.4384786630859375 0.3889366806640625 0.434301892578125
2 0.5649766005859375 0.7299436162109375 0.563358400390625 0.73055471484375 0.5611265517578125 0.734636990234375 0.559288865234375 0.745059025390625 0.5605539267578125 0.749312064453125 0.56484522265625 0.747830037109375 0.568100998046875 0.7407931787109375 0.568425703125 0.73323790625 0.5649766005859375 0.7299436162109375
2 0.520055201171875 0.7990301767578125 0.5215601298828125 0.8104890283203126 0.522307431640625 0.8119646513671875 0.5352311162109376 0.7972302900390625 0.5433759892578125 0.7838904072265624 0.5431927177734375 0.78206840234375 0.52993780078125 0.7886844091796875 0.520055201171875 0.7990301767578125
2 0.547685392578125 0.7765919091796875 0.544965484375 0.780589712890625 0.551224591796875 0.7807969306640625 0.547685392578125 0.7765919091796875
2 0.6037464853515625 0.5129210634765625 0.602023609375 0.511273419921875 0.5973195009765625 0.512235234375 0.5960511826171875 0.515145138671875 0.5967368212890625 0.5184011650390625 0.5974078798828125 0.5203091806640625 0.601391310546875 0.52056414453125 0.603378767578125 0.5164371904296875 0.6037464853515625 0.5129210634765625
2 0.592330236328125 0.47911887109375 0.5896916376953125 0.4755200712890625 0.5853087060546875 0.4760910966796875 0.5837808740234375 0.4776113876953125 0.58471117578125 0.4809105546875 0.5869236494140625 0.4826429404296875 0.5876092880859375 0.485898966796875 0.5914729208984375 0.4825502548828125 0.592330236328125 0.47911887109375
2 0.4942750830078125 0.5867440283203125 0.491223943359375 0.5826234775390625 0.485419666015625 0.5869722685546875 0.4837533857421875 0.5907084326171875 0.485278232421875 0.5963495458984375 0.4891083642578125 0.59747391015625 0.4918582451171875 0.5961675126953125 0.49438003125 0.5890012314453125 0.4942750830078125 0.5867440283203125
2 0.6220189072265625 0.51927652734375 0.61936871484375 0.5071683125 0.61432658984375 0.5143391982421875 0.615605234375 0.5199368994140625 0.6170852578125 0.521540134765625 0.6208404150390625 0.523098701171875 0.6220189072265625 0.51927652734375
2 0.333794990234375 0.6327683525390625 0.3369229150390625 0.63645343359375 0.3393649306640625 0.6368840263671876 0.3411225751953125 0.6340604033203125 0.341337265625 0.631412138671875 0.3402552041015625 0.6289826435546875 0.335216607421875 0.6289890478515625 0.333794990234375 0.6327683525390625
2 0.59733947265625 0.619244095703125 0.5960278701171875 0.6181163935546875 0.593690802734375 0.6199430029296875 0.5919764423828126 0.626804232421875 0.592174564453125 0.6299727099609375 0.5941421044921875 0.631663494140625 0.596968498046875 0.6299231650390625 0.598513169921875 0.6225845927734375 0.59733947265625 0.619244095703125
2 0.981406681640625 0.53921776171875 0.9871480283203125 0.5366475634765625 0.998497068359375 0.526560369140625 0.999783494140625 0.517833994140625 0.9997150322265625 0.5039423095703125 0.997947060546875 0.4982583271484375 0.993352966796875 0.494313134765625 0.9909290576171875 0.4880660703125 0.9889615185546875 0.4863752861328125 0.9805035205078125 0.4857803447265625 0.9753551806640625 0.490692216796875 0.964597443359375 0.5402838134765625 0.965416734375 0.548486638671875 0.969799666015625 0.5479156142578125 0.9738130693359375 0.5508619833984375 0.9777096591796876 0.5430432734375 0.981406681640625 0.53921776171875
2 0.9568372607421874 0.634278322265625 0.9660687197265625 0.61620680078125 0.9681540537109375 0.598666501953125 0.96655748828125 0.5862966474609375 0.9613587939453125 0.571500365234375 0.9584906533203125 0.5692033583984375 0.9557407734375 0.5705097568359375 0.94434519140625 0.583722287109375 0.939270109375 0.595363171875 0.9328282880859375 0.6233303837890625 0.9340888251953126 0.6347445556640625 0.932342775390625 0.6460775947265625 0.9335028896484375 0.6480734296875 0.937975646484375 0.6484146748046875 0.945076947265625 0.643845576171875 0.9495678115234375 0.6383703505859375 0.9568372607421874 0.634278322265625
2 0.8008737666015625 0.71467793359375 0.7990509306640625 0.7264464423828125 0.804806146484375 0.7552188798828126 0.806454048828125 0.7573007255859375 0.809278904296875 0.7555601259765625 0.811773794921875 0.7457029814453126 0.8198119091796875 0.7301071630859375 0.8204097109375 0.725286166015625 0.817985802734375 0.7190391015625 0.8110126240234375 0.71288472265625 0.8054711171875 0.71146018359375 0.8008737666015625 0.71467793359375
2 0.8238750556640625 0.6099386533203125 0.827462333984375 0.611018609375 0.832872177734375 0.6003315966796875 0.8342550341796875 0.5853535517578125 0.8336174755859375 0.5789724609375 0.8314799755859374 0.5768058720703125 0.8260452265625 0.5776372685546876 0.8206486953125 0.589670482421875 0.8192089716796875 0.5992662587890625 0.820733818359375 0.6049073720703125 0.8238750556640625 0.6099386533203125
2 0.8060447236328125 0.6667889443359375 0.80384583203125 0.666401220703125 0.7980279716796875 0.669405349609375 0.7966199384765625 0.67452931640625 0.798374326171875 0.67886863671875 0.8033200205078125 0.677949419921875 0.80715521875 0.67190957421875 0.80712678515625 0.669218439453125 0.8060447236328125 0.6667889443359375
2 0.786143759765625 0.6225374619140625 0.7813979052734376 0.61946194140625 0.7792289873046875 0.621765623046875 0.777820681640625 0.62689112890625 0.780825552734375 0.6341354775390625 0.7848854970703125 0.6339565107421875 0.7864901142578125 0.6320007490234375 0.787011130859375 0.6276152216796875 0.786143759765625 0.6225374619140625
2 0.76430202734375 0.699276142578125 0.7562087626953125 0.702326478515625 0.7537186669921875 0.7050209501953125 0.75377707421875 0.710403490234375 0.7556847607421875 0.71387341015625 0.7588592265625 0.714433154296875 0.7632735771484375 0.709391859375 0.764911423828125 0.7029645615234374 0.76430202734375 0.699276142578125
2 0.7610674775390625 0.78332416015625 0.764897880859375 0.7844469853515625 0.7703374248046875 0.7764529169921875 0.7713477685546875 0.7721536708984374 0.7687260087890625 0.7627365908203125 0.767079646484375 0.7606550166015625 0.7625769169921875 0.757622365234375 0.7575380478515625 0.75763030859375 0.7562848515625 0.761885146484375 0.7592113984375 0.7695646923828126 0.7610674775390625 0.78332416015625
2 0.8175300751953125 0.5416620849609375 0.8164328916015625 0.53788765625 0.812677734375 0.5363290888671876 0.8103706396484375 0.54084710546875 0.8105055595703125 0.54579571484375 0.815146466796875 0.54661403125 0.8175300751953125 0.5416620849609375
2 0.8650192939453125 0.7250936767578126 0.8655519052734375 0.729217564453125 0.8677359453125 0.72825881640625 0.8717241708984375 0.7213511083984375 0.8720637265625 0.71514230859375 0.869102412109375 0.7119340283203125 0.866703681640625 0.715541041015625 0.8650192939453125 0.7250936767578126
2 0.8567677958984375 0.8261666572265625 0.8593527841796875 0.817220244140625 0.8590648359375 0.8131394970703125 0.855066283203125 0.811539599609375 0.8489123955078125 0.8135880458984375 0.8467434775390625 0.815891728515625 0.8455798349609375 0.821060375 0.850019634765625 0.825871619140625 0.853210490234375 0.8277781064453125 0.8567677958984375 0.8261666572265625
2 0.8985066787109375 0.7708459677734375 0.8981057314453125 0.7788336318359375 0.8992026435546875 0.7826095986328125 0.9013234814453125 0.783430982421875 0.90650052734375 0.781208705078125 0.912614115234375 0.767961248046875 0.914772978515625 0.757148421875 0.9153420751953125 0.7496378291015625 0.91433498828125 0.7467741318359375 0.90912978125 0.7463037353515625 0.9052797314453125 0.750997109375 0.8985066787109375 0.7708459677734375
0 1 0.4521923642578125 0.9924000078125 0.451163998046875 0.9850424501953124 0.447180541015625 0.9749048603515625 0.4489755625 0.9473957197265624 0.4450198037109375 0.9345085205078125 0.4481196845703125 0.911440447265625 0.4489769794921875 0.8997118232421875 0.454072423828125 0.8817208359375 0.46612359375 0.8631222626953124 0.474485078125 0.825168224609375 0.5040577666015625 0.79591178125 0.541432748046875 0.7738631240234375 0.57649610546875 0.7698897490234375 0.58475028515625 0.769091111328125 0.5935626708984375 0.770950447265625 0.6001591943359375 0.771616439453125 0.6092314208984375 0.7750806630859375 0.61387064453125 0.778251873046875 0.62159333203125 0.77381914453125 0.6324526357421875 0.7721347568359375 0.642005271484375 0.769644390625 0.6447012822265625 0.7677485693359375 0.6497392392578125 0.7592243837890625 0.6580858330078125 0.7568075458984375 0.6675093173828125 0.7531105244140625 0.671334830078125 0.747019837890625 0.67160314453125 0.742513580078125 0.6757349755859375 0.7437789130859375 0.6799864755859375 0.7418214287109375 0.6868048359375 0.7400886904296875 0.6994840751953125 0.744600494140625 0.7410220341796875 0.7489137109375 0.75655702734375 0.7536263359375 0.7641040859375 0.75939640234375 0.79422299609375 0.7649779365234375 0.8068480849609375 0.7760677490234374 0.825369251953125 0.7887790185546875 0.8361163759765625 0.79544587109375 0.8440080166015625 0.8010938642578125 0.84769003125 0.81099358984375 0.8615239560546875 0.8204868369140625 0.8676752685546875 0.824726796875 0.87648125 0.85918295703125 0.9067334736328125 0.8646295712890625 0.9144099541015624 0.8689493017578125 0.9156190615234375 0.8719088056640625 0.918828609375 0.8756493837890625 0.9190391650390625 0.882044677734375 0.9241968017578125 0.892538677734375 0.9403742119140625 0.8972860703125 0.94345000390625 0.9047802666015625 0.94521885546875 0.92089708203125 0.9552242021484375 0.92563227734375 0.9565065673828125 1 0.5347462509765625 1 0.4521923642578125
2 0.6624208828125 0.9414354873046875 0.6584059404296875 0.9384888466796875 0.65454230859375 0.9418375576171875 0.6531642470703125 0.9496529306640625 0.6549035126953126 0.9526473173828125 0.6587190654296875 0.9524236708984375 0.6611326474609375 0.9501631298828125 0.6629371044921875 0.9442126318359375 0.6624208828125 0.9414354873046875
2 0.657870359375 0.971525875 0.6565569462890625 0.9703994404296875 0.6529996396484375 0.9720108896484375 0.6520809326171875 0.977221138671875 0.6528433564453126 0.9800416943359375 0.6553002216796875 0.981818759765625 0.657469140625 0.979515078125 0.6588759072265625 0.97438930078125 0.657870359375 0.971525875
2 0.6633108701171875 0.903536130859375 0.6619073603515625 0.90149896484375 0.6586699638671875 0.9027178134765625 0.6572483466796875 0.9064971181640625 0.6581622587890625 0.9084495419921875 0.6616594404296875 0.9086187666015625 0.6633108701171875 0.903536130859375
0 0.677968115234375 1 0.687057087890625 0.950256912109375 0.696461669921875 0.9183363046875 0.707885220703125 0.884980419921875 0.7140488779296875 0.8614431435546875 0.7157048310546875 0.8491993740234375 0.72497603125 0.8123304287109375 0.7292338125 0.7853219658203126 0.73172516015625 0.752629791015625 0.7311970732421875 0.74134476953125 0.7297638623046875 0.7366146591796875 0.729848427734375 0.72185511328125 0.7217697275390625 0.696253947265625 0.7202182568359375 0.6879204326171875 0.7171519951171875 0.68245494921875 0.713138591796875 0.6795085791015625 0.70939828515625 0.679296484375 0.70489202734375 0.6834283154296875 0.701253412109375 0.6926363671875 0.69394094921875 0.69268925 0.685388330078125 0.6983447099609374 0.6822938798828125 0.6977990751953125 0.673835908203125 0.689591611328125 0.6711524853515625 0.68195493359375 0.66951562109375 0.6583860693359375 0.664423412109375 0.6458472607421875 0.657953142578125 0.641123826171875 0.647757146484375 0.6375363076171875 0.63497489453125 0.6428933916015624 0.6307286943359375 0.6484117578125 0.621305447265625 0.656152400390625 0.6058284658203125 0.6753613662109375 0.593174349609375 0.699994484375 0.586631109375 0.7185400107421875 0.57908078125 0.73422183984375 0.5777940849609375 0.74294975390625 0.5711592080078125 0.76058427734375 0.5581580283203125 0.8057487333984376 0.5502102958984375 0.8522532578125 0.5472628505859375 0.88038761328125 0.5389438720703125 0.93757274609375 0.5375426376953125 0.9583687998046875 0.532377005859375 1 0.677968115234375 1
2 0.564129369140625 0.4262403740234375 0.5658537841796875 0.4278882880859375 0.5673053740234375 0.426800388671875 0.568027498046875 0.4184219345703125 0.564453802734375 0.418686640625 0.564129369140625 0.4262403740234375
2 0.8394891279296876 0.2128787138671875 0.8350496005859375 0.2080659306640625 0.8308212353515625 0.2077693642578125 0.82752217578125 0.2107686171875 0.8265551171875 0.2191054697265625 0.8282032900390625 0.2211857763671875 0.8341424873046875 0.2217855947265625 0.8380826337890624 0.2180029521484375 0.8394891279296876 0.2128787138671875
2 0.753094220703125 0.0986995703125 0.754372865234375 0.1042972705078125 0.75773033203125 0.10668055859375 0.7656373408203125 0.1089696220703125 0.7699135146484375 0.106142662109375 0.7718709990234375 0.0993243017578125 0.772746421875 0.0900764462890625 0.7701410517578124 0.0820061103515625 0.762477439453125 0.079758376953125 0.7556975869140625 0.0839351474609375 0.75450397265625 0.086412388671875 0.753094220703125 0.0986995703125
0 0.7809334306640625 0.5164046767578125 0.7871238037109375 0.50272175 0.7890631806640624 0.5017198603515625 0.7934626806640624 0.49533209375 0.8021147158203125 0.4762635595703125 0.8112145107421875 0.446080486328125 0.82336897265625 0.4128534814453125 0.82667635546875 0.3955270751953125 0.8396578896484375 0.3561788193359375 0.8494949306640625 0.318962224609375 0.8580369365234375 0.274801185546875 0.8674714912109375 0.245571984375 0.873105615234375 0.2179113623046875 0.87367796875 0.203237826171875 0.872351244140625 0.2007651904296875 0.87197166015625 0.19577344140625 0.876890173828125 0.1621653876953125 0.8765486142578125 0.145539427734375 0.877955109375 0.140415189453125 0.8797557529296876 0.11163119921875 0.8779263896484375 0.10772608203125 0.8774347880859374 0.084806580078125 0.876064779296875 0.0782963369140625 0.8730750302734375 0.0723969228515625 0.8739653037109375 0.0644955400390625 0.8693926279296875 0.0590071845703125 0.865484171875 0.0583180185546875 0.8648068173828125 0.059298099609375 0.8515415732421875 0.0574065009765625 0.8078972392578125 0.0492634052734375 0.80759748046875 0.048111033203125 0.8036890244140625 0.0474218671875 0.8030132080078125 0.04840221875 0.8000053525390625 0.048319275390625 0.78266350390625 0.045261439453125 0.768574173828125 0.0423296875 0.767785087890625 0.0410910341796875 0.7646090830078125 0.0405310185546875 0.7639332666015625 0.04151137109375 0.755720203125 0.04095803125 0.749321380859375 0.042964875 0.7426580703125 0.0579082646484375 0.736667537109375 0.067596455078125 0.729420279296875 0.08870396484375 0.7229268359375 0.0969612119140625 0.6870461279296874 0.1904762958984375 0.683848759765625 0.2028956953125 0.6797220849609374 0.212019275390625 0.6763565673828125 0.2239616025390625 0.6706474677734375 0.2520564267578125 0.6591189697265625 0.2831551083984375 0.6470632138671875 0.3329636640625 0.638880873046875 0.38793419140625 0.6381600166015625 0.3963144560546875 0.6398718564453125 0.419449119140625 0.638661673828125 0.4277431025390625 0.636751001953125 0.4314345869140625 0.635629197265625 0.447802515625 0.6358358369140625 0.4594798662109375 0.6439349189453125 0.50209778125 0.64770040234375 0.512163953125 0.64800347265625 0.517589634765625 0.650533595703125 0.5260957119140625 0.6519771337890625 0.539333427734375 0.6568246787109375 0.5518290947265625 0.67017025 0.57612025390625 0.678150515625 0.585138330078125 0.6817375234375 0.5862198251953125 0.6829444501953125 0.58508878515625 0.6871189326171875 0.572841677734375 0.6904331142578125 0.571187359375 0.6979205107421875 0.557284123046875 0.703658330078125 0.5618784072265625 0.70417608984375 0.5646558232421875 0.7026930810546875 0.5702139921875 0.7033771806640625 0.5734697470703125 0.707237556640625 0.577283978515625 0.7110694990234375 0.578407076171875 0.7362047998046874 0.5658259521484374 0.7445860126953125 0.5668563642578125 0.7483130068359375 0.5657222578125 0.75262087109375 0.55842348828125 0.7588847734375 0.5514680341796875 0.7642178310546875 0.5412164912109375 0.7683125439453125 0.5365662578125 0.773645873046875 0.52631317578125 0.7809334306640625 0.5164046767578125
2 0.7471434501953125 0.6980403125 0.748426619140625 0.6964768798828125 0.7497417490234375 0.6904401005859375 0.7421710400390625 0.6891051796875 0.74030365234375 0.696834271484375 0.740410138671875 0.69909174609375 0.7471434501953125 0.6980403125
2 0.970296201171875 0.4736818720703125 0.9725564833984375 0.4722907314453125 0.975261541015625 0.466946455078125 0.9743209130859375 0.45513968359375 0.969268732421875 0.4538014248046875 0.967008177734375 0.4551941044921875 0.9656149951171875 0.4616645439453125 0.966392541015625 0.465830033203125 0.9695967080078125 0.46908272265625 0.970296201171875 0.4736818720703125
2 0.8083087158203125 0.2825984912109375 0.8109324638671875 0.284850818359375 0.8169481748046875 0.2850167060546875 0.81925526953125 0.2804986904296875 0.81759378515625 0.2770721826171875 0.810817189453125 0.274086009765625 0.8073784140625 0.2792993251953125 0.8083087158203125 0.2825984912109375
2 0.814347640625 0.3526107841796875 0.8187486796875 0.3462232880859375 0.820356552734375 0.337104583984375 0.80924356640625 0.331564099609375 0.8069845517578125 0.3329570498046875 0.80148334375 0.342731521484375 0.8006544619140625 0.3488540400390625 0.8028969091796875 0.35327783203125 0.8087729052734375 0.3556577822265625 0.814347640625 0.3526107841796875
2 0.94013333984375 0.4647823798828125 0.9419778251953125 0.470032431640625 0.9435343623046875 0.471201736328125 0.9479935361328125 0.4701983193359375 0.9474324912109375 0.463383296875 0.9453569267578125 0.4594347666015625 0.9410671689453125 0.4609170654296875 0.94013333984375 0.4647823798828125
0 0.47624036328125 1 0.4849513232421875 0.9812607568359375 0.487114412109375 0.915004796875 0.49597895703125 0.873729544921875 0.496246525390625 0.8452178505859375 0.480583822265625 0.8170704287109375 0.4687271865234375 0.8213262001953126 0.4461884052734375 0.814178796875 0.4212039404296875 0.7939073203125 0.315556978515625 0.664216625 0.301254658203125 0.6553483232421875 0.2797157451171875 0.678522701171875 0.2733823173828125 0.6964451962890625 0.2511336455078125 0.822623689453125 0.2584744541015625 0.88896883984375 0.28527651953125 0.9619187421875 0.2900749423828125 0.9706978544921875 0.4054821005859375 0.99104725 0.412540314453125 0.9780123671875 0.4253930615234375 0.9771054453125 0.4291061826171875 0.99203960546875 0.4614807705078125 1 0.47624036328125 1
0 0.112971759765625 0.544405369140625 0.0749674384765625 0.62496740625 0.0429510556640625 0.8065413349609375 0.0358111650390625 0.88302598046875 0.0403420185546875 0.92031678515625 0.04387300390625 0.9272858095703125 0.073109484375 0.932440990234375 0.076636712890625 0.9124370830078125 0.0967298095703125 0.9064604130859375 0.11229956640625 0.9171388017578125 0.1279585126953125 0.91831329296875 0.1531251142578125 0.946549904296875 0.188516642578125 0.9527903857421876 0.2518546748046875 0.800538369140625 0.2695800068359375 0.6910149345703125 0.2933787119140625 0.6460265615234375 0.2625959560546875 0.5866541923828125 0.15840232421875 0.49371165234375 0.112971759765625 0.544405369140625
0 0.26724883984375 0.2003432255859375 0.275217732421875 0.227134021484375 0.27169050390625 0.2471379287109375 0.256395828125 0.2618937099609375 0.252868599609375 0.2818976171875 0.226438318359375 0.278823849609375 0.22046540625 0.2857036845703125 0.2140427890625 0.3131300771484375 0.20734508984375 0.31512230078125 0.2012829873046875 0.331506033203125 0.19449985546875 0.3699750859375 0.1977632724609375 0.4054558046875 0.2756862197265625 0.3414521220703125 0.3089925791015625 0.32352587109375 0.3920819765625 0.31120450390625 0.4240354658203125 0.3279449951171875 0.4042024248046875 0.2514641064453125 0.394415931640625 0.1719948837890625 0.3636294189453125 0.0856495830078125 0.3379164111328125 0.0335175634765625 0.3292264892578125 0.028812087890625 0.328590892578125 0.014420578125 0.3279590517578125 0.027002 0.31230010546875 0.025827509765625 0.2959201298828125 0.0467383388671875 0.29086165234375 0.12041678515625 0.274303296875 0.16033541015625 0.26724883984375 0.2003432255859375
0 0.1058384140625 0.0179816162109375 0.094253103515625 0.0206986259765625 0.0778693701171875 0.0146365234375 0.04802358984375 0.1839003564453125 0.064407322265625 0.1899624580078125 0.165151646484375 0.212486212890625 0.1913997919921875 0.2075948447265625 0.1943843701171875 0.1906684619140625 0.144772197265625 0.11210991796875 0.1058384140625 0.0179816162109375
0 0.055085560546875 0.197838404296875 0.04503901171875 0.2008267392578125 0.0379845546875 0.2408345546875 0.0386201513671875 0.255226064453125 0.0447752001953125 0.256311365234375 0.0729226220703125 0.240648662109375 0.1548337724609375 0.2170133095703125 0.0650429189453125 0.2043539677734375 0.055085560546875 0.197838404296875
0 1 0.1703333330078125 0.97071566796875 0.1879354560546875 0.93677746875 0.2184431298828125 0.9405835361328125 0.25084632421875 0.981955490234375 0.304152833984375 1 0.3190148310546875 1 0.1703333330078125
0 0.9179632109375 1 0.924119095703125 0.9650882431640625 0.9185066982421874 0.96092541796875 0.9074640380859375 0.9605649033203125 0.8871925615234375 0.985549369140625 0.8814734345703125 1 0.9179632109375 1
2 0.35205634765625 0.8261396484375 0.367893673828125 0.8083063427734375 0.3677115380859375 0.80034120703125 0.355130115234375 0.7997093671875 0.344362537109375 0.8247830224609375 0.35205634765625 0.8261396484375
2 0.393141951171875 0.773093193359375 0.38607998046875 0.7591551455078125 0.3682541884765625 0.79726368359375 0.3681649990234375 0.8067675810546875 0.3773975712890625 0.808395533203125 0.3875333095703125 0.7959032998046875 0.393141951171875 0.773093193359375
2 0.3965170966796875 0.9609076044921875 0.3971489365234375 0.9483261826171875 0.3836605927734375 0.9348415947265625 0.37569545703125 0.93502373046875 0.3702651943359375 0.938826041015625 0.371354251953125 0.9596439248046875 0.389005421875 0.9675161142578125 0.3965170966796875 0.9609076044921875
2 0.4482886015625 0.9462372568359375 0.4500057421875 0.9275007861328125 0.444211208984375 0.91537282421875 0.4362460732421875 0.9155549599609375 0.4333506845703125 0.9229774453125 0.433897091796875 0.946872853515625 0.4456645380859375 0.9521209794921875 0.4482886015625 0.9462372568359375
2 0.47597129296875 0.843229384765625 0.4649286328125 0.842868869140625 0.451994208984375 0.907225552734375 0.4560678447265625 0.911117052734375 0.4758858603515625 0.8797062138671875 0.48076971484375 0.85200849609375 0.47597129296875 0.843229384765625
2 0.443924857421875 0.809019859375 0.434420958984375 0.808930669921875 0.4338820654296875 0.8389811259765625 0.446192162109375 0.841151728515625 0.4542464873046875 0.8314656943359375 0.453610890625 0.8170741845703124 0.443924857421875 0.809019859375
2 0.359583048828125 0.9274228662109375 0.3683621611328125 0.9226244443359375 0.3734281513671875 0.9028918623046875 0.36265681640625 0.9009925849609375 0.3511644521484375 0.9211786279296875 0.359583048828125 0.9274228662109375
2 0.3341225830078125 0.73888742578125 0.348242767578125 0.7397905908203125 0.3481498212890625 0.7223215576171875 0.338645923828125 0.7222323671875 0.3341225830078125 0.73888742578125
2 0.3062427294921875 0.7260384345703125 0.3190954765625 0.7251315126953125 0.3202699677734375 0.70947256640625 0.3092273076171875 0.7091120517578124 0.3062427294921875 0.7260384345703125
2 0.3143975146484375 0.787767298828125 0.3239906015625 0.77835258984375 0.32027748046875 0.7634184296875 0.3135797822265625 0.7654106533203126 0.3087851162109375 0.78360447265625 0.3143975146484375 0.787767298828125
2 0.365265853515625 0.787217134765625 0.3618240576171875 0.7707442119140625 0.3591108046875 0.786131833984375 0.365265853515625 0.787217134765625
2 0.350989830078125 0.96715935546875 0.3575983388671875 0.9746710302734375 0.36366044140625 0.9582872978515625 0.3556953056640625 0.95846943359375 0.350989830078125 0.96715935546875
2 0.2949249873046875 0.70024375 0.3020761474609375 0.7046779013671876 0.3077777353515625 0.699336828125 0.3025258515625 0.6841313427734375 0.2949249873046875 0.70024375
2 0.220878513671875 0.6522820693359375 0.2197894560546875 0.631464185546875 0.210103421875 0.6234098603515625 0.18865369921875 0.6370803408203125 0.177975310546875 0.65265009765625 0.178068255859375 0.670119130859375 0.2104714501953125 0.666313064453125 0.220878513671875 0.6522820693359375
2 0.2113004521484375 0.7695885048828125 0.2223431123046875 0.76994901953125 0.22595953125 0.7404412138671875 0.213560244140625 0.747774509765625 0.2108469912109375 0.763162130859375 0.2113004521484375 0.7695885048828125
2 0.2266063974609375 0.83575151953125 0.2340288828125 0.8386469072265625 0.2401801748046875 0.81275927734375 0.22986230078125 0.8172863740234375 0.2266063974609375 0.83575151953125
2 0.1811720771484375 0.8594723037109375 0.1889550771484375 0.8513250322265625 0.1880481552734375 0.83847228515625 0.1746527568359375 0.8424567314453125 0.1768271162109375 0.85711956640625 0.1811720771484375 0.8594723037109375
2 0.1149048466796875 0.776390419921875 0.1135482197265625 0.78408423046875 0.1297498173828125 0.782181197265625 0.1285715703125 0.7708672119140625 0.1149048466796875 0.776390419921875
2 0.107768712890625 0.87984799609375 0.1190826982421875 0.8786697490234375 0.11690833984375 0.8640069140625 0.106861791015625 0.8669952490234375 0.107768712890625 0.87984799609375
2 0.069998150390625 0.6891419541015625 0.0877385087890625 0.6875102451171875 0.0920797138671875 0.6628900517578125 0.0699943935546875 0.662169021484375 0.0677346015625 0.6839830166015625 0.069998150390625 0.6891419541015625
2 0.101583611328125 0.6629792412109375 0.1080099853515625 0.6625257802734374 0.112804650390625 0.6443319599609375 0.101761990234375 0.6439714453125 0.099591388671875 0.6562815419921875 0.101583611328125 0.6629792412109375
2 0.1266497529296875 0.6198009560546875 0.137874548828125 0.6281266064453125 0.146471525390625 0.615363048828125 0.1355180546875 0.6054986357421875 0.1266497529296875 0.6198009560546875
2 0.0860514208984375 0.922030169921875 0.0943770712890625 0.9108053740234375 0.07889650390625 0.890623087890625 0.0747336787109375 0.8962354853515625 0.0801676982421875 0.919406107421875 0.0860514208984375 0.922030169921875
2 0.238057439453125 0.5188632265625 0.239774580078125 0.500126755859375 0.232623419921875 0.49569260546875 0.224840419921875 0.503839876953125 0.22520469140625 0.5197701484375 0.238057439453125 0.5188632265625
2 0.171526396484375 0.4912659677734375 0.1813016201171875 0.4898163955078125 0.1806660234375 0.4754248857421875 0.1698054990234375 0.4830295068359375 0.171526396484375 0.4912659677734375
2 0.2884648037109375 0.4579408251953125 0.287108177734375 0.4656346357421875 0.2999609248046875 0.4647277138671875 0.2957051533203125 0.452871078125 0.2884648037109375 0.4579408251953125
2 0.23558921484375 0.3439015634765625 0.2449109775390625 0.3360256171875 0.2523297060546875 0.3119480732421875 0.23812033203125 0.3205488056640625 0.226356642578125 0.342273611328125 0.23558921484375 0.3439015634765625
2 0.3017334462890625 0.193730958984375 0.312593970703125 0.186126337890625 0.3170206083984375 0.125029314453125 0.30434999609375 0.133901373046875 0.3017334462890625 0.193730958984375
2 0.34436532421875 0.194901693359375 0.3507916982421875 0.194448232421875 0.3591135927734375 0.1562505048828125 0.3485243935546875 0.16231636328125 0.3423731015625 0.188203994140625 0.34436532421875 0.194901693359375
2 0.337567166015625 0.12547901953125 0.3452572197265625 0.0998627138671875 0.3375634091796875 0.0985060869140625 0.3235361708984375 0.1150719560546875 0.3280632685546875 0.125389830078125 0.337567166015625 0.12547901953125
2 0.0684696884765625 0.1129351630859375 0.0607758779296875 0.111578537109375 0.0558028330078125 0.14878015234375 0.066031517578125 0.1537569541015625 0.0774346923828125 0.14307480859375 0.0798766201171875 0.1292259501953125 0.0684696884765625 0.1129351630859375
2 0.07879883203125 0.189326861328125 0.0661244638671875 0.17122598828125 0.0554460751953125 0.1867957451171875 0.07879883203125 0.189326861328125
2 0.1440624375 0.215114033203125 0.1466865009765625 0.2092303095703125 0.132655505859375 0.19882324609375 0.1210701953125 0.201540255859375 0.1255972919921875 0.2118581298828125 0.1440624375 0.215114033203125
2 1 0.215746251953125 0.9992311181640625 0.21517595703125 0.990634142578125 0.2279395146484375 1 0.23249650390625 1 0.215746251953125
2 0.9862037490234375 0.2620636064453125 0.992447986328125 0.253645009765625 0.99208371484375 0.23771473828125 0.9786883173828125 0.2416991845703125 0.9800487001953125 0.2609783056640625 0.9862037490234375 0.2620636064453125
2 0.2668066484375 0.2748356474609375 0.2736827265625 0.2538356279296875 0.260558654296875 0.2562813125 0.254314416015625 0.2646999091796875 0.259112837890625 0.2734790205078125 0.2668066484375 0.2748356474609375
0 0.67093589453125 0.18743412890625 0.68930809375 0.173220998046875 0.717719328125 0.102073669921875 0.7265801162109375 0.033825486328125 0.5680876181640625 0.005878982421875 0.550440205078125 0.024979724609375 0.5368701845703125 0.0749448984375 0.541761552734375 0.1011930439453125 0.5628545185546875 0.1255381552734375 0.5755251298828125 0.11666609765625 0.5960716884765624 0.117115802734375 0.6136299111328125 0.1075189580078125 0.622866240234375 0.136119841796875 0.607842890625 0.1493368603515625 0.6429668505859375 0.1840890361328125 0.67093589453125 0.18743412890625
2 0.680424765625 0.0796315908203125 0.6679362900390625 0.09646878515625 0.67925403125 0.1222634697265625 0.683090341796875 0.1514987880859375 0.699889779296875 0.113209275390625 0.69626584765625 0.0887712177734375 0.680424765625 0.0796315908203125
2 0.64612980859375 0.1481548564453125 0.66159910546875 0.08741834765625 0.64512618359375 0.0908601435546875 0.6356260419921875 0.1177438857421875 0.6353584736328125 0.146255580078125 0.64612980859375 0.1481548564453125
2 0.5811375283203125 0.1208289228515625 0.5929941640625 0.1165731513671875 0.5877422802734374 0.101367666015625 0.5756143193359375 0.1071622001953125 0.5739863681640625 0.1163947724609375 0.5811375283203125 0.1208289228515625
2 0.608552650390625 0.0463327451171875 0.6260216845703125 0.046239798828125 0.6233938642578125 0.02515058984375 0.61207987890625 0.026328837890625 0.608552650390625 0.0463327451171875