2 0.2536054814453125 0.4752568017578125 0.240184443359375 0.475201712890625 0.2351758408203125 0.4792716201171875 0.23706489453125 0.48426555859375 0.2341283154296875 0.49069042578125 0.231506427734375 0.5068609853515625 0.2275816357421875 0.5132167509765625 0.2266898984375 0.5295082939453125 0.22737575 0.541046744140625 0.2285827802734375 0.5451095888671875 0.23529790625 0.5557445439453125 0.2433374580078125 0.554539919921875 0.2493033720703125 0.547441916015625 0.25693730859375 0.5342751708984375 0.2664222900390625 0.50886083984375 0.2666974140625 0.501364896484375 0.2641258984375 0.4883679189453125 0.260009197265625 0.4796830341796875 0.2536054814453125 0.4752568017578125
2 0.332689521484375 0.16918096484375 0.3368676962890625 0.1769867470703125 0.344013623046875 0.1850000537109375 0.3505385615234375 0.18413121875 0.3526411572265625 0.182509876953125 0.3541556064453125 0.1786373359375 0.3563720439453125 0.1540414072265625 0.355407458984375 0.139388427734375 0.3524687197265625 0.1352044892578125 0.347550603515625 0.134418880859375 0.33864622265625 0.1408681396484375 0.33135405078125 0.156270419921875 0.3313576044921875 0.1633425830078125 0.332689521484375 0.16918096484375
2 0.440602341796875 0.3681103525390625 0.4351593828125 0.3677297431640625 0.429162568359375 0.3717305478515625 0.4282380986328125 0.3813895888671875 0.4288280771484375 0.3871760888671875 0.429541001953125 0.3912043828125 0.4350799970703125 0.4008736923828125 0.4423179697265625 0.4040315927734375 0.445072017578125 0.4073176484375 0.445754205078125 0.4117854931640625 0.4461234248046875 0.4100445078125 0.450637921875 0.4059400498046875 0.4527062265625 0.3976860966796875 0.454560990234375 0.396047423828125 0.4552719189453125 0.3930036640625 0.4526373720703125 0.3808856806640625 0.4504713076171875 0.3763140732421875 0.448212923828125 0.3730626787109375 0.440602341796875 0.3681103525390625
2 0.4068261953125 0.1898356044921875 0.40896707421875 0.20899098046875 0.4083537412109375 0.22132355078125 0.411446271484375 0.223308171875 0.4107371748046875 0.229887234375 0.411511572265625 0.2330364248046875 0.4190606806640625 0.238867853515625 0.421505314453125 0.243017240234375 0.4247824814453125 0.24236143359375 0.42731560546875 0.2345832509765625 0.4292895966796875 0.22057745703125 0.4290380458984375 0.209951212890625 0.42405462890625 0.1994373505859375 0.4177449541015625 0.1972277646484375 0.4118350712890625 0.189300890625 0.4101648359375 0.1883006943359375 0.4068261953125 0.1898356044921875
2 0.5312610458984375 0.1667125390625 0.5277398740234375 0.17795837109375 0.5281143154296875 0.1832880986328125 0.530589685546875 0.18699793359375 0.5356618662109375 0.1891194189453125 0.54394752734375 0.1843952646484375 0.554952671875 0.172789361328125 0.561225896484375 0.157757529296875 0.5580374921875 0.1500209599609375 0.5506421748046875 0.141990212890625 0.5456643076171875 0.145620568359375 0.53886225 0.1469132919921875 0.5323410302734375 0.158391041015625 0.5312610458984375 0.1667125390625
2 0.368229435546875 0.6706770361328125 0.371815908203125 0.6691594560546875 0.3724002275390625 0.660803298828125 0.3711624599609375 0.6571800048828125 0.3674512099609375 0.6569204892578125 0.365967498046875 0.660353478515625 0.366403685546875 0.6683392958984375 0.368229435546875 0.6706770361328125
2 0.17579840625 0.5604242177734375 0.1749659814453125 0.5652278525390625 0.1761115390625 0.57016980078125 0.18013209375 0.56956754296875 0.182109912109375 0.56616910546875 0.1822003984375 0.56131358984375 0.1809010498046875 0.5585709580078125 0.1769727041015625 0.557854560546875 0.17579840625 0.5604242177734375
2 0.600082376953125 0.2776037099609375 0.6046510732421875 0.2549390712890625 0.606098390625 0.2378029755859375 0.6053836337890625 0.2302393798828125 0.602412326171875 0.22295969140625 0.5999369560546876 0.2192498564453125 0.5977113056640625 0.2226309638671875 0.5977746103515625 0.2252871630859375 0.5808129287109375 0.2687426435546875 0.591393259765625 0.280974548828125 0.5952601328125 0.2825700498046875 0.600082376953125 0.2776037099609375
2 0.554963517578125 0.3610800341796875 0.5499531923828125 0.361613080078125 0.542071150390625 0.37122730078125 0.5396337900390625 0.3847589921875 0.541182693359375 0.391055814453125 0.5458514189453125 0.391823984375 0.549870251953125 0.3876848662109375 0.5531145771484375 0.3803981162109375 0.554904041015625 0.36903119140625 0.554963517578125 0.3610800341796875
2 0.534983984375 0.4370307197265625 0.5341500009765625 0.4418342451171875 0.5358236826171875 0.449908162109375 0.54089575390625 0.4520312060546875 0.5432769189453125 0.449987642578125 0.5454682783203125 0.439973923828125 0.543702005859375 0.4296850263671875 0.5409805263671875 0.42949472265625 0.534983984375 0.4370307197265625
2 0.6033925908203125 0.5218154443359375 0.602249029296875 0.5239455498046875 0.60290048046875 0.5288529462890625 0.6057467373046875 0.5308203466796875 0.6076322373046875 0.5287421220703125 0.60843392578125 0.5243780390625 0.60769171484375 0.52079096484375 0.6054951865234375 0.5201941015625 0.6033925908203125 0.5218154443359375
2 0.6417261884765625 0.3220638134765625 0.6471999931640625 0.3220033115234375 0.6483417236328125 0.316337904296875 0.6463296142578125 0.31310373046875 0.644165380859375 0.312067423828125 0.6420013125 0.3145678701171875 0.640890208984375 0.3197952841796875 0.6417261884765625 0.3220638134765625
0 0.3334092587890625 0.1126559794921875 0.33066059765625 0.1199773896484375 0.3180215029296875 0.14428776171875 0.3068625673828125 0.1580929833984375 0.29901142578125 0.170804404296875 0.27063343359375 0.199759451171875 0.2690575126953125 0.204511095703125 0.26479084765625 0.2086328828125 0.2588268740234375 0.219264630859375 0.2548695146484375 0.2225246455078125 0.2498029931640625 0.234545818359375 0.2409313447265625 0.247627580078125 0.23722192578125 0.2509033662109375 0.232155568359375 0.266461291015625 0.2186804951171875 0.288503134765625 0.2138310693359375 0.300981189453125 0.2082977880859375 0.3089928486328125 0.20545680859375 0.31763447265625 0.200540796875 0.3239193583984375 0.1637494365234375 0.43052041015625 0.160937470703125 0.43518562109375 0.1573260849609375 0.4548221630859375 0.1523537685546875 0.472596734375 0.1524803779296875 0.4779091318359375 0.1509984970703125 0.4848774228515625 0.147971267578125 0.4926210546875 0.1459339716796875 0.5039706494140626 0.1460590224609375 0.5092829384765625 0.1438983994140625 0.51885710546875 0.1442098095703125 0.5250658271484375 0.141801462890625 0.53462110546875 0.1421435 0.5403918349609375 0.1399215126953125 0.550843546875 0.1402943955078125 0.5561731650390624 0.1385664052734375 0.5666609873046875 0.13773780859375 0.5820719775390625 0.138523306640625 0.6135096015625 0.1406317255859375 0.6295676689453125 0.145991470703125 0.65248487109375 0.1463336171875 0.6582540419921875 0.1528623837890625 0.6679925625 0.155708640625 0.669959962890625 0.1599447333984375 0.669814478515625 0.1642113984375 0.6656926904296875 0.1763639326171875 0.662564037109375 0.177386435546875 0.6692657509765625 0.1765214423828125 0.670973634765625 0.176494259765625 0.678485349609375 0.172942515625 0.6937074853515625 0.1726060283203125 0.70208097265625 0.174679611328125 0.70443604296875 0.180555203125 0.7057303056640625 0.18117580859375 0.7110788134765625 0.1801878701171875 0.714544904296875 0.18458130859375 0.719272265625 0.19225008203125 0.7198085185546875 0.1984367021484375 0.723777869140625 0.2412399931640625 0.726770966796875 0.261220478515625 0.73258671484375 0.2713628994140625 0.73329594140625 0.301545009765625 0.72833456640625 0.3262208564453125 0.7203363828125 0.39152126953125 0.682471146484375 0.3937775478515625 0.6786520458984375 0.394888650390625 0.6734246318359375 0.4005161376953125 0.6711663720703125 0.410129615234375 0.6581380498046875 0.421196615234375 0.649186677734375 0.4256785439453125 0.64198646875 0.4270355380859375 0.6332426416015625 0.4299090859375 0.627696767578125 0.449693833984375 0.6078645087890625 0.4537739755859375 0.5993095361328125 0.46060649609375 0.5940420673828125 0.463727767578125 0.5885150830078125 0.471146712890625 0.581961951171875 0.4773278916015625 0.57178552734375 0.4835069658203125 0.554538607421875 0.4872472294921875 0.5508217109375 0.495682962890625 0.5332893251953125 0.49660743359375 0.523630283203125 0.4996346630859375 0.51588665234375 0.503559455078125 0.50953088671875 0.505631314453125 0.508349095703125 0.5085370478515625 0.5023653388671875 0.51786495703125 0.4756133544921875 0.5185415947265625 0.4659369833984375 0.522929482421875 0.4565201279296875 0.5218762431640624 0.4502579658203125 0.527747734375 0.4374096796875 0.5319690078125 0.3983668466796875 0.537033533203125 0.3792736201171875 0.54185378125 0.3672352265625 0.5430553701171875 0.3571522958984375 0.5448178154296875 0.3568338369140625 0.547046912109375 0.360526451171875 0.550785453125 0.353272693359375 0.552202197265625 0.3401129013671875 0.5571184814453125 0.337363208984375 0.5561900205078125 0.332878142578125 0.559373146484375 0.3300056884765625 0.5639452890625 0.314414771484375 0.563076849609375 0.30904893359375 0.5669726279296875 0.3066695810546875 0.5686082998046875 0.29750197265625 0.57451052734375 0.2842141357421875 0.581522134765625 0.2621620224609375 0.5856334501953125 0.2602394423828125 0.5875151220703125 0.2475538623046875 0.5939421376953125 0.23032271484375 0.594803576171875 0.22154266796875 0.5974922138671875 0.2151020283203125 0.5984421435546875 0.194394412109375 0.6002316064453125 0.183027486328125 0.59942636328125 0.18031940625 0.6000125146484375 0.17549855078125 0.5962342412109375 0.161973921875 0.592491982421875 0.1586187646484375 0.590914337890625 0.1598335478515625 0.5884542265625 0.1559054951171875 0.5895191162109376 0.151338966796875 0.588775181640625 0.1442150322265625 0.5893596103515625 0.1358573154296875 0.588150912109375 0.131795919921875 0.591737302734375 0.12850996484375 0.59560242578125 0.1283385390625 0.5962500498046875 0.1226385810546875 0.599154169921875 0.1131164033203125 0.5978532626953125 0.1103736630859375 0.600664955078125 0.1021732587890625 0.6049008837890625 0.0984910224609375 0.6067212470703125 0.0902212978515625 0.6078610908203125 0.07748227734375 0.6100251591796875 0.07498183203125 0.611499658203125 0.050334021484375 0.6127048017578125 0.04732325390625 0.616848412109375 0.0449612314453125 0.61743300390625 0.0401402666015625 0.6201850556640625 0.036354267578125 0.6217901552734375 0.031162962890625 0.6251918271484375 0.0287490595703125 0.6280000751953125 0.01347493359375 0.6229587392578125 0.010912337890625 0.5209325205078125 0.005104638671875 0.4975521953125 0.0052380966796875 0.4842869443359375 0.0100557451171875 0.4427572705078125 0.0173186611328125 0.435306029296875 0.0243112353515625 0.4252560908203125 0.0258185458984375 0.42250570703125 0.029603095703125 0.417372326171875 0.0318959072265625 0.400522490234375 0.0453047470703125 0.3926691884765625 0.04740736328125 0.38840435546875 0.055064453125 0.38092237890625 0.0624965791015625 0.366515015625 0.069446 0.3597442412109375 0.07736955859375 0.345279396484375 0.09934219140625 0.3419407568359375 0.1008771015625 0.3379544921875 0.1081119697265625 0.3334092587890625 0.1126559794921875
0 0.5808147607421875 0.2722779453125 0.578496900390625 0.2769777080078125 0.5775091259765625 0.28398055078125 0.57476035546875 0.29130351953125 0.575287029296875 0.2944338212890625 0.57192148046875 0.307015638671875 0.5708106513671874 0.31577824609375 0.5678431708984375 0.3191059140625 0.5610488232421875 0.34515166015625 0.555980306640625 0.350100779296875 0.5522438701171875 0.3644250322265625 0.54800794140625 0.3681072685546875 0.5472046943359375 0.3724712421875 0.54191908203125 0.3769634794921875 0.5393876806640625 0.3882785224609375 0.53348345703125 0.394494306640625 0.53265302734375 0.406369994140625 0.5254644384765625 0.4522772470703125 0.5253124794921875 0.4580118662109375 0.5173781240234375 0.493259880859375 0.5142336630859375 0.5204426875 0.511406052734375 0.5679799921875 0.5112325166015625 0.5989088525390625 0.5123527236328125 0.6148978173828125 0.5144300244140625 0.627861802734375 0.5138151328125 0.640194263671875 0.51462592578125 0.657046560546875 0.51834628125 0.6785224560546875 0.5179484853515625 0.691311798828125 0.5188514873046876 0.7068454404296876 0.52337725 0.73456616796875 0.5267501806640625 0.7396638701171875 0.5263178203125 0.742285408203125 0.527926583984375 0.7441647080078125 0.53059386328125 0.762915193359375 0.5352661435546875 0.7707555263671875 0.536815046875 0.7770523486328125 0.542075201171875 0.7836086865234375 0.5447986767578125 0.790871044921875 0.551635025390625 0.7962109326171875 0.5553155390625 0.79691 0.5637583818359375 0.793521939453125 0.571888529296875 0.7874602412109375 0.5803622724609375 0.7871693818359375 0.5852135302734375 0.77822662890625 0.58601677734375 0.7738626552734374 0.58991072265625 0.767948 0.593589513671875 0.76511020703125 0.6129510068359375 0.7691158662109375 0.6202486201171875 0.767859361328125 0.6277924521484375 0.763081767578125 0.6448284296875 0.7505724775390625 0.662508859375 0.7288247001953125 0.6706370107421875 0.7156909482421875 0.673543017578125 0.7132423837890625 0.679725646484375 0.703067626953125 0.6845426123046875 0.687492263671875 0.6883151708984375 0.6833359248046875 0.69804998046875 0.6650109765625 0.707717931640625 0.6369576669921875 0.7285661220703125 0.5663697021484375 0.729798337890625 0.555848779296875 0.731251205078125 0.552856900390625 0.7355413330078125 0.5306144833984375 0.7383531357421875 0.52241251953125 0.7430104873046876 0.4913570634765625 0.7430066591796874 0.48074970703125 0.7447635546875 0.4662870322265625 0.7431765322265625 0.4427502421875 0.744102833984375 0.4366265029296875 0.7430477626953125 0.4268290390625 0.7429464482421875 0.406931314453125 0.7415835224609375 0.397997291015625 0.7417933447265626 0.380773095703125 0.7391839833984375 0.35407134375 0.737759583984375 0.346016423828125 0.734043056640625 0.335147884765625 0.731469544921875 0.315078853515625 0.7297052685546875 0.311862009765625 0.7242856083984375 0.2898240205078125 0.7223042353515625 0.286150294921875 0.7213739423828125 0.27812992578125 0.71722677734375 0.2734197861328125 0.7115937412109375 0.2615338291015625 0.7079095087890624 0.2502258466796875 0.707040796875 0.24132481640625 0.704440541015625 0.2358394443359375 0.698655435546875 0.2296896650390625 0.6976021962890625 0.2234275029296875 0.69515600390625 0.2192780078125 0.6933589951171875 0.209428662109375 0.6709588974609375 0.1813430078125 0.669781044921875 0.176840501953125 0.665326025390625 0.172993802734375 0.6624794951171875 0.167491208984375 0.654374806640625 0.16250433203125 0.6451861435546875 0.1516948447265625 0.6402062802734375 0.1482531455078125 0.62542275390625 0.146335978515625 0.6171625517578125 0.1400115576171875 0.6113794423828125 0.14093383203125 0.605471390625 0.136542259765625 0.60340136328125 0.1412593525390625 0.598206400390625 0.144432826171875 0.59403005859375 0.1401623466796875 0.5900417978515625 0.1403251611328125 0.5895478564453125 0.143827361328125 0.59489860546875 0.145526625 0.5969706298828125 0.1478815859375 0.59598258203125 0.1513492353515625 0.5935415029296875 0.15427201171875 0.592676783203125 0.1595150888671875 0.6011215126953126 0.1632006416015625 0.6007275439453125 0.18659733984375 0.5986302255859375 0.1988277060546875 0.598697357421875 0.2120912607421875 0.5848030205078125 0.272115130859375 0.5808147607421875 0.2722779453125
2 0.9927773671875 0.4429651650390625 0.987026552734375 0.4434479970703125 0.981865990234375 0.4532525224609375 0.9829808115234375 0.4586340224609375 0.98610591015625 0.46371439453125 0.9908069306640624 0.4640431220703125 0.9951965419921875 0.458163126953125 0.99605798046875 0.449383080078125 0.994633853515625 0.444863353515625 0.9927773671875 0.4429651650390625
2 0.890890435546875 0.6342958388671875 0.88343719921875 0.6342163583984375 0.885791509765625 0.6467580126953125 0.8924413349609375 0.64766471484375 0.8955011337890625 0.643016833984375 0.89512825 0.63768721484375 0.890890435546875 0.6342958388671875
2 0.7842386083984375 0.7444087880859375 0.783683193359375 0.748790091796875 0.78572787109375 0.755120015625 0.789593076171875 0.756716966796875 0.7936752138671875 0.755234046875 0.79484951171875 0.7526643896484375 0.790421509765625 0.737769224609375 0.786988828125 0.7370874873046875 0.7842386083984375 0.7444087880859375
2 0.80250260546875 0.4689978701171875 0.8088085615234375 0.460598541015625 0.8089605205078125 0.454863921875 0.8069808154296875 0.4511887470703125 0.793406150390625 0.4568697275390625 0.789387318359375 0.461008845703125 0.7884915888671875 0.46315628125 0.7886781123046875 0.467589466796875 0.789917546875 0.471211310546875 0.7920817802734375 0.4722476162109375 0.80250260546875 0.4689978701171875
0 1 0.3858328173828125 0.99204369140625 0.382361671875 0.9803543623046875 0.38242767578125 0.9747576123046875 0.384246384765625 0.96881898828125 0.383831115234375 0.964271759765625 0.3813030712890625 0.9487481259765626 0.3828693251953125 0.935513611328125 0.387247421875 0.916959083984375 0.389486703125 0.904064884765625 0.39609866796875 0.876636548828125 0.4008109052734375 0.869215880859375 0.40382717578125 0.8518087431640625 0.4145437080078125 0.849087427734375 0.4178901552734375 0.8444804482421875 0.4197780751953125 0.827878552734375 0.4332026865234375 0.805744935546875 0.45463906640625 0.8016320615234375 0.4565615380859375 0.798449208984375 0.4629691845703125 0.7866351025390625 0.4612580927734375 0.78382313671875 0.4659233046875 0.76991015234375 0.476442470703125 0.7649033818359375 0.4840476796875 0.7509596611328125 0.495006396484375 0.74462296875 0.50384527734375 0.7423991494140625 0.5107616875 0.7420625537109375 0.5191367333984375 0.735237578125 0.5456204736328125 0.7309781865234375 0.5674233388671875 0.725079513671875 0.5877833388671875 0.722823126953125 0.591603998046875 0.71673981640625 0.61460442578125 0.709665013671875 0.63399878125 0.7076292763671875 0.6453484853515625 0.702931974609375 0.6556286728515625 0.6987921923828125 0.66859805078125 0.6916212431640625 0.6787052646484375 0.6865547216796875 0.6907264375 0.6832778271484375 0.6949174365234375 0.681980474609375 0.699246859375 0.67301817578125 0.713647384765625 0.6708865654296875 0.7192451396484375 0.6639942939453125 0.728928572265625 0.655801115234375 0.7358692646484375 0.65382512890625 0.7428030048828125 0.648630166015625 0.7459764775390625 0.6408404423828125 0.7542704853515625 0.639821658203125 0.7581776865234375 0.6439346962890625 0.759791966796875 0.6618163046875 0.7778379716796875 0.6651890712890625 0.7793989208984375 0.670263138671875 0.78859401953125 0.6858537958984375 0.80029287890625 0.69677228125 0.8041498466796875 0.700145212890625 0.8092475478515625 0.721207677734375 0.8138138525390625 0.72993125 0.8206123759765624 0.745489283203125 0.8256771748046875 0.7721176533203125 0.828865880859375 0.7944756396484375 0.8255674609375 0.8081137734375 0.8260794306640625 0.8277810166015624 0.822151154296875 0.8347691611328125 0.8182196708984375 0.839593509765625 0.820323826171875 0.848561359375 0.820067517578125 0.8516228798828125 0.8189564970703125 0.85409636328125 0.81559271875 0.864949712890625 0.8132581865234375 0.8709788232421874 0.808817939453125 0.8798834765625 0.805903873046875 0.8985263857421875 0.7917385810546875 0.9156567861328125 0.784979572265625 0.92001566015625 0.7795391298828125 0.9364963330078125 0.7714095849609375 0.9658948310546875 0.7420841982421875 0.9690776845703125 0.7356765517578125 0.985925689453125 0.7187324091796875 1 0.5174603828125 1 0.3858328173828125
0 0.4283663515625 0.76283083203125 0.424126248046875 0.7562690732421875 0.4014325791015625 0.767212701171875 0.355903474609375 0.7687279423828125 0.3294819033203125 0.7433856337890625 0.3291876904296875 0.769992423828125 0.30330041015625 0.8042074638671876 0.2980031318359375 0.8351633515625 0.30126228515625 0.85575335546875 0.3467700263671875 0.98893975 0.382619984375 0.991446623046875 0.40057203125 0.936314595703125 0.428235994140625 0.899091162109375 0.4576438701171875 0.836928626953125 0.4667887255859375 0.7733491630859375 0.4283663515625 0.76283083203125
2 0.388777810546875 0.7913888408203125 0.3863143896484375 0.7818186884765626 0.3786299150390625 0.7797150224609375 0.35270986328125 0.79199935546875 0.359086404296875 0.81280734765625 0.388777810546875 0.7913888408203125
2 0.4160934267578125 0.893543125 0.4259905625 0.8864036220703125 0.4235271416015625 0.876833470703125 0.4158426669921875 0.8747298037109374 0.4160934267578125 0.893543125
2 0.4483351591796875 0.7908545498046875 0.4495340986328125 0.77370891796875 0.4403999248046875 0.7699375634765625 0.4322794716796875 0.774068671875 0.4303175712890625 0.8021251611328125 0.4483351591796875 0.7908545498046875
2 0.479573125 0.38892953125 0.4869306162109375 0.395709279296875 0.4861348837890625 0.384689427734375 0.481567796875 0.38280375 0.479573125 0.38892953125
0 0.892637671875 0.3504622529296875 0.898294703125 0.3367609921875 0.8913076484375 0.279885052734375 0.8772138623046875 0.2350426865234375 0.83615353125 0.17265148046875 0.801720501953125 0.149881587890625 0.7456075244140625 0.1459577861328125 0.672054701171875 0.167441833984375 0.6799899365234375 0.1883588212890625 0.6947049189453125 0.20191831640625 0.71303880859375 0.2533224423828125 0.7373567138671875 0.286349224609375 0.753739384765625 0.298459021484375 0.7467637373046875 0.39821542578125 0.747734005859375 0.451538 0.7566829619140625 0.4803574501953125 0.809395021484375 0.443319234375 0.821286828125 0.430053951171875 0.832818880859375 0.3995340419921875 0.892637671875 0.3504622529296875
2 0.7479840400390625 0.246368158203125 0.738849865234375 0.242596802734375 0.731961123046875 0.25151298828125 0.7276447958984374 0.268440630859375 0.7363429921875 0.2784467607421875 0.742577767578125 0.2788827392578125 0.7495755048828125 0.2684078603515625 0.7479840400390625 0.246368158203125
0 1 0.1200013486328125 0.9928676220703125 0.171471052734375 0.94672320703125 0.338581126953125 0.9527399931640625 0.3421344931640625 0.9813414541015625 0.3363029248046875 1 0.3259501611328125 1 0.1200013486328125