2 0.5140625 0.39444375 0.5104171875 0.4046296875 0.509375 0.41944375 0.5140625 0.41851875 0.5208328125 0.4231484375 0.5234375 0.415740625 0.5369796875 0.4074078125 0.53125 0.40648125 0.5182296875 0.39351875 0.5140625 0.39444375
2 0.7640625 0.43055625 0.75625 0.4129625 0.7515625 0.4129625 0.7385421875 0.422221875 0.7390625 0.4490734375 0.7453125 0.4620375 0.7453125 0.48055625 0.74375 0.4824078125 0.7520828125 0.49351875 0.7630203125 0.4888890625 0.7645828125 0.4833328125 0.7640625 0.43055625
2 0.8322921875 0.425 0.8338546875 0.4296296875 0.8416671875 0.4324078125 0.8447921875 0.427778125 0.8442703125 0.4129625 0.8364578125 0.4111109375 0.8333328125 0.4148140625 0.8322921875 0.425
2 0.8229171875 0.2861109375 0.8255203125 0.2990734375 0.8307296875 0.302778125 0.834375 0.2981484375 0.8322921875 0.278703125 0.8333328125 0.2666671875 0.8270828125 0.2675921875 0.8229171875 0.2861109375
2 0.7338546875 0.0370375 0.7203125 0.01944375 0.7177078125 0.0231484375 0.7166671875 0.028703125 0.7213546875 0.0333328125 0.7213546875 0.0425921875 0.7192703125 0.04444375 0.7182296875 0.052778125 0.7375 0.05648125 0.7369796875 0.046296875 0.7338546875 0.0370375
2 0.6026046875 0.0648140625 0.6015625 0.0740734375 0.6067703125 0.075 0.6078125 0.0648140625 0.6026046875 0.0648140625
2 0.4630203125 0.4703703125 0.4661453125 0.4620375 0.465625 0.4518515625 0.4598953125 0.4481484375 0.45625 0.453703125 0.4567703125 0.4703703125 0.4630203125 0.4703703125
2 0.4666671875 0.3166671875 0.4708328125 0.3138890625 0.475 0.278703125 0.4697921875 0.28055625 0.4666671875 0.2879625 0.4630203125 0.3101859375 0.4666671875 0.3166671875
2 0.6401046875 0.71944375 0.6463546875 0.7240734375 0.6510421875 0.722221875 0.6515625 0.7120375 0.6421875 0.702778125 0.6390625 0.7083328125 0.6401046875 0.71944375
2 0.5890625 0.9379625 0.5848953125 0.9361109375 0.5807296875 0.940740625 0.5796875 0.9509265625 0.5890625 0.9509265625 0.5890625 0.9379625
2 0.3901046875 0.872221875 0.3963546875 0.8796296875 0.4 0.877778125 0.4036453125 0.86944375 0.4020828125 0.8611109375 0.4 0.85648125 0.3885421875 0.8509265625 0.3901046875 0.872221875
2 0.278125 0.7481484375 0.2791671875 0.75555625 0.2895828125 0.7509265625 0.2833328125 0.746296875 0.278125 0.7481484375
2 0.4364578125 0.578703125 0.4354171875 0.5879625 0.44375 0.5953703125 0.45 0.5953703125 0.4541671875 0.5888890625 0.4536453125 0.5824078125 0.4484375 0.575 0.4385421875 0.5740734375 0.4364578125 0.578703125
2 0.3067703125 0.93055625 0.3109375 0.922221875 0.3125 0.9111109375 0.3072921875 0.903703125 0.303125 0.9111109375 0.303125 0.927778125 0.3067703125 0.93055625
2 0.2984375 0.8481484375 0.2932296875 0.8453703125 0.2869796875 0.8509265625 0.2895828125 0.8638890625 0.2984375 0.865740625 0.2984375 0.8481484375
2 0.4473953125 0.6583328125 0.4505203125 0.665740625 0.453125 0.665740625 0.4546875 0.6638890625 0.4546875 0.6518515625 0.4515625 0.6453703125 0.4494796875 0.647221875 0.4473953125 0.6583328125
2 0.384375 0.7265625 0.3828125 0.7375 0.390625 0.7390625 0.3921875 0.7296875 0.384375 0.7265625
2 0.83125 0.8484375 0.83125 0.8640625 0.8421875 0.8671875 0.84375 0.85625 0.83125 0.8484375
2 0.8515625 0.709375 0.8359375 0.715625 0.8375 0.7359375 0.84375 0.7375 0.8515625 0.7265625 0.8515625 0.709375
2 0.9171875 0.290625 0.9078125 0.29375 0.9078125 0.3109375 0.9234375 0.315625 0.9234375 0.2953125 0.9171875 0.290625
2 0.9625 0.3171875 0.9609375 0.328125 0.9703125 0.3296875 0.9734375 0.3125 0.9625 0.3171875
0 0.540625 0 0.51875 0.05 0.5109375 0.05625 0.5140625 0.0625 0.490625 0.134375 0.475 0.215625 0.4765625 0.2359375 0.465625 0.2734375 0.45625 0.3671875 0.4515625 0.4390625 0.45625 0.53125 0.484375 0.696875 0.5015625 0.7625 0.5203125 0.80625 0.528125 0.853125 0.56875 0.9265625 0.5828125 0.9828125 0.590625 0.99375 0.6046875 0.9953125 0.615625 0.990625 0.659375 0.9171875 0.6765625 0.903125 0.6953125 0.8625 0.7078125 0.85625 0.7640625 0.746875 0.771875 0.7125 0.79375 0.6765625 0.7953125 0.6328125 0.80625 0.6140625 0.809375 0.5671875 0.8171875 0.559375 0.8234375 0.5265625 0.8359375 0.5015625 0.8375 0.4640625 0.85 0.4296875 0.8703125 0.1890625 0.8484375 0.028125 0.834375 0 0.540625 0
2 0.5671875 0.4484375 0.565625 0.4625 0.575 0.4578125 0.575 0.4515625 0.5671875 0.4484375
2 0.703125 0.6296875 0.6984375 0.6328125 0.696875 0.646875 0.7046875 0.6484375 0.70625 0.634375 0.703125 0.6296875
0 0.9671875 0.98125 0.9734375 0.865625 0.9859375 0.8140625 0.9984375 0.7890625 0.9953125 0.3640625 0.9671875 0.3796875 0.965625 0.3859375 0.921875 0.4 0.8453125 0.4765625 0.8390625 0.515625 0.815625 0.5765625 0.8125 0.6140625 0.8015625 0.6484375 0.7421875 0.803125 0.728125 0.8140625 0.7125 0.8578125 0.7015625 0.871875 0.7 0.9109375 0.7171875 0.9984375 0.9609375 0.9984375 0.9671875 0.98125
0 0.934375 0.390625 0.953125 0.375 0.9984375 0.353125 0.9984375 0.0015625 0.8953125 0.0453125 0.8890625 0.0859375 0.875 0.1171875 0.8703125 0.146875 0.875 0.29375 0.9203125 0.3890625 0.934375 0.390625
0 0.2875 0.98125 0.29375 0.9984375 0.58125 0.9984375 0.58125 0.9796875 0.5625 0.915625 0.5421875 0.8859375 0.5171875 0.8171875 0.45625 0.5703125 0.4328125 0.5875 0.4203125 0.5796875 0.4171875 0.5859375 0.3890625 0.590625 0.38125 0.6015625 0.3671875 0.603125 0.346875 0.621875 0.334375 0.65 0.3015625 0.68125 0.2703125 0.6875 0.2515625 0.7125 0.2390625 0.7609375 0.24375 0.8171875 0.290625 0.9625 0.2875 0.98125
0 0.428125 0.565625 0.4375 0.50625 0.440625 0.4046875 0.4296875 0.3421875 0.415625 0.321875 0.4078125 0.325 0.3984375 0.3484375 0.35625 0.396875 0.3296875 0.50625 0.3265625 0.590625 0.334375 0.6390625 0.378125 0.5984375 0.428125 0.565625
2 0.409375 0.44375 0.4078125 0.4546875 0.41875 0.453125 0.41875 0.4359375 0.409375 0.44375
2 0.36875 0.5046875 0.375 0.4984375 0.36875 0.48125 0.36875 0.5046875
2 0.3328125 0.4890625 0.3328125 0.50625 0.3453125 0.4953125 0.340625 0.4859375 0.3328125 0.4890625
2 0.3734375 0.375 0.375 0.384375 0.3875 0.3828125 0.3875 0.371875 0.3734375 0.375
0 0.1953125 0 0.1734375 0.0234375 0.1390625 0.0890625 0.128125 0.165625 0.1265625 0.253125 0.1390625 0.328125 0.165625 0.4203125 0.165625 0.4640625 0.1796875 0.4359375 0.228125 0.3953125 0.2796875 0.290625 0.3171875 0.1703125 0.3359375 0.0671875 0.340625 0.0203125 0.3359375 0 0.1953125 0
2 0.20625 0.3125 0.209375 0.33125 0.225 0.309375 0.225 0.296875 0.20625 0.3125
2 0.30625 0.1125 0.309375 0.13125 0.31875 0.1140625 0.3140625 0.109375 0.30625 0.1125
2 0.2671875 0.08125 0.2578125 0.084375 0.25625 0.1 0.265625 0.1046875 0.271875 0.0859375 0.2671875 0.08125
2 0.2609375 0.0296875 0.2578125 0.040625 0.2640625 0.046875 0.271875 0.0265625 0.2609375 0.0296875
2 0.1578125 0.271875 0.1609375 0.2640625 0.1546875 0.259375 0.1578125 0.271875
2 0.165625 0.35625 0.1625 0.3671875 0.171875 0.371875 0.178125 0.35625 0.165625 0.35625
2 0.2 0.3859375 0.19375 0.3921875 0.2015625 0.3984375 0.20625 0.3875 0.2 0.3859375
2 0.2265625 0.209375 0.225 0.21875 0.2359375 0.221875 0.2359375 0.2078125 0.2265625 0.209375
2 0.15625 0.1765625 0.1546875 0.1953125 0.1734375 0.190625 0.1703125 0.1671875 0.15625 0.1765625
2 0.25 0.2953125 0.2484375 0.303125 0.2546875 0.30625 0.2578125 0.29375 0.25 0.2953125
2 0.2390625 0.23125 0.2234375 0.2390625 0.228125 0.253125 0.25 0.24375 0.2390625 0.23125
2 0.3125 0.1625 0.309375 0.171875 0.3140625 0.1765625 0.3203125 0.1640625 0.3125 0.1625