2 0.358465625 0.443453125 0.3421515625 0.431546875 0.330246875 0.428571875 0.3258375 0.429315625 0.324515625 0.43055625 0.319665625 0.443453125 0.32010625 0.451140625 0.3271609375 0.4595734375 0.3417109375 0.4657734375 0.3465609375 0.4665171875 0.3553796875 0.46006875 0.35890625 0.455853125 0.3597890625 0.448909375 0.358465625 0.443453125
2 0.4435625 0.53050625 0.43474375 0.5233140625 0.430334375 0.522321875 0.416225 0.5267859375 0.411375 0.5307546875 0.4096125 0.534721875 0.410934375 0.540921875 0.4356265625 0.5577875 0.447090625 0.5602671875 0.453703125 0.560515625 0.4612 0.558284375 0.46208125 0.55555625 0.456790625 0.5471234375 0.4435625 0.53050625
2 0.2045859375 0.4630453125 0.197971875 0.4704859375 0.198853125 0.47420625 0.206790625 0.4791671875 0.2129625 0.4818953125 0.2235453125 0.484375 0.2288359375 0.48363125 0.235890625 0.480159375 0.24515 0.4672625 0.2614640625 0.4516375 0.2724875 0.444196875 0.2773375 0.4432046875 0.291446875 0.4350203125 0.2967375 0.4275796875 0.2949734375 0.4154265625 0.286596875 0.4077375 0.2711640625 0.4037703125 0.2570546875 0.4017859375 0.2469140625 0.402034375 0.2420640625 0.4040171875 0.240740625 0.4084828125 0.24426875 0.4223703125 0.2438265625 0.42881875 0.241621875 0.4317953125 0.2323640625 0.4357640625 0.2204578125 0.4481640625 0.2142859375 0.4568453125 0.2045859375 0.4630453125
2 0.122134375 0.491071875 0.1393296875 0.49131875 0.1450625 0.48983125 0.1494703125 0.4838796875 0.1582890625 0.47891875 0.1587296875 0.47420625 0.156525 0.471478125 0.1481484375 0.4692453125 0.1404328125 0.4685015625 0.1305109375 0.464534375 0.10564375 0.4640375 0.099646875 0.4623015625 0.0767203125 0.4595734375 0.0546734375 0.4588296875 0.0449734375 0.4568453125 0.0291 0.4556046875 0.0216046875 0.4568453125 0.019840625 0.459821875 0.0194 0.4712296875 0.0216046875 0.4744546875 0.0445328125 0.4846234375 0.05246875 0.4846234375 0.080246875 0.4893359375 0.1053796875 0.48834375 0.1115515625 0.488590625 0.122134375 0.491071875
2 0.201940625 0.544146875 0.197090625 0.5369546875 0.1909171875 0.53199375 0.1856265625 0.5297625 0.169753125 0.5302578125 0.164021875 0.5327375 0.1596125 0.537946875 0.156084375 0.5563 0.1574078125 0.5610125 0.166225 0.5657234375 0.1772484375 0.56795625 0.197090625 0.5672125 0.2041453125 0.5657234375 0.2059078125 0.5639875 0.201940625 0.544146875
2 0.3615515625 0.5833328125 0.3500875 0.5838296875 0.3417109375 0.5873015625 0.339946875 0.5900296875 0.339946875 0.5932546875 0.3461203125 0.5984625 0.3505296875 0.6049109375 0.3611109375 0.6076390625 0.3664015625 0.603175 0.369046875 0.597221875 0.36375625 0.5845734375 0.3615515625 0.5833328125
2 0.5074953125 0.669890625 0.50881875 0.665178125 0.505290625 0.65550625 0.4929453125 0.648809375 0.48148125 0.644840625 0.4744265625 0.64459375 0.46605 0.6485609375 0.4559078125 0.6579859375 0.4554671875 0.662203125 0.457671875 0.665675 0.46693125 0.6733625 0.4800484375 0.6723703125 0.48941875 0.6765875 0.4925046875 0.6765875 0.5017640625 0.6736109375 0.5074953125 0.669890625
2 0.235890625 0.5062 0.225309375 0.5106640625 0.2248671875 0.513640625 0.231921875 0.5181046875 0.2438265625 0.5200890625 0.2473546875 0.5188484375 0.249559375 0.51488125 0.24911875 0.5124015625 0.239859375 0.506696875 0.235890625 0.5062
2 0.3148140625 0.46006875 0.3139328125 0.4635421875 0.316578125 0.4662703125 0.3227515625 0.466765625 0.3276015625 0.4650296875 0.3289234375 0.462796875 0.3258375 0.459078125 0.3179015625 0.4578375 0.3148140625 0.46006875
2 0.5683421875 0.4818953125 0.5630515625 0.4811515625 0.5485015625 0.4828875 0.542328125 0.4861109375 0.5418875 0.491071875 0.5436515625 0.4942953125 0.552909375 0.49925625 0.5643734375 0.5002484375 0.5727515625 0.497271875 0.576278125 0.48983125 0.5727515625 0.484375 0.5683421875 0.4818953125
2 0.3333328125 0.6225203125 0.331128125 0.62425625 0.3306875 0.626984375 0.3368609375 0.6314484375 0.3412703125 0.631696875 0.3452375 0.6297125 0.3470015625 0.626240625 0.344796875 0.623015625 0.3373015625 0.6220234375 0.3333328125 0.6225203125
2 0.2045859375 0.7088296875 0.202821875 0.700396875 0.21208125 0.6959328125 0.216490625 0.6951890625 0.2195765625 0.6932046875 0.2204578125 0.690228125 0.2244265625 0.6892359375 0.216490625 0.6750984375 0.2054671875 0.676090625 0.1984125 0.6736109375 0.194003125 0.669890625 0.18959375 0.6693953125 0.1820984375 0.670634375 0.17504375 0.6763390625 0.1626984375 0.6795640625 0.1538796875 0.6795640625 0.146384375 0.681546875 0.1384484375 0.6852671875 0.1344796875 0.688740625 0.137125 0.6979171875 0.15079375 0.7123015625 0.1582890625 0.71255 0.1715171875 0.7095734375 0.1838625 0.712796875 0.192240625 0.7137890625 0.201940625 0.712796875 0.2045859375 0.7088296875
2 0.0634921875 0.5572921875 0.066578125 0.55853125 0.071428125 0.5580359375 0.0731921875 0.5567953125 0.0731921875 0.5525796875 0.0674609375 0.5513390625 0.0639328125 0.552828125 0.0634921875 0.5572921875
2 0.626984375 0.50694375 0.6212515625 0.51165625 0.6212515625 0.5141375 0.6256609375 0.517609375 0.6287484375 0.518353125 0.6384484375 0.5173609375 0.6441796875 0.513640625 0.641975 0.5099203125 0.63139375 0.5064484375 0.626984375 0.50694375
2 0.461640625 0.433284375 0.4581125 0.4379953125 0.4589953125 0.4404765625 0.4656078125 0.44295625 0.4744265625 0.441715625 0.48148125 0.4392359375 0.4797171875 0.434028125 0.47575 0.4313 0.47178125 0.43055625 0.461640625 0.433284375
2 0.8571421875 0.8928578125 0.86375625 0.890625 0.873015625 0.890625 0.876984375 0.8888890625 0.9219578125 0.85391875 0.9276890625 0.842509375 0.92989375 0.8296125 0.933421875 0.826140625 0.93474375 0.822171875 0.9276890625 0.8174609375 0.9228390625 0.8162203125 0.920634375 0.8127484375 0.9131390625 0.806546875 0.9038796875 0.8015875 0.8946203125 0.7983625 0.8796296875 0.79761875 0.8712515625 0.7983625 0.86375625 0.8015875 0.8505296875 0.810515625 0.8452375 0.818453125 0.8417109375 0.820684375 0.834215625 0.8229171875 0.830246875 0.826140625 0.831128125 0.8432546875 0.816578125 0.8670640625 0.8161375 0.8812 0.8179015625 0.8856640625 0.8271609375 0.8938484375 0.829365625 0.8950890625 0.834215625 0.8950890625 0.8571421875 0.8928578125
2 0.8051140625 0.697171875 0.8950625 0.7234625 0.900353125 0.7259421875 0.9038796875 0.7202375 0.8977078125 0.6865078125 0.891534375 0.662203125 0.8835984375 0.6512890625 0.877425 0.6341765625 0.8650796875 0.6245046875 0.84920625 0.6145828125 0.8412703125 0.611359375 0.8284828125 0.609375 0.8183421875 0.6111109375 0.78395 0.626240625 0.786596875 0.6307046875 0.7905640625 0.632440625 0.798059375 0.6391375 0.8002640625 0.6455859375 0.7998234375 0.6609625 0.792328125 0.6775796875 0.796296875 0.6865078125 0.8051140625 0.697171875
2 0.7425046875 0.662203125 0.76058125 0.652034375 0.764109375 0.64608125 0.76851875 0.630953125 0.7751328125 0.6267359375 0.7791 0.6267359375 0.7795421875 0.623015625 0.7663140625 0.6068953125 0.763228125 0.6001984375 0.7482359375 0.5892859375 0.739859375 0.5858140625 0.73148125 0.5865578125 0.7244265625 0.5833328125 0.7182546875 0.58358125 0.71693125 0.5845734375 0.711640625 0.633184375 0.7050265625 0.6505453125 0.707671875 0.6525296875 0.71605 0.6547625 0.7244265625 0.6599703125 0.7275125 0.6634421875 0.7323640625 0.66493125 0.7425046875 0.662203125
2 0.9969140625 0.7748015625 0.9964734375 0.7638890625 0.9973546875 0.7624015625 0.9984375 0.762153125 0.9984375 0.74454375 0.99515 0.740328125 0.990740625 0.7296625 0.985890625 0.7264390625 0.9783953125 0.72569375 0.9748671875 0.7266859375 0.9709 0.7299109375 0.96208125 0.7338796875 0.952821875 0.7485125 0.9435625 0.7544640625 0.9351859375 0.762153125 0.9369484375 0.771578125 0.9404765625 0.77579375 0.9466484375 0.778521875 0.9550265625 0.779265625 0.96208125 0.783234375 0.9792765625 0.7834828125 0.99426875 0.7790171875 0.9969140625 0.7748015625
2 0.9316578125 0.79761875 0.9276890625 0.798859375 0.9268078125 0.800346875 0.9259265625 0.802828125 0.9276890625 0.806546875 0.934303125 0.8102671875 0.939153125 0.809771875 0.9453265625 0.803075 0.9435625 0.8000984375 0.939153125 0.7983625 0.9316578125 0.79761875
2 0.8280421875 0.8182046875 0.819665625 0.8107640625 0.81701875 0.7986109375 0.80246875 0.779265625 0.7945328125 0.773809375 0.787478125 0.7713296875 0.7791 0.7705859375 0.764990625 0.7896828125 0.7654328125 0.7946421875 0.7817453125 0.8045640625 0.79276875 0.8182046875 0.80555625 0.819940625 0.815696875 0.8201890625 0.82186875 0.8224203125 0.826278125 0.82118125 0.8280421875 0.8182046875
2 0.9903 0.9432046875 0.9788359375 0.946925 0.9554671875 0.962796875 0.948853125 0.9821421875 0.9492953125 0.9888390625 0.9550265625 0.9935515625 0.9550265625 0.9984375 0.9984375 0.9984375 0.9984375 0.9459328125 0.9977953125 0.9459328125 0.99603125 0.944196875 0.9903 0.9432046875
0 0.69753125 0.6021828125 0.693121875 0.6021828125 0.6904765625 0.622271875 0.6856265625 0.626984375 0.6812171875 0.642609375 0.67813125 0.673115625 0.6909171875 0.7358625 0.6913578125 0.748015625 0.69444375 0.7544640625 0.6997359375 0.7797625 0.7050265625 0.790675 0.7041453125 0.7951390625 0.71208125 0.8263890625 0.7156078125 0.8313484375 0.713403125 0.841765625 0.7186953125 0.85243125 0.7178125 0.857390625 0.721340625 0.8608625 0.730159375 0.8861609375 0.7323640625 0.9072421875 0.730159375 0.9357640625 0.73633125 0.947171875 0.735890625 0.9513890625 0.7380953125 0.955109375 0.73941875 0.9838796875 0.7433859375 0.9938 0.7438265625 0.9984375 0.995590625 0.9984375 0.9964734375 0.9955359375 0.9984375 0.9928078125 0.9984375 0.96949375 0.99603125 0.966765625 0.9964734375 0.962796875 0.9984375 0.96006875 0.9984375 0.613590625 0.9973546875 0.612846875 0.99603125 0.5952375 0.9984375 0.592509375 0.9984375 0.591021875 0.9973546875 0.5907734375 0.9933859375 0.586309375 0.981921875 0.584325 0.9779546875 0.5798609375 0.963403125 0.57886875 0.9589953125 0.5756453125 0.943121875 0.5709328125 0.9316578125 0.569196875 0.9272484375 0.5731640625 0.923721875 0.571428125 0.918871875 0.571428125 0.9043203125 0.5674609375 0.8932984375 0.5669640625 0.88139375 0.5682046875 0.882275 0.570684375 0.8787484375 0.5736609375 0.87654375 0.5734125 0.87345625 0.574653125 0.868165625 0.5736609375 0.8646390625 0.5716765625 0.858025 0.5709328125 0.844796875 0.571428125 0.8267203125 0.5701890625 0.82186875 0.5701890625 0.81216875 0.572171875 0.8082015625 0.5758921875 0.8042328125 0.5763890625 0.7993828125 0.576140625 0.7949734375 0.574653125 0.755290625 0.5736609375 0.7513234375 0.576140625 0.75 0.5798609375 0.750440625 0.584325 0.754409375 0.5920140625 0.7535265625 0.59300625 0.7438265625 0.5947421875 0.739859375 0.59300625 0.7283953125 0.59300625 0.7248671875 0.5873015625 0.7226625 0.58829375 0.7191359375 0.587796875 0.716490625 0.584325 0.7089953125 0.5813484375 0.7094359375 0.5796125 0.7041453125 0.57738125 0.7010578125 0.5627484375 0.69268125 0.5627484375 0.68959375 0.5639875 0.6909171875 0.5672125 0.6887125 0.571428125 0.689153125 0.5791171875 0.694003125 0.58358125 0.6900359375 0.585565625 0.6887125 0.591765625 0.693121875 0.5952375 0.6992953125 0.5959828125 0.7010578125 0.59920625 0.69753125 0.6021828125
0 0.7244265625 0.5778765625 0.7323640625 0.571925 0.740740625 0.5724203125 0.7438265625 0.57415625 0.7473546875 0.5716765625 0.7535265625 0.5696921875 0.7597 0.5704359375 0.7724875 0.5696921875 0.7751328125 0.5709328125 0.7892421875 0.569196875 0.7954140625 0.569196875 0.7985015625 0.5701890625 0.8033515625 0.5689484375 0.806878125 0.5696921875 0.8134921875 0.5682046875 0.8099640625 0.5625 0.7989421875 0.56175625 0.7967375 0.5625 0.7579359375 0.5620046875 0.7420640625 0.559028125 0.7341265625 0.5443953125 0.7231046875 0.5307546875 0.7151671875 0.5275296875 0.7098765625 0.527778125 0.7045859375 0.5265375 0.7045859375 0.5307546875 0.7089953125 0.5327375 0.7089953125 0.5416671875 0.712521875 0.5610125 0.717371875 0.5634921875 0.71693125 0.5682046875 0.7204578125 0.5771328125 0.7244265625 0.5778765625
0 0 0.4677578125 0.0022046875 0.4682546875 0.0030859375 0.4846234375 0.0026453125 0.7266859375 0.005290625 0.7294140625 0.027778125 0.7296625 0.041446875 0.7353671875 0.071428125 0.73511875 0.0903875 0.736359375 0.194003125 0.7517359375 0.2006171875 0.7537203125 0.211640625 0.751984375 0.2476859375 0.7514875 0.2597 0.75545625 0.2627859375 0.7544640625 0.2676359375 0.7552078125 0.282628125 0.7514875 0.29761875 0.7504953125 0.310846875 0.748015625 0.3143734375 0.7490078125 0.3187828125 0.748759375 0.344796875 0.74131875 0.35405625 0.7408234375 0.3606703125 0.7375984375 0.377865625 0.7328875 0.386684375 0.731646875 0.392415625 0.7318953125 0.4135796875 0.722965625 0.4276890625 0.720734375 0.4316578125 0.7185015625 0.4351859375 0.71800625 0.4387125 0.715278125 0.4607578125 0.7061015625 0.466490625 0.705109375 0.4695765625 0.7026296875 0.47663125 0.7001484375 0.50573125 0.6937 0.5507046875 0.6870046875 0.5630515625 0.6825390625 0.5683421875 0.680059375 0.575396875 0.673859375 0.57495625 0.6708828125 0.5828921875 0.6612109375 0.608025 0.6431046875 0.6155203125 0.6349203125 0.6529984375 0.6103671875 0.65564375 0.606646875 0.680334375 0.5920140625 0.6816578125 0.5880453125 0.6807765625 0.580109375 0.6763671875 0.5736609375 0.679453125 0.566715625 0.6772484375 0.5607640625 0.6772484375 0.548859375 0.67019375 0.516865625 0.664903125 0.503471875 0.6626984375 0.485615625 0.6587296875 0.482390625 0.6578484375 0.4759421875 0.6543203125 0.47569375 0.6494703125 0.4779265625 0.6340390625 0.47743125 0.62169375 0.470734375 0.6155203125 0.4692453125 0.6119921875 0.4665171875 0.5855375 0.457340625 0.571428125 0.451140625 0.514990625 0.43204375 0.5013234375 0.4263390625 0.48633125 0.41790625 0.47178125 0.414434375 0.43298125 0.3998015625 0.4184296875 0.3955859375 0.4038796875 0.3950890625 0.391975 0.391865625 0.380953125 0.38665625 0.37345625 0.384671875 0.3615515625 0.384671875 0.3223109375 0.3759921875 0.3134921875 0.3759921875 0.30555625 0.3779765625 0.296296875 0.378471875 0.259259375 0.3764875 0.25088125 0.3774796875 0.2464734375 0.380953125 0.231921875 0.38368125 0.21693125 0.3901296875 0.212521875 0.3903765625 0.208553125 0.3921125 0.2063484375 0.3963296875 0.1984125 0.399553125 0.161375 0.4025296875 0.1574078125 0.403521875 0.1450625 0.4099703125 0.1365078125 0.4107140625 0.102734375 0.410465625 0.0917109375 0.4126984375 0.05731875 0.4112109375 0.043209375 0.4112109375 0.0315984375 0.412946875 0.00485 0.41170625 0.0022046875 0.4146828125 0.0026453125 0.4382234375 0 0.441715625 0 0.4474203125 0.0022046875 0.4479171875 0.0030859375 0.452215625 0.0022046875 0.4650296875 0 0.4655265625 0 0.4677578125
2 0.9682546875 0.6981640625 0.9695765625 0.705109375 0.9744265625 0.7068453125 0.9779546875 0.705853125 0.9806 0.701884375 0.9779546875 0.6951890625 0.9744265625 0.6932046875 0.972221875 0.6937 0.9682546875 0.6981640625
0 0.6962078125 0.33506875 0.701940625 0.3469734375 0.703703125 0.3578875 0.7107578125 0.3732640625 0.7151671875 0.376984375 0.7191359375 0.3901296875 0.736771875 0.419890625 0.745590625 0.4310515625 0.7522046875 0.4370046875 0.7610234375 0.449653125 0.7724875 0.4563484375 0.778659375 0.46329375 0.7813046875 0.4623015625 0.7843921875 0.462796875 0.78791875 0.466765625 0.7901234375 0.4744546875 0.7954140625 0.4734625 0.798059375 0.4759421875 0.8064375 0.47743125 0.8099640625 0.480903125 0.8130515625 0.47743125 0.8179015625 0.478421875 0.8267203125 0.4719734375 0.829365625 0.464534375 0.83465625 0.459078125 0.906084375 0.465278125 0.9223984375 0.46875 0.92813125 0.4689984375 0.943121875 0.4630453125 0.947090625 0.46006875 0.9510578125 0.459325 0.953703125 0.4563484375 0.958553125 0.4556046875 0.9704578125 0.4474203125 0.9739859375 0.44766875 0.985890625 0.4389875 0.994709375 0.435515625 0.9964734375 0.4270828125 0.9984375 0.4236109375 0.9984375 0.0563 0.9969140625 0.0533234375 0.995590625 0.0471234375 0.9938265625 0.0458828125 0.981921875 0.0443953125 0.9748671875 0.0389390625 0.9678125 0.0357140625 0.9594359375 0.033978125 0.9559078125 0.0344734375 0.944003125 0.030009375 0.9082890625 0.019840625 0.8977078125 0.0131453125 0.89594375 0.009671875 0.8844796875 0.0022328125 0.876984375 0.0029765625 0.8738984375 0.0064484375 0.86860625 0.0091765625 0.867284375 0.012896875 0.8602296875 0.01488125 0.8425921875 0.0151296875 0.82495625 0.0205859375 0.8161375 0.0188484375 0.80555625 0.021578125 0.798059375 0.0248015625 0.7905640625 0.0240578125 0.78791875 0.0267859375 0.75881875 0.0384421875 0.7526453125 0.0473703125 0.7420640625 0.051090625 0.7182546875 0.069940625 0.71208125 0.0838296875 0.7089953125 0.086309375 0.703703125 0.0880453125 0.7001765625 0.1014390625 0.6909171875 0.1178078125 0.6856265625 0.120784375 0.6790125 0.1537703125 0.678571875 0.167659375 0.6759265625 0.177828125 0.6759265625 0.19915625 0.6776890625 0.232390625 0.680334375 0.244046875 0.6812171875 0.280009375 0.683421875 0.2829859375 0.6962078125 0.33506875
2 0.7985015625 0.101934375 0.7958546875 0.1044140625 0.7940921875 0.107390625 0.7967375 0.113590625 0.802909375 0.116815625 0.810846875 0.1165671875 0.8126109375 0.115328125 0.8126109375 0.1111109375 0.8064375 0.101934375 0.7985015625 0.101934375
2 0.7760140625 0.2353671875 0.7760140625 0.237103125 0.7791 0.2393359375 0.78306875 0.2393359375 0.7861546875 0.2366078125 0.7857140625 0.2338796875 0.783509375 0.232390625 0.7791 0.2328875 0.7760140625 0.2353671875
0 0.5515625 0.9484375 0.534375 0.9359375 0.509375 0.9328125 0.4328125 0.90625 0.384375 0.903125 0.3046875 0.903125 0.225 0.915625 0.1578125 0.9390625 0.0671875 0.9921875 0.0640625 0.9984375 0.5765625 0.9984375 0.5734375 0.978125 0.5515625 0.9484375
2 0.4609375 0.9734375 0.4578125 0.98125 0.4703125 0.9859375 0.4734375 0.971875 0.4609375 0.9734375
0 0.3046875 0.896875 0.4359375 0.9015625 0.4390625 0.89375 0.453125 0.890625 0.471875 0.90625 0.5171875 0.90625 0.5265625 0.9 0.525 0.871875 0.515625 0.85 0.51875 0.809375 0.5375 0.73125 0.55625 0.6921875 0.4765625 0.703125 0.3578125 0.7453125 0.2328125 0.7640625 0.2078125 0.759375 0.203125 0.7734375 0.225 0.8328125 0.253125 0.865625 0.3046875 0.896875
2 0.3 0.7828125 0.2953125 0.790625 0.3140625 0.7890625 0.309375 0.78125 0.3 0.7828125
2 0.278125 0.865625 0.278125 0.875 0.290625 0.871875 0.2890625 0.8640625 0.278125 0.865625
2 0.4625 0.8890625 0.440625 0.89375 0.4375 0.9015625 0.4515625 0.90625 0.471875 0.896875 0.4625 0.8890625
2 0.215625 0.75625 0.2171875 0.7671875 0.25 0.759375 0.24375 0.753125 0.215625 0.75625
2 0.265625 0.85 0.2640625 0.85625 0.2734375 0.8609375 0.2765625 0.85 0.265625 0.85
2 0.3953125 0.75625 0.4 0.7703125 0.4140625 0.765625 0.4109375 0.753125 0.3953125 0.75625
2 0.5515625 0.684375 0.4671875 0.6921875 0.425 0.7125 0.4234375 0.7171875 0.44375 0.715625 0.4765625 0.7 0.5515625 0.684375
2 0.9109375 0.0984375 0.903125 0.1125 0.915625 0.115625 0.9234375 0.10625 0.9109375 0.0984375