2 0.387125 0.673859375 0.391534375 0.659721875 0.396384375 0.6577375 0.400353125 0.6537703125 0.39594375 0.65079375 0.380953125 0.649553125 0.3655203125 0.65550625 0.3606703125 0.6560015625 0.3562609375 0.6545140625 0.349646875 0.649553125 0.3421515625 0.6505453125 0.33465625 0.654265625 0.326278125 0.66170625 0.321428125 0.6750984375 0.32010625 0.685515625 0.3258375 0.697171875 0.3364203125 0.6999015625 0.348765625 0.6984125 0.3571421875 0.6946921875 0.3650796875 0.6939484375 0.3694890625 0.6922125 0.387125 0.673859375
2 0.4400359375 0.841765625 0.4462078125 0.83506875 0.4554671875 0.8291171875 0.4545859375 0.821428125 0.4351859375 0.808284375 0.430334375 0.808284375 0.4259265625 0.810515625 0.4259265625 0.814484375 0.4166671875 0.8216765625 0.4078484375 0.8234125 0.3981484375 0.8271328125 0.3835984375 0.83680625 0.372575 0.8459828125 0.37345625 0.8509421875 0.386684375 0.85863125 0.40079375 0.8608625 0.4122578125 0.8576390625 0.4219578125 0.859375 0.4316578125 0.862846875 0.439153125 0.853421875 0.4400359375 0.841765625
2 0.3932984375 0.685515625 0.385803125 0.689484375 0.3849203125 0.6932046875 0.392415625 0.697171875 0.400353125 0.697171875 0.4038796875 0.69618125 0.4069671875 0.6937 0.406084375 0.6884921875 0.4034390625 0.6852671875 0.3932984375 0.685515625
2 0.5789234375 0.7834828125 0.588625 0.7708328125 0.589946875 0.766865625 0.602734375 0.751984375 0.60405625 0.7470234375 0.608465625 0.7435515625 0.609346875 0.73983125 0.6071421875 0.7388390625 0.594796875 0.7390875 0.5833328125 0.741815625 0.57186875 0.7462796875 0.5564375 0.748015625 0.53395 0.759671875 0.5291 0.763640625 0.5211640625 0.77579375 0.5207234375 0.78050625 0.5224875 0.783234375 0.5291 0.787203125 0.5436515625 0.7896828125 0.5537921875 0.7876984375 0.5643734375 0.78745 0.5723109375 0.7844734375 0.5789234375 0.7834828125
2 0.55246875 0.8313484375 0.556878125 0.8276296875 0.560846875 0.822171875 0.5599640625 0.81795625 0.56216875 0.814484375 0.56216875 0.810515625 0.5586421875 0.806546875 0.5436515625 0.8045640625 0.5295421875 0.8067953125 0.51851875 0.8107640625 0.50573125 0.8120046875 0.5022046875 0.8147328125 0.5 0.819196875 0.4977953125 0.8330859375 0.5066140625 0.8380453125 0.51366875 0.839534375 0.524690625 0.836309375 0.537478125 0.836309375 0.541446875 0.835565625 0.5458546875 0.8325890625 0.55246875 0.8313484375
2 0.9263671875 0.8298609375 0.920634375 0.829365625 0.915784375 0.830109375 0.9087296875 0.83358125 0.9025578125 0.83978125 0.901675 0.842509375 0.9034390625 0.846478125 0.9122578125 0.8474703125 0.9215171875 0.8454859375 0.929453125 0.8422625 0.9338625 0.8373015625 0.92989375 0.831596875 0.9263671875 0.8298609375
2 0.8509703125 0.6904765625 0.8421515625 0.6875 0.8377421875 0.6875 0.833775 0.68824375 0.8271609375 0.69295625 0.8280421875 0.7016375 0.8324515625 0.705853125 0.8421515625 0.70709375 0.84920625 0.705853125 0.853615625 0.70386875 0.8558203125 0.7013890625 0.8558203125 0.69618125 0.8509703125 0.6904765625
2 0.7332453125 0.6775796875 0.7204578125 0.6743546875 0.7098765625 0.6728671875 0.701940625 0.6728671875 0.693121875 0.6775796875 0.69268125 0.681546875 0.6948859375 0.68675625 0.7010578125 0.690228125 0.717371875 0.690971875 0.7239859375 0.689484375 0.7283953125 0.68675625 0.735890625 0.685515625 0.7332453125 0.6775796875
2 0.5828921875 0.648809375 0.583775 0.652778125 0.5873015625 0.6540171875 0.5917109375 0.653521875 0.5952375 0.65079375 0.59435625 0.64756875 0.5917109375 0.64608125 0.5868609375 0.6463296875 0.5828921875 0.648809375
2 0.7182546875 0.5989578125 0.717371875 0.603175 0.7204578125 0.60540625 0.7275125 0.607390625 0.7306 0.6068953125 0.7341265625 0.6036703125 0.731040625 0.599703125 0.725309375 0.5982140625 0.7182546875 0.5989578125
2 0.5097 0.534721875 0.5074953125 0.53745 0.5070546875 0.5416671875 0.513228125 0.5463796875 0.5216046875 0.54613125 0.5273375 0.544146875 0.5304234375 0.53670625 0.524690625 0.5329859375 0.514109375 0.532490625 0.5097 0.534721875
2 0.466490625 0.5084328125 0.466490625 0.5111609375 0.471340625 0.5126484375 0.4783953125 0.5124015625 0.4823640625 0.5099203125 0.4806 0.5071921875 0.4775125 0.505953125 0.4704578125 0.5062 0.466490625 0.5084328125
2 0.387565625 0.5642359375 0.3897703125 0.5682046875 0.392415625 0.569196875 0.4025578125 0.5682046875 0.405203125 0.5647328125 0.4038796875 0.5620046875 0.392415625 0.5615078125 0.387565625 0.5642359375
2 0.4135796875 0.556546875 0.4122578125 0.5607640625 0.4232796875 0.5610125 0.42813125 0.5600203125 0.429453125 0.5553078125 0.4276890625 0.5533234375 0.4232796875 0.5533234375 0.416225 0.5548109375 0.4135796875 0.556546875
2 0.466490625 0.56944375 0.4709 0.5701890625 0.4744265625 0.569196875 0.476190625 0.5682046875 0.477071875 0.5647328125 0.4744265625 0.5615078125 0.46693125 0.5634921875 0.466490625 0.56944375
2 0.873015625 0.5962296875 0.869046875 0.5967265625 0.8611109375 0.6001984375 0.8567015625 0.59995 0.848325 0.601934375 0.838625 0.6078875 0.8381828125 0.6116078125 0.8412703125 0.613590625 0.867284375 0.6173109375 0.872575 0.6170640625 0.89594375 0.611359375 0.8893296875 0.603421875 0.8805109375 0.5984625 0.873015625 0.5962296875
2 0.80246875 0.5282734375 0.8015875 0.533234375 0.8112875 0.53819375 0.821428125 0.540921875 0.8271609375 0.5389390625 0.829365625 0.5369546875 0.8161375 0.5290171875 0.8082015625 0.527034375 0.80246875 0.5282734375
2 0.6388890625 0.4935515625 0.6384484375 0.498015625 0.6428578125 0.5009921875 0.6499125 0.5017359375 0.6543203125 0.5004953125 0.6578484375 0.4947921875 0.656525 0.4908234375 0.646825 0.490575 0.6388890625 0.4935515625
2 0.429453125 0.4947921875 0.4316578125 0.4962796875 0.4351859375 0.495784375 0.438271875 0.494046875 0.4360671875 0.490328125 0.4316578125 0.4893359375 0.429453125 0.4900796875 0.429453125 0.4947921875
2 0.9087296875 0.7346234375 0.9091703125 0.7388390625 0.9144625 0.74131875 0.92019375 0.74131875 0.928571875 0.7361109375 0.925484375 0.7321421875 0.919753125 0.7311515625 0.910934375 0.733134375 0.9087296875 0.7346234375
2 0.9559078125 0.7388390625 0.957671875 0.743303125 0.96208125 0.7442953125 0.9704578125 0.74305625 0.9726625 0.7400796875 0.9709 0.735615625 0.9629625 0.7341265625 0.9581125 0.736359375 0.9559078125 0.7388390625
2 0.834215625 0.6783234375 0.8377421875 0.6775796875 0.8377421875 0.6733625 0.834215625 0.6723703125 0.8289234375 0.6733625 0.8289234375 0.677828125 0.834215625 0.6783234375
2 0.324515625 0.545634375 0.32010625 0.548859375 0.3258375 0.5515875 0.32980625 0.5515875 0.333775 0.5491078125 0.333775 0.54761875 0.329365625 0.5453875 0.3258375 0.544890625 0.324515625 0.545634375
2 0.3571421875 0.572171875 0.3514109375 0.5709328125 0.3452375 0.571428125 0.344796875 0.5734125 0.3470015625 0.574653125 0.3571421875 0.572171875
2 0.3134921875 0.701140625 0.316578125 0.697171875 0.3090828125 0.6966765625 0.307759375 0.697171875 0.3082015625 0.7008921875 0.3134921875 0.701140625
2 0.7098765625 0.525296875 0.7045859375 0.5213296875 0.6992953125 0.52108125 0.7001765625 0.5255453125 0.7063484375 0.5260421875 0.7098765625 0.525296875
2 0.405203125 0.5411703125 0.4074078125 0.53670625 0.4043203125 0.5342265625 0.3994703125 0.5359625 0.396384375 0.540178125 0.396384375 0.5419140625 0.405203125 0.5411703125
2 0.2724875 0.82886875 0.2711640625 0.8296125 0.2716046875 0.834078125 0.278659375 0.83755 0.28395 0.837796875 0.2861546875 0.83358125 0.283509375 0.8311015625 0.2755734375 0.8283734375 0.2724875 0.82886875
2 0.330246875 0.525296875 0.3373015625 0.525296875 0.3408296875 0.5213296875 0.3417109375 0.517609375 0.3377421875 0.51636875 0.334215625 0.5173609375 0.3306875 0.5213296875 0.330246875 0.525296875
2 0.29761875 0.6016859375 0.296296875 0.603421875 0.2989421875 0.605159375 0.305996875 0.605159375 0.31040625 0.6036703125 0.3095234375 0.60069375 0.306878125 0.5994546875 0.302028125 0.5994546875 0.29761875 0.6016859375
2 0.62345625 0.868303125 0.622575 0.8697921875 0.6252203125 0.8735125 0.6300703125 0.873759375 0.6335984375 0.8725203125 0.6353609375 0.86954375 0.6335984375 0.8678078125 0.6296296875 0.8673109375 0.62345625 0.868303125
2 0.6631390625 0.5704359375 0.660053125 0.572171875 0.66534375 0.5749015625 0.6693125 0.5758921875 0.6719578125 0.575396875 0.673721875 0.5724203125 0.6728390625 0.570684375 0.669753125 0.569196875 0.6631390625 0.5704359375
2 0.4682546875 0.9322921875 0.466490625 0.9322921875 0.4651671875 0.9342765625 0.4651671875 0.9357640625 0.4709 0.940228125 0.477071875 0.941715625 0.481921875 0.941715625 0.4836859375 0.9407234375 0.485009375 0.9392359375 0.4823640625 0.934771875 0.4682546875 0.9322921875
0 0.2283953125 0.8025796875 0.2385359375 0.805803125 0.2372140625 0.810515625 0.2438265625 0.820684375 0.250440625 0.820684375 0.25396875 0.81944375 0.26058125 0.823909375 0.2610234375 0.8263890625 0.2658734375 0.830109375 0.268078125 0.841765625 0.27336875 0.8439984375 0.277778125 0.84920625 0.2852734375 0.851934375 0.2910046875 0.856646875 0.2949734375 0.855903125 0.29761875 0.858134375 0.3051140625 0.8608625 0.3086421875 0.86483125 0.315696875 0.869046875 0.3258375 0.877728125 0.32980625 0.8826890625 0.3373015625 0.8859125 0.4360671875 0.9432046875 0.44444375 0.9459328125 0.448853125 0.951140625 0.457671875 0.956596875 0.466490625 0.9642859375 0.4695765625 0.9689984375 0.4735453125 0.9704859375 0.476190625 0.9744546875 0.4903 0.982390625 0.505290625 0.9853671875 0.50881875 0.9895828125 0.5200625 0.99615625 0.5224875 0.9984375 0.94268125 0.9984375 0.9466484375 0.977678125 0.9492953125 0.9764390625 0.9541453125 0.966765625 0.952821875 0.9615578125 0.9501765625 0.9588296875 0.952821875 0.94766875 0.9514984375 0.94295625 0.952821875 0.93824375 0.9563484375 0.9352671875 0.9545859375 0.9350203125 0.953703125 0.933284375 0.953703125 0.925346875 0.962521875 0.92113125 0.977071875 0.923859375 0.9832453125 0.9213796875 0.989859375 0.921875 0.991621875 0.919890625 0.9938265625 0.9092265625 0.99426875 0.87896875 0.99603125 0.8665671875 0.9933859375 0.85243125 0.99515 0.8467265625 0.995590625 0.8286203125 0.9920640625 0.81944375 0.991621875 0.802828125 0.994709375 0.7963796875 0.9964734375 0.75396875 0.9920640625 0.73040625 0.99603125 0.716765625 0.994709375 0.6892359375 0.9903 0.6877484375 0.9744265625 0.66170625 0.966490625 0.6545140625 0.9647265625 0.650296875 0.9607578125 0.6490578125 0.958553125 0.64459375 0.9043203125 0.5947421875 0.8743390625 0.5729171875 0.87345625 0.570684375 0.869046875 0.569196875 0.8650796875 0.563740625 0.8597890625 0.5629953125 0.8417109375 0.548115625 0.8377421875 0.5473703125 0.8328921875 0.5431546875 0.833775 0.540921875 0.7905640625 0.5181046875 0.7861546875 0.512896875 0.759259375 0.5029765625 0.75573125 0.5002484375 0.75 0.4990078125 0.739859375 0.490328125 0.7323640625 0.485615625 0.72663125 0.4848703125 0.7195765625 0.4811515625 0.71693125 0.477678125 0.6772484375 0.46255 0.646384375 0.454365625 0.630953125 0.4526296875 0.5917109375 0.4501484375 0.5806875 0.450396875 0.576278125 0.4494046875 0.569665625 0.4499015625 0.4589953125 0.4404765625 0.4369484375 0.4397328125 0.4276890625 0.4375 0.396384375 0.43675625 0.3884484375 0.4379953125 0.37654375 0.4528765625 0.367725 0.466765625 0.36684375 0.470734375 0.3615515625 0.4779265625 0.3571421875 0.4811515625 0.3474421875 0.5022328125 0.3377421875 0.5133921875 0.339065625 0.5158734375 0.3412703125 0.5166171875 0.3408296875 0.5200890625 0.3373015625 0.52108125 0.3324515625 0.5255453125 0.326278125 0.527778125 0.3192234375 0.5364578125 0.3090828125 0.559028125 0.2989421875 0.5763890625 0.2949734375 0.5796125 0.28791875 0.5939984375 0.282628125 0.5987109375 0.2676359375 0.61954375 0.2619046875 0.6235125 0.2513234375 0.6356640625 0.2372140625 0.647321875 0.2328046875 0.6540171875 0.2283953125 0.657490625 0.2275125 0.66319375 0.2292765625 0.66641875 0.2239859375 0.6813 0.2182546875 0.679315625 0.216490625 0.6723703125 0.212521875 0.680803125 0.211640625 0.6959328125 0.206790625 0.7088296875 0.206790625 0.7157734375 0.2032625 0.7232140625 0.201940625 0.7557046875 0.2041453125 0.7638890625 0.207671875 0.7651296875 0.2098765625 0.768353125 0.2098765625 0.7720734375 0.216490625 0.7857140625 0.2288359375 0.7924109375 0.2283953125 0.8025796875
2 0 0.4404765625 0.005290625 0.44146875 0.0127859375 0.440971875 0.0216046875 0.4375 0.0255734375 0.431546875 0.0220453125 0.428075 0.0114640625 0.427828125 0.00396875 0.4290671875 0 0.43055625 0 0.4404765625
2 0.057759375 0.396578125 0.06040625 0.398809375 0.0626109375 0.396578125 0.07010625 0.393353125 0.070546875 0.391865625 0.0674609375 0.3896328125 0.0595234375 0.3923609375 0.057759375 0.396578125
2 0.0930328125 0.357390625 0.0961203125 0.3588796875 0.1071421875 0.3598703125 0.108465625 0.3578875 0.1071421875 0.3516859375 0.0974421875 0.353175 0.093475 0.3563984375 0.0930328125 0.357390625
2 0.076278125 0.3509421875 0.083775 0.35069375 0.085096875 0.345734375 0.07980625 0.344990625 0.075396875 0.34771875 0.074515625 0.349703125 0.076278125 0.3509421875
2 0.103175 0.4437 0.098325 0.446428125 0.099646875 0.4499015625 0.103615625 0.4521328125 0.1071421875 0.4526296875 0.112875 0.451140625 0.117284375 0.4474203125 0.1159609375 0.444196875 0.1111109375 0.4427078125 0.103175 0.4437
2 0.080246875 0.6108625 0.0758375 0.6076390625 0.0639328125 0.6078875 0.055996875 0.61011875 0.0542328125 0.6118546875 0.0564375 0.6140875 0.05731875 0.6185515625 0.0551140625 0.622271875 0.0564375 0.623759375 0.0679015625 0.6185515625 0.07980625 0.6150796875 0.080246875 0.6108625
2 0.05246875 0.627728125 0.06040625 0.626984375 0.0661375 0.623015625 0.06040625 0.6185515625 0.0586421875 0.6200390625 0.052909375 0.620784375 0.051146875 0.6220234375 0.05246875 0.627728125
2 0.165784375 0.6852671875 0.169753125 0.6872515625 0.173721875 0.6872515625 0.1776890625 0.685515625 0.17813125 0.68055625 0.169753125 0.680059375 0.1666671875 0.681546875 0.165784375 0.6852671875
0 0 0.9092265625 0.00573125 0.9161703125 0.00881875 0.915178125 0.01366875 0.915921875 0.0211640625 0.912946875 0.024690625 0.9084828125 0.0291 0.9077375 0.0661375 0.88516875 0.1305109375 0.8494546875 0.1340390625 0.8459828125 0.1380078125 0.8447421875 0.141975 0.841765625 0.1485890625 0.834821875 0.1666671875 0.8000984375 0.184303125 0.775296875 0.18474375 0.7678578125 0.1887125 0.762896875 0.193121875 0.751984375 0.213403125 0.66170625 0.2142859375 0.6423609375 0.2129625 0.6408734375 0.21208125 0.5947421875 0.208553125 0.5813484375 0.2050265625 0.512896875 0.202821875 0.509425 0.19753125 0.5071921875 0.1948859375 0.503471875 0.1948859375 0.4938 0.1900359375 0.4712296875 0.1909171875 0.464534375 0.1887125 0.4623015625 0.1869484375 0.4536203125 0.1860671875 0.431546875 0.180334375 0.42733125 0.1776890625 0.4233625 0.17019375 0.396825 0.169753125 0.3896328125 0.1684296875 0.387896875 0.164021875 0.3861609375 0.160053125 0.3814484375 0.1538796875 0.36334375 0.1477078125 0.357390625 0.1388890625 0.34449375 0.132715625 0.3387890625 0.1256609375 0.319940625 0.118165625 0.315971875 0.1106703125 0.3095234375 0.1009703125 0.2971234375 0.093915625 0.2951390625 0.085978125 0.2817453125 0.083775 0.2802578125 0.07980625 0.2797625 0.0758375 0.2807546875 0.0727515625 0.2795140625 0.0634921875 0.2673609375 0.055996875 0.2633921875 0.0445328125 0.2609125 0.0410046875 0.261409375 0.0291 0.25545625 0.0154328125 0.254215625 0.00573125 0.25074375 0.0035265625 0.2517359375 0.0022046875 0.25396875 0 0.254215625 0 0.9092265625
2 0.82980625 0.173115625 0.82980625 0.1783234375 0.833775 0.1803078125 0.8421515625 0.181546875 0.8456796875 0.178075 0.8452375 0.173859375 0.8421515625 0.1713796875 0.8333328125 0.1701390625 0.82980625 0.173115625
2 0.74118125 0.0947421875 0.7469140625 0.096478125 0.7517640625 0.096478125 0.7535265625 0.0932546875 0.7517640625 0.0900296875 0.7433859375 0.0890375 0.7389765625 0.0905265625 0.74118125 0.0947421875
2 0.9373890625 0.141865625 0.943121875 0.128471875 0.943121875 0.119046875 0.9387125 0.1150796875 0.9232796875 0.1145828125 0.9078484375 0.118303125 0.9038796875 0.125 0.9047625 0.13368125 0.9078484375 0.1359125 0.9082890625 0.1431046875 0.91534375 0.144840625 0.918871875 0.1483140625 0.923721875 0.1505453125 0.9312171875 0.1510421875 0.9373890625 0.141865625
2 0.9554671875 0.171875 0.9550265625 0.1741078125 0.96605 0.1795640625 0.9695765625 0.1795640625 0.9744265625 0.1775796875 0.9744265625 0.1728671875 0.966490625 0.169890625 0.958553125 0.1701390625 0.9554671875 0.171875
2 0.7041453125 0.1741078125 0.7014984375 0.1716265625 0.69444375 0.1701390625 0.6851859375 0.1661703125 0.6776890625 0.1674109375 0.6582890625 0.1736109375 0.6587296875 0.1748515625 0.6644625 0.1775796875 0.7195765625 0.1897328125 0.7244265625 0.189484375 0.7283953125 0.1852671875 0.7283953125 0.181546875 0.7244265625 0.1770828125 0.7041453125 0.1741078125
2 0.891975 0.119046875 0.887565625 0.1150796875 0.8840390625 0.11483125 0.882715625 0.115328125 0.8849203125 0.119046875 0.891975 0.119046875
2 0.8999125 0.09995 0.900353125 0.095734375 0.892415625 0.09449375 0.892415625 0.0994546875 0.895503125 0.10069375 0.8999125 0.09995
2 0.7244265625 0.033234375 0.7279546875 0.0344734375 0.7323640625 0.033978125 0.7345671875 0.0310015625 0.7332453125 0.0265375 0.72663125 0.0255453125 0.7231046875 0.0275296875 0.7244265625 0.033234375
0 0.372134375 0.24305625 0.372575 0.2452875 0.37654375 0.2482640625 0.3999125 0.2502484375 0.444003125 0.251240625 0.4545859375 0.2547125 0.471340625 0.2579359375 0.49515 0.2591765625 0.509259375 0.262153125 0.5401234375 0.265625 0.57495625 0.26636875 0.57980625 0.267609375 0.57980625 0.2713296875 0.59920625 0.2720734375 0.62169375 0.27430625 0.7473546875 0.2782734375 0.8514109375 0.2787703125 0.8743390625 0.2807546875 0.911375 0.28199375 0.9272484375 0.28050625 0.963403125 0.2797625 0.966490625 0.2787703125 0.9700171875 0.2797625 0.9783953125 0.2797625 0.9836859375 0.2780265625 0.989859375 0.2782734375 0.9938265625 0.2797625 0.9973546875 0.273065625 0.9964734375 0.0984625 0.9973546875 0.03896875 0.9984375 0.037203125 0.9973546875 0.0362109375 0.9973546875 0.0337296875 0.9984375 0.0310015625 0.9984375 0.027778125 0.9977953125 0.027778125 0.9938265625 0.024553125 0.977071875 0.0240578125 0.9484125 0.025296875 0.939153125 0.0240578125 0.9276890625 0.0260421875 0.9122578125 0.027034375 0.9038796875 0.0255453125 0.8844796875 0.0267859375 0.880953125 0.0282734375 0.868165625 0.027778125 0.848765625 0.0287703125 0.834215625 0.0255453125 0.821428125 0.0255453125 0.81040625 0.023809375 0.7896828125 0.0235609375 0.774690625 0.01959375 0.7671953125 0.0188484375 0.7403 0.02256875 0.7328046875 0.022321875 0.7235453125 0.0203375 0.64594375 0.02430625 0.6384484375 0.02579375 0.61860625 0.032490625 0.607584375 0.033234375 0.56216875 0.04761875 0.542328125 0.0572921875 0.52425 0.06324375 0.4938265625 0.0796125 0.4704578125 0.0954859375 0.467371875 0.099703125 0.4594359375 0.103175 0.4369484375 0.119046875 0.4268078125 0.1294640625 0.401234375 0.150296875 0.373015625 0.1879953125 0.367284375 0.20238125 0.368165625 0.23363125 0.3694890625 0.23511875 0.3743390625 0.2366078125 0.3708109375 0.238590625 0.369046875 0.23834375 0.367284375 0.2400796875 0.368165625 0.2420640625 0.372134375 0.24305625
0 0.122575 0.31324375 0.1243390625 0.3147328125 0.1300703125 0.325396875 0.1344796875 0.3387890625 0.1534390625 0.359375 0.1635796875 0.3812 0.170634375 0.3859125 0.1741625 0.396578125 0.174603125 0.4040171875 0.178571875 0.4087296875 0.17989375 0.42113125 0.18783125 0.427828125 0.18959375 0.4337796875 0.189153125 0.4521328125 0.19444375 0.4615578125 0.1948859375 0.4799109375 0.197971875 0.487846875 0.19753125 0.4967765625 0.2059078125 0.5084328125 0.20723125 0.5126484375 0.206790625 0.5295140625 0.2138453125 0.5438984375 0.2142859375 0.5493546875 0.2112 0.5592765625 0.2129625 0.5639875 0.211640625 0.5669640625 0.21208125 0.5763890625 0.2103171875 0.5798609375 0.2156078125 0.5954859375 0.2147265625 0.615328125 0.21693125 0.621403125 0.21693125 0.6381453125 0.2191359375 0.6431046875 0.2186953125 0.6547625 0.2204578125 0.6560015625 0.2244265625 0.6545140625 0.2292765625 0.6490578125 0.2477953125 0.6354171875 0.264109375 0.619046875 0.2667546875 0.6136734375 0.2751328125 0.6068953125 0.2808640625 0.5954859375 0.288359375 0.58829375 0.2901234375 0.580109375 0.2958546875 0.5758921875 0.321428125 0.5297625 0.3284828125 0.522321875 0.331128125 0.516865625 0.33465625 0.5146328125 0.3425921875 0.5024796875 0.349646875 0.4868546875 0.373015625 0.4556046875 0.4131390625 0.3928578125 0.4179890625 0.3883921875 0.4223984375 0.3772328125 0.4259265625 0.3727671875 0.428571875 0.3618546875 0.4276890625 0.3447421875 0.419753125 0.3224203125 0.405203125 0.3053078125 0.396384375 0.2978671875 0.3902109375 0.2951390625 0.387565625 0.2911703125 0.37654375 0.28521875 0.372575 0.28125 0.367284375 0.279265625 0.362875 0.275296875 0.344796875 0.2661203125 0.3306875 0.2638890625 0.325396875 0.26016875 0.3148140625 0.257440625 0.2848328125 0.2547125 0.2517640625 0.254215625 0.2323640625 0.2549609375 0.2209 0.25694375 0.217665625 0.2587625 0.201940625 0.2626484375 0.18298125 0.262896875 0.1723984375 0.2619046875 0.168871875 0.262896875 0.166225 0.2611609375 0.1631390625 0.2626484375 0.16049375 0.2626484375 0.1569671875 0.2606640625 0.150353125 0.26016875 0.1287484375 0.2646328125 0.117725 0.264384375 0.1049375 0.2658734375 0.0833328125 0.2666171875 0.07186875 0.2708328125 0.07186875 0.272321875 0.0776015625 0.2735609375 0.0873015625 0.2802578125 0.093915625 0.2919140625 0.103615625 0.2966265625 0.1053796875 0.3025796875 0.114196875 0.3115078125 0.122575 0.31324375
0 0.0348328125 0 0.0264546875 0.0071921875 0.0158734375 0.009671875 0.0123453125 0.0131453125 0.009259375 0.0124015625 0.00573125 0.013640625 0.0026453125 0.0171125 0.0026453125 0.1547625 0.0030859375 0.165921875 0.00573125 0.1696421875 0.013228125 0.17261875 0.0163140625 0.1721234375 0.0304234375 0.1795640625 0.0436515625 0.184028125 0.0515875 0.18824375 0.0612875 0.189484375 0.0643734375 0.1922125 0.06701875 0.1922125 0.0758375 0.1959328125 0.0921515625 0.200396875 0.09920625 0.20386875 0.1071421875 0.204365625 0.141975 0.216021875 0.1543203125 0.21800625 0.1578484375 0.2217265625 0.1578484375 0.2279265625 0.164903125 0.2375984375 0.16534375 0.240328125 0.1776890625 0.243303125 0.1812171875 0.2497515625 0.1856265625 0.2502484375 0.189153125 0.2470234375 0.1913578125 0.248015625 0.1962078125 0.258928125 0.2006171875 0.257440625 0.2050265625 0.2584328125 0.2081125 0.2571921875 0.216490625 0.2564484375 0.2182546875 0.2557046875 0.221340625 0.248015625 0.2204578125 0.2294140625 0.2010578125 0.216765625 0.2050265625 0.212796875 0.2041453125 0.209078125 0.20723125 0.20709375 0.212521875 0.2080859375 0.216490625 0.2046125 0.2209 0.19618125 0.2244265625 0.1939484375 0.231040625 0.1845234375 0.2486765625 0.1661703125 0.2619046875 0.146825 0.2716046875 0.127728125 0.28306875 0.091765625 0.283509375 0.0833328125 0.2888 0.0610125 0.288359375 0.056546875 0.2848328125 0.05233125 0.28306875 0.046875 0.254409375 0.0280265625 0.235890625 0.011409375 0.22663125 0 0.0348328125 0
0 0.4890625 0.3765625 0.49375 0.38125 0.503125 0.3765625 0.509375 0.3953125 0.521875 0.403125 0.54375 0.403125 0.8703125 0.3609375 0.940625 0.34375 0.99375 0.321875 0.9984375 0.31875 0.9984375 0.28125 0.71875 0.2859375 0.69375 0.2984375 0.690625 0.3078125 0.65625 0.31875 0.634375 0.3328125 0.609375 0.3421875 0.5640625 0.3453125 0.540625 0.3625 0.534375 0.3609375 0.528125 0.3734375 0.4890625 0.3765625
2 0.8109375 0.35 0.825 0.3421875 0.825 0.3359375 0.8140625 0.33125 0.76875 0.33125 0.7625 0.3328125 0.7625 0.3421875 0.7890625 0.3515625 0.8109375 0.35
2 0.7984375 0.36875 0.80625 0.3671875 0.7984375 0.3640625 0.7984375 0.36875
2 0.5875 0.3578125 0.5859375 0.36875 0.6125 0.371875 0.6078125 0.3578125 0.5875 0.3578125
2 0.665625 0.3796875 0.6453125 0.38125 0.640625 0.3875 0.65 0.390625 0.66875 0.384375 0.665625 0.3796875
2 0.8109375 0.3 0.809375 0.315625 0.8203125 0.3171875 0.821875 0.3015625 0.8109375 0.3
2 0.7 0.3 0.69375 0.30625 0.7109375 0.30625 0.721875 0.2984375 0.7 0.3
2 0.8484375 0.3265625 0.8609375 0.334375 0.88125 0.325 0.85625 0.321875 0.8484375 0.3265625