2 0.5216046875 0.4670140625 0.513228125 0.464534375 0.49426875 0.4702375 0.48941875 0.4689984375 0.4783953125 0.470734375 0.473765625 0.473834375 0.4651671875 0.476190625 0.453703125 0.4858625 0.4541453125 0.4900796875 0.466490625 0.504215625 0.4744265625 0.5044640625 0.4977953125 0.5022328125 0.5211640625 0.4942953125 0.528659375 0.482390625 0.527778125 0.47495 0.5216046875 0.4670140625
2 0.5546734375 0.544146875 0.5454140625 0.5483625 0.5458546875 0.5518359375 0.548059375 0.553571875 0.552028125 0.5545640625 0.5599640625 0.5545640625 0.566578125 0.55084375 0.5679015625 0.544890625 0.56040625 0.54290625 0.5546734375 0.544146875
2 0.73545 0.4583328125 0.7323640625 0.4546125 0.725309375 0.4506453125 0.716490625 0.4486609375 0.712521875 0.448909375 0.6900359375 0.455853125 0.6812171875 0.4575890625 0.673721875 0.46255 0.669753125 0.4685015625 0.669753125 0.4751984375 0.673721875 0.4811515625 0.6812171875 0.4828875 0.6935625 0.4826390625 0.7138453125 0.47495 0.7244265625 0.4697421875 0.735009375 0.46329375 0.73545 0.4583328125
2 0.6816578125 0.5731640625 0.6772484375 0.570684375 0.6732796875 0.570684375 0.664903125 0.5758921875 0.6618171875 0.5798609375 0.660053125 0.58358125 0.6618171875 0.5880453125 0.66534375 0.5892859375 0.673721875 0.5887890625 0.6772484375 0.587053125 0.6816578125 0.5818453125 0.6838625 0.576140625 0.6816578125 0.5731640625
2 0.6441796875 0.63988125 0.640653125 0.642609375 0.637125 0.648809375 0.6384484375 0.6537703125 0.642415625 0.653521875 0.6494703125 0.6510421875 0.65564375 0.64608125 0.6569671875 0.6423609375 0.65564375 0.6391375 0.652115625 0.6383921875 0.6441796875 0.63988125
2 0.6587296875 0.6212796875 0.656084375 0.6240078125 0.65564375 0.6274796875 0.6578484375 0.6287203125 0.6622578125 0.6282234375 0.669753125 0.625 0.6710765625 0.6235125 0.669753125 0.6197921875 0.66534375 0.6192953125 0.6587296875 0.6212796875
2 0.8284828125 0.5796125 0.8280421875 0.5838296875 0.833775 0.584325 0.8412703125 0.582340625 0.8500875 0.5758921875 0.8465609375 0.5744046875 0.8417109375 0.5744046875 0.830246875 0.5778765625 0.8284828125 0.5796125
2 0.9232796875 0.654265625 0.9193125 0.65079375 0.9118171875 0.649553125 0.9069671875 0.6498015625 0.892415625 0.654265625 0.8902109375 0.6564984375 0.890653125 0.6619546875 0.8946203125 0.665675 0.89594375 0.669146875 0.901675 0.669890625 0.911375 0.6671625 0.92019375 0.66170625 0.9232796875 0.658234375 0.9232796875 0.654265625
2 0.89594375 0.54613125 0.876984375 0.5548109375 0.869046875 0.5602671875 0.8664015625 0.5642359375 0.86860625 0.5654765625 0.8853609375 0.564484375 0.89594375 0.5587796875 0.9047625 0.5491078125 0.9038796875 0.5463796875 0.90079375 0.5453875 0.89594375 0.54613125
2 0.5449734375 0.582340625 0.548059375 0.5833328125 0.55246875 0.580109375 0.5489421875 0.5776296875 0.5440921875 0.579365625 0.543209375 0.5803578125 0.5449734375 0.582340625
2 0.4748671875 0.429315625 0.46693125 0.431546875 0.4642859375 0.4337796875 0.4647265625 0.440228125 0.47575 0.4446921875 0.48545 0.444940625 0.4938265625 0.4419640625 0.4969140625 0.4392359375 0.4969140625 0.4313 0.4938265625 0.42881875 0.4748671875 0.429315625
2 0.57186875 0.731646875 0.576278125 0.7313984375 0.5806875 0.72891875 0.5956796875 0.7137890625 0.5974421875 0.709821875 0.5970015625 0.701140625 0.5956796875 0.7001484375 0.5908296875 0.7006453125 0.584215625 0.6986609375 0.5692234375 0.698909375 0.552909375 0.7041171875 0.5436515625 0.709821875 0.542328125 0.71329375 0.5467375 0.7189984375 0.5489421875 0.7197421875 0.5582015625 0.7170140625 0.560846875 0.71908125 0.5626109375 0.7251984375 0.566578125 0.7296625 0.57186875 0.731646875
2 0.51455 0.6870046875 0.5163140625 0.6951890625 0.5207234375 0.696428125 0.5273375 0.6954359375 0.5321875 0.689484375 0.5308640625 0.685515625 0.5211640625 0.6845234375 0.5158734375 0.685515625 0.51455 0.6870046875
2 0.801146875 0.72569375 0.7967375 0.7271828125 0.793209375 0.730903125 0.79276875 0.7361109375 0.7954140625 0.742559375 0.80246875 0.7447921875 0.805996875 0.7442953125 0.81216875 0.736359375 0.81216875 0.7306546875 0.80555625 0.7266859375 0.801146875 0.72569375
2 0.6723984375 0.7557046875 0.670634375 0.7514875 0.665784375 0.748759375 0.6578484375 0.748759375 0.652115625 0.7509921875 0.6490296875 0.7564484375 0.646825 0.76488125 0.6494703125 0.7760421875 0.66049375 0.7807546875 0.669753125 0.7827375 0.6776890625 0.7802578125 0.6816578125 0.7733140625 0.67989375 0.7633921875 0.6723984375 0.7557046875
2 0.669753125 0.7219734375 0.665784375 0.7170140625 0.6591703125 0.716765625 0.6538796875 0.71949375 0.6402109375 0.7333828125 0.6397703125 0.7388390625 0.641534375 0.7428078125 0.646825 0.7452875 0.652115625 0.7450390625 0.6569671875 0.7428078125 0.664021875 0.7361109375 0.668871875 0.728421875 0.669753125 0.7219734375
2 0.786596875 0.5057046875 0.7910046875 0.5064484375 0.7949734375 0.5017359375 0.7910046875 0.49925625 0.7870375 0.5 0.7857140625 0.5014875 0.786596875 0.5057046875
2 0.608465625 0.4548609375 0.6097890625 0.4588296875 0.612434375 0.4603171875 0.6150796875 0.461309375 0.6208109375 0.4595734375 0.62169375 0.455109375 0.61860625 0.4533734375 0.6150796875 0.4528765625 0.608465625 0.4548609375
2 0.6596125 0.5213296875 0.6574078125 0.5173609375 0.6499125 0.5171125 0.6525578125 0.5213296875 0.656084375 0.5220734375 0.6596125 0.5213296875
2 0.97663125 0.599703125 0.9823640625 0.60243125 0.9903 0.6014390625 0.9984375 0.5967265625 0.9984375 0.5818453125 0.9876546875 0.58680625 0.977071875 0.59449375 0.97663125 0.599703125
2 0.6534390625 0.6666671875 0.6574078125 0.662203125 0.655203125 0.6592265625 0.6485890625 0.660465625 0.6450625 0.664434375 0.646384375 0.66790625 0.6534390625 0.6666671875
2 0.6984125 0.66493125 0.693121875 0.6584828125 0.68783125 0.6639390625 0.689153125 0.6701390625 0.6966484375 0.668403125 0.6984125 0.66493125
2 0.673721875 0.6619546875 0.6772484375 0.6584828125 0.6768078125 0.6545140625 0.6715171875 0.6540171875 0.665784375 0.65699375 0.665784375 0.66245 0.673721875 0.6619546875
2 0.7063484375 0.747271875 0.70723125 0.75396875 0.708553125 0.7552078125 0.7129625 0.7557046875 0.716490625 0.751984375 0.71605 0.7477671875 0.7129625 0.745784375 0.7089953125 0.745784375 0.7063484375 0.747271875
0 0.3844796875 0.4375 0.3928578125 0.438740625 0.4025578125 0.44766875 0.4082890625 0.456596875 0.4047625 0.46255 0.406084375 0.466765625 0.4122578125 0.4692453125 0.419753125 0.476190625 0.4232796875 0.4744546875 0.434303125 0.477678125 0.4356265625 0.4826390625 0.4325390625 0.4841265625 0.4320984375 0.486359375 0.439153125 0.4928078125 0.4413578125 0.5017359375 0.4387125 0.5032234375 0.4356265625 0.5079359375 0.428571875 0.5126484375 0.4307765625 0.5151296875 0.4356265625 0.5161203125 0.4356265625 0.527778125 0.4290125 0.5327375 0.4316578125 0.538690625 0.428571875 0.5567953125 0.429453125 0.564484375 0.4360671875 0.572171875 0.4369484375 0.5763890625 0.4219578125 0.580109375 0.419753125 0.58680625 0.423721875 0.5947421875 0.4320984375 0.6044140625 0.4307765625 0.6078875 0.4276890625 0.60863125 0.42504375 0.6111109375 0.4241625 0.6140875 0.4268078125 0.626984375 0.4316578125 0.633928125 0.43783125 0.6383921875 0.4365078125 0.6401296875 0.4312171875 0.6423609375 0.430334375 0.6505453125 0.4356265625 0.6567453125 0.4581125 0.6688984375 0.4581125 0.6703875 0.45238125 0.6748515625 0.4501765625 0.6810515625 0.4506171875 0.6852671875 0.4682546875 0.7033734375 0.46605 0.70858125 0.4682546875 0.7123015625 0.47575 0.716765625 0.4929453125 0.721478125 0.49426875 0.7286703125 0.4973546875 0.732390625 0.57186875 0.7653765625 0.581128125 0.7713296875 0.6058203125 0.7767859375 0.608465625 0.7782734375 0.6111109375 0.7827375 0.61860625 0.7869546875 0.6335984375 0.78819375 0.6622578125 0.787203125 0.669753125 0.7916671875 0.6741625 0.790675 0.6984125 0.7936515625 0.7006171875 0.7946421875 0.717371875 0.793403125 0.7204578125 0.7943953125 0.730159375 0.7938984375 0.735890625 0.7958828125 0.7482359375 0.7963796875 0.7910046875 0.7931546875 0.816578125 0.788690625 0.8284828125 0.7837296875 0.8465609375 0.7810015625 0.853175 0.778521875 0.872575 0.77579375 0.8880078125 0.769096875 0.8950625 0.767609375 0.9074078125 0.7576890625 0.9276890625 0.751240625 0.9338625 0.7477671875 0.9466484375 0.73511875 0.9594359375 0.7299109375 0.9709 0.7192453125 0.981921875 0.712053125 0.9920640625 0.701140625 0.9920640625 0.6983296875 0.995590625 0.693453125 0.99603125 0.6850203125 0.99426875 0.678075 0.99603125 0.6674109375 0.9984375 0.66319375 0.9984375 0.4196421875 0.9969140625 0.419146875 0.986771875 0.4092265625 0.9783953125 0.40550625 0.915784375 0.3888890625 0.911375 0.388640625 0.9043203125 0.390625 0.900353125 0.393353125 0.8937390625 0.3938484375 0.8646390625 0.384425 0.853175 0.3826890625 0.8417109375 0.3841765625 0.83950625 0.388640625 0.834215625 0.3923609375 0.8082015625 0.3876484375 0.802909375 0.387896875 0.7936515625 0.3908734375 0.77425 0.384671875 0.7619046875 0.3834328125 0.75485 0.384671875 0.7482359375 0.38988125 0.7279546875 0.3856640625 0.7010578125 0.3841765625 0.697971875 0.384671875 0.6948859375 0.3874015625 0.6838625 0.3928578125 0.6547625 0.386409375 0.6432984375 0.3849203125 0.6344796875 0.3861609375 0.62830625 0.3901296875 0.62654375 0.3938484375 0.62345625 0.3955859375 0.6018515625 0.394840625 0.5776015625 0.39608125 0.5586421875 0.399553125 0.555996875 0.4005453125 0.55246875 0.4099703125 0.5388 0.4139390625 0.510140625 0.415178125 0.480159375 0.415178125 0.4731046875 0.415921875 0.4642859375 0.4188984375 0.4607578125 0.4188984375 0.424603125 0.4099703125 0.418871875 0.4072421875 0.4082890625 0.4052578125 0.3977078125 0.400296875 0.376984375 0.3953375 0.372575 0.39136875 0.3615515625 0.389384375 0.349646875 0.384671875 0.3417109375 0.3834328125 0.33465625 0.38368125 0.3289234375 0.3861609375 0.3306875 0.39608125 0.338625 0.4040171875 0.343915625 0.40699375 0.3470015625 0.412203125 0.3567015625 0.4196421875 0.3659609375 0.4236109375 0.37830625 0.4352671875 0.3844796875 0.4375
0 0.7275125 0.978421875 0.6591703125 0.9640375 0.6534390625 0.9548609375 0.6428578125 0.949653125 0.4735453125 0.9064984375 0.4545859375 0.9047625 0.4360671875 0.90699375 0.396825 0.9012890625 0.3708109375 0.8963296875 0.338625 0.8923609375 0.3333328125 0.8908734375 0.298059375 0.887153125 0.2905640625 0.8859125 0.28306875 0.883184375 0.1305109375 0.877728125 0.1119921875 0.88368125 0.099646875 0.88516875 0.0925921875 0.889384375 0.079365625 0.8911203125 0.060846875 0.898809375 0.055996875 0.902034375 0.0454140625 0.90550625 0.0405640625 0.9092265625 0.0317453125 0.9119546875 0.02821875 0.9171625 0.0220453125 0.9213796875 0.0171953125 0.9275796875 0.0035265625 0.9642859375 0.00485 0.9709828125 0.0030859375 0.9838796875 0.00396875 0.9984375 0.7764546875 0.9984375 0.7751328125 0.997271875 0.763228125 0.993303125 0.7522046875 0.991071875 0.7275125 0.978421875
2 0.3231921875 0.96949375 0.3174609375 0.967509375 0.3134921875 0.96875 0.31216875 0.971478125 0.3126109375 0.977678125 0.3187828125 0.9866078125 0.3306875 0.994046875 0.333775 0.9947921875 0.338625 0.994046875 0.3403875 0.98983125 0.3355375 0.982390625 0.3231921875 0.96949375
2 0.4832453125 0.9216265625 0.481921875 0.9196421875 0.4739859375 0.9154265625 0.4563484375 0.91319375 0.4484125 0.91493125 0.447090625 0.915921875 0.4514984375 0.919890625 0.4642859375 0.9236109375 0.4744265625 0.9248515625 0.477071875 0.9241078125 0.490740625 0.9241078125 0.489859375 0.9228671875 0.4832453125 0.9216265625
2 0.807759375 0.412203125 0.81040625 0.415921875 0.8161375 0.4134421875 0.8174609375 0.41170625 0.8143734375 0.4094734375 0.8099640625 0.4087296875 0.8082015625 0.4099703125 0.807759375 0.412203125
2 0.902115625 0.440228125 0.9069671875 0.4397328125 0.9091703125 0.4352671875 0.9043203125 0.4337796875 0.90079375 0.434771875 0.8994703125 0.439484375 0.902115625 0.440228125
0 0 0.85625 0.00625 0.8640625 0.028125 0.865625 0.0328125 0.871875 0.290625 0.8796875 0.35625 0.871875 0.3671875 0.859375 0.3765625 0.8625 0.409375 0.85 0.4609375 0.8234375 0.4765625 0.8109375 0.4984375 0.771875 0.5 0.7421875 0.3234375 0.46875 0.30625 0.471875 0.28125 0.4953125 0.2328125 0.5203125 0.2078125 0.5171875 0.165625 0.5328125 0.1421875 0.528125 0.09375 0.5359375 0.0171875 0.55625 0 0.565625 0 0.85625
0 0.0578125 0.3015625 0.0578125 0.309375 0.11875 0.35625 0.171875 0.378125 0.20625 0.403125 0.2296875 0.4046875 0.35625 0.4484375 0.6984375 0.378125 0.778125 0.3734375 0.7828125 0.3796875 0.8140625 0.3734375 0.834375 0.3640625 0.8453125 0.340625 0.8328125 0.2953125 0.79375 0.25 0.7546875 0.2203125 0.659375 0.1734375 0.5171875 0.140625 0.321875 0.1390625 0.2734375 0.1453125 0.20703125 0.1609375 0.1640625 0.1609375 0.103125 0.178125 0.0796875 0.196875 0.0046875 0.2078125 0 0.234375 0.034375 0.265625 0.0421875 0.2890625 0.0578125 0.3015625
0 0.2703125 0 0.2625 0.0078125 0.2265625 0.0140625 0.184375 0.0109375 0.1765625 0.0125 0.178125 0.01875 0.2171875 0.078125 0.2625 0.0984375 0.30625 0.1046875 0.378125 0.1 0.4015625 0.0875 0.4515625 0.0796875 0.5328125 0.0921875 0.5953125 0.0703125 0.7296875 0.040625 0.7859375 0.046875 0.8140625 0.05625 0.825 0.0515625 0.7828125 0.015625 0.778125 0 0.2703125 0
2 0.4578125 0.2734375 0.45 0.2625 0.41875 0.2546875 0.4015625 0.2640625 0.4015625 0.2875 0.409375 0.296875 0.4546875 0.29375 0.4578125 0.2734375
2 0.6046875 0.3265625 0.5953125 0.3171875 0.5828125 0.3171875 0.5671875 0.328125 0.56875 0.3390625 0.5875 0.3453125 0.6 0.3390625 0.6046875 0.3265625
2 0.5296875 0.3328125 0.5109375 0.3265625 0.50625 0.3359375 0.5125 0.34375 0.53125 0.340625 0.5296875 0.3328125
2 0.540625 0.365625 0.5265625 0.3703125 0.528125 0.3828125 0.5390625 0.38125 0.546875 0.371875 0.540625 0.365625
2 0.4875 0.39375 0.471875 0.3953125 0.4703125 0.4046875 0.4859375 0.40625 0.4890625 0.4015625 0.4875 0.39375
2 0.428125 0.3765625 0.415625 0.3765625 0.4125 0.3828125 0.4171875 0.3875 0.43125 0.384375 0.428125 0.3765625
2 0.36875 0.3078125 0.35 0.3171875 0.3515625 0.3296875 0.3765625 0.33125 0.3875 0.3109375 0.36875 0.3078125
2 0.3140625 0.3796875 0.3015625 0.3796875 0.3015625 0.384375 0.3140625 0.3875 0.3140625 0.3796875
2 0.2375 0.3484375 0.2359375 0.3359375 0.2203125 0.328125 0.1921875 0.33125 0.175 0.34375 0.178125 0.353125 0.2109375 0.365625 0.2265625 0.3640625 0.2375 0.3484375
2 0.25625 0.2609375 0.25625 0.2703125 0.2734375 0.2703125 0.271875 0.2625 0.25625 0.2609375
2 0.228125 0.1875 0.2328125 0.2015625 0.2421875 0.2 0.2421875 0.1875 0.228125 0.1875
2 0.171875 0.203125 0.1765625 0.2125 0.1890625 0.209375 0.1859375 0.2015625 0.171875 0.203125
2 0.478125 0.0640625 0.4515625 0.0609375 0.45 0.0703125 0.465625 0.078125 0.484375 0.071875 0.478125 0.0640625
2 0.6671875 0 0.6671875 0.0046875 0.6765625 0.0078125 0.6796875 0 0.6671875 0
2 0.2546875 0.021875 0.25625 0.034375 0.2671875 0.0328125 0.265625 0.0203125 0.2546875 0.021875
2 0.2578125 0.628125 0.2421875 0.6296875 0.240625 0.634375 0.2515625 0.640625 0.2671875 0.634375 0.2578125 0.628125
2 0.29375 0.6296875 0.296875 0.6421875 0.3171875 0.640625 0.3109375 0.6296875 0.29375 0.6296875
2 0.221875 0.5703125 0.2203125 0.5828125 0.2328125 0.5875 0.23125 0.571875 0.221875 0.5703125
2 0.090625 0.5421875 0.084375 0.55 0.1 0.55625 0.1046875 0.54375 0.090625 0.5421875
2 0.10625 0.5375 0.1046875 0.5453125 0.115625 0.5484375 0.115625 0.5359375 0.10625 0.5375
2 0.34375 0.8234375 0.33125 0.821875 0.325 0.8234375 0.325 0.83125 0.3390625 0.8359375 0.34375 0.8234375
2 0.246875 0.7609375 0.2484375 0.7734375 0.2734375 0.7703125 0.2703125 0.759375 0.246875 0.7609375
2 0.6546875 0.2375 0.65625 0.2484375 0.6734375 0.24375 0.66875 0.2359375 0.6546875 0.2375
2 0.6390625 0.346875 0.6234375 0.3484375 0.6203125 0.3515625 0.634375 0.3609375 0.6453125 0.35625 0.6390625 0.346875
2 0.721875 0.29375 0.721875 0.309375 0.728125 0.315625 0.7328125 0.3015625 0.721875 0.29375
2 0.14375 0.3515625 0.1421875 0.3609375 0.153125 0.3671875 0.15625 0.35625 0.14375 0.3515625
2 0.3546875 0.2265625 0.3484375 0.234375 0.3609375 0.2390625 0.365625 0.23125 0.3546875 0.2265625