2 0.60727934375 0.796312724609375 0.6086746181640625 0.79211925 0.60651354296875 0.789601462890625 0.6030048330078125 0.7885478798828125 0.5902279248046876 0.7878294697265625 0.5871294775390625 0.7885192490234375 0.585274794921875 0.7936954814453125 0.58695634375 0.79843805078125 0.590898529296875 0.7999945888671876 0.5984100166015625 0.79913336328125 0.60727934375 0.796312724609375
2 0.9162350634765625 0.70521274609375 0.914998408203125 0.700229466796875 0.9088967373046875 0.696153607421875 0.9058183515625 0.6956044853515625 0.896976546875 0.6969378779296875 0.8956100068359375 0.6993956533203125 0.9012424130859376 0.7051979609375 0.9122322861328125 0.7071275546875 0.9162350634765625 0.70521274609375
2 0.8727217841796875 0.8485720439453125 0.872752080078125 0.84683637109375 0.87147645703125 0.844085564453125 0.866212625 0.84250439453125 0.8591243798828125 0.844365345703125 0.856855099609375 0.8480466142578125 0.8629697509765625 0.8513788369140625 0.866937896484375 0.8514481015625 0.8727217841796875 0.8485720439453125
2 0.4789066298828125 0.8999896650390625 0.478164015625 0.892039556640625 0.475558046875 0.8897624794921875 0.4715985732421875 0.889196416015625 0.4649508857421875 0.8910650576171875 0.46004103125 0.8944517587890625 0.459941470703125 0.900155578125 0.46429391796875 0.903455478515625 0.4713431953125 0.903827 0.4770995322265625 0.90243975 0.4789066298828125 0.8999896650390625
2 0.52439547265625 0.79511289453125 0.524525302734375 0.78767496484375 0.52038929296875 0.771975390625 0.5168963369140624 0.7699297431640625 0.512038431640625 0.7703403359375 0.509847060546875 0.76955822265625 0.5050670634765625 0.7655054326171875 0.5024134814453125 0.7659560654296875 0.5014371416015625 0.7713961044921875 0.5040128134765625 0.7754088544921875 0.4928568623046875 0.7829043603515625 0.489702130859375 0.7868186484375 0.49143129296875 0.7888335087890626 0.497550306640625 0.79191576953125 0.511143375 0.7963708671875 0.5208202724609375 0.797779029296875 0.52439547265625 0.79511289453125
2 0.303258837890625 0.8572364267578125 0.3037989560546875 0.851540298828125 0.301629236328125 0.8495177490234375 0.2972264306640625 0.849192421875 0.2950090986328125 0.84989758203125 0.292748462890625 0.85308361328125 0.2953197998046875 0.857344763671875 0.3005749873046875 0.859421169921875 0.303258837890625 0.8572364267578125
2 0.06090341015625 0.69499609375 0.0618553525390625 0.69104335546875 0.0614392197265625 0.689546802734375 0.0574942607421875 0.6882386923828125 0.051727689453125 0.6901227138671875 0.0503497587890625 0.69332258984375 0.0533876142578125 0.69610415625 0.0577963173828125 0.696181111328125 0.06090341015625 0.69499609375
2 0.136401154296875 0.5383023466796875 0.1342184267578125 0.5370249951171875 0.126715611328125 0.5373894208984376 0.124934501953125 0.5383506708984375 0.1239841220703125 0.5423034365234375 0.126149533203125 0.5445728232421875 0.13145233203125 0.5439215205078125 0.1350102158203125 0.542247421875 0.136401154296875 0.5383023466796875
2 0.0880720693359375 0.5533346142578125 0.08720670703125 0.5523271708984375 0.0828211904296875 0.5510113701171875 0.07793576171875 0.552909208984375 0.0791853974609375 0.5571488515625 0.0835941015625 0.5572258056640625 0.08581576953125 0.55627224609375 0.0880720693359375 0.5533346142578125
2 0.5768774248046875 0.4916685517578125 0.574356501953125 0.484429703125 0.570428859375 0.482129556640625 0.55851733984375 0.4824170283203125 0.551878296875 0.4837904326171875 0.549172794921875 0.487215611328125 0.553018193359375 0.494227541015625 0.55916039453125 0.496070955078125 0.57241246484375 0.494814544921875 0.5768774248046875 0.4916685517578125
2 0.61446819921875 0.5612836416015625 0.614969376953125 0.5578184228515625 0.6114649765625 0.5565180029296874 0.6030708115234376 0.5573638203125 0.602094470703125 0.562803859375 0.61268278125 0.562491728515625 0.61446819921875 0.5612836416015625
2 0.72089231640625 0.502367962890625 0.7209183037109375 0.500879126953125 0.71343555078125 0.50000465234375 0.7107646806640625 0.5014457587890625 0.7111764775390625 0.5031907109375 0.712921419921875 0.5042119453125 0.7168938740234375 0.5040343720703125 0.72089231640625 0.502367962890625
2 0.4419010458984375 0.417871962890625 0.4402064892578125 0.413874591796875 0.4371556533203125 0.411836662109375 0.429639857421875 0.412944724609375 0.4238083583984375 0.4185484921875 0.4255028876953125 0.4225474248046875 0.4290289130859375 0.4226089716796875 0.443651859375 0.41864638671875 0.4419010458984375 0.417871962890625
2 0.47281235546875 0.415434505859375 0.4733481376953125 0.4099867763671875 0.47160596875 0.408717115234375 0.4676437216796875 0.408399478515625 0.4539380849609375 0.4103933984375 0.4512801953125 0.4110908681640625 0.4516515166015625 0.4150651416015625 0.4577791474609375 0.4176537275390625 0.4683560126953125 0.4180868232421875 0.47281235546875 0.415434505859375
2 0.52896856640625 0.432042095703125 0.5281161845703125 0.430291015625 0.5228869580078125 0.4267273349609375 0.5193522607421875 0.427162587890625 0.5166381142578125 0.43108300390625 0.5183267451171875 0.43533030859375 0.52672524609375 0.4342360908203125 0.52896856640625 0.432042095703125
2 0.667467927734375 0.43024334375 0.668039904296875 0.4228115693359375 0.649545599609375 0.4212494990234375 0.6446833583984375 0.4219084912109375 0.6384372880859375 0.4260157333984375 0.6370463505859375 0.42996080859375 0.638307431640625 0.433455224609375 0.647530763671875 0.435600896484375 0.66032342578125 0.4353272421875 0.667467927734375 0.43024334375
0 0 0.837348255859375 0.0001887919921875 0.838550529296875 0.0041467041015625 0.8391165654296875 0.0155008154296875 0.845515697265625 0.043110220703125 0.855424056640625 0.068048755859375 0.8667735224609375 0.0843300380859375 0.8687939150390624 0.0905312685546875 0.8671659560546875 0.101077837890625 0.869334724609375 0.10499680859375 0.8721316708984375 0.1128811787109375 0.87524474609375 0.1685736171875 0.8930850556640625 0.1738520185546875 0.8939210537109376 0.1839997431640625 0.893602794921875 0.1928690986328125 0.8907805947265625 0.1994805908203125 0.890895998046875 0.213527224609375 0.8946135869140625 0.23596799609375 0.897486919921875 0.28000585546875 0.90098414453125 0.29593159765625 0.898036638671875 0.3192188798828125 0.902907861328125 0.3407915419921875 0.9050206162109375 0.346094341796875 0.9043693134765625 0.3549015146484375 0.905019994140625 0.359778326171875 0.9036158291015625 0.3611346318359375 0.901654826171875 0.3699650185546875 0.9010650986328125 0.3884246640625 0.9046128037109376 0.4205797392578125 0.9066617998046875 0.4311219716796875 0.9090789677734376 0.4398831220703125 0.912455822265625 0.463212119140625 0.914847708984375 0.472912203125 0.9150170244140625 0.4839583603515625 0.913722109375 0.48842768359375 0.9103261552734375 0.4902650498046875 0.906141958984375 0.497785181640625 0.9047854970703125 0.53388675 0.9081441923828125 0.544472287109375 0.90808048828125 0.5497361455078125 0.909660095703125 0.5541621650390625 0.908745013671875 0.55765789453125 0.910542234375 0.5611984619140625 0.909860171875 0.56910289453125 0.911734345703125 0.701396029296875 0.8929590703125 0.70612569921875 0.8935385771484375 0.7105473828125 0.89287189453125 0.7136155341796875 0.8939177880859375 0.72198807421875 0.89431084375 0.7259692001953125 0.8936364716796875 0.729123931640625 0.8897221826171875 0.735780263671875 0.8873583046875 0.7385420498046875 0.8807086162109375 0.740776697265625 0.8790114208984375 0.7508941259765625 0.8804288349609375 0.7535000947265625 0.882705912109375 0.7557130908203125 0.88224915234375 0.78034092578125 0.8861514365234375 0.7948670576171875 0.8876458046875 0.8195582578125 0.88782831640625 0.8235523642578125 0.886410306640625 0.827520509765625 0.8864795712890625 0.8271362353515626 0.8832473720703125 0.82980710546875 0.881806265625 0.832132669921875 0.87490048828125 0.837884671875 0.873761638671875 0.8511151171875 0.8737441015625 0.8564265888671875 0.872596 0.8828945361328125 0.8720672236328125 0.898830484375 0.8686245078125 0.9019073076171875 0.8691736015625 0.909893984375 0.866335994140625 0.9218157373046875 0.86555175 0.923150390625 0.86483118359375 0.924655431640625 0.8544386796875 0.9282290693359375 0.8517725166015625 0.9339913046875 0.8501368955078125 0.9534013310546875 0.8497318349609375 0.9627112431640625 0.84691732421875 0.9728762841796875 0.845607029296875 0.977760177734375 0.8437076005859375 0.9808326650390625 0.8445050947265625 0.9883673388671875 0.8424050224609375 0.990649599609375 0.8379801171875 0.9905710888671875 0.8171411982421874 0.99252966796875 0.806012748046875 0.9954869580078125 0.6113425224609375 0.9943195390625 0.60239266015625 0.9962713408203125 0.5411580224609375 0.999417427734375 0.5377389716796875 0.9947542802734375 0.526991888671875 0.9944132822265624 0.5212803798828125 0.9927014375 0.5182734833984375 0.986148974609375 0.5146867060546875 0.9589470576171875 0.50677013671875 0.8761188134765625 0.4770466201171875 0.8735171806640625 0.4745211435546875 0.8625603505859375 0.47060901171875 0.84278767578125 0.4665429990234375 0.822989041015625 0.463964259765625 0.8173826220703125 0.4566731162109375 0.809085244140625 0.45206354296875 0.7963559482421875 0.448617423828125 0.7822747099609375 0.446882345703125 0.7528467890625 0.440167734375 0.7506814052734375 0.43789678515625 0.7458667763671875 0.435828068359375 0.6319930302734375 0.416229900390625 0.605080189453125 0.4169993857421875 0.535105802734375 0.4088331708984375 0.5315624609375 0.40976366015625 0.52230449609375 0.4096020615234375 0.5037539345703125 0.4112629375 0.49714087890625 0.411147505859375 0.48791323828125 0.4092486728515625 0.4601263359375 0.409509076171875 0.4426139775390625 0.4106911240234375 0.4257799169921875 0.4066764052734375 0.4248842587890625 0.407404634765625 0.2421132841796875 0.4190978720703125 0.231490369140625 0.421392513671875 0.2058558984375 0.42466594140625 0.1744158876953125 0.43205586328125 0.14391640234375 0.4362367099609375 0.1293021279296875 0.43970249609375 0.1239603876953125 0.442584708984375 0.1040232236328125 0.4479422607421875 0.095140888671875 0.4515080986328125 0.0743513427734375 0.4551145703125 0.0530346865234375 0.4636719716796875 0.0246773974609375 0.471362615234375 0.0162285107421875 0.47543296875 0.006918625 0.47824591796875 0.0037709755859375 0.48166494140625 0.0005568271484375 0.6153088896484376 0.000810310546875 0.6512812919921875 0.0023836552734375 0.6622229169921875 0.00051165625 0.668391185546875 0 0.692833697265625 0 0.837348255859375
0 1 0.236119232421875 0.987592916015625 0.230343599609375 0.9635045205078125 0.26742884765625 0.92554665234375 0.2933328369140625 0.8720479716796875 0.314277345703125 0.8436000224609375 0.3325336416015625 0.7942972802734375 0.3816806748046875 0.7702634228515625 0.4156413984375 0.77141664453125 0.4391025986328125 0.9406942373046875 0.49987865625 0.9998147705078125 0.5149752509765625 1 0.4851854736328125 1 0.236119232421875
0 0.0102141064453125 0 0.007146830078125 0.1757241376953125 0.0718813076171875 0.1377856318359375 0.1243358447265625 0.0871308740234375 0.1643740927734375 0.0315711767578125 0.1649251689453125 0 0.1188669013671875 0 0.116462087890625 0.0010428466796875 0.115657251953125 0 0.0102141064453125 0
2 0.0122699267578125 0.1508097529296875 0.007583140625 0.1507279453125 0.0073104462890625 0.1663505654296875 0.0122699267578125 0.1508097529296875
2 0.7654130205078125 0.4249331630859375 0.79813871484375 0.4301926064453125 0.8060318330078124 0.4256421669921875 0.8030981953125 0.4146517939453125 0.79070917578125 0.4081845908203125 0.7703179619140625 0.412516875 0.7654130205078125 0.4249331630859375
2 1 0.371206587890625 0.9945122431640625 0.3711107978515625 0.992813634765625 0.3788948388671875 1 0.381430486328125 1 0.371206587890625