2 0.73633125 0.4759421875 0.73941875 0.4791671875 0.7458109375 0.480159375 0.76455 0.486359375 0.7764546875 0.487103125 0.7857140625 0.484375 0.7954140625 0.474703125 0.7954140625 0.466765625 0.7870375 0.4508921875 0.7570546875 0.44766875 0.7477953125 0.4474203125 0.74426875 0.448909375 0.735890625 0.4665171875 0.73633125 0.4759421875
2 0.9091703125 0.4327875 0.8990296875 0.4352671875 0.896384375 0.439484375 0.9082890625 0.44146875 0.92019375 0.4399796875 0.9166671875 0.434771875 0.9091703125 0.4327875
2 0.7482359375 0.340278125 0.74118125 0.34300625 0.7297171875 0.35069375 0.7248671875 0.3576390625 0.7248671875 0.373015625 0.7336859375 0.377728125 0.7385359375 0.37896875 0.7597 0.37896875 0.778659375 0.376240625 0.7821875 0.3740078125 0.7888 0.3556546875 0.7888 0.349703125 0.783509375 0.344990625 0.7764546875 0.3447421875 0.75485 0.3405265625 0.7482359375 0.340278125
2 0.5648140625 0.3732640625 0.555996875 0.372271875 0.5445328125 0.373015625 0.5304234375 0.37574375 0.518078125 0.380953125 0.5154328125 0.384425 0.51366875 0.392609375 0.5308640625 0.4077375 0.5445328125 0.4107140625 0.55731875 0.4114578125 0.5634921875 0.4084828125 0.5683421875 0.397321875 0.57495625 0.39136875 0.5758375 0.388640625 0.569665625 0.3854171875 0.5661375 0.380953125 0.5648140625 0.3732640625
2 0.429453125 0.396578125 0.430334375 0.40079375 0.4369484375 0.4072421875 0.4373890625 0.41641875 0.44444375 0.426090625 0.458553125 0.430803125 0.4735453125 0.4325390625 0.486771875 0.4317953125 0.491621875 0.4275796875 0.4929453125 0.4233625 0.49118125 0.419890625 0.476190625 0.4060015625 0.462521875 0.4015375 0.4435625 0.3978171875 0.429453125 0.396578125
2 0.0410046875 0.0912703125 0.038359375 0.0954859375 0.0396828125 0.0982140625 0.0533515625 0.1088796875 0.0758375 0.11483125 0.080246875 0.1143359375 0.0828921875 0.1125984375 0.083775 0.1036703125 0.0820109375 0.0962296875 0.0780421875 0.0912703125 0.0683421875 0.0892859375 0.0546734375 0.0885421875 0.046296875 0.089534375 0.0410046875 0.0912703125
2 0.1913578125 0.1383921875 0.1917984375 0.1423609375 0.197090625 0.146578125 0.2054671875 0.148809375 0.2094359375 0.148809375 0.2156078125 0.146578125 0.2191359375 0.1388890625 0.2200171875 0.134425 0.2182546875 0.13194375 0.2103171875 0.126984375 0.2054671875 0.126240625 0.201940625 0.126984375 0.1966484375 0.1307046875 0.1913578125 0.1383921875
2 0.184303125 0.162203125 0.1838625 0.1666671875 0.1860671875 0.1688984375 0.1904765625 0.169146875 0.1953265625 0.1671625 0.1957671875 0.165675 0.19268125 0.1619546875 0.1860671875 0.1612109375 0.184303125 0.162203125
2 0.27821875 0.2348703125 0.27425 0.233134375 0.268078125 0.233134375 0.2658734375 0.240328125 0.2702828125 0.2447921875 0.2795421875 0.2477671875 0.283509375 0.2475203125 0.2861546875 0.2452875 0.283509375 0.2400796875 0.27821875 0.2348703125
2 0.2486765625 0.2306546875 0.24603125 0.232390625 0.24603125 0.236359375 0.2517640625 0.23834375 0.25485 0.2375984375 0.2561734375 0.2368546875 0.2561734375 0.232390625 0.2526453125 0.2306546875 0.2486765625 0.2306546875
2 0.03306875 0.16493125 0.0388 0.1626984375 0.037478125 0.160465625 0.033509375 0.1587296875 0.0295421875 0.1592265625 0.0273375 0.1619546875 0.0299828125 0.1641859375 0.03306875 0.16493125
0 0.2191359375 0.0015625 0.004409375 0.0015625 0.0030859375 0.1845234375 0.0015625 0.18824375 0.0015625 0.1984125 0.0030859375 0.202034375 0.0026453125 0.2306546875 0.0015625 0.2311515625 0.0015625 0.240575 0.0026453125 0.241071875 0.0026453125 0.2453875 0.0015625 0.248759375 0.0015625 0.3127484375 0.0026453125 0.31493125 0.0022046875 0.3224203125 0.0015625 0.32266875 0.0015625 0.361359375 0.0127859375 0.3665671875 0.0176359375 0.3670640625 0.02821875 0.370784375 0.03395 0.370784375 0.0449734375 0.37425625 0.0674609375 0.3772328125 0.0780421875 0.3752484375 0.083775 0.3752484375 0.0921515625 0.3779765625 0.1053796875 0.3782234375 0.107584375 0.377728125 0.108465625 0.37425625 0.1203703125 0.36805625 0.122134375 0.3692953125 0.13139375 0.3712796875 0.142415625 0.376240625 0.1494703125 0.3829359375 0.1622578125 0.38988125 0.1865078125 0.3861609375 0.2059078125 0.3859125 0.23633125 0.3725203125 0.24603125 0.3618546875 0.25 0.3598703125 0.273809375 0.33209375 0.2857140625 0.3110125 0.293209375 0.2817453125 0.296296875 0.2760421875 0.2958546875 0.264384375 0.2985015625 0.25694375 0.297178125 0.1986609375 0.291446875 0.188740625 0.2888 0.1713796875 0.26851875 0.119990625 0.26851875 0.1044140625 0.2597 0.097965625 0.2561734375 0.08829375 0.25396875 0.0749015625 0.2473546875 0.06795625 0.2389765625 0.0500984375 0.2283953125 0.0396828125 0.22575 0.024553125 0.2226625 0.022321875 0.226190625 0.0171125 0.2191359375 0.0131453125 0.21605 0.0057046875 0.2186953125 0.004215625 0.2191359375 0.0015625
2 0.1587296875 0.726190625 0.1684296875 0.724703125 0.1768078125 0.7209828125 0.1772484375 0.7162703125 0.169753125 0.701140625 0.145503125 0.7013890625 0.1353609375 0.704365625 0.1296296875 0.7088296875 0.130953125 0.715278125 0.1344796875 0.7189984375 0.1428578125 0.72420625 0.1587296875 0.726190625
2 0.055996875 0.6143359375 0.0485015625 0.6118546875 0.03791875 0.6108625 0.0255734375 0.6150796875 0.0224875 0.623015625 0.0264546875 0.6254953125 0.0370375 0.62574375 0.057759375 0.6212796875 0.060846875 0.6188 0.055996875 0.6143359375
2 0.235890625 0.578125 0.2244265625 0.5776296875 0.2209 0.578125 0.217371875 0.5803578125 0.2191359375 0.584078125 0.226190625 0.58680625 0.231921875 0.5865578125 0.2376546875 0.58358125 0.2403 0.580109375 0.235890625 0.578125
2 0.018078125 0.5791171875 0.0127859375 0.5796125 0.0110234375 0.584078125 0.014109375 0.585565625 0.0202828125 0.5845734375 0.0211640625 0.580109375 0.018078125 0.5791171875
0 0.160934375 0.466765625 0.1402109375 0.4796625 0.135803125 0.480903125 0.126984375 0.480903125 0.12345625 0.4794140625 0.119046875 0.4794140625 0.1097890625 0.47495 0.107584375 0.4635421875 0.103615625 0.459325 0.0956796875 0.466765625 0.0925921875 0.482390625 0.081128125 0.4915671875 0.0771609375 0.49925625 0.0687828125 0.5024796875 0.0639328125 0.501984375 0.060846875 0.49454375 0.0551140625 0.4868546875 0.048059375 0.481646875 0.0449734375 0.472965625 0.0299828125 0.477678125 0.0224875 0.4828875 0.0171953125 0.493303125 0.014109375 0.4942953125 0.01058125 0.5017359375 0.0074953125 0.50396875 0.0030859375 0.5131453125 0.0026453125 0.5267859375 0.0015625 0.52728125 0.0015625 0.57886875 0.0026453125 0.579365625 0.0026453125 0.5818453125 0.0015625 0.582340625 0.0015625 0.608134375 0.0035265625 0.6130953125 0.0035265625 0.6584828125 0.00485 0.66245 0.0114640625 0.665675 0.0167546875 0.6741078125 0.022928125 0.6770828125 0.036596875 0.689484375 0.0630515625 0.70709375 0.0758375 0.7123015625 0.0828921875 0.7172625 0.0881828125 0.7189984375 0.0965609375 0.719990625 0.112434375 0.73040625 0.119046875 0.7326390625 0.12654375 0.7311515625 0.1287484375 0.731646875 0.1349203125 0.736359375 0.150353125 0.7420640625 0.1587296875 0.7428078125 0.16534375 0.7408234375 0.1772484375 0.7442953125 0.1860671875 0.7435515625 0.2244265625 0.752728125 0.2425046875 0.75545625 0.2522046875 0.7591765625 0.264109375 0.759425 0.2676359375 0.7579359375 0.2711640625 0.754215625 0.2795421875 0.7529765625 0.28791875 0.7467765625 0.2949734375 0.745784375 0.3002640625 0.7390875 0.302909375 0.7375984375 0.3099640625 0.736359375 0.3161375 0.7291671875 0.3231921875 0.7264390625 0.325396875 0.722221875 0.3368609375 0.7108140625 0.3381828125 0.7048609375 0.3456796875 0.7028765625 0.347884375 0.701140625 0.3509703125 0.6912203125 0.3558203125 0.6860125 0.3549375 0.677828125 0.359346875 0.6713796875 0.357584375 0.658234375 0.3522921875 0.634671875 0.34435625 0.615575 0.3112875 0.5696921875 0.3064375 0.565971875 0.302909375 0.558284375 0.2949734375 0.548115625 0.2918875 0.5466265625 0.2795421875 0.529265625 0.2570546875 0.5062 0.21605 0.4712296875 0.19444375 0.45858125 0.1856265625 0.4548609375 0.1812171875 0.4541171875 0.1741625 0.4563484375 0.1710765625 0.46006875 0.164903125 0.46255 0.160934375 0.466765625
0 0.7671953125 0.311259375 0.7535265625 0.309028125 0.7380953125 0.3087796875 0.683421875 0.2973703125 0.6296296875 0.294890625 0.56040625 0.2943953125 0.5440921875 0.2931546875 0.462521875 0.2971234375 0.4290125 0.3000984375 0.4087296875 0.3040671875 0.3888890625 0.310515625 0.3747796875 0.3125 0.3465609375 0.3189484375 0.3236328125 0.3266375 0.3143734375 0.32738125 0.2795421875 0.33829375 0.2755734375 0.33978125 0.2720453125 0.3447421875 0.2597 0.351190625 0.2570546875 0.356646875 0.2522046875 0.3603671875 0.2513234375 0.36954375 0.255290625 0.3732640625 0.258378125 0.3901296875 0.2667546875 0.4052578125 0.2989421875 0.436259375 0.3042328125 0.438740625 0.32186875 0.4516375 0.3853609375 0.490575 0.4365078125 0.5141375 0.44444375 0.5166171875 0.451940625 0.521825 0.458553125 0.5233140625 0.4629625 0.5260421875 0.4709 0.528521875 0.4806 0.530009375 0.4938265625 0.5342265625 0.5017640625 0.537946875 0.5648140625 0.553075 0.583775 0.5548109375 0.6146390625 0.5620046875 0.6353609375 0.5620046875 0.66534375 0.5657234375 0.6772484375 0.5647328125 0.6873890625 0.5662203125 0.6984125 0.5642359375 0.7050265625 0.5669640625 0.7107578125 0.565228125 0.7275125 0.56646875 0.745590625 0.56944375 0.749559375 0.569196875 0.7526453125 0.5672125 0.760140625 0.566715625 0.7671953125 0.5687 0.7821875 0.569940625 0.7989421875 0.56944375 0.8064375 0.5669640625 0.8231921875 0.5687 0.8470015625 0.568453125 0.853175 0.5649796875 0.863403125 0.5625 0.8884484375 0.56175625 0.9466484375 0.548859375 0.967371875 0.5466265625 0.97178125 0.544890625 0.977071875 0.540675 0.994709375 0.537203125 0.9973546875 0.527778125 0.9973546875 0.3596234375 0.99426875 0.353175 0.98633125 0.351934375 0.9783953125 0.3469734375 0.9709 0.344990625 0.9629625 0.3432546875 0.953703125 0.3427578125 0.9457671875 0.3380453125 0.93959375 0.3360609375 0.9259265625 0.3345734375 0.896825 0.334078125 0.887565625 0.331596875 0.8844796875 0.329365625 0.877865625 0.32738125 0.8306875 0.320684375 0.8064375 0.31944375 0.798059375 0.3177078125 0.7910046875 0.314484375 0.7795421875 0.3115078125 0.7671953125 0.311259375
2 0.099646875 0.296875 0.09435625 0.2991078125 0.094796875 0.3045640625 0.099646875 0.308284375 0.102734375 0.305059375 0.102734375 0.2991078125 0.099646875 0.296875
2 0.1115515625 0.1356640625 0.1111109375 0.1326890625 0.10890625 0.1314484375 0.103615625 0.1299609375 0.09920625 0.131696875 0.097884375 0.138640625 0.099646875 0.1428578125 0.1022921875 0.14459375 0.10405625 0.144840625 0.1062609375 0.143353125 0.1115515625 0.1356640625
2 0.1115515625 0.0493546875 0.108025 0.05233125 0.10890625 0.055803125 0.1155203125 0.056546875 0.11860625 0.0545640625 0.119046875 0.0491078125 0.1115515625 0.0493546875
0 0.375 0.0015625 0.440625 0.0296875 0.5109375 0.04375 0.575 0.0421875 0.60625 0.03125 0.6453125 0.00625 0.65 0.0015625 0.375 0.0015625
2 0.6046875 0.03125 0.6125 0.0265625 0.609375 0.01875 0.5984375 0.021875 0.6046875 0.03125
2 0.440625 0.0125 0.446875 0.0015625 0.4265625 0.0015625 0.4296875 0.0109375 0.440625 0.0125