2 0.6060928271484375 0.43067421484375 0.6029279736328125 0.4296534345703125 0.5894654951171875 0.4330805654296875 0.5762279794921875 0.43972483984375 0.5681919296875 0.4512259228515625 0.5668403720703125 0.463503234375 0.569929060546875 0.4697514365234375 0.575838212890625 0.4720730146484375 0.58661854296875 0.4745504892578125 0.5971236943359375 0.47307033203125 0.6096708515625 0.4692091181640625 0.616113158203125 0.4665219296875 0.616871060546875 0.464727189453125 0.6211140498046875 0.4621937919921875 0.622915427734375 0.4563492099609375 0.6206452509765625 0.442834021484375 0.6060928271484375 0.43067421484375
2 0.4746467080078125 0.4724357861328125 0.4680124482421875 0.459722287109375 0.4637765205078125 0.45604005078125 0.44894361328125 0.4588190107421875 0.42690176953125 0.4722940849609375 0.424643509765625 0.4779215712890625 0.4258685615234375 0.482807392578125 0.43056137109375 0.486706724609375 0.4414298017578125 0.490421693359375 0.458420521484375 0.49321202734375 0.4665446533203125 0.495626197265625 0.4768926025390625 0.491920333984375 0.47895349609375 0.489787001953125 0.4782787119140625 0.4801371279296875 0.4753976572265625 0.47685823828125 0.4746467080078125 0.4724357861328125
2 0.509285494140625 0.4874169375 0.5093823037109375 0.495118005859375 0.5251753525390624 0.4997307001953125 0.5380166865234375 0.5000764013671875 0.5410777763671875 0.4996133046875 0.544036662109375 0.49766622265625 0.547139474609375 0.4914831572265625 0.5461981123046875 0.4843376669921875 0.5371138388671876 0.4745318427734375 0.5266691884765625 0.4705381962890625 0.52223589453125 0.4703501142578125 0.5161655947265625 0.4720182451171875 0.509285494140625 0.4874169375
2 0.294403015625 0.5558966318359375 0.2971386943359375 0.5634131728515624 0.30188327734375 0.568052884765625 0.314829931640625 0.569882353515625 0.324540962890625 0.5697013798828126 0.33020626171875 0.568558091796875 0.3392111640625 0.57091223828125 0.3506056884765625 0.5758340732421875 0.3619365029296875 0.57355061328125 0.3660928427734375 0.5697780546875 0.370173126953125 0.5712344755859375 0.3703461005859375 0.573708123046875 0.3739332841796875 0.5744518935546875 0.3809189052734375 0.5732178447265625 0.38069394140625 0.5700007001953125 0.392820435546875 0.5664179462890625 0.400771701171875 0.5663600283203125 0.4049037578125 0.5685568291015625 0.408843951171875 0.568032259765625 0.4131733740234375 0.5667349072265625 0.4172606103515625 0.56197413671875 0.41806179296875 0.554459318359375 0.4200534755859375 0.55133621484375 0.4192836376953125 0.5466660400390625 0.4113222119140625 0.54026205078125 0.4067764443359375 0.532126517578125 0.3986679755859375 0.52995873046875 0.371813896484375 0.5378042119140625 0.3647677734375 0.544512064453125 0.360491791015625 0.5465512470703126 0.355636275390625 0.5466417333984375 0.347597017578125 0.545463716796875 0.3452939375 0.5441336318359375 0.3391024365234375 0.5440684951171875 0.3204455546875 0.5364231845703125 0.313882263671875 0.5373802236328125 0.3087082900390625 0.5392331552734375 0.2950414921875 0.5523716328125 0.294403015625 0.5558966318359375
2 0.255034771484375 0.56809754296875 0.2415738505859375 0.571524564453125 0.236571400390625 0.5758528115234375 0.23715953515625 0.5842635234375 0.2459151904296875 0.5893698857421875 0.253952888671875 0.59054801171875 0.274169072265625 0.588886880859375 0.2848542607421875 0.583664736328125 0.2894674814453125 0.5801092734375 0.2881716591796875 0.5742337900390625 0.278426076171875 0.5739206572265625 0.268524740234375 0.5713801513671874 0.2603140673828125 0.5677283779296876 0.255034771484375 0.56809754296875
2 0.5078436494140625 0.5173529384765625 0.5157255947265625 0.5163036904296875 0.5199685849609375 0.51377029296875 0.5198128310546875 0.511542919921875 0.5073315693359375 0.50371324609375 0.5024588330078125 0.503557458984375 0.4985862919921875 0.5050719072265625 0.49588848046875 0.510730130859375 0.4974508798828125 0.51410123046875 0.500210841796875 0.5156484111328125 0.5078436494140625 0.5173529384765625
2 0.36529818359375 0.6026526298828125 0.3720935009765625 0.5986971025390625 0.374472853515625 0.5948013251953125 0.373652693359375 0.5893891025390625 0.3657777001953125 0.584221158203125 0.3627927734375 0.5794568330078125 0.3497628935546875 0.5890704189453125 0.3448311044921875 0.5943867685546875 0.3448918046875 0.6015938408203125 0.348989201171875 0.6032949775390625 0.36529818359375 0.6026526298828125
2 0.7305971435546875 0.3528512216796875 0.7261811787109375 0.3529109716796875 0.722042060546875 0.3569298046875 0.72363912109375 0.360796568359375 0.7277004072265625 0.3620037080078125 0.7316594892578125 0.3617268623046875 0.7350925869140625 0.3602447080078125 0.7347465302734375 0.35529585546875 0.7305971435546875 0.3528512216796875
2 0.2464730625 0.41405391015625 0.24919836328125 0.4151054267578125 0.2615843740234375 0.4152339228515625 0.2671286884765625 0.4123604833984375 0.268732701171875 0.4100100556640625 0.2670318779296875 0.4046594150390625 0.2642892470703125 0.40336006640625 0.2603128349609375 0.403389080078125 0.2516382177734375 0.4057358447265625 0.24867933203125 0.4076829267578125 0.2466357685546875 0.4100640908203125 0.2464730625 0.41405391015625
2 0.2076725380859375 0.5418232998046875 0.2137098447265625 0.5396609541015625 0.2157880693359375 0.5377754541015625 0.2159334443359375 0.533537802734375 0.2126993798828125 0.531527251953125 0.1943537861328125 0.5283335712890626 0.18606528125 0.5299077705078125 0.18012634375 0.539771076171875 0.1843433837890625 0.5432055888671875 0.1954783916015625 0.544416173828125 0.2076725380859375 0.5418232998046875
2 0.21622220703125 0.5566395595703125 0.2193713984375 0.55741395703125 0.22419225390625 0.5568278056640625 0.227942142578125 0.5535817568359375 0.227156642578125 0.54866519921875 0.2162292685546875 0.55042392578125 0.213746044921875 0.5528342685546875 0.21622220703125 0.5566395595703125
2 0.1119951142578125 0.5957522255859375 0.1017802841796875 0.62033403125 0.1058776806640625 0.6220351669921875 0.128360833984375 0.6212101240234374 0.137088890625 0.619605189453125 0.1500426064453125 0.6152190244140625 0.1606223642578125 0.6085115537109375 0.16036284765625 0.6048003037109375 0.1569557001953125 0.600314546875 0.1450005322265625 0.5936917392578125 0.1288716943359375 0.590593658203125 0.1204808759765625 0.5906823134765625 0.1119951142578125 0.5957522255859375
2 0.1646749404296875 0.6032551181640625 0.16743490234375 0.604802298828125 0.1718855263671875 0.6052382138671875 0.1810358046875 0.603354708984375 0.1811812890625 0.5991186171875 0.179404193359375 0.59899383984375 0.167563056640625 0.6003183740234375 0.1646749404296875 0.6032551181640625
2 0.421598205078125 0.5987157490234375 0.42874973828125 0.6061709814453125 0.4359948759765625 0.60864818359375 0.445359849609375 0.603518357421875 0.4535343232421875 0.5939968154296875 0.4538007919921875 0.591490873046875 0.4508851865234375 0.5877178779296875 0.4454846884765625 0.5863537744140624 0.43932784765625 0.586784302734375 0.4310740029296875 0.588854166015625 0.4225015908203125 0.5926849169921875 0.421598205078125 0.5987157490234375
2 0.401117650390625 0.571307322265625 0.3931837138671875 0.5716130732421875 0.3901729462890625 0.572818216796875 0.389553359375 0.576590939453125 0.394159626953125 0.5792526689453125 0.3981705908203125 0.57971776171875 0.40281847265625 0.576657962890625 0.4040506943359375 0.5753297099609375 0.401117650390625 0.571307322265625
0 0.4004270654296875 0.3212432265625 0.3806277099609375 0.3288428720703125 0.3733567314453125 0.3323351396484375 0.3708908369140625 0.334993314453125 0.350141607421875 0.341664771484375 0.346409048828125 0.34515865234375 0.3420449658203125 0.3459603408203125 0.33521509765625 0.3494217626953125 0.327314263671875 0.350223287109375 0.3248138173828125 0.35238735546875 0.311827 0.3562777470703125 0.2822388896484375 0.369285896484375 0.27894432421875 0.372749150390625 0.2663625068359375 0.37611469921875 0.2455889951171875 0.3887555166015625 0.2271429541015625 0.3967586171875 0.2072485458984375 0.4093379609375 0.198253912109375 0.4134472802734375 0.1815243564453125 0.427047404296875 0.176315830078125 0.4284062294921875 0.171702609375 0.431961693359375 0.1682365185546875 0.4329496318359375 0.1298977177734375 0.46621128515625 0.126019673828125 0.4739412587890625 0.10930744921875 0.48778921484375 0.1072637763671875 0.4901688212890625 0.10713573046875 0.4946543046875 0.100392294921875 0.4993517705078125 0.095495166015625 0.5051637841796875 0.0950297734375 0.511163990234375 0.086908740234375 0.5214273603515625 0.086460568359375 0.52767383984375 0.083167560546875 0.531136984375 0.0754602373046875 0.547339087890625 0.0780055029296875 0.5521325908203125 0.0747801484375 0.5565856142578125 0.07557591796875 0.567965638671875 0.0790987646484375 0.5804001865234375 0.07684215234375 0.5987068818359375 0.0823723447265625 0.6082647099609375 0.0852291162109375 0.6175129599609375 0.086249849609375 0.6321101279296875 0.0817749423828125 0.6376435732421875 0.0783780634765625 0.6396212822265624 0.072797638671875 0.642000724609375 0.0657429150390625 0.642246560546875 0.0686585205078125 0.646019556640625 0.0586636904296875 0.6484586396484375 0.0561632451171875 0.650622708984375 0.055102546875 0.65442627734375 0.0705324267578125 0.6538454033203125 0.0783970419921875 0.6525483232421875 0.081389029296875 0.6510970146484375 0.090625849609375 0.65045111328125 0.1012866455078125 0.6511967705078126 0.104752736328125 0.65020883203125 0.125865244140625 0.6487325009765625 0.1356800380859375 0.650035404296875 0.146676623046875 0.6492664482421875 0.1631136513671875 0.6441386181640625 0.1667197236328125 0.645130111328125 0.168159470703125 0.646769611328125 0.175283515625 0.647515103515625 0.2086436103515625 0.644187728515625 0.3240987568359375 0.6455607666015625 0.3385787626953125 0.6440517041015625 0.3479193447265625 0.6448896796875 0.3653530478515625 0.6382010224609375 0.369919576171875 0.6371361337890625 0.3748096435546875 0.6375397529296875 0.3908591103515625 0.63318615625 0.4018383642578125 0.6321693671875 0.4169379580078125 0.62688758203125 0.420931591796875 0.627104841796875 0.4229924853515625 0.624971509765625 0.428623341796875 0.623335673828125 0.4358408798828125 0.6191015771484375 0.520396771484375 0.5831046318359375 0.53053864453125 0.57642934765625 0.5346604326171875 0.5721626826171875 0.5497600263671875 0.5668808974609375 0.5525789306640625 0.5629543828125 0.5625996015625 0.5545458310546875 0.5721202197265625 0.5516418193359375 0.5785278662109375 0.548458966796875 0.59155785546875 0.5388469384765625 0.59309109765625 0.5355068486328125 0.601999298828125 0.5301614853515625 0.6080435576171875 0.521781947265625 0.610630544921875 0.5208554814453125 0.6124595224609375 0.521722197265625 0.615081060546875 0.5212898369140625 0.619150966796875 0.516281234375 0.64715934765625 0.4996541533203125 0.652445705078125 0.4930693544921875 0.6596113623046875 0.4880933203125 0.6627832763671875 0.482898466796875 0.6682253876953125 0.4785410419921875 0.6882722333984375 0.4555084140625 0.690841890625 0.454334115234375 0.7297657275390625 0.4168056328125 0.734870490234375 0.4139629306640625 0.7435709482421875 0.405646697265625 0.749520154296875 0.402246857421875 0.751425404296875 0.3978877099609375 0.7626090859375 0.3871611337890625 0.7775597890625 0.36075546484375 0.7867107138671875 0.32729812890625 0.78689926171875 0.3173388408203125 0.7817811318359374 0.301040537109375 0.7754669794921875 0.29924380078125 0.7726204755859375 0.2964590166015625 0.714091890625 0.281159181640625 0.68457134375 0.2824778935546875 0.620308337890625 0.28001089453125 0.58864730859375 0.2760081435546875 0.55912676171875 0.27732685546875 0.541653318359375 0.2802888935546875 0.4630968662109375 0.300948728515625 0.4618646435546875 0.302276982421875 0.43323191015625 0.3099977958984375 0.4306622529296875 0.31117209375 0.430766125 0.312657529296875 0.4189423173828125 0.314229896484375 0.414785869140625 0.318000896484375 0.4004270654296875 0.3212432265625
2 0.5521139765625 0.107511755859375 0.5452494482421875 0.110477513671875 0.54545708203125 0.1134468251953125 0.5473363818359375 0.115055587890625 0.5513127939453125 0.11502657421875 0.5569451005859375 0.1133890712890625 0.5598505458984375 0.1107001591796875 0.556986712890625 0.10766754296875 0.5521139765625 0.107511755859375
2 0.7702129716796875 0.20513574609375 0.7717925927734375 0.208753119140625 0.7762935400390625 0.2099310810546875 0.7802526220703125 0.2096542353515625 0.7794497919921874 0.2044898447265625 0.774912734375 0.20281788671875 0.7718861962890625 0.2037750888671875 0.7702129716796875 0.20513574609375
0 0.7315688525390625 0.0064536943359375 0.7070130869140625 0.002950271484375 0.694189083984375 0.00285240234375 0.68344174609375 0.000869142578125 0.65392119921875 0.0021878544921875 0.6365428095703125 0.0001701953125 0.6281505419921875 0.000260517578125 0.565304451171875 0.0054007099609375 0.5482547880859375 0.0080840712890625 0.5244342001953125 0.008755158203125 0.5179054609375 0.010206302734375 0.5147751591796875 0.00967962890625 0.4973190458984375 0.0128895 0.467884931640625 0.015444255859375 0.4538883740234375 0.019655865234375 0.441278541015625 0.020537630859375 0.43650956640625 0.0218657197265625 0.4332164501953125 0.0253273056640625 0.42190140625 0.0278587080078125 0.418520298828125 0.0300843583984375 0.4133117734375 0.0314431845703125 0.4104409873046875 0.034627759765625 0.391579677734375 0.0366922373046875 0.3641806162109375 0.0430831298828125 0.36073185546875 0.0443189013671875 0.356980408203125 0.04756505859375 0.3492194462890625 0.0503444560546875 0.350849607421875 0.054706994140625 0.349617384765625 0.056035248046875 0.3460806328125 0.056035083984375 0.345357173828125 0.05832237109375 0.346108123046875 0.0627448232421875 0.34832476953125 0.0628388642578125 0.352645572265625 0.06775725390625 0.3520362529296875 0.0779934423828125 0.3479317958984375 0.082507939453125 0.3472602177734375 0.0855371650390625 0.3492779404296875 0.0891254697265625 0.3476323154296875 0.09719742578125 0.3504646953125 0.1124134765625 0.34994887109375 0.117670076171875 0.353400947265625 0.129114962890625 0.3509106611328125 0.137740939453125 0.361735919921875 0.1471775439453125 0.3647035166015625 0.151694037109375 0.369794265625 0.1612841611328125 0.367940896484375 0.16638524609375 0.3695206259765625 0.170004177734375 0.3717891552734375 0.1708401572265625 0.3847721181640625 0.1858444990234375 0.3906969326171875 0.1884124599609375 0.3945782919921875 0.19336314453125 0.3977620341796875 0.1946316484375 0.4027489111328125 0.2027363359375 0.4142975205078125 0.2098840947265625 0.4183360830078125 0.2170604853515625 0.42473521875 0.22009493359375 0.4275831708984375 0.2228780498046875 0.43695685546875 0.224211798828125 0.4519833818359375 0.2368349755859375 0.4665600888671875 0.2430254228515625 0.4767225 0.2492770703125 0.490633240234375 0.2522827783203125 0.4966116044921875 0.255594126953125 0.528161701171875 0.264327076171875 0.5370800615234375 0.2654436201171875 0.5447647509765625 0.2678900859375 0.554510224609375 0.26820166015625 0.5724665888671875 0.2721681240234375 0.6276138681640625 0.2770127333984375 0.635229345703125 0.278469427734375 0.644042384765625 0.2781022041015625 0.6547550625 0.2795897998046875 0.6595760263671875 0.27900520703125 0.6658208583984375 0.2798106142578125 0.703311560546875 0.27868170703125 0.7501497978515625 0.272173583984375 0.768182326171875 0.2709126259765625 0.7777722646484375 0.2689999443359375 0.7949342021484375 0.261583158203125 0.8028162568359375 0.2605354697265625 0.8092584541015625 0.25784672265625 0.81831203125 0.2482637080078125 0.8194419404296875 0.24544991015625 0.81823255078125 0.2408104716796875 0.8202934453125 0.2386771396484375 0.8241314345703125 0.2366685849609375 0.824039224609375 0.2353499296875 0.85208793359375 0.2192995654296875 0.8536919453125 0.21694913671875 0.8577202392578125 0.2176620615234375 0.862928765625 0.2163032353515625 0.877668287109375 0.2185054228515625 0.882489142578125 0.217919271484375 0.888093958984375 0.2095720283203125 0.8931640615234375 0.2062336611328125 0.8972339677734374 0.20122505859375 0.90107901953125 0.1930008701171875 0.905834517578125 0.17253021484375 0.904246078125 0.162447708984375 0.9048741767578125 0.1524576845703125 0.9028550048828125 0.1488710478515625 0.9028068681640625 0.129232818359375 0.901014001953125 0.128860099609375 0.8905315927734375 0.1116932470703125 0.8865519736328125 0.099043162109375 0.8804828505859374 0.094411490234375 0.8788743466796874 0.0903810625 0.8738458564453125 0.08799790234375 0.8650988212890625 0.076675796875 0.84952887109375 0.062597921875 0.8435505068359375 0.059286572265625 0.8406002412109375 0.055017912109375 0.8219692001953125 0.0414031328125 0.8120679736328125 0.0388641845703125 0.7966522177734375 0.0270137919921875 0.7315688525390625 0.0064536943359375
2 0.3801014794921875 0.087468166015625 0.38080210546875 0.0911485703125 0.383596619140625 0.093189857421875 0.38984862109375 0.0877811904296875 0.390201630859375 0.0865128505859375 0.3870005595703125 0.0849965146484375 0.3830430361328125 0.085273251953125 0.3801014794921875 0.087468166015625
0 0.6576895185546875 0.5375290537109375 0.6808519365234375 0.5327767490234375 0.69244953125 0.5194352421875 0.7138352666015625 0.5116745439453125 0.736201953125 0.5179420908203125 0.759255376953125 0.511631091796875 0.790680013671875 0.4906378818359375 0.8272822509765625 0.431691046875 0.829091705078125 0.412768732421875 0.8199903017578125 0.39460937890625 0.813058107421875 0.340273083984375 0.804174693359375 0.3252311181640625 0.7962722294921875 0.324217396484375 0.78801001171875 0.3404583017578125 0.7889909619140625 0.3544865458984375 0.7814154814453125 0.35814890625 0.7634413466796875 0.3922984052734375 0.6984556357421875 0.44853105859375 0.6461574658203125 0.50700914453125 0.613065140625 0.5265526552734375 0.616618505859375 0.53256944140625 0.6576895185546875 0.5375290537109375
0 0.9749556845703125 0.1691879248046875 0.9675006064453125 0.017776634765625 0.934702494140625 0.0639269345703125 0.914155943359375 0.1060878916015625 0.910068287109375 0.1596284541015625 0.9124989365234375 0.1719890107421875 0.9276171259765625 0.186594998046875 0.9749556845703125 0.1691879248046875
0 0.95342818359375 0.19732063671875 0.9495150634765624 0.2085584775390625 0.960970892578125 0.2155889853515625 0.981233912109375 0.214172056640625 0.9801439677734375 0.1985851181640625 0.95342818359375 0.19732063671875
0 0.1595194599609375 0.08837301953125 0.162604076171875 0.11008573828125 0.1750408564453125 0.131144490234375 0.1966118095703125 0.1484318876953125 0.2322110078125 0.1647383349609375 0.2927493076171875 0.1793008701171875 0.3840255048828125 0.1854487412109375 0.3522632041015625 0.1344150517578125 0.3466389423828125 0.09878308203125 0.3555878984375 0.0699636318359375 0.34815418359375 0.0532539775390625 0.366095548828125 0.0410351875 0.40306822265625 0.0321845439453125 0.4117664189453125 0.0221784140625 0.401324310546875 0.0072454423828125 0.2485723154296875 0.0179269033203125 0.2436454736328125 0.03706720703125 0.2086674716796875 0.052043630859375 0.177493595703125 0.0542235205078125 0.1716947978515625 0.0608942734375 0.1595194599609375 0.08837301953125
0 0 0.2173148623046875 0.00838029296875 0.2117164130859375 0.0058406484375 0.1977971630859375 0.0139176484375 0.156508162109375 0.007824638671875 0.1365721259765625 0.0130784638671875 0.1221079033203125 0.005317765625 0.10072216796875 0.009012896484375 0.086366939453125 0.0044023564453125 0.0428325068359375 0.0007399970703125 0.0352570263671875 0 0.0353087724609375 0 0.2173148623046875
0 0.8250294423828125 0 0.819784447265625 0.010876484375 0.818192982421875 0.0329161865234375 0.89001257421875 0.0968119521484375 0.9102755947265625 0.0953950234375 0.92488158203125 0.0802768349609375 0.9673916123046875 0.0162179404296875 0.9662575439453125 0 0.8250294423828125 0
0 1 0.782579017578125 0.942864220703125 0.785427640625 0.895307673828125 0.7997173271484375 0.817776189453125 0.83333253515625 0.7986031142578125 0.8503364013671875 0.807704517578125 0.8684957548828125 1 0.89809294921875 1 0.782579017578125
2 0.9765884228515626 0.8645178193359375 0.9549846982421875 0.8691611298828125 0.966331533203125 0.874632943359375 0.9771333955078125 0.8723112880859375 0.9765884228515626 0.8645178193359375
2 0.8954928916015625 0.8247654228515625 0.909848119140625 0.8284605537109375 0.9094121416015625 0.8222257783203125 0.8954928916015625 0.8247654228515625
2 0.907507279296875 0.011007568359375 0.9232032119140625 0.0114763173828125 0.927552310546875 0.006473251953125 0.9239989443359375 0.0004564658203125 0.9038449189453125 0.003432087890625 0.907507279296875 0.011007568359375
2 0.8027478095703126 0.0136341171875 0.80706413671875 0.0305617607421875 0.821637353515625 0.037374279296875 0.8214521357421875 0.01232618359375 0.8027478095703126 0.0136341171875
2 0.894797650390625 0.0980436630859375 0.9138289599609375 0.101411810546875 0.913065998046875 0.090500953125 0.894797650390625 0.0980436630859375
2 0.9679144951171875 0.113292935546875 0.973135548828125 0.120759421875 0.9741492705078125 0.1128569580078125 0.9679144951171875 0.113292935546875
2 0.245095173828125 0.0353995185546875 0.245454927734375 0.0181448916015625 0.147257216796875 0.025011544921875 0.1650568154296875 0.0331647685546875 0.1773846005859375 0.052664826171875 0.18372837109375 0.05378754296875 0.2239274267578125 0.0462776044921875 0.245095173828125 0.0353995185546875
2 0.04477522265625 0.2170030087890625 0.0636975380859375 0.218812462890625 0.07873950390625 0.209929048828125 0.078990263671875 0.191115728515625 0.088920169921875 0.1763245224609375 0.0761236357421875 0.172520396484375 0.033243169921875 0.1864830986328125 0.0326654267578125 0.200620337890625 0.04477522265625 0.2170030087890625
2 0.0606563740234375 0.242519853515625 0.0830230595703125 0.2487873994140625 0.087372158203125 0.2437843349609375 0.0816061318359375 0.2285243798828125 0.052099943359375 0.23215396875 0.0606563740234375 0.242519853515625
2 0.1785286796875 0.181022693359375 0.1840767177734375 0.193165259765625 0.196328279296875 0.1891759169921875 0.1955653173828125 0.1782650595703125 0.1785286796875 0.181022693359375
2 0.139180216796875 0.0663005458984375 0.13860247265625 0.0804377841796875 0.1512900126953125 0.082683216796875 0.1505270517578125 0.071772359375 0.139180216796875 0.0663005458984375
0 0.030880060546875 0.2367986328125 0.0722780556640625 0.246434326171875 0.07637639453125 0.26024458203125 0.065901515625 0.267242318359375 0.0709808037109375 0.295080818359375 0.0821096494140625 0.2974352451171875 0.09091683984375 0.28898780859375 0.135312546875 0.229496001953125 0.1404573779296875 0.2134730849609375 0.1767760849609375 0.195270279296875 0.204614583984375 0.1901909912109375 0.22056127734375 0.1718464189453125 0.222915703125 0.1607175732421875 0.1988813291015625 0.153000328125 0.172307310546875 0.13136383203125 0.146016822265625 0.06898330859375 0.1242278798828125 0.0485785234375 0.04821163671875 0.0366646259765625 0.0075766025390625 0.0379397890625 0.009145978515625 0.10518161328125 0.0150209990234375 0.12200026171875 0.010889890625 0.1301207138671875 0.0145194794921875 0.15962690234375 0.007270982421875 0.16796534375 0.009527095703125 0.2226286220703125 0.030880060546875 0.2367986328125
2 0.8043705927734375 0.41763003125 0.810561916015625 0.371773943359375 0.786527541015625 0.3640566982421875 0.7678994384765625 0.3888540341796875 0.76696194140625 0.4202458994140625 0.7753003828125 0.427494396484375 0.7971220966796875 0.4259684736328125 0.8043705927734375 0.41763003125
2 0.6941065380859375 0.4535341240234375 0.676819140625 0.4751050771484375 0.70320794140625 0.4716934775390625 0.7023359853515625 0.4592239267578125 0.6941065380859375 0.4535341240234375
2 0.7311988876953125 0.5135929931640625 0.7434504501953125 0.5096036494140626 0.7456958818359375 0.496916109375 0.740801810546875 0.494125705078125 0.7179663759765625 0.503554091796875 0.7311988876953125 0.5135929931640625
2 0.6411216298828125 0.5245907548828125 0.64634268359375 0.532057240234375 0.6604799228515625 0.5326349833984375 0.659825955078125 0.5232828203125 0.6411216298828125 0.5245907548828125
2 0.570914865234375 0.5733569228515625 0.587733513671875 0.56748190234375 0.5919736171875 0.5609201435546874 0.5818584931640625 0.5506632529296875 0.56681652734375 0.5595466669921875 0.570914865234375 0.5733569228515625
2 0.612956146484375 0.5249939619140624 0.6324562041015624 0.5126661767578125 0.62245007421875 0.50396798046875 0.607517103515625 0.514410087890625 0.6050536826171875 0.523980240234375 0.612956146484375 0.5249939619140624