2 0.749225009765625 0.3770635859375 0.751185115234375 0.3752758671875 0.7506975712890624 0.3714838193359375 0.7463149560546875 0.3667827705078125 0.733832291015625 0.36322725 0.7290876533203124 0.3577403046875 0.7260963642578125 0.356678060546875 0.7167840009765625 0.3566969443359375 0.698234576171875 0.3602336259765625 0.6910361923828126 0.365461390625 0.687652029296875 0.3723375048828125 0.686795478515625 0.3847173515625 0.6909276796875 0.3889757373046875 0.6975226943359375 0.3923287841796875 0.701958134765625 0.3922969267578125 0.7106534365234375 0.3897182705078125 0.726155638671875 0.389851923828125 0.739624875 0.38403579296875 0.749225009765625 0.3770635859375
2 0.5872477412109375 0.4375967705078125 0.5757921005859375 0.4411311923828125 0.5632550556640625 0.4423084130859375 0.5529541826171875 0.4601780078125 0.5596850576171875 0.463628603515625 0.5838775146484375 0.46966233203125 0.6092329521484375 0.4730767138671875 0.623550201171875 0.471838365234375 0.6278083447265626 0.4692929560546875 0.628352873046875 0.4641121181640625 0.6247452470703125 0.45625290234375 0.5989055947265625 0.440569130859375 0.5953465771484375 0.4406931044921875 0.5872477412109375 0.4375967705078125
2 0.56116423046875 0.4959540517578125 0.5461035693359375 0.4873891142578125 0.522709791015625 0.4821871767578125 0.515950505859375 0.4832222470703125 0.50808401171875 0.482145638671875 0.5024319365234375 0.48529238671875 0.499979078125 0.49176834375 0.50038887890625 0.4963000673828125 0.5027863076171875 0.4987971591796875 0.5151408466796875 0.5035866728515624 0.5401577880859375 0.510206669921875 0.5484642119140625 0.5113279453125 0.5558949365234375 0.50811990625 0.5602801572265625 0.5085808115234375 0.5636343564453125 0.50619019921875 0.564643064453125 0.50080834375 0.56116423046875 0.4959540517578125
2 0.566289904296875 0.2615761962890625 0.5737172998046876 0.2668454990234375 0.5858912724609375 0.2691226875 0.5953073466796875 0.2681170517578125 0.6018877822265625 0.264568265625 0.6031011455078125 0.2614546025390625 0.597710873046875 0.257895103515625 0.587086318359375 0.2535372255859375 0.58270109765625 0.2530763203125 0.5708851533203125 0.2558234541015625 0.568020939453125 0.2577675244140625 0.566289904296875 0.2615761962890625
2 0.63872728125 0.3063463447265625 0.6330023466796875 0.30175558984375 0.6214973740234375 0.301544021484375 0.606586427734375 0.3042156630859375 0.5925768212890625 0.3109726513671875 0.5875175556640625 0.3169248583984375 0.586739798828125 0.32432472265625 0.591794017578125 0.326851248046875 0.6047950791015625 0.3254745625 0.618106388671875 0.325376373046875 0.6384344638671875 0.321778400390625 0.64122248828125 0.3205741689453125 0.6424100458984375 0.31770602734375 0.6416899970703125 0.31189580859375 0.6446594765625 0.3089651484375 0.63872728125 0.3063463447265625
2 0.690390921875 0.4643984287109375 0.67940190234375 0.4634932421875 0.6772068515625 0.46750137890625 0.677926736328125 0.47331315234375 0.6813562373046875 0.4744214541015625 0.6853550205078125 0.4743437021484375 0.69430951953125 0.4692989423828125 0.694929185546875 0.467618572265625 0.690390921875 0.4643984287109375
2 0.4907331259765625 0.4616179619140625 0.4898281298828125 0.46601306640625 0.49323321484375 0.467368607421875 0.498546794921875 0.4674274755859375 0.4999407255859375 0.46682613671875 0.4999158076171875 0.4628329072265625 0.4982407060546875 0.461909 0.4907331259765625 0.4616179619140625
2 0.560865478515625 0.524103591796875 0.560012419921875 0.52800454296875 0.562022021484375 0.529961259765625 0.5721865546875 0.530280177734375 0.574044501953125 0.5294793740234375 0.570229779296875 0.5235905546875 0.56540634765625 0.523083591796875 0.560865478515625 0.524103591796875
2 0.2805973583984375 0.3729483017578125 0.2833812236328125 0.3759840498046875 0.295194890625 0.377473951171875 0.3001997763671875 0.376254486328125 0.3003059306640625 0.37102914453125 0.2964626337890625 0.369627544921875 0.2867120595703125 0.36960037109375 0.2805973583984375 0.3729483017578125
2 0.2973967158203125 0.21311309375 0.29592487890625 0.214455662109375 0.2967435927734375 0.227757861328125 0.298780552734375 0.2294692197265625 0.3062867431640625 0.2297585400390625 0.3311572412109375 0.22514073046875 0.3340472607421875 0.2229511376953125 0.3346928955078125 0.22102369140625 0.32566569921875 0.21832939453125 0.3151433017578125 0.2129846005859375 0.3086449326171875 0.2115521767578125 0.3037162353515625 0.212031802734375 0.2973967158203125 0.21311309375
2 0.4116828466796875 0.2393404228515625 0.4135693681640625 0.234052400390625 0.4110682275390625 0.232542060546875 0.4036641953125 0.2312658251953125 0.3983248095703125 0.2314524794921875 0.3930607255859375 0.2351380478515625 0.39357562890625 0.238684736328125 0.39558523046875 0.2406414541015625 0.402627240234375 0.24113179296875 0.4116828466796875 0.2393404228515625
2 0.5383189853515625 0.3294602529296875 0.5393484521484375 0.3323116064453125 0.5472684384765625 0.332894224609375 0.55049295703125 0.33173744140625 0.551115228515625 0.325816927734375 0.547684173828125 0.324708462890625 0.540900474609375 0.3259907734375 0.5383189853515625 0.3294602529296875
2 0.0870113798828125 0.40098068359375 0.0914743427734375 0.4007019130859375 0.0929460166015625 0.3993608984375 0.09415954296875 0.396245681640625 0.0923038740234375 0.39280944921875 0.0852126943359375 0.38857156640625 0.078248427734375 0.3873415517578125 0.0717708173828125 0.3941423369140625 0.0737819716796875 0.3960992177734375 0.0805128466796875 0.3995498134765625 0.0870113798828125 0.40098068359375
0 0.8761872822265625 0.3332997021484375 0.8650762333984375 0.32090946875 0.8592735556640625 0.3170583896484375 0.854115625 0.3155186162109375 0.844963794921875 0.3055794169921875 0.840708255859375 0.3038846826171875 0.8319637841796875 0.3027157958984375 0.8208736591796875 0.29855721875 0.8175478701171875 0.2964621640625 0.8140934521484375 0.2913606328125 0.80323550390625 0.2892233349609375 0.769062736328125 0.2769025634765625 0.7428810966796875 0.2729033037109375 0.7373367294921875 0.270824873046875 0.729136623046875 0.264476703125 0.7232059814453125 0.2618580615234375 0.649674828125 0.235925212890625 0.6234947431640625 0.2319261162109375 0.6111417578125 0.2271367666015625 0.5876936005859374 0.2266675712890625 0.57379119921875 0.2239589111328125 0.563885138671875 0.2254110888671875 0.5573331142578125 0.2244742080078125 0.5488713681640625 0.22483073046875 0.5319517080078126 0.2213069033203125 0.510361662109375 0.2200353505859375 0.48760847265625 0.22138469921875 0.465038291015625 0.221007783203125 0.4449443330078125 0.2181479755859375 0.38545936328125 0.2188778515625 0.3669123798828125 0.2181759443359375 0.3485459638671875 0.219986361328125 0.3349236826171875 0.2230432529296875 0.32736571875 0.2232465322265625 0.3220238916015625 0.227671775390625 0.314904138671875 0.2279211123046875 0.3127115283203125 0.22769066015625 0.3086372802734375 0.2242710517578125 0.309827443359375 0.217162767578125 0.3083855712890625 0.214019833984375 0.29216087890625 0.2123145498046875 0.268712884765625 0.21184380078125 0.248925015625 0.2145024697265625 0.2343768154296875 0.213722810546875 0.2125769033203125 0.2186633515625 0.1752228525390625 0.2239643916015625 0.16841179296875 0.2254920615234375 0.1655475791015625 0.2274361318359375 0.1548412861328125 0.2280563544921875 0.14963141796875 0.227010734375 0.1406017802734375 0.22855502734375 0.098214431640625 0.2395611982421875 0.0815489228515625 0.24205 0.0580714677734375 0.25030522265625 0.0531443251953125 0.2507850126953125 0.0389541513671875 0.25502967578125 0.029074060546875 0.2562347763671875 0.026078775390625 0.2594109580078125 0.021935837890625 0.2903976513671875 0.0100362529296875 0.4036146455078125 0.0151673271484375 0.409640248046875 0.023599271484375 0.413767673828125 0.03177341015625 0.4203629208984375 0.04086027734375 0.4238946044921875 0.0460856123046875 0.4276033046875 0.0567117216796875 0.4319613466796875 0.0671302431640625 0.438294447265625 0.073990798828125 0.44051121484375 0.0908560791015625 0.4487677841796875 0.102462322265625 0.452231189453125 0.1137312978515625 0.458903482421875 0.1517215576171875 0.4728713759765625 0.163973435546875 0.4744073349609375 0.1944843623046875 0.4836000791015625 0.2236055166015625 0.4891541826171875 0.3025363681640625 0.4974501494140625 0.324974263671875 0.503301037109375 0.391267126953125 0.5095192802734375 0.4063570859375 0.509359798828125 0.4406102021484375 0.516700751953125 0.5006580185546875 0.5232618369140625 0.5115173564453125 0.5254008525390625 0.55510969140625 0.528237091796875 0.560064357421875 0.5275103896484375 0.5607228955078125 0.525460181640625 0.5649406142578125 0.523284447265625 0.570229779296875 0.5235905546875 0.573915873046875 0.526472896484375 0.5771679140625 0.5250692001953124 0.5818876328125 0.5265629150390625 0.584622166015625 0.525852673828125 0.5898060654296875 0.5271453701171875 0.593960498046875 0.525586712890625 0.6053099853515626 0.5272776328125 0.610470357421875 0.5245788173828125 0.6152937880859375 0.5250857802734376 0.617304943359375 0.52704266015625 0.620168994140625 0.5251001435546875 0.621923392578125 0.5252845390625 0.6248109697265625 0.52733353515625 0.6347665263671874 0.5296257939453125 0.638454173828125 0.532508298828125 0.6373368544921875 0.538923525390625 0.6328765126953125 0.543392712890625 0.632461666015625 0.5473397216796875 0.635066517578125 0.54786330859375 0.638060412109375 0.5446854091796876 0.64288384375 0.5451923720703125 0.64675555078125 0.5421083056640625 0.6510888330078125 0.5430633642578125 0.6547776953125 0.5417040087890626 0.6586987353515625 0.5423659326171875 0.678381337890625 0.5406938525390625 0.687231962890625 0.5366373974609375 0.6989687744140625 0.53462822265625 0.702915783203125 0.5350430693359375 0.7354748134765625 0.524749400390625 0.7431120751953125 0.523806609375 0.7494342001953125 0.5184851748046875 0.7595994580078125 0.5145668935546875 0.7689118212890625 0.514548009765625 0.7741007666015625 0.5073619736328125 0.7857118935546875 0.502348201171875 0.7978884697265625 0.5003852470703125 0.80031430859375 0.4983966728515625 0.8009623857421875 0.49223063671875 0.8048327021484375 0.489144853515625 0.814069763671875 0.4856270556640625 0.8198498017578125 0.4812478701171875 0.83081545703125 0.4781599892578125 0.83383515625 0.4747365673828125 0.842632453125 0.471172548828125 0.8469423720703125 0.468134541015625 0.8495522705078125 0.4601793955078125 0.8716373486328125 0.452525673828125 0.880538357421875 0.4479749033203125 0.877884171875 0.443705326171875 0.8918678095703125 0.4371954150390625 0.8945012353515625 0.4332317822265625 0.9014679443359375 0.4302232080078125 0.9050060400390625 0.4218675791015625 0.9096764267578125 0.4196153037109375 0.931836806640625 0.41546049609375 0.938339498046875 0.41265138671875 0.9450210400390625 0.4123559921875 0.9634158662109376 0.40605991015625 0.9681873603515625 0.407061025390625 0.9744306904296876 0.4067195732421875 0.975926779296875 0.4051313193359375 0.9765999365234375 0.4029569599609375 0.9740468583984375 0.4019407734375 0.960349275390625 0.401498751953125 0.955681330078125 0.3995124375 0.9521207587890625 0.3996362470703125 0.949256544921875 0.401580318359375 0.942497259765625 0.4026153876953125 0.9240825625 0.3964395087890625 0.917841673828125 0.39254237109375 0.9152392626953125 0.3877801953125 0.908560326171875 0.3838354462890625 0.9050021953125 0.3797206669921875 0.90451709375 0.371690029296875 0.8992823076171875 0.3666511796875 0.8898529619140625 0.3467062841796875 0.88211703515625 0.340157095703125 0.8800046103515625 0.3349483779296875 0.8761872822265625 0.3332997021484375
2 0.5970086083984375 0.5176776259765625 0.596441767578125 0.51462508984375 0.591053048828125 0.5110657548828125 0.5858147705078125 0.51450580078125 0.5861233017578125 0.5157856865234375 0.59422230078125 0.518880466796875 0.5970086083984375 0.5176776259765625
0 0 0.5735954755859375 0.0001445048828125 0.573649646484375 0.0153630947265625 0.5764966435546875 0.0234110439453125 0.5758468232421875 0.0294211455078125 0.5777243974609375 0.046496291015625 0.5797688740234375 0.05722594921875 0.5831417177734375 0.0694778271484375 0.5846776767578125 0.0861916171875 0.590175171875 0.0984951064453125 0.5912200859375 0.1183283125 0.5965458330078125 0.1579234189453125 0.59945998828125 0.1633665166015625 0.5982865810546875 0.1822220302734375 0.600268375 0.1990160048828125 0.60078760546875 0.209746712890625 0.599920142578125 0.2206837939453125 0.601319482421875 0.229247861328125 0.5999744912109375 0.251355416015625 0.6005525888671875 0.263993568359375 0.6026287587890625 0.3014478388671875 0.6048198623046875 0.3150441513671875 0.6020100458984375 0.338130287109375 0.6016933447265626 0.3438587138671875 0.597805203125 0.3464651201171875 0.5983289541015625 0.353714390625 0.5968473427734375 0.359414244140625 0.5974464208984375 0.371178578125 0.59519033203125 0.3802091044921875 0.589407287109375 0.3946560341796875 0.586935109375 0.4098278955078125 0.58179597265625 0.4269574208984375 0.57910770703125 0.4330979267578125 0.57551425390625 0.442127728515625 0.5739684072265625 0.44741517578125 0.5742759052734375 0.604114939453125 0.542863095703125 0.6165740771484375 0.5424271044921875 0.622740552734375 0.5385865751953125 0.6254247021484375 0.5383706494140625 0.6279518115234375 0.539633912109375 0.6364665458984375 0.5345429306640626 0.637163955078125 0.532122884765625 0.635927064453125 0.5312450361328125 0.6167096923828125 0.528475791015625 0.610415978515625 0.5293115595703125 0.6012850703125 0.527604015625 0.59888519921875 0.529345513671875 0.5947474580078125 0.529908271484375 0.585625828125 0.5289495498046874 0.583251599609375 0.5304470791015625 0.5764680634765625 0.5317278349609375 0.560474158203125 0.53204211328125 0.5580247919921875 0.5300391748046875 0.5315335712890625 0.5290003349609375 0.5267878828125 0.5277536962890625 0.4990841865234375 0.525589767578125 0.4961173115234375 0.524280283203125 0.437383966796875 0.51785892578125 0.416672947265625 0.512439345703125 0.4065878740234375 0.511379361328125 0.40240747265625 0.5131850947265625 0.3260831904296875 0.50541132421875 0.300110365234375 0.49944027734375 0.2930425498046875 0.4991954609375 0.274290748046875 0.4962269140625 0.2036401875 0.489300853515625 0.1888078720703125 0.4869940673828125 0.183442517578125 0.487427798828125 0.1739513046875 0.484932966796875 0.170235083984375 0.486537681640625 0.15904124609375 0.4833658564453125 0.1549920791015625 0.4839379248046875 0.1080983701171875 0.4787593916015625 0.0958724609375 0.47697635546875 0.066030533203125 0.469849232421875 0.0454723955078125 0.467190443359375 0.0350772373046875 0.46485041015625 0.007426869140625 0.462194044921875 0.004045146484375 0.4648315703125 0.0011650693359375 0.4964490361328125 0 0.498082576171875 0 0.5735954755859375
2 0.245839107421875 0.543362685546875 0.241067451171875 0.542363123046875 0.23877112890625 0.5431194228515625 0.2380737197265625 0.54553946875 0.2416302958984375 0.5496540849609375 0.2456032734375 0.54982185546875 0.24895747265625 0.547431244140625 0.248726685546875 0.545411681640625 0.245839107421875 0.543362685546875
0 0 0.8079628603515625 0.1521463525390625 0.879782380859375 0.09111324609375 0.7429656875 0.0598664189453125 0.7114015927734375 0.0135654716796875 0.643690900390625 0 0.6320247490234375 0 0.8079628603515625
2 0.111566498046875 0.787535291015625 0.1046134248046875 0.7789489609375 0.0845755244140625 0.77527178515625 0.082699625 0.808067861328125 0.118444947265625 0.841675873046875 0.125066677734375 0.823518564453125 0.111566498046875 0.787535291015625
0 0.3915488212890625 0 0.326947556640625 0.0089083427734375 0.281640640625 0.0214285673828125 0.2091841171875 0.0530907470703125 0.1691970185546875 0.08973670703125 0.152108365234375 0.11779164453125 0.1513757451171875 0.13971013671875 0.1659351962890625 0.150667037109375 0.16086740625 0.1689876708984375 0.219268533203125 0.211261330078125 0.2967182216796875 0.206832767578125 0.338021310546875 0.2174583232421875 0.4296197890625 0.212945751953125 0.5939268173828125 0.219217369140625 0.611015470703125 0.191162431640625 0.6199237607421875 0.15124995703125 0.593576705078125 0.0730676494140625 0.56118190625 0.0225296181640625 0.5318996796875 0.0021697587890625 0.5112558037109375 0 0.3915488212890625 0
2 0.484156955078125 0.127553650390625 0.501413625 0.12779629296875 0.502393580078125 0.118472650390625 0.4911053359375 0.1062884619140625 0.478020509765625 0.1111976171875 0.484156955078125 0.127553650390625
2 0.34585625390625 0.1130176611328125 0.360579029296875 0.12242062109375 0.3705559755859375 0.1171848134765625 0.3698186630859375 0.10925178515625 0.34585625390625 0.1130176611328125
2 0.2257968701171875 0.11925219140625 0.2051056669921875 0.121790779296875 0.2002852119140625 0.1527062626953125 0.2172152314453125 0.1560567861328125 0.2340612412109375 0.14525851953125 0.235204521484375 0.1343809365234375 0.2257968701171875 0.11925219140625
2 0.2579443349609375 0.1571953740234375 0.26178952734375 0.165455052734375 0.29442227734375 0.1688848935546875 0.2940116162109375 0.157843984375 0.2579443349609375 0.1571953740234375
2 0.5707528837890625 0.036104421875 0.5581580341796875 0.0363517568359375 0.552679583984375 0.0436314814453125 0.555134162109375 0.05017389453125 0.575335388671875 0.05229712890625 0.5804871865234374 0.04812528515625 0.5707528837890625 0.036104421875
2 0.2447848837890625 0.2076587802734375 0.258607021484375 0.21068265234375 0.2667033759765625 0.208391400390625 0.2659660634765625 0.2004583720703125 0.2493626953125 0.1939999677734375 0.2447848837890625 0.2076587802734375
2 0.40056612890625 0.08577466015625 0.3797116005859375 0.0898671875 0.367200759765625 0.1042633125 0.380859572265625 0.108841125 0.4034313671875 0.103357982421875 0.408172505859375 0.0881452294921875 0.40056612890625 0.08577466015625
2 0.3419270517578125 0.0906091923828125 0.329658853515625 0.0877486455078125 0.3179646416015625 0.094375068359375 0.3168213623046875 0.1052526513671875 0.3385765283203125 0.1075392109375 0.3454455927734375 0.101976751953125 0.3419270517578125 0.0906091923828125
0 0 0.62305780859375 0.037443873046875 0.625776234375 0.0703192646484375 0.6119494033203124 0.0819294677734375 0.59117419140625 0 0.5754800927734375 0 0.62305780859375
2 0.0340046484375 0.598705943359375 0.0198558583984375 0.5987899521484376 0.0095522607421875 0.607133640625 0.0175692978515625 0.620545119140625 0.0351526201171875 0.617679880859375 0.039567107421875 0.6055750078125 0.0340046484375 0.598705943359375
2 0.0124686630859375 0.429905111328125 0.029725333984375 0.43014775390625 0.0319325771484375 0.4240953173828125 0.021708296875 0.4167362763671875 0.007396181640625 0.4183742255859375 0.0124686630859375 0.429905111328125
0 0.7948708720703125 0.7289516201171875 0.8095096396484375 0.7242057900390625 0.8355952841796875 0.7002386875 0.8342839853515625 0.68281869140625 0.8247130087890625 0.6692438876953125 0.74087484765625 0.6148700478515625 0.614590318359375 0.5607482353515625 0.6035494091796875 0.5611588955078125 0.593082486328125 0.5710565244140625 0.5943937841796875 0.5884765205078125 0.5870347421875 0.59870080078125 0.591290595703125 0.6180013896484375 0.61288712890625 0.65169341015625 0.6584460712890625 0.6816195556640625 0.726740134765625 0.7045086171875 0.7311593134765625 0.722255265625 0.7948708720703125 0.7289516201171875
2 0.6981905283203125 0.662230265625 0.721499634765625 0.6646801513671875 0.723543552734375 0.66018165625 0.71470988671875 0.6545398798828125 0.6943453349609375 0.6539705859375 0.6981905283203125 0.662230265625
2 0.7276313876953125 0.6511846650390625 0.7286953515625 0.6560098115234375 0.7601008115234374 0.6561684453125 0.761244091796875 0.6452908623046875 0.7276313876953125 0.6511846650390625
2 0.61851951953125 0.5831567041015625 0.617049587890625 0.5971421689453125 0.626046580078125 0.60123000390625 0.6275165107421875 0.5872445400390625 0.61851951953125 0.5831567041015625
2 0.644129263671875 0.653405984375 0.6537795576171875 0.6512780576171875 0.653695548828125 0.637129267578125 0.6431446171875 0.632878107421875 0.6370128642578125 0.64637359375 0.644129263671875 0.653405984375
2 0.7922482763671875 0.694111626953125 0.7914316474609375 0.7018813291015625 0.8114695478515624 0.70555850390625 0.8172746494140625 0.6951708984375 0.7922482763671875 0.694111626953125
2 0.7696764814453125 0.69959476953125 0.77164108203125 0.71079900390625 0.7888977529296874 0.711041646484375 0.7852158857421875 0.7012280263671875 0.7696764814453125 0.69959476953125
2 0.7764568447265625 0.650032 0.7871711025390625 0.652729220703125 0.79199625 0.6516652578125 0.7879877314453125 0.6449595185546875 0.776946822265625 0.6453701787109375 0.7764568447265625 0.650032
0 0.8000085947265625 0.63522521484375 0.8381291787109375 0.69107837109375 0.8238217548828125 0.7225678408203124 0.8141714609375 0.7246957666015625 0.9088825126953125 0.7503613662109375 0.9231946279296875 0.7487234169921875 0.93366155078125 0.7388257880859375 0.936106744140625 0.6856651611328125 0.910581009765625 0.6295646708984375 0.8258515966796875 0.6285147841796875 0.8000085947265625 0.63522521484375
2 0.866669400390625 0.673653681640625 0.87673035546875 0.6825666640625 0.8941503515625 0.6812553662109375 0.8890778701171875 0.66972448046875 0.866669400390625 0.673653681640625
2 0.9129656552734375 0.7115128544921875 0.9183647890625 0.7199358603515625 0.929405697265625 0.71952519921875 0.9299749912109375 0.6991606484375 0.9129656552734375 0.7115128544921875
0 0.9189899384765625 0.5346109765625 0.925285017578125 0.5195615498046875 0.936979228515625 0.512935126953125 0.940329751953125 0.4960051083984375 0.93599458203125 0.49240725 0.8945281669921875 0.4833356337890625 0.8382596591796875 0.4805637890625 0.7498577626953125 0.529403322265625 0.7025069296875 0.54642204296875 0.6718387802734375 0.5541964375 0.6230133232421875 0.5553491015625 0.626858515625 0.56360878125 0.6477970537109375 0.5736650439453125 0.7254940771484375 0.581831330078125 0.857000337890625 0.55637552734375 0.870659150390625 0.56095333984375 0.9189899384765625 0.5346109765625
2 0.84187159375 0.5657831796875 0.8596182412109376 0.5613640009765625 0.8588809296875 0.55343097265625 0.849557287109375 0.5524510185546875 0.8359824833984375 0.56202199609375 0.84187159375 0.5657831796875
0 0.600805716796875 0.7965365244140625 0.6584601474609375 0.7711741162109375 0.6661458408203125 0.757841955078125 0.684055814453125 0.7518688349609375 0.66188998828125 0.7385413662109375 0.588117474609375 0.722932029296875 0.4244637490234375 0.7104446494140625 0.3192064580078125 0.7103794091796874 0.2772500654296875 0.7059696142578125 0.2623639638671875 0.698120595703125 0.2646552158203125 0.70621694921875 0.2896022724609375 0.722978951171875 0.3609248994140625 0.76189739453125 0.4530180478515625 0.782574521484375 0.5459278232421875 0.7954819462890625 0.600805716796875 0.7965365244140625
2 0.5994944189453125 0.7791165283203125 0.6141331865234375 0.7743706982421875 0.601291001953125 0.76202318359375 0.593031322265625 0.7658683759765625 0.5922146943359375 0.773638078125 0.5994944189453125 0.7791165283203125
2 0.573236064453125 0.7449345302734375 0.5770812578125 0.7531942099609376 0.597609134765625 0.7522095634765625 0.5923733271484375 0.7422326171875 0.573236064453125 0.7449345302734375
2 0.50053220703125 0.7640018603515625 0.49595439453125 0.7776606728515625 0.511493798828125 0.7792939306640625 0.5114097900390625 0.765145140625 0.50053220703125 0.7640018603515625
2 0.541419943359375 0.7337349873046874 0.5451811279296875 0.727845876953125 0.5318489658203125 0.72016018359375 0.51303835546875 0.7197542158203125 0.50600596484375 0.726870615234375 0.5055159873046875 0.7315324365234375 0.5162302451171875 0.7342296572265625 0.541419943359375 0.7337349873046874