2 0.493209455078125 0.502582748046875 0.4931330400390625 0.49834484765625 0.48152837109375 0.49427249609375 0.469469033203125 0.4937539189453125 0.4566432578125 0.4978270361328125 0.4546061982421875 0.4993270966796875 0.454335912109375 0.5043569033203125 0.45735453515625 0.5072354814453125 0.4636919638671875 0.5082063173828125 0.4847285498046875 0.5058736533203125 0.493209455078125 0.502582748046875
2 0.5151284541015625 0.4531650166015625 0.51526340625 0.4506485634765625 0.5121098310546875 0.4502864384765625 0.5071892900390625 0.446393017578125 0.5030989287109375 0.44564530859375 0.487661783203125 0.44654111328125 0.4759511630859375 0.452478158203125 0.4739299638671875 0.45772294921875 0.4803898603515625 0.4596783857421875 0.4897314111328125 0.459781330078125 0.5032982763671875 0.4581155283203125 0.5088961669921875 0.4566788583984375 0.5151284541015625 0.4531650166015625
2 0.5248711259765625 0.423982033203125 0.5232567158203125 0.4216803740234375 0.51989158203125 0.4195952509765625 0.5167364560546875 0.41923331640625 0.5115456298828125 0.4203697021484375 0.5021739921875 0.4200217236328125 0.4925765712890625 0.42145044140625 0.4849561220703125 0.42813364453125 0.4859691328125 0.432755578125 0.4907371181640625 0.4354193623046875 0.5016641630859375 0.4375756376953125 0.515049748046875 0.434433423828125 0.524072859375 0.42832733203125 0.5248711259765625 0.423982033203125
2 0.5182699052734375 0.4715189775390625 0.514995412109375 0.470172060546875 0.506151755859375 0.47050858984375 0.5012633173828125 0.47410773046875 0.507314599609375 0.476363642578125 0.515223021484375 0.47564133984375 0.518421099609375 0.47275035546875 0.5182699052734375 0.4715189775390625
2 0.5639536591796875 0.4021910185546875 0.563439904296875 0.39800681640625 0.560602751953125 0.396606201171875 0.54919386328125 0.397756732421875 0.54380753125 0.400916400390625 0.5426612041015625 0.406055345703125 0.5454983564453125 0.4074559609375 0.56122319921875 0.4052748896484375 0.5639536591796875 0.4021910185546875
2 0.6554004970703124 0.463177599609375 0.6548121533203125 0.4620014716796875 0.6501029794921875 0.4598294990234375 0.6347406142578125 0.457718779296875 0.6035180732421875 0.4603024833984375 0.6006509189453125 0.4659014482421875 0.599687888671875 0.4797643310546875 0.6003829248046875 0.4854249462890625 0.6039598056640625 0.4892346181640625 0.607205572265625 0.4903347587890625 0.6228241884765625 0.49091691796875 0.630611693359375 0.4892098232421875 0.63678206640625 0.4852045517578125 0.6360726142578125 0.4830420810546875 0.6332354619140625 0.48164146484375 0.6352263837890625 0.476150087890625 0.6475700419921875 0.46813761328125 0.6489869296875 0.465215029296875 0.6554004970703124 0.463177599609375
2 0.742267001953125 0.476000880859375 0.741753056640625 0.4718151279296875 0.738915904296875 0.4704145126953125 0.730541416015625 0.47094373828125 0.71748648046875 0.4695477666015625 0.6997401640625 0.469727462890625 0.69362879296875 0.4742260966796875 0.69323623046875 0.4782728515625 0.7017795146484375 0.48272109375 0.714214087890625 0.4826929912109375 0.7406067294921875 0.476954072265625 0.742267001953125 0.476000880859375
2 0.737037580078125 0.4261667314453125 0.73661446484375 0.4227207353515625 0.7302291572265625 0.4177572236328125 0.7153041328125 0.4155928056640625 0.6927885546875 0.42035507421875 0.683930671875 0.4241912978515625 0.6870096591796875 0.4275614970703125 0.694873958984375 0.4300954052734375 0.7012274384765625 0.434812521484375 0.7108106337890625 0.436883498046875 0.7226568623046875 0.435679267578125 0.729507771484375 0.4335881396484375 0.737037580078125 0.4261667314453125
2 0.627385904296875 0.5135940791015625 0.62640453125 0.509216990234375 0.623279681640625 0.509101640625 0.6107400517578125 0.511889681640625 0.610786380859375 0.5158825478515625 0.6144378505859375 0.5166841455078125 0.6261932490234375 0.5147401572265625 0.627385904296875 0.5135940791015625
2 0.4466590263671875 0.5322866015625 0.44585893359375 0.5293859248046875 0.4448316982421875 0.528263685546875 0.4386452734375 0.5285226767578125 0.4267229052734375 0.532735171875 0.424747759765625 0.5347266630859375 0.4265737275390625 0.5387513203125 0.42841528125 0.5392745419921875 0.443459587890625 0.5351793271484375 0.4466590263671875 0.5322866015625
2 0.4065630166015625 0.5422079658203125 0.404857966796875 0.5391681005859374 0.3948977939453125 0.537642443359375 0.38833303125 0.538448494140625 0.377165978515625 0.5415686103515625 0.375401029296875 0.5452848408203125 0.382660828125 0.550139404296875 0.39034210546875 0.5511955390625 0.3942812734375 0.5507118701171875 0.4052971328125 0.546360376953125 0.4065630166015625 0.5422079658203125
2 0.396093015625 0.55823622265625 0.395760541015625 0.5555284326171875 0.3951417294921875 0.55410416796875 0.386781466796875 0.5511336982421875 0.382344404296875 0.55117789453125 0.3723544208984375 0.5566533681640625 0.3724913896484375 0.56138444140625 0.3763256904296875 0.5636622607421875 0.3864208154296875 0.5626714638671875 0.396093015625 0.55823622265625
2 0.420967830078125 0.579919494140625 0.4210424189453125 0.576911419921875 0.41385903515625 0.5762947578125 0.40163601953125 0.5780458583984375 0.3971546455078125 0.58134471484375 0.3976381240234375 0.5852823310546875 0.4008219765625 0.5858910419921874 0.4134219697265625 0.5835946220703125 0.420967830078125 0.579919494140625
2 0.4119248251953125 0.5677858037109375 0.4105363876953125 0.5637089990234375 0.3998828154296875 0.5637671513671875 0.392336955078125 0.567442279296875 0.3900438349609375 0.570472451171875 0.3925948408203125 0.5731581435546875 0.40103143359375 0.5731218984375 0.4086663837890625 0.57018516796875 0.4119248251953125 0.5677858037109375
2 0.4644112861328125 0.5610925478515625 0.4634599990234375 0.5569604931640625 0.457995701171875 0.5558824501953125 0.45330276953125 0.55745830859375 0.4504513916015625 0.5595573876953125 0.450497720703125 0.56355025390625 0.45467872265625 0.5650361689453125 0.4624345888671875 0.5630842294921875 0.4644112861328125 0.5610925478515625
0 0.8186896650390625 0.483359337890625 0.8202572822265625 0.4744204140625 0.8126950947265625 0.467103095703125 0.8093441875 0.46151827734375 0.8072906103515625 0.452024341796875 0.7988234658203125 0.4445678349609375 0.795077978515625 0.43578224609375 0.7869132216796875 0.430788494140625 0.7820385439453125 0.4236402236328125 0.77425057421875 0.4180996015625 0.762023716796875 0.405357201171875 0.758281796875 0.4038189482421875 0.738583392578125 0.3844974345703125 0.72690230859375 0.3761871826171875 0.694722728515625 0.345654740234375 0.6864208125 0.335928365234375 0.678181466796875 0.3339426884765625 0.66189425 0.3134529990234375 0.6553737998046875 0.3110043896484375 0.6363865888671875 0.2938467080078125 0.625400541015625 0.2911970703125 0.619075787109375 0.28672673046875 0.612826982421875 0.27924657421875 0.6084344228515625 0.276037662109375 0.6000136064453125 0.272574021484375 0.59208866796875 0.2623023271484375 0.581234111328125 0.2426458359375 0.5782760419921875 0.2402604287109375 0.575408337890625 0.2313670615234375 0.570864583984375 0.2269267705078125 0.568916337890625 0.2219190625 0.566169826171875 0.2212566533203125 0.562262486328125 0.2219867177734375 0.555381576171875 0.23107742578125 0.5523507431640625 0.238946068359375 0.5530156923828125 0.2443616474609375 0.548218169921875 0.25594516015625 0.5495765205078125 0.2597769306640625 0.548582748046875 0.26614551171875 0.5397693681640625 0.2667286259765625 0.536358181640625 0.267896802734375 0.527864876953125 0.2819333779296875 0.494246916015625 0.3120486005859375 0.4838512294921875 0.3178226171875 0.476879677734375 0.326175119140625 0.474828392578125 0.331174875 0.46526105859375 0.33284862890625 0.4587426240234375 0.3376475458984375 0.4510333603515625 0.350838517578125 0.4400778642578125 0.3556816318359375 0.4342083291015625 0.3621498486328125 0.4290798828125 0.371025380859375 0.414142732421875 0.386852798828125 0.3997315478515625 0.39611719921875 0.3916895341796875 0.39935421484375 0.383361458984375 0.4111209208984375 0.37371817578125 0.415804490234375 0.3664763388671875 0.4291867978515625 0.35977643359375 0.432507751953125 0.353304328125 0.4412995361328125 0.3509223935546875 0.4508374775390625 0.34315075 0.4562893017578125 0.3418550546875 0.4674428447265625 0.3396828525390625 0.47145780859375 0.3338879052734375 0.474917951171875 0.332338166015625 0.494849130859375 0.328852390625 0.4990253818359375 0.3352255732421875 0.5219807294921875 0.33365640625 0.53091984375 0.3403762890625 0.5530832861328125 0.3483918681640625 0.5640931865234375 0.35014278125 0.5638782021484375 0.354882041015625 0.5662952099609375 0.356768373046875 0.5708114873046874 0.3638023876953125 0.5774427470703125 0.368270001953125 0.584891302734375 0.38272942578125 0.594110359375 0.385945380859375 0.6022116318359375 0.399649490234375 0.612523068359375 0.4168997373046875 0.6191498740234375 0.4215038544921875 0.62408178515625 0.4292011845703125 0.628884201171875 0.524126029296875 0.6494629130859375 0.549270853515625 0.658870212890625 0.581474767578125 0.66066359765625 0.605922625 0.6644073720703125 0.613348033203125 0.6669951689453125 0.6188729697265625 0.675810998046875 0.62512130859375 0.6760434365234375 0.635533046875 0.674015701171875 0.63246415234375 0.6707276962890625 0.628633708984375 0.6576218212890625 0.627982794921875 0.6487049951171875 0.6306765986328124 0.6435019833984374 0.637836 0.6385 0.64696416796875 0.629633970703125 0.6673337880859375 0.61463819921875 0.689561203125 0.6039134814453125 0.7003210029296875 0.6010920986328125 0.7289922626953125 0.588576537109375 0.73477143359375 0.588616279296875 0.7688005751953125 0.579940439453125 0.7765258896484375 0.570495748046875 0.7777614970703125 0.5660967509765625 0.814260921875 0.5341274833984375 0.8203865185546875 0.5261291552734375 0.82068844140625 0.5213441943359375 0.8245654189453125 0.5131229296875 0.8247751513671875 0.5075999521484374 0.820956435546875 0.5018206962890625 0.813652134765625 0.5002192421875 0.804778201171875 0.500309185546875 0.804395455078125 0.4971919697265625 0.8070267333984374 0.4932875068359375 0.81354516796875 0.48848858984375 0.8157476474609375 0.4847202109375 0.8186896650390625 0.483359337890625
2 0.7200434287109375 0.5012191015625 0.7190157275390625 0.4928491455078125 0.71749059765625 0.49128743359375 0.7014936435546875 0.4912523359375 0.6822079716796875 0.493370015625 0.6715688984375 0.497174638671875 0.667464501953125 0.49992817578125 0.6671942158203125 0.5049579814453125 0.6816820908203125 0.5071776494140625 0.6864959404296875 0.5065865830078125 0.6911285078125 0.504519103515625 0.71556050390625 0.5045181484375 0.7200434287109375 0.5012191015625
2 0.7280569912109375 0.5049814755859375 0.7265621376953125 0.503666349609375 0.7181715986328125 0.500449294921875 0.7077743603515625 0.506223501953125 0.707760134765625 0.5097231962890625 0.7158787529296875 0.5107256328125 0.727694705078125 0.50927481640625 0.7280569912109375 0.5049814755859375
2 0.80221316015625 0.5011247392578125 0.8006272001953125 0.4918236904296875 0.7822143837890625 0.4865879970703125 0.7637590810546875 0.491852939453125 0.76087742578125 0.49370543359375 0.7587355 0.4979669833984375 0.7672327314453125 0.5056685244140625 0.7739486884765625 0.5060938505859375 0.7936111474609375 0.5034293017578125 0.80221316015625 0.5011247392578125
2 0.7786136337890625 0.5187650986328125 0.7766224365234375 0.5170103095703125 0.75609778125 0.5162812021484375 0.7448400869140624 0.518663111328125 0.7423656865234375 0.52021687109375 0.7413543115234374 0.5228393623046875 0.7423372353515625 0.5272162607421875 0.74588383984375 0.53077934765625 0.7538975927734375 0.5345432724609375 0.757927400390625 0.5347978095703125 0.762243544921875 0.5337688212890624 0.7714178505859375 0.528894107421875 0.7774686669921875 0.523902302734375 0.7786136337890625 0.5187650986328125
2 0.7725080166015625 0.55224782421875 0.7727783017578125 0.5472180185546875 0.7644481259765625 0.544492583984375 0.7511373203125 0.5446282744140625 0.7438791572265625 0.5470181357421875 0.7373304462890625 0.5515704677734375 0.7347209033203125 0.555639130859375 0.738086037109375 0.55772425390625 0.74445529296875 0.5589414853515625 0.7536759267578125 0.55805963671875 0.7725080166015625 0.55224782421875
2 0.670388404296875 0.56353816796875 0.6689394140625 0.5589681923828125 0.665755560546875 0.5583594814453126 0.6607143779296875 0.5607274345703125 0.662390703125 0.5635205244140625 0.6674463857421875 0.564899041015625 0.670388404296875 0.56353816796875
2 0.7414309169921875 0.527078814453125 0.7415513681640625 0.5208158896484375 0.7401471552734376 0.5202389697265625 0.7332356923828125 0.52183692578125 0.7307612919921875 0.523390685546875 0.7300378046875 0.5247294609375 0.7339611962890625 0.5277456767578125 0.7414309169921875 0.527078814453125
2 0.57236200390625 0.2499817548828125 0.5706268662109375 0.2466968544921875 0.5673220966796875 0.2451033515625 0.562945587890625 0.2456407197265625 0.56041082421875 0.246702859375 0.5577391767578125 0.250278541015625 0.55897816015625 0.2531253291015625 0.5654667822265625 0.2553275419921875 0.5670522763671875 0.2573808740234375 0.5709898935546875 0.2568973955078125 0.57236200390625 0.2499817548828125
2 0.579776173828125 0.617892419921875 0.5784037880859375 0.6175618955078125 0.57568736328125 0.6171445205078125 0.5710549853515625 0.61921355078125 0.569787740234375 0.623367703125 0.5725946162109375 0.6245217333984375 0.57897809765625 0.62223926953125 0.579776173828125 0.617892419921875
2 0.6057591845703125 0.590713927734375 0.6056524931640626 0.58622944140625 0.603162041015625 0.5840369208984375 0.5978200205078125 0.5839419287109375 0.587150861328125 0.587501517578125 0.58473682421875 0.5895468974609375 0.585250580078125 0.5937311005859375 0.5954225009765625 0.596981306640625 0.597007994140625 0.599034638671875 0.6006897412109375 0.600082822265625 0.6057591845703125 0.590713927734375
2 0.4447304111328125 0.3790985498046875 0.4454393974609375 0.3740133037109375 0.4435675673828125 0.3732434970703125 0.4304985966796875 0.375348771484375 0.42162648828125 0.3826846904296875 0.4202383271484375 0.38585405078125 0.4227287783203125 0.3880465712890625 0.4294447353515625 0.3884718974609375 0.4402045341796875 0.385650515625 0.4447304111328125 0.3790985498046875
2 0.744096658203125 0.5777267763671875 0.7458012431640625 0.5735189248046875 0.7416202412109375 0.5720330107421875 0.7311163115234375 0.57332273046875 0.7269228251953125 0.57533787109375 0.7262278740234375 0.57692187109375 0.7293371376953125 0.58053865625 0.736899048828125 0.5806098095703125 0.744096658203125 0.5777267763671875
2 0.8103696337890625 0.538603828125 0.8089351435546875 0.5377803232421875 0.7975707578125 0.53567774609375 0.7867219541015625 0.5450053466796875 0.7794213046875 0.55789584375 0.7812312216796875 0.5581742197265624 0.794979091796875 0.5507386650390625 0.8103696337890625 0.538603828125
2 0.777731220703125 0.565850166015625 0.7778518623046875 0.5595887919921875 0.7737171884765625 0.5620957431640625 0.777731220703125 0.565850166015625
2 0.5151834130859375 0.5983372861328125 0.5133131328125 0.5975672890625 0.5100974521484375 0.5967121826171875 0.5071251572265625 0.597826470703125 0.505918466796875 0.602473794921875 0.50747368359375 0.604280541015625 0.511004236328125 0.6040973466796875 0.51522955078125 0.6023286015625 0.5151834130859375 0.5983372861328125
2 0.4781174951171875 0.5858961259765625 0.476503275390625 0.583596017578125 0.473257318359375 0.582494326171875 0.471659150390625 0.583940498046875 0.4708595234375 0.5882875380859375 0.474315296875 0.5911108671875 0.4777868466796875 0.5904343115234375 0.48133317578125 0.5867512314453125 0.4781174951171875 0.5858961259765625
2 0.597910349609375 0.494224681640625 0.5969879794921875 0.4903409541015625 0.5914344013671875 0.4885229638671875 0.5876161513671875 0.4899914248046875 0.5829695478515625 0.4955601494140625 0.586924767578125 0.4988227607421875 0.589173384765625 0.499045697265625 0.59646182421875 0.496902421875 0.597910349609375 0.494224681640625
2 0.5167427470703125 0.6218837001953125 0.515382845703125 0.6180521201171875 0.5138592666015624 0.6164902177734375 0.50833615625 0.6149203642578125 0.500911212890625 0.6195802841796875 0.5128641328125 0.6228605400390625 0.5167427470703125 0.6218837001953125
2 0.645103421875 0.3467490322265625 0.6448012236328124 0.3442878271484375 0.641284896484375 0.3409713271484375 0.637436369140625 0.3421932021484375 0.6371662734375 0.34722455859375 0.63953580859375 0.348432287109375 0.6421916806640625 0.348356490234375 0.645103421875 0.3467490322265625
2 0.626556037109375 0.6009038203125 0.62497054296875 0.59885048828125 0.62181677734375 0.5984868125 0.6148752275390625 0.599839734375 0.61292880859375 0.602078001953125 0.6139863212890625 0.603446826171875 0.617260814453125 0.6047937431640625 0.6246701708984375 0.603635259765625 0.626556037109375 0.6009038203125
2 0.49199143359375 1 0.5004346484375 0.9992039580078125 0.5111019814453125 0.9883983935546875 0.5139691357421875 0.9827994296875 0.517982892578125 0.9793076865234375 0.5259948193359375 0.9758256357421875 0.523262533203125 0.97166353125 0.52406216015625 0.9673164912109375 0.5159134541015625 0.9660690205078125 0.4658268056640625 0.9742165908203125 0.460652220703125 0.9791008076171875 0.4608036904296875 0.9875783515625 0.46238918359375 0.98963168359375 0.4685008291015625 0.9923792158203125 0.4722001787109375 0.9971734892578125 0.4777838427734375 0.9992365146484375 0.491096384765625 1 0.49199143359375 1
2 0.625289404296875 0.94514283984375 0.6251827119140625 0.940658353515625 0.6232503271484375 0.939395375 0.611841439453125 0.9405459072265625 0.6005088818359375 0.9386897255859376 0.572242859375 0.94365902734375 0.560352318359375 0.94811791796875 0.54656149609375 0.9588063916015624 0.545112970703125 0.9614841318359375 0.54725672265625 0.9644685576171875 0.5617606484375 0.9704345048828125 0.5740299921875 0.9726762705078125 0.5916553916015626 0.9715117822265625 0.610185283203125 0.963238765625 0.6146521572265625 0.9561934384765625 0.6203549130859375 0.9519952802734375 0.625289404296875 0.94514283984375
2 0.7409095380859375 0.8195001435546875 0.7389167900390625 0.817745544921875 0.71048498828125 0.8104923828125 0.698637208984375 0.8116968046875 0.69518326171875 0.8161194501953125 0.696315828125 0.82172791796875 0.7020968251953125 0.8290136357421874 0.7082084697265625 0.83176116796875 0.713054146484375 0.8314164970703125 0.7290492744140625 0.8242056201171875 0.739023482421875 0.82223003125 0.7409095380859375 0.8195001435546875
2 0.593728408203125 0.83282382421875 0.59283767578125 0.8291849404296875 0.5879776884765625 0.82578469140625 0.582424111328125 0.823966701171875 0.57276613671875 0.824902248046875 0.5604669814453125 0.8296616142578125 0.559352291015625 0.8350454033203125 0.5614040419921875 0.83729336328125 0.567743021484375 0.8382640087890625 0.582772912109375 0.8376669375 0.593728408203125 0.83282382421875
2 0.66183100390625 0.8122174833984375 0.6630077978515625 0.80732667578125 0.6587662421875 0.80534758984375 0.6535756064453125 0.806485525390625 0.650271111328125 0.812138189453125 0.65054322265625 0.8143543583984375 0.6529127578125 0.8155620869140625 0.6555987158203125 0.8157313251953126 0.66183100390625 0.8122174833984375
2 0.6188631728515624 0.7915058134765625 0.619254375 0.787460798828125 0.6121772177734375 0.7840809072265625 0.60698503125 0.7852190341796875 0.604570994140625 0.7872644140625 0.6073939208984375 0.792164724609375 0.6124193271484375 0.79329665625 0.6168261123046875 0.793005875 0.6188631728515624 0.7915058134765625
2 0.7005916357421875 0.769727033203125 0.7001987978515625 0.766527623046875 0.696833474609375 0.76444094921875 0.6914613671875 0.764100921875 0.6886402666015625 0.7664465869140625 0.6851705419921875 0.7743691181640625 0.6888220126953125 0.7751707158203125 0.695326220703125 0.7738714931640625 0.7005916357421875 0.769727033203125
2 0.7701934765625 0.77942165234375 0.769272658203125 0.775537734375 0.7556291875 0.772964083984375 0.7481133291015625 0.7696396318359375 0.7437987353515625 0.7706684296875 0.7435270888671875 0.7756999765625 0.7463199296875 0.7803552529296875 0.7483124873046875 0.7821082998046875 0.75757944921875 0.785219318359375 0.7619256806640625 0.784435365234375 0.7701934765625 0.77942165234375
2 0.5300566572265625 0.8171541591796875 0.52948234765625 0.81247678515625 0.5245475810546875 0.8120830595703125 0.519915013671875 0.8141505380859375 0.5212749140625 0.8179821181640625 0.524986748046875 0.8192753359375 0.5300566572265625 0.8171541591796875
2 0.7087001826171875 0.879178119140625 0.7097719208984375 0.8770472490234374 0.7056815595703125 0.876299541015625 0.6960538623046875 0.8774816728515625 0.692326251953125 0.87968833984375 0.69537515234375 0.8828135048828125 0.7015932138671875 0.8827993583984375 0.7087001826171875 0.879178119140625
2 0.8088432890625 0.8698810078125 0.8071064111328125 0.8665947470703125 0.80253412109375 0.8619092314453125 0.797311658203125 0.8628007724609374 0.79489762109375 0.8648461533203124 0.792529912109375 0.870884400390625 0.7939183486328125 0.874961205078125 0.79797843359375 0.875462328125 0.807047873046875 0.8733491025390625 0.8088432890625 0.8698810078125
2 0.7620389013671875 0.91560711328125 0.761329640625 0.913446193359375 0.757616255859375 0.912153166015625 0.7496185546875 0.912135521484375 0.729442423828125 0.9178604833984375 0.724553986328125 0.9214596240234375 0.724751318359375 0.9266823173828125 0.727558384765625 0.9278378974609375 0.73508846875 0.9276626552734375 0.7459994619140625 0.926072650390625 0.759548724609375 0.9206607587890625 0.7620389013671875 0.91560711328125
0 0.517760203125 1 0.933605068359375 0.9489406708984375 0.9325722822265625 0.9441448505859374 0.9234241357421875 0.9275264833984375 0.9220499248046875 0.9199499833984375 0.9192268076171874 0.9150481220703125 0.90362078125 0.9037218447265625 0.8988049169921875 0.897065384765625 0.898790416015625 0.8933189130859375 0.8957401552734375 0.890195490234375 0.8947587822265625 0.885818400390625 0.8873778759765625 0.8799774951171875 0.858970408203125 0.8439852763671875 0.8503983974609375 0.8392902578125 0.844752353515625 0.8294880859375 0.8314554990234375 0.818877916015625 0.8280741240234375 0.8130449619140625 0.8205422138671875 0.805974228515625 0.8104750751953125 0.7927179189453125 0.7925596865234374 0.7806739814453125 0.7802440146484375 0.7744393505859375 0.75046836328125 0.7671008896484375 0.7431782880859376 0.761999740234375 0.7278903203125 0.756879396484375 0.68664541796875 0.75019984765625 0.6738928701171875 0.751266630859375 0.666981408203125 0.7528645869140626 0.66280195703125 0.751378482421875 0.65843994921875 0.7556623203125 0.657853240234375 0.7617306171875 0.6538394833984374 0.7652223603515625 0.64430242578125 0.76714269921875 0.6355211494140625 0.775218375 0.630390876953125 0.776847931640625 0.6275682255859375 0.779193787109375 0.61794052734375 0.780375919921875 0.6068641142578125 0.7842342421875 0.5993179794921875 0.7806632041015625 0.594866416015625 0.7769609296875 0.5858414794921875 0.7758210458984375 0.5793513056640625 0.7736190234375 0.5705092001953125 0.7739553623046875 0.5620583818359375 0.7774913017578124 0.5258891396484375 0.7976746669921875 0.48703421484375 0.8249349599609375 0.4555156943359375 0.8612892685546875 0.446192294921875 0.8794247470703125 0.4332160654296875 0.8967603681640625 0.427513775390625 0.9082062431640625 0.425450365234375 0.9311978359375 0.42168026953125 0.943905138671875 0.4241908896484375 0.9715836064453125 0.421867767578125 0.981613359375 0.425460701171875 0.9891693115234375 0.426352283203125 1 0.517760203125 1
2 0.94349692578125 0.682179572265625 0.94391995703125 0.678380953125 0.9410207001953125 0.6764873564453125 0.9331439150390625 0.67745450390625 0.9295975859375 0.681137583984375 0.9323300634765626 0.6853012392578125 0.935076384765625 0.68596209765625 0.941113166015625 0.6844715380859375 0.94349692578125 0.682179572265625
2 0.973030658203125 0.680303833984375 0.971384611328125 0.6777573310546875 0.968607822265625 0.6768483359375 0.9633566328125 0.6774931005859375 0.961561216796875 0.6809611953125 0.962617369140625 0.6823317607421875 0.965424244140625 0.683485791015625 0.97061662109375 0.68234921484375 0.973030658203125 0.680303833984375
2 0.89959816796875 0.682823345703125 0.899612203125 0.6793221005859374 0.8977102861328125 0.6783072587890625 0.8938617587890625 0.6795291337890625 0.8924751474609375 0.6826983046875 0.8944360673828124 0.6842065078125 0.89959816796875 0.682823345703125
0 1 0.55833115234375 0.9557757919921875 0.5614803564453125 0.93493490234375 0.5617912890625 0.8773927587890625 0.5671060283203125 0.849142703125 0.5685769951171875 0.802285958984375 0.5740799765625 0.756502970703125 0.5846996142578125 0.7385453720703125 0.590402478515625 0.729762078125 0.5912306279296875 0.7137065869140625 0.597949884765625 0.6948440302734376 0.603513560546875 0.6695824052734375 0.6148611357421875 0.6495897626953125 0.629311587890625 0.641366552734375 0.6383168056640625 0.6356335205078125 0.64226837890625 0.629614806640625 0.654752744140625 0.6326637919921875 0.6651225244140625 0.6370421259765625 0.6718311318359375 0.649297244140625 0.677572591796875 0.672748142578125 0.680440712890625 0.6802339140625 0.6835201298828125 0.6879874736328125 0.6923960556640625 0.68837041015625 0.695514822265625 0.6822750908203125 0.703759736328125 0.681839576171875 0.71105941015625 0.672453712890625 0.7142111259765626 0.668091705078125 0.71849496484375 0.6681077568359375 0.7222412451171875 0.67084004296875 0.726403349609375 0.6761375615234375 0.729751451171875 0.6843784580078125 0.7317369375 0.7095217314453125 0.741144427734375 0.7242654755859375 0.74183243359375 0.728914095703125 0.7435112353515625 0.7401560126953125 0.7446292109375 0.7729337705078125 0.7438522529296875 0.8001280556640625 0.7410138212890625 0.837431689453125 0.7336848984375 0.849745345703125 0.73267200390625 0.8735729453125 0.7277486396484375 0.9074809794921875 0.7180864560546875 0.9398500390625 0.7103653583984375 1 0.70260153125 1 0.55833115234375
2 0.42454059375 0.5619894990234375 0.4229851865234375 0.560181201171875 0.415424826171875 0.5601098583984375 0.4149734501953125 0.563664802734375 0.4233782158203125 0.5633821630859375 0.42454059375 0.5619894990234375
2 0.2043910478515625 0.8131614892578125 0.2023998515625 0.8114067001953125 0.1940238125 0.8119361162109375 0.1908560107421875 0.8150736865234375 0.190930875 0.8193117783203125 0.19550471484375 0.823997103515625 0.200695541015625 0.8228607177734375 0.2046792109375 0.819123939453125 0.2043910478515625 0.8131614892578125
2 0.0956031318359375 0.7448083447265625 0.0937310263671875 0.7367923720703125 0.091526720703125 0.733314775390625 0.0860036103515625 0.731744921875 0.0736594873046875 0.7325096806640625 0.071123171875 0.733572009765625 0.0665972958984375 0.7401239755859375 0.0684408662109375 0.74789472265625 0.0763637880859375 0.750918890625 0.08564478515625 0.7505286630859375 0.092556248046875 0.74893070703125 0.0956031318359375 0.7448083447265625
0 0.5765902568359375 0.68600085546875 0.5756979736328125 0.6823621630859374 0.5671099111328125 0.6739208642578125 0.5435504951171874 0.65932228125 0.531325654296875 0.6538274072265625 0.51818162890625 0.6516930390625 0.509819625 0.648721208984375 0.5044172412109375 0.6481345966796875 0.4945619345703125 0.6438474501953125 0.452426298828125 0.6335290185546875 0.4407757666015625 0.632711517578125 0.4243715595703125 0.63297515234375 0.42058513671875 0.6346900087890625 0.41223918359375 0.6354644599609375 0.3892258173828125 0.63254419140625 0.380819310546875 0.632825470703125 0.3254958876953125 0.638119662109375 0.275124642578125 0.6475521181640626 0.2434652265625 0.6574372373046875 0.2151101142578125 0.6616681435546875 0.2030080166015625 0.6644040361328125 0.1936809658203125 0.6680475634765625 0.18111125 0.670590568359375 0.08584647265625 0.7015279013671875 0.0772607021484375 0.707580294921875 0.0558028271484375 0.713712939453125 0.04581439453125 0.71918822265625 0.0305427529296875 0.72506032421875 0.0282037705078125 0.73134534765625 0.028326513671875 0.7395761142578124 0.0273121357421875 0.7401996962890625 0.0277051640625 0.743400658203125 0.0289008232421875 0.74425348828125 0.031091177734375 0.7584769453125 0.033237220703125 0.7759550634765625 0.0331626318359375 0.7789631376953124 0.03214825390625 0.7795867197265625 0.0326319228515625 0.78352588671875 0.03376702734375 0.7838855458984375 0.0396147958984375 0.827896244140625 0.040809552734375 0.841242306640625 0.039795365234375 0.841867439453125 0.0402790341796875 0.845806607421875 0.0455205517578125 0.8506602548828125 0.05345769921875 0.850184728515625 0.0591925576171875 0.853479130859375 0.065622177734375 0.855187982421875 0.0884845400390625 0.856878423828125 0.0922885654296875 0.858909658203125 0.121127345703125 0.858617919921875 0.126318171875 0.8574815341796875 0.142903470703125 0.8586927607421875 0.1767228798828125 0.8555398984375 0.1816879228515625 0.8561802099609375 0.1840877353515625 0.8576345234375 0.1987711162109375 0.857830908203125 0.226688697265625 0.8536521513671875 0.256371607421875 0.8457602646484375 0.3009191796875 0.8395411748046875 0.3385996005859375 0.8316653818359375 0.37857333203125 0.820760966796875 0.396049087890625 0.81836491015625 0.429866671875 0.807966072265625 0.460484626953125 0.8004584091796875 0.4799798408203125 0.792816201171875 0.48658910546875 0.788757041015625 0.48769112109375 0.786872755859375 0.501679275390625 0.7814069755859375 0.5119555966796875 0.7746479765625 0.522473751953125 0.769858560546875 0.527331912109375 0.7660128349609375 0.5378485166015625 0.761223609375 0.545122265625 0.7553323125 0.55263648828125 0.75141233984375 0.5539640966796875 0.7477498076171875 0.553373736328125 0.7393261533203125 0.56725309765625 0.7148837451171876 0.566332087890625 0.7109982763671875 0.5627251201171874 0.7069435693359375 0.559509630859375 0.706090013671875 0.5538814638671875 0.7072800986328125 0.5511349521484376 0.7066176884765625 0.5468472578125 0.700647287109375 0.5611232998046874 0.693897791015625 0.562948802734375 0.6906747314453126 0.5753976015625 0.68714693359375 0.5765902568359375 0.68600085546875
2 0.686236802734375 0.750500322265625 0.6839879951171876 0.750275833984375 0.6761717646484375 0.7517361533203125 0.6771086357421875 0.7593663515625 0.683205970703125 0.7583689638671876 0.684834416015625 0.7571693779296875 0.686236802734375 0.750500322265625
2 0.44454830078125 0.967335056640625 0.4414677626953125 0.9639650478515625 0.4373486748046875 0.9629705634765625 0.430814189453125 0.9640232001953125 0.4293051103515625 0.96620776953125 0.4303771240234375 0.971323064453125 0.4421184873046875 0.972880322265625 0.4475970107421875 0.9704586708984375 0.4491045380859375 0.9682742919921875 0.44454830078125 0.967335056640625
2 0.2687235478515625 0.8052624521484375 0.2688727255859375 0.7992463037109375 0.2667608017578125 0.7965082734375 0.26351484375 0.7954065810546875 0.2581287021484375 0.79856780078125 0.260756123046875 0.8054913935546875 0.2640909794921875 0.8073299306640624 0.2687235478515625 0.8052624521484375
2 0.3396956728515625 0.8007954541015625 0.337626509765625 0.794802955078125 0.3333261416015625 0.7923320576171875 0.3271686337890625 0.792839375 0.317119646484375 0.7978214873046875 0.315610376953125 0.8000045048828125 0.32056166015625 0.811392228515625 0.329752017578125 0.8102637939453124 0.336361091796875 0.8062030830078125 0.3396956728515625 0.8007954541015625
2 0.448028408203125 0.9414193291015625 0.4469421689453125 0.939803728515625 0.441795845703125 0.9376870048828125 0.437886955078125 0.938417259765625 0.4361821796875 0.9426235595703125 0.4400166708984375 0.9449029306640625 0.4467929912109375 0.945819876953125 0.448028408203125 0.9414193291015625
0 1 0.480735021484375 0.9950755771484375 0.4549547041015625 0.9803562138671875 0.450465078125 0.9819345537109375 0.4376774091796875 0.9953209716796875 0.4313110615234375 0.981039408203125 0.3149970595703125 0.9725234580078125 0.30974575 0.9010762421875 0.2791625126953125 0.8352062041015625 0.26835952734375 0.708036228515625 0.283974037109375 0.6898068291015625 0.2893607939453125 0.6655369521484376 0.3096573349609375 0.6736445732421875 0.324404185546875 0.7976283974609375 0.43669384765625 0.8165645068359375 0.462705 0.8225225263671875 0.485586958984375 0.81765205859375 0.4972046162109375 0.84494118359375 0.5143189755859375 0.873427806640625 0.5155439609375 0.9151104267578125 0.508851744140625 0.98138879296875 0.5101591884765625 1 0.5026656748046875 1 0.480735021484375
0 0.511598111328125 0.158541365234375 0.598960203125 0.2674564404296875 0.65664016015625 0.3013043193359375 0.7028124052734375 0.2798927392578125 0.8131134150390625 0.2679237119140625 0.9684716318359375 0.2126407373046875 0.9640919521484375 0.1769711103515625 0.93721115625 0.150361208984375 0.93685780078125 0.1346622548828125 0.927008904296875 0.1185549716796875 0.934028974609375 0.0988022060546875 0.954190068359375 0.0963267353515625 0.950572072265625 0.066860521484375 0.943797396484375 0.06296964453125 0.9067948232421875 0.0564933505859375 0.83004132421875 0.05962055859375 0.6470406279296875 0.08209021875 0.564600005859375 0.115826166015625 0.511598111328125 0.158541365234375
0 0.3306920439453125 0.198070412109375 0.3283520205078125 0.2046546669921875 0.300627080078125 0.209633095703125 0.293444076171875 0.215237759765625 0.295130376953125 0.2417926884765625 0.274969283203125 0.2442681591796875 0.259433263671875 0.258769615234375 0.239272169921875 0.2612450869140625 0.2129351494140625 0.2518849931640625 0.1726129619140625 0.256835935546875 0.1318824462890625 0.27128241796875 0.0580402333984375 0.272477931640625 0.0363007998046875 0.2877410712890625 0.0366541552734375 0.303440025390625 0.0240569072265625 0.3034125390625 0.0383954296875 0.3048004580078125 0.0426396611328125 0.313724736328125 0.0933545205078125 0.342130884765625 0.1779702470703125 0.3773941689453125 0.2568183740234375 0.39132634765625 0.332156466796875 0.4151349091796875 0.317111234375 0.38234908203125 0.3337642783203125 0.3000184052734375 0.3534090830078125 0.26769587890625 0.4214032216796875 0.193229416015625 0.3861419228515625 0.1881135546875 0.3473705888671875 0.192874076171875 0.3306920439453125 0.198070412109375
0 0.230404849609375 0.1505632353515625 0.213184513671875 0.04877817578125 0.207988177734375 0.032099630859375 0.0373943076171875 0.053045923828125 0.0425906435546875 0.0697244697265625 0.039271029296875 0.081151705078125 0.1312326943359375 0.1249584267578125 0.207087076171875 0.1786140439453125 0.224146462890625 0.1765194140625 0.230404849609375 0.1505632353515625
0 0.2797082734375 0.026441978515625 0.265369751953125 0.0250540595703125 0.225047564453125 0.0300050009765625 0.221537529296875 0.0398813837890625 0.22752303515625 0.0501660947265625 0.23546573828125 0.140496431640625 0.2633555966796875 0.0599345166015625 0.28046995703125 0.0326453916015625 0.2797082734375 0.026441978515625
0 0.30060425390625 1 0.279197634765625 0.971045138671875 0.228129419921875 0.92694003515625 0.1959698271484375 0.92144333203125 0.163727775390625 0.9537383720703125 0.1370903876953125 0.9932164169921875 0.13539433203125 1 0.30060425390625 1
0 1 0.9001722607421875 0.96461984765625 0.9120736181640625 0.9386086953125 0.9310097275390625 0.9383907880859375 0.9420561220703125 0.942254177734375 0.947878693359375 1 0.9407883984375 1 0.9001722607421875
2 0.8147977314453125 0.3842102275390625 0.8334354580078125 0.3693279296875 0.832483353515625 0.3615736630859375 0.8068805302734375 0.37101423046875 0.80685304296875 0.383611478515625 0.8147977314453125 0.3842102275390625
2 0.8013838271484375 0.4031738232421875 0.81438940234375 0.3937057685546875 0.8132468779296875 0.3844006484375 0.8037513369140625 0.3839923203125 0.7647620947265625 0.399799236328125 0.778311447265625 0.4075809892578125 0.8013838271484375 0.4031738232421875
2 0.9403343935546875 0.4065778818359375 0.9530945751953125 0.4207534697265625 0.9656918232421875 0.4207809560546875 0.9726844072265625 0.4136254384765625 0.965746796875 0.3955864609375 0.9450144404296875 0.3934093720703125 0.940933142578125 0.3986331943359375 0.9403343935546875 0.4065778818359375
2 0.917723330078125 0.466026599609375 0.929531408203125 0.472447919921875 0.9483320693359375 0.4717137236328125 0.9543450615234375 0.4694011865234375 0.94971998828125 0.457375201171875 0.92588592578125 0.4555789541015625 0.9183220791015625 0.458081912109375 0.917723330078125 0.466026599609375
2 0.852532515625 0.4992187705078125 0.880447876953125 0.4957911953125 0.91285286328125 0.4776442568359375 0.9091798935546875 0.4733725380859375 0.8442344736328125 0.4829210673828125 0.8440165654296875 0.4939674609375 0.852532515625 0.4992187705078125
2 0.8190674638671875 0.470268845703125 0.833405986328125 0.471656765625 0.8435002763671875 0.46412040625 0.8419769091796875 0.4517135791015625 0.81193943359375 0.4506790146484375 0.8115311044921875 0.4601745556640625 0.8190674638671875 0.470268845703125
2 0.92893464453125 0.3906610205078125 0.934185953125 0.3821450703125 0.9283908681640625 0.373411212890625 0.907631025390625 0.38383137109375 0.9089639716796875 0.3946873447265625 0.92893464453125 0.3906610205078125
2 0.747404326171875 0.3610004150390625 0.7472413916015626 0.346852314453125 0.73037242578125 0.350497796875 0.72996409765625 0.359993337890625 0.747404326171875 0.3610004150390625
2 0.7342907890625 0.331125873046875 0.73586912890625 0.318338205078125 0.7188097421875 0.320432833984375 0.7185918349609375 0.331479228515625 0.7342907890625 0.331125873046875
2 0.7871827373046875 0.3387996650390625 0.797086607421875 0.329712453125 0.793223216796875 0.323889880859375 0.7748033974609375 0.3277257841796875 0.7724633740234375 0.3343100400390625 0.7871827373046875 0.3387996650390625
2 0.7931132705078126 0.3742788720703125 0.7776047373046875 0.376183080078125 0.7938749541015625 0.38048228515625 0.7931132705078126 0.3742788720703125
2 0.9814732373046875 0.3826358583984375 0.9743177197265624 0.3756432744140625 0.96539344140625 0.3798875068359375 0.9647946923828125 0.3878321943359375 0.9814732373046875 0.3826358583984375
2 0.7147559306640625 0.3130594091796875 0.7107021201171875 0.3056859833984375 0.69421399609375 0.3124331728515625 0.7091237802734375 0.31847365234375 0.7147559306640625 0.3130594091796875
2 0.63841274609375 0.21695948828125 0.64594910546875 0.2270537783203125 0.6666814619140625 0.2292308671875 0.6812378916015625 0.219572392578125 0.6867345947265625 0.1874127998046875 0.6692943662109375 0.18640572265625 0.6531870830078125 0.196254619140625 0.63841274609375 0.21695948828125
2 0.7841105029296875 0.236851671875 0.78432841015625 0.22580527734375 0.777934576171875 0.225016107421875 0.7624260419921876 0.22692031640625 0.7544538681640625 0.238918814453125 0.7841105029296875 0.236851671875
2 0.85210265625 0.252116796875 0.84959969921875 0.2445529501953125 0.830989458984375 0.2468380009765625 0.8259285703125 0.2569048046875 0.85210265625 0.252116796875
2 0.8671223876953125 0.20776828515625 0.87566582421875 0.2004223466796875 0.8735437080078124 0.19596020703125 0.859014765625 0.1930214345703125 0.85433471875 0.2061899453125 0.8671223876953125 0.20776828515625
2 0.8039202265625 0.1289456591796875 0.7961659599609375 0.1298977626953125 0.7899350595703125 0.1432566943359375 0.801171875 0.145025455078125 0.8039202265625 0.1289456591796875
2 0.898086466796875 0.139422775390625 0.8998552275390626 0.1281859609375 0.88706755859375 0.1266076201171875 0.8835575234375 0.1364840029296875 0.898086466796875 0.139422775390625
2 0.7088293681640625 0.09811702734375 0.711387298828125 0.0804863779296875 0.7063538974609375 0.07795593359375 0.684451529296875 0.0790709716796875 0.68401571484375 0.1011637607421875 0.7088293681640625 0.09811702734375
2 0.682818216796875 0.1170531357421875 0.68360738671875 0.1106593017578125 0.677023130859375 0.1083192783203125 0.6646163046875 0.1098426455078125 0.664398396484375 0.1208890400390625 0.682818216796875 0.1170531357421875
2 0.6469031953125 0.1450764580078125 0.6391764150390625 0.133431314453125 0.624429564453125 0.1415389365234375 0.6337071982421875 0.1529936591796875 0.6469031953125 0.1450764580078125
2 0.9314710439453125 0.11643285546875 0.9431161875 0.1087060751953125 0.940803650390625 0.1026930830078125 0.9179491787109375 0.0960538544921875 0.9121266064453125 0.0999172451171875 0.9314710439453125 0.11643285546875
2 0.513745728515625 0.24013784375 0.5325463896484375 0.2394036474609375 0.5341247294921875 0.226615978515625 0.5182353544921875 0.22541848046875 0.5096919169921875 0.2327644189453125 0.513745728515625 0.24013784375
2 0.506509736328125 0.181205416015625 0.50846891796875 0.1715194541015625 0.5003338095703125 0.1693698515625 0.4921712138671875 0.1798174970703125 0.506509736328125 0.181205416015625
2 0.4768236298828125 0.28560139453125 0.4690693623046875 0.2865534990234375 0.4636276328125 0.293518595703125 0.4752452900390625 0.2983890625 0.4768236298828125 0.28560139453125
2 0.349600666015625 0.2366788115234375 0.357953681640625 0.22778201953125 0.35681115625 0.2184768994140625 0.3345004609375 0.2290874794921875 0.325167853515625 0.242827251953125 0.349600666015625 0.2366788115234375
2 0.1963645654296875 0.29642392578125 0.20452716015625 0.2859762802734375 0.1446426279296875 0.285458005859375 0.1351196005859375 0.29764692578125 0.1963645654296875 0.29642392578125
2 0.202675939453125 0.3350048388671875 0.203465109375 0.3286110048828125 0.1968808544921875 0.3262709814453125 0.1707067685546875 0.3310589892578125 0.1640950263671875 0.3413162138671875 0.202675939453125 0.3350048388671875
2 0.10850969921875 0.3245277216796875 0.134493365234375 0.318188861328125 0.134901693359375 0.3086933203125 0.1248348896484375 0.303632431640625 0.1075575947265625 0.316773455078125 0.10850969921875 0.3245277216796875
2 0.1517216416015625 0.0610475703125 0.1656793212890625 0.0593337822265625 0.1769436240234375 0.0485052958984375 0.172508970703125 0.0380301640625 0.1350980693359375 0.04104941015625 0.136050173828125 0.048803677734375 0.1517216416015625 0.0610475703125
2 0.210491134765625 0.0396634765625 0.1943838525390625 0.049512373046875 0.2117965947265625 0.0631166982421875 0.210491134765625 0.0396634765625
2 0.2281197998046875 0.1319529951171875 0.2341327919921875 0.1296404580078125 0.2318477421875 0.1110302177734375 0.2217809384765625 0.1059693291015625 0.21846132421875 0.1173965654296875 0.2281197998046875 0.1319529951171875
2 1 0.906155248046875 0.9830396669921875 0.90823771484375 0.9775704501953125 0.9278000595703125 0.9874468330078126 0.9313100947265625 1 0.9279159140625 1 0.906155248046875
2 0.2981395283203125 1 0.2962020478515625 0.9941450048828125 0.283223958984375 0.9910158115234375 0.27933308203125 0.9977904873046874 0.28354244921875 1 0.2981395283203125 1
2 0.2070692099609375 0.98619833203125 0.202634556640625 0.9757232001953124 0.189438560546875 0.9836404013671874 0.1952336455078125 0.9923742587890625 0.2070692099609375 0.98619833203125
2 0.22820989453125 0.9788798798828126 0.236943751953125 0.973084794921875 0.236182068359375 0.966881380859375 0.2170005654296875 0.96451387109375 0.2123205185546875 0.9776823818359375 0.22820989453125 0.9788798798828126
2 0.1552873837890625 1 0.155129365234375 0.986278806640625 0.1454434033203125 0.984319625 0.1394029248046875 0.9992294091796875 0.1496277490234375 1 0.1552873837890625 1
2 0.2660175185546875 0.261109638671875 0.2873486240234375 0.2553420400390625 0.28639651953125 0.2475877734375 0.2778805693359375 0.2423364638671875 0.2691467119140625 0.2481315498046875 0.2660175185546875 0.261109638671875
0 0.10210991015625 0.592933314453125 0.1126125283203125 0.5759014140625 0.113238763671875 0.5553594794921874 0.122761791015625 0.5431705595703125 0.0995539638671875 0.520832376953125 0.07359778515625 0.514573990234375 0.02299088671875 0.5255104384765625 0.0029927275390625 0.5421340107421875 0.0226060751953125 0.7018719072265625 0.09122446484375 0.696595095703125 0.1637612177734375 0.671946361328125 0.1789163955078125 0.65434319921875 0.177039673828125 0.6262374169921875 0.14417337109375 0.5893428056640625 0.1301882041015625 0.6036538408203125 0.10210991015625 0.592933314453125
2 0.07906303125 0.6744748212890626 0.1032779365234375 0.6793727744140625 0.1423941884765625 0.6646002783203125 0.113399712890625 0.65923916796875 0.0882327041015625 0.646586947265625 0.07076498828125 0.6581771171875 0.07906303125 0.6744748212890626
2 0.0795263330078125 0.6397847841796875 0.140989205078125 0.627515390625 0.1396562587890625 0.6166594169921875 0.1111696357421875 0.615434431640625 0.0838255380859375 0.6235145673828125 0.0795263330078125 0.6397847841796875
2 0.1122316865234375 0.5727997080078125 0.117102154296875 0.56118205078125 0.1130483427734375 0.5538086259765626 0.10374322265625 0.554951150390625 0.09732190234375 0.566759228515625 0.1122316865234375 0.5727997080078125
2 0.0402661962890625 0.602101001953125 0.0412732734375 0.5846607734375 0.0211121796875 0.587136244140625 0.0193434189453125 0.5983730595703125 0.0402661962890625 0.602101001953125