2 0.6608471552734375 0.6201342919921875 0.6577723125 0.6124675478515625 0.6524619853515625 0.609540302734375 0.6397154970703125 0.61108 0.632727849609375 0.616452908203125 0.630446162109375 0.6220740107421875 0.6305039609375 0.63046509765625 0.63207019921875 0.6384955732421875 0.6353065478515625 0.643080609375 0.646227234375 0.64321014453125 0.6602645 0.6359989775390625 0.6617111337890625 0.632100595703125 0.66194190234375 0.627697263671875 0.6608471552734375 0.6201342919921875
2 0.6422393671875 0.7335142568359375 0.64472294921875 0.728787759765625 0.644572908203125 0.7221567568359375 0.64122117578125 0.71977338671875 0.635587837890625 0.72300955859375 0.63298887109375 0.7299377216796875 0.63395082421875 0.7352875849609375 0.638137611328125 0.7359482353515625 0.6422393671875 0.7335142568359375
2 0.558374640625 0.670396427734375 0.5595962373046875 0.6660450224609376 0.559643787109375 0.6461796611328126 0.5569020732421875 0.6416205478515625 0.5523706435546875 0.6285780166015625 0.5426946953125 0.62365549609375 0.537694353515625 0.624277462890625 0.534468041015625 0.62896503515625 0.5342603330078125 0.632928345703125 0.5310744912109375 0.6415906708984375 0.530595625 0.6459810009765625 0.5317826142578125 0.6517838876953125 0.5460709326171875 0.6776984462890625 0.55102351171875 0.677958 0.555914119140625 0.6746829033203126 0.558374640625 0.670396427734375
2 0.52857651953125 0.7650869970703125 0.530989359375 0.7616804814453125 0.532643619140625 0.753820349609375 0.531497017578125 0.751993775390625 0.5269467490234375 0.7535217890625 0.5228853818359375 0.7599320810546875 0.5220907978515625 0.7656295537109375 0.52501716015625 0.7666653779296875 0.52857651953125 0.7650869970703125
2 0.4452497548828125 0.6679992060546875 0.450675384765625 0.6687263447265624 0.4540559921875 0.6658117783203125 0.455819904296875 0.6606063349609375 0.45553141796875 0.65661701953125 0.4544094384765625 0.6543505068359375 0.450694224609375 0.6541557998046875 0.4452381591796875 0.658726515625 0.4434988681640625 0.66349201953125 0.4452497548828125 0.6679992060546875
2 0.498443775390625 0.785583373046875 0.502707037109375 0.780067685546875 0.5036574765625 0.7761432998046875 0.5005077197265625 0.774652974609375 0.4967232421875 0.7757798916015625 0.4931103876953125 0.7830961494140625 0.49346813671875 0.7857638408203125 0.4956270654296875 0.7872022392578125 0.498443775390625 0.785583373046875
2 0.5184333369140625 0.5605711748046875 0.513904568359375 0.5616590859375 0.5137200029296874 0.5651808154296875 0.515672783203125 0.5705826064453124 0.5175621962890625 0.572446544921875 0.5211908193359375 0.5695465400390625 0.5211273701171875 0.566010248046875 0.5184333369140625 0.5605711748046875
2 0.590274134765625 0.729906849609375 0.5912706953125 0.725102421875 0.5901702158203125 0.7223958046875 0.58798814453125 0.72139898828125 0.5845599375 0.725191955078125 0.5843291689453125 0.729595287109375 0.5859473427734375 0.7318878056640625 0.587388162109375 0.73284733984375 0.590274134765625 0.729906849609375
2 0.597643890625 0.688790892578125 0.5940383291015625 0.6912508759765625 0.59369217578125 0.6978558740234375 0.595960837890625 0.7019474013671875 0.600039533203125 0.6999534443359375 0.6015322880859375 0.69517501953125 0.600275953125 0.69069531640625 0.597643890625 0.688790892578125
2 0.6256449375 0.66155966015625 0.627401638671875 0.6612089306640625 0.6290732265625 0.6577651328125 0.62712036328125 0.6523649013671875 0.6258599384765625 0.6527400751953125 0.6244364482421875 0.656196875 0.6256449375 0.66155966015625
2 0.5875366630859375 0.45513701953125 0.5867478115234375 0.45597813671875 0.587013236328125 0.4604074736328125 0.5856993154296875 0.4665205234375 0.5859170595703125 0.4718298203125 0.5878467802734375 0.4776716328125 0.5934671748046875 0.4841465302734375 0.5968665888671875 0.485649939453125 0.600385640625 0.480093685546875 0.60054284375 0.462883013671875 0.598543859375 0.4583628251953125 0.5950132119140625 0.4546463896484375 0.5875366630859375 0.45513701953125
2 0.59256573046875 0.52030515625 0.594524326171875 0.52084903125 0.596102111328125 0.519165236328125 0.5956132099609375 0.5142829580078125 0.5920769111328125 0.5154213173828125 0.5913976298828125 0.5189186845703125 0.59256573046875 0.52030515625
2 0.498084734375 0.4654602392578125 0.49787272265625 0.4552945869140625 0.496928015625 0.4543626181640625 0.4951483369140625 0.45515180859375 0.494467494140625 0.45864909375 0.49203167578125 0.4624940693359375 0.4942771962890625 0.4670271787109375 0.49616652734375 0.468892677734375 0.498084734375 0.4654602392578125
2 0.4492778984375 0.439503126953125 0.4539593193359375 0.44018969921875 0.4555443974609375 0.4336496298828125 0.454397796875 0.4318230556640625 0.4499167919921875 0.4320294462890625 0.448494779296875 0.435487888671875 0.4492778984375 0.439503126953125
2 0.659143888671875 0.33040746484375 0.6599644892578125 0.3573826923828125 0.6606553662109375 0.3631580146484375 0.6634605302734375 0.3712534208984375 0.6676185244140626 0.377210447265625 0.6739484716796875 0.3748932421875 0.679564482421875 0.3672407373046875 0.6797721904296875 0.36327742578125 0.6744128681640625 0.3281159404296875 0.6679170302734375 0.3193874501953125 0.6637518251953125 0.31828513671875 0.659143888671875 0.33040746484375
2 0.6890991572265625 0.554945423828125 0.6834831474609375 0.5625979296875 0.6835004755859375 0.567014263671875 0.6884819775390625 0.5809628408203125 0.688947818359375 0.586285140625 0.69259376953125 0.587801470703125 0.6953585439453125 0.5919205625 0.703352869140625 0.5910142734375 0.706469529296875 0.5836720126953125 0.706230154296875 0.55981741796875 0.7025033447265625 0.550350021484375 0.698045400390625 0.550116390625 0.6890991572265625 0.554945423828125
2 0.739401669921875 0.6282253564453125 0.737143125 0.6334048759765625 0.7368200322265624 0.639569853515625 0.7402222705078125 0.655200583984375 0.747918123046875 0.6600193330078125 0.7518568134765625 0.66066698046875 0.7575362724609375 0.6565507666015625 0.7584405908203125 0.6535064228515625 0.757951689453125 0.6486241455078126 0.7473728525390625 0.6277606484375 0.74521236328125 0.6263221689453125 0.739401669921875 0.6282253564453125
2 0.7994247275390625 0.492291365234375 0.809839103515625 0.48312384765625 0.816222546875 0.4750687666015625 0.817109455078125 0.4676096494140625 0.8150715615234375 0.4591147900390625 0.8154869775390625 0.45118816796875 0.8062955458984375 0.437020521484375 0.8023784384765625 0.4359312109375 0.7931799267578125 0.4456036787109375 0.784348986328125 0.44823260546875 0.7800395224609376 0.4546298955078125 0.77874301171875 0.4651577197265625 0.7801939482421875 0.47538830078125 0.78738058203125 0.4898936748046875 0.791407341796875 0.4936376748046875 0.7958422265625 0.4943113271484375 0.7994247275390625 0.492291365234375
2 0.82019300390625 0.380349880859375 0.8247893935546875 0.37794182421875 0.8267075185546875 0.374510947265625 0.82686910546875 0.3714276787109375 0.8216914912109375 0.3707151015625 0.8197732841796875 0.3741475390625 0.82019300390625 0.380349880859375
2 0.7377171123046875 0.3049425830078125 0.7424923349609375 0.30386915234375 0.743038904296875 0.2981571171875 0.7399813896484375 0.29490670703125 0.73795361328125 0.2956828955078125 0.736214322265625 0.3004483984375 0.7377171123046875 0.3049425830078125
2 0.70890834375 0.2054156376953125 0.7049219716796875 0.2056479501953125 0.70286540234375 0.211720515625 0.706372908203125 0.2158785322265625 0.7083315029296875 0.2164224072265625 0.7097073125 0.213845568359375 0.7100072626953124 0.2081221728515625 0.70890834375 0.2054156376953125
2 0.8588074990234374 0.1695600517578125 0.858478673828125 0.180581384765625 0.860222267578125 0.1899448447265625 0.862019357421875 0.193570427734375 0.8662364970703125 0.188934783203125 0.871069388671875 0.1772670390625 0.8712770966796874 0.173303728515625 0.8678230048828125 0.1634093955078125 0.864740869140625 0.1605989248046875 0.86323234765625 0.1609610966796875 0.8588074990234374 0.1695600517578125
2 0.874990830078125 0.334655154296875 0.8763090537109375 0.3426710673828125 0.88090974609375 0.354391974609375 0.8846422880859375 0.359003015625 0.8897118115234375 0.3570609853515625 0.8956855712890625 0.3520761708984375 0.9013477841796875 0.3435420625 0.903248662109375 0.3356932900390625 0.90233430859375 0.3294650263671875 0.90304967578125 0.3158150087890625 0.8992248095703125 0.31296561328125 0.898844 0.3107379423828125 0.901881443359375 0.29544313671875 0.912878392578125 0.270412494140625 0.9133399296875 0.2616058291015625 0.9094935634765625 0.259196537109375 0.90103622265625 0.26890784765625 0.8855293125 0.2994443779296875 0.8783671337890625 0.3176116240234375 0.875677404296875 0.326301513671875 0.874990830078125 0.334655154296875
2 0.926315857421875 0.1514636787109375 0.93065841796875 0.1538989755859375 0.9373532763671875 0.1304077890625 0.9376071064453125 0.125564435546875 0.936110048828125 0.1162138955078125 0.9331217978515625 0.1116418623046875 0.9250971201171875 0.1178444462890625 0.9224750927734375 0.1252126298828125 0.9233029853515625 0.147331583984375 0.926315857421875 0.1514636787109375
2 0.9499988193359375 0.031286888671875 0.95184776171875 0.02917607421875 0.9508501552734375 0.0245065263671875 0.947631134765625 0.0243378251953125 0.946762470703125 0.0267018525390625 0.94105830859375 0.0312595654296875 0.9290373544921875 0.0474072548828125 0.92808535546875 0.0513315595703125 0.93386881640625 0.054724830078125 0.938846015625 0.0545444443359375 0.9432001220703125 0.047265470703125 0.94856386328125 0.0444563994140625 0.9476248896484375 0.0386680751953125 0.9499988193359375 0.031286888671875
2 0.8216929658203125 0.56498454296875 0.82315528515625 0.565503974609375 0.825569685546875 0.562097541015625 0.8284843701171875 0.5538622353515625 0.8289171142578124 0.550351947265625 0.8278858984375 0.54632370703125 0.8241014208984375 0.547450625 0.820380474609375 0.5521122744140625 0.81967083984375 0.5609059365234375 0.8216929658203125 0.56498454296875
2 0.6045523271484375 0.3200392783203125 0.6044887958984375 0.316504546875 0.6018394052734375 0.3101837890625 0.59728913671875 0.311711802734375 0.5941089453125 0.31551933203125 0.5944205732421876 0.31906706640625 0.5967814775390625 0.3213985087890625 0.6013951953125 0.323406787109375 0.6045523271484375 0.3200392783203125
2 0.5687818544921875 0.685070583984375 0.5730147626953125 0.6848511923828124 0.576604556640625 0.6779749560546875 0.5747613466796875 0.6752294150390625 0.5697610869140625 0.6758498212890625 0.56747948046875 0.68146936328125 0.5687818544921875 0.685070583984375
2 0.574869453125 0.7489689423828125 0.57151198828125 0.751441927734375 0.570019234375 0.7562203525390625 0.5776977587890625 0.7566227666015625 0.5767126640625 0.751714484375 0.574869453125 0.7489689423828125
0 0.7305534169921875 0.697522869140625 0.7422759814453125 0.6870986572265625 0.754972044921875 0.6723100380859375 0.759096861328125 0.6694360380859375 0.7668199462890625 0.668958328125 0.775518173828125 0.6641147333984375 0.778790607421875 0.658547119140625 0.7807145458984375 0.6502583251953125 0.7938893935546875 0.6310809365234376 0.7989084931640625 0.6158899853515625 0.80333169921875 0.6072925078125 0.8062176728515625 0.604352017578125 0.8281166669921874 0.541920375 0.83535814453125 0.53170411328125 0.8428303896484375 0.5170845205078125 0.8452446591796875 0.494692685546875 0.847866685546875 0.487324501953125 0.8532808017578125 0.4787773916015625 0.8567148232421875 0.4701265078125 0.865874505859375 0.45647780859375 0.8683002890625 0.443360224609375 0.8727308701171875 0.4299049140625 0.8786873017578125 0.420503765625 0.8866153525390625 0.40193386328125 0.8875152861328125 0.3847621162109375 0.88693258203125 0.3816398408203125 0.888873767578125 0.3777689423828125 0.8926078203125 0.363393103515625 0.89443362109375 0.3617238701171875 0.9009973271484375 0.3360180966796875 0.9002603291015625 0.33112281640625 0.90138373828125 0.31440401171875 0.9001983095703125 0.3086012060546875 0.9007982919921875 0.2971528544921875 0.90926709765625 0.27772883203125 0.9130861005859375 0.2664491826171875 0.91358802734375 0.26161883203125 0.918128259765625 0.2508182099609375 0.9292305576171875 0.21431329296875 0.9295767109375 0.207708294921875 0.9307521865234375 0.204236931640625 0.9306713271484375 0.1962858662109375 0.9287892880859375 0.18956409375 0.9245621123046875 0.1849271298828125 0.9239174384765625 0.178270205078125 0.929050279296875 0.1608790654296875 0.9308891865234376 0.1494956435546875 0.932853513671875 0.1451831630859375 0.93306122265625 0.1412198525390625 0.9357970732421875 0.1316499208984375 0.93634512109375 0.12593952734375 0.93454811328125 0.1223123828125 0.9332141220703125 0.109880216796875 0.93757387890625 0.0977464482421875 0.94079015625 0.083786267578125 0.9410266572265625 0.074526580078125 0.9436256240234375 0.0675984169921875 0.9460745498046875 0.054039251953125 0.9485796318359375 0.04887265234375 0.9500089365234375 0.0405579365234375 0.952175158203125 0.037140060546875 0.950943525390625 0.032218857421875 0.9533332236328125 0.029253923828125 0.948719505859375 0.027245646484375 0.9374008935546875 0.039455947265625 0.9325332646484376 0.04229258203125 0.92785466796875 0.0557333310546875 0.9176305908203125 0.056522763671875 0.915712466796875 0.0599536416015625 0.903046755859375 0.0694459658203125 0.8993315419921875 0.069251259765625 0.8978099951171875 0.0793260595703125 0.8913804306640625 0.0882611826171875 0.8869455458984375 0.0875875302734375 0.8848023857421875 0.090565384765625 0.8805464169921875 0.091224798828125 0.8735586875 0.0965992666015625 0.8697742919921875 0.0977246240234375 0.86342693359375 0.0956270546875 0.85691815234375 0.0966096328125 0.8471960009765624 0.0925687138671875 0.8440850732421875 0.0950546201171875 0.83994448828125 0.0935123681640625 0.8278945283203125 0.0959725927734375 0.8205160361328125 0.08984522265625 0.8140911689453125 0.0926002470703125 0.8007183701171875 0.09322309765625 0.7930817939453125 0.096797078125 0.7886222890625 0.096563365234375 0.7856801591796875 0.0911112890625 0.7772820458984375 0.0902283681640625 0.7586945107421875 0.098967548828125 0.75459840625 0.096546732421875 0.7537922255859375 0.092971515625 0.7463460302734375 0.0881658505859375 0.73839634765625 0.088190455078125 0.726836849609375 0.0955330400390625 0.7221538681640625 0.0948463857421875 0.7152080390625 0.0852102890625 0.71007506640625 0.08361602734375 0.6941253271484376 0.0894032763671875 0.6874088369140625 0.0943491650390625 0.680318830078125 0.0922111103515625 0.6789313427734375 0.0855168203125 0.6762992802734376 0.083612396484375 0.673569162109375 0.08832597265625 0.6715644462890625 0.0886621396484375 0.6665584541015624 0.09413890234375 0.660822673828125 0.0898656708984375 0.6564093720703125 0.08875035546875 0.6528729921875 0.089890275390625 0.6354940283203125 0.1039906796875 0.6322288056640625 0.1047035810546875 0.619717390625 0.11596891015625 0.612937451171875 0.1173785078125 0.606151697265625 0.1236460205078125 0.59622622265625 0.13769581640625 0.589850072265625 0.140894623046875 0.58311625390625 0.141424177734375 0.5252175849609375 0.21786437890625 0.5155559755859375 0.2363434296875 0.513228166015625 0.2428445732421875 0.5040915439453125 0.256053251953125 0.5014941376953125 0.26298149609375 0.4635474296875 0.337816828125 0.4614215966796875 0.3452110166015625 0.458759099609375 0.3486044482421875 0.4572909658203125 0.3529429326171875 0.4404441669921875 0.4090162109375 0.428014923828125 0.461346806640625 0.4251117529296875 0.47885636328125 0.4042714208984375 0.5590036279296875 0.400012380859375 0.5786498388671875 0.397673189453125 0.5948621337890625 0.3936247314453125 0.64365931640625 0.3952991923828125 0.67332980078125 0.3981837373046875 0.6893746298828125 0.4031421787109375 0.703763228515625 0.408600986328125 0.71332139453125 0.4160025400390625 0.719008744140625 0.4201489384765625 0.7156930810546875 0.4223786904296875 0.7158099375 0.428125984375 0.7293574189453125 0.4261847998046875 0.7332283173828125 0.4257693828125 0.741154939453125 0.428101494140625 0.7487827587890625 0.428118822265625 0.7531990927734376 0.43162641015625 0.7573555498046874 0.4374774921875 0.7594286748046875 0.4412792158203125 0.76271965234375 0.4439978701171875 0.767718787109375 0.4471981318359375 0.78245647265625 0.451132650390625 0.7879605576171875 0.4647776416015625 0.788234431640625 0.47380318359375 0.7913563837890625 0.48715395703125 0.7924972978515625 0.506162689453125 0.7899621005859375 0.5150785791015625 0.7904293623046875 0.5456468095703125 0.7805515810546875 0.5867968671875 0.7725520576171875 0.609191857421875 0.7622474990234375 0.6212879384765625 0.7589072314453125 0.6410063056640625 0.7475783720703125 0.66143705078125 0.7415847333984374 0.66966214453125 0.7362751123046875 0.6908602412109375 0.729880458984375 0.7006860986328125 0.72244858203125 0.7224480927734375 0.7147582275390625 0.7255590205078125 0.7122723212890625 0.7296203876953125 0.705862029296875 0.7305534169921875 0.697522869140625
2 0.5727161650390625 0.31616466796875 0.578010724609375 0.31467566015625 0.5779703359375 0.3106993466796875 0.5744628310546875 0.306541330078125 0.5734257998046876 0.307371005859375 0.5711211337890625 0.313430568359375 0.5727161650390625 0.31616466796875
2 0.784295734375 0.6151241630859375 0.7867720234375 0.615253939453125 0.787878154296875 0.6131057607421875 0.787612728515625 0.6086764248046875 0.786017615234375 0.6059438857421875 0.7832874970703125 0.6106574619140624 0.784295734375 0.6151241630859375
2 0.43832265234375 0.501624283203125 0.4418820927734375 0.500044341796875 0.4420435986328125 0.4969626337890625 0.440896998046875 0.4951360595703125 0.4361925166015625 0.4948895078125 0.4364563818359375 0.4993187626953125 0.43832265234375 0.501624283203125
2 0.653439873046875 0.4250354990234375 0.6500173984375 0.4239721103515625 0.64830116796875 0.4282975927734375 0.6503462724609375 0.4319377392578125 0.654267634765625 0.428169052734375 0.653439873046875 0.4250354990234375
2 0.7813981494140625 0.5377070419921876 0.7798204462890626 0.53938927734375 0.7792953779296875 0.5446612099609375 0.7799689267578125 0.5460201982421875 0.7849461259765625 0.5458398125 0.7857580380859375 0.544558673828125 0.7855864970703125 0.5383677744140625 0.7813981494140625 0.5377070419921876
2 0.7488656064453125 0.622982224609375 0.753662412109375 0.6214671318359375 0.7541412783203125 0.6170768017578125 0.750294912109375 0.6146675087890625 0.7474535810546875 0.616726314453125 0.747719005859375 0.621155650390625 0.7488656064453125 0.622982224609375
2 0.56944386328125 0.3407176826171875 0.5653882275390625 0.342271619140625 0.564212833984375 0.345741421875 0.5665044755859375 0.34939448828125 0.5705139892578125 0.34872059375 0.571891359375 0.3461438359375 0.571804767578125 0.343049125 0.56944386328125 0.3407176826171875
2 0.644567166015625 0.30050203125 0.6492270048828125 0.3016302666015625 0.6518259716796875 0.294702103515625 0.648876548828125 0.2941063017578125 0.6440320625 0.29650135546875 0.642925849609375 0.2986510947265625 0.644567166015625 0.30050203125
0 0.2342427109375 0 0.244485671875 0.0015693310546875 0.2461344404296875 0.0298193369140625 0.2219113115234375 0.0441962998046875 0.199336951171875 0.086823267578125 0.180121998046875 0.0952041201171875 0.1613225537109375 0.1255117685546875 0.1516399375 0.1609911435546875 0.285503681640625 0.1742652216796875 0.302912951171875 0.170483669921875 0.316131794921875 0.1570946416015625 0.31185959375 0.1490475234375 0.3205609111328125 0.132292453125 0.3501259501953125 0.13540653515625 0.373851794921875 0.1006631357421875 0.389864255859375 0.093679091796875 0.455549599609375 0.0345357431640625 0.4696286171875 0 0.2342427109375 0
0 0 0.974482283203125 0.113389173828125 0.9804247578125 0.1352894306640625 0.8610948916015625 0.137163619140625 0.7954780537109375 0.14700978515625 0.7568779619140625 0.160882828125 0.731006064453125 0.1603037685546875 0.7121999853515625 0.1794303125 0.67565090234375 0.1988905908203125 0.6625889736328126 0.2091522666015625 0.645915677734375 0.23288474609375 0.6409008671875 0.250702890625 0.6293175224609375 0.271069328125 0.62882023828125 0.2731203359375 0.619539861328125 0.223924833984375 0.6028798349609376 0.2062702392578125 0.611342462890625 0.1943664296875 0.6294943427734375 0.1799961015625 0.634999802734375 0.0936039521484375 0.64142469140625 0.0336627587890625 0.680528703125 0 0.7151618955078125 0 0.974482283203125
0 0.0594704619140625 0.038812423828125 0.0469875927734375 0.038158224609375 0.02153783984375 0.07594056640625 0.0069067626953125 0.384973353515625 0.0417120322265625 0.317953072265625 0.0643548974609375 0.21430856640625 0.075502828125 0.1210141474609375 0.0709720322265625 0.0581909267578125 0.0594704619140625 0.038812423828125
0 0.346207388671875 0.24003233984375 0.3421120068359375 0.28832168359375 0.3289815732421875 0.3298789423828125 0.34468683984375 0.4183221005859375 0.3438005849609375 0.494943224609375 0.32001287109375 0.62043275 0.3629735732421875 0.666494265625 0.37685988671875 0.700079546875 0.381799556640625 0.7551009736328125 0.405443626953125 0.7219179326171875 0.39426915625 0.6962979951171875 0.391305353515625 0.663285138671875 0.395557650390625 0.58214648828125 0.4112297421875 0.521946701171875 0.4152433486328125 0.475217716796875 0.4255050244140625 0.4585444208984375 0.452665416015625 0.3582659580078125 0.4214516083984375 0.3269018701171875 0.376092892578125 0.2071763984375 0.346207388671875 0.24003233984375
2 0.4052556923828125 0.24782086328125 0.3903063056640625 0.2345202451171875 0.388759216796875 0.2938956484375 0.4108495625 0.290359421875 0.4052556923828125 0.24782086328125
2 0.4378729443359375 0.3121160322265625 0.4503558134765625 0.312770232421875 0.475069591796875 0.2890311181640625 0.4780201240234375 0.2625867958984375 0.4631525126953125 0.247725818359375 0.45510539453125 0.25199801953125 0.437539208984375 0.2886288779296875 0.4378729443359375 0.3121160322265625
2 0.447787615234375 0.212498404296875 0.4458117470703125 0.1904898330078125 0.4386707890625 0.2073266787109375 0.44146440625 0.2137316630859375 0.447787615234375 0.212498404296875
2 0.42741454296875 0.183267099609375 0.4126287060546875 0.166845763671875 0.393986177734375 0.16430410546875 0.3884873525390625 0.1796623671875 0.4034367392578125 0.192962986328125 0.4238031767578125 0.192465701171875 0.42741454296875 0.183267099609375
2 0.37985901953125 0.523431919921875 0.3787959453125 0.54371658203125 0.38659773828125 0.54412545703125 0.416476607421875 0.48154092578125 0.4169672568359375 0.4721787744140625 0.40645362109375 0.463804556640625 0.3969279189453125 0.4664346240234375 0.37985901953125 0.523431919921875
2 0.34414758984375 0.5778875576171875 0.33733373046875 0.5884829677734374 0.3398002490234375 0.60112938671875 0.3493259501953125 0.5984993193359375 0.34414758984375 0.5778875576171875
2 0.3595257568359375 0.672572150390625 0.3559143896484375 0.681770751953125 0.3666733505859375 0.68546389453125 0.3595257568359375 0.672572150390625
2 0.3564536396484375 0.5222052958984374 0.345776453125 0.516951794921875 0.3421650869140625 0.5261503974609375 0.3545661806640625 0.528364955078125 0.3564536396484375 0.5222052958984374
2 0.327617939453125 0.475319396484375 0.33263275 0.4990518759765625 0.3405980927734375 0.496340033203125 0.3395217490234375 0.4571675166015625 0.33155640625 0.459879359375 0.327617939453125 0.475319396484375
2 0.3357601025390625 0.5289440146484375 0.3245104921875 0.5346130244140626 0.3236109677734375 0.5517769697265625 0.33420637890625 0.5585908291015625 0.3357601025390625 0.5289440146484375
2 0.3038987294921875 0.539791384765625 0.3034014453125 0.5194249482421875 0.2943663935546875 0.51269286328125 0.2896035419921875 0.5140078974609374 0.291006986328125 0.546938978515625 0.2986452294921875 0.5504685712890625 0.3038987294921875 0.539791384765625
2 0.29542498828125 0.1043761826171875 0.2734097822265625 0.0766234619140625 0.26076336328125 0.0790899794921875 0.245657060546875 0.0986386669921875 0.255761822265625 0.1148146787109375 0.296085822265625 0.12162190234375 0.29542498828125 0.1043761826171875
2 0.25297483984375 0.138138283203125 0.2473876044921875 0.125328314453125 0.2292423603515625 0.14315309375 0.2271913515625 0.152433470703125 0.2331874619140625 0.157441646484375 0.250433181640625 0.1567808115234375 0.25297483984375 0.138138283203125
2 0.2545418330078125 0.1679486474609375 0.2638222099609375 0.1699996552734375 0.27047251953125 0.1625249619140625 0.2719444677734375 0.134438505859375 0.2559320068359375 0.1414225498046875 0.2552778076171875 0.153905419921875 0.2455885556640625 0.1596562041015625 0.2545418330078125 0.1679486474609375
2 0.3045550849609375 0.1690050869140625 0.3086571015625 0.1504443330078125 0.29404144921875 0.160630869140625 0.2935507998046875 0.1699930205078125 0.3045550849609375 0.1690050869140625
2 0.3369689765625 0.0580494375 0.33162706640625 0.040558392578125 0.323743498046875 0.041709876953125 0.3021504375 0.065612541015625 0.307737671875 0.078422509765625 0.3344273193359375 0.076691966796875 0.3369689765625 0.0580494375
2 0.3829553525390625 0.0463776826171875 0.374581134765625 0.056891318359375 0.372366576171875 0.0692924130859375 0.3882972626953125 0.0638687275390625 0.3953564462890625 0.0485922412109375 0.3829553525390625 0.0463776826171875
2 0.2804556962890625 0.0018897958984375 0.273478287109375 0.015605923828125 0.276271904296875 0.0220109091796875 0.2871944150390625 0.0225833330078125 0.2928567900390625 0.0041043544921875 0.2804556962890625 0.0018897958984375
2 0.3111111865234375 0 0.3099389599609375 0.0065642373046875 0.3207796962890625 0.0086970205078125 0.3234446591796875 0 0.3111111865234375 0
2 0.184400833984375 0.1329798271484375 0.1642797216796875 0.1287960361328125 0.16510410546875 0.1429210390625 0.17586306640625 0.1466141806640625 0.184400833984375 0.1329798271484375
2 0.2114175810546875 0.125007849609375 0.1963864189453125 0.11326758984375 0.1953233447265625 0.133552251953125 0.20304336328125 0.1355214853515625 0.2114175810546875 0.125007849609375
2 0.2067431396484375 0.1544911142578125 0.18341953515625 0.151704130859375 0.1843256943359375 0.164268775390625 0.201489638671875 0.1651682998046875 0.2067431396484375 0.1544911142578125
2 0.0148322958984375 0.2038899755859375 0.0226340888671875 0.2042988505859375 0.0486629013671875 0.1853225869140625 0.04595105859375 0.177357244140625 0.0319896064453125 0.1750609111328125 0.0158135947265625 0.185165671875 0.0148322958984375 0.2038899755859375