2 0.525998236328125 0.3717011298828125 0.5139453916015625 0.37421820703125 0.5093833662109375 0.376768748046875 0.5088998876953125 0.3807063642578125 0.508917341796875 0.3887056162109375 0.513397375 0.399028541015625 0.5173225859375 0.405728720703125 0.5210989169921875 0.4075257724609375 0.524653861328125 0.407074396484375 0.528690923828125 0.4026836630859375 0.5320039267578125 0.3919842265625 0.532330953125 0.3791408486328125 0.52903655078125 0.373405990234375 0.525998236328125 0.3717011298828125
2 0.4205041591796875 0.046454673828125 0.417742669921875 0.0465595390625 0.410575798828125 0.05811915625 0.4067174765625 0.0691955693359375 0.4105748427734375 0.08255115234375 0.4185987666015625 0.0884227880859375 0.4224981923828125 0.083127287109375 0.423634767578125 0.07793491015625 0.422154857421875 0.0635378662109375 0.4229211669921875 0.05119393359375 0.4205041591796875 0.046454673828125
2 0.3439535625 0.2160804921875 0.339053251953125 0.2132575654296875 0.3340313974609375 0.2175273828125 0.3303564599609375 0.22507169140625 0.32963434765625 0.2329785625 0.3321682548828125 0.2408428623046875 0.3372298525390625 0.242352216796875 0.3451523837890625 0.2388824921875 0.348590427734375 0.235306076171875 0.346893982421875 0.222659755859375 0.3439535625 0.2160804921875
2 0.4909468447265625 0.08531192578125 0.4866536943359375 0.0856726611328125 0.484524375 0.08674458984375 0.484012603515625 0.1031183310546875 0.4876594384765625 0.1080085947265625 0.4937294755859375 0.107420525390625 0.4976509990234375 0.0999064921875 0.4950552509765625 0.088481552734375 0.4909468447265625 0.08531192578125
2 0.51587387890625 0.043061400390625 0.510481947265625 0.0401781103515625 0.5086279033203125 0.0430595751953125 0.5076842138671875 0.0487195693359375 0.508931685546875 0.0568682744140625 0.513063740234375 0.057819560546875 0.5166392314453125 0.0551494638671875 0.51587387890625 0.043061400390625
2 0.60138578125 0.0202438515625 0.59590855078125 0.0160167119140625 0.5903396357421875 0.0206648662109375 0.5885980380859375 0.0368876025390625 0.589375986328125 0.0427574130859375 0.593400453125 0.044584931640625 0.597660642578125 0.0424412646484375 0.601452669921875 0.0380204443359375 0.60296513671875 0.02976668359375 0.60138578125 0.0202438515625
2 0.6196872421875 0.4125232294921875 0.6167344169921875 0.41216066796875 0.6147948828125 0.413699833984375 0.613582701171875 0.42154653125 0.616115248046875 0.42940908984375 0.6190696240234375 0.429771841796875 0.62122240234375 0.426483123046875 0.6222434384765625 0.418167447265625 0.6196872421875 0.4125232294921875
2 0.647133271484375 0.4087855107421875 0.6453028759765626 0.409448634765625 0.643780716796875 0.4137042255859375 0.6429841669921875 0.4242687099609375 0.644116099609375 0.4292941162109375 0.646631001953125 0.4291589736328125 0.6483365458984375 0.4213712783203125 0.6481812646484375 0.4124688095703125 0.647133271484375 0.4087855107421875
2 0.5916224833984375 0.521022671875 0.5888307548828124 0.5193480888671875 0.5824464765625 0.526559732421875 0.5828402021484375 0.5314944990234375 0.5905070498046875 0.548428513671875 0.5936843623046875 0.5510398828125 0.595815232421875 0.54996814453125 0.5975302783203125 0.5461801708984375 0.597874759765625 0.541336044921875 0.5916224833984375 0.521022671875
2 0.5857022822265625 0.5020818740234375 0.58236368359375 0.5007840771484375 0.5803183037109375 0.5031981142578125 0.580712029296875 0.508132880859375 0.5836964541015625 0.5102766328125 0.5864278935546875 0.5083907666015625 0.5857022822265625 0.5020818740234375
2 0.6451093173828125 0.5840074306640625 0.641116451171875 0.5839611025390625 0.63861105078125 0.588095966796875 0.6310727421875 0.5925007353515624 0.6302887890625 0.596846966796875 0.6311977841796875 0.599623755859375 0.6382068671875 0.6035934755859375 0.6417302109375 0.6013609091796875 0.64554278515625 0.5947213671875 0.6460183125 0.5867842197265625 0.6451093173828125 0.5840074306640625
2 0.619794158203125 0.5866734111328125 0.6162626728515626 0.5849079970703125 0.6143248798828125 0.5864458017578125 0.6148260029296875 0.59050588671875 0.62048816796875 0.59120111328125 0.619794158203125 0.5866734111328125
2 0.5251937705078125 0.4413456474609375 0.5200232255859375 0.4407107841796875 0.514571400390625 0.448482427734375 0.5132421279296875 0.45320563671875 0.5134526591796875 0.461670955078125 0.517730302734375 0.467526541015625 0.5258139306640625 0.462744794921875 0.5296596572265625 0.4578866337890625 0.5308815322265625 0.4540381064453125 0.5283173837890625 0.444394357421875 0.5251937705078125 0.4413456474609375
2 0.50299968359375 0.408412578125 0.4979380859375 0.406903224609375 0.4974544169921875 0.4108423916015625 0.4984473515625 0.4149612890625 0.5002019501953126 0.416954037109375 0.5028781396484375 0.4155053212890625 0.50409982421875 0.4116583447265625 0.50299968359375 0.408412578125
2 0.4670435537109375 0.4346496328125 0.4633288740234375 0.436414771484375 0.457952845703125 0.4415305439453125 0.4562474921875 0.4493166875 0.4545500908203125 0.4611023623046875 0.4583597626953125 0.4646792431640625 0.4659818193359375 0.4616181337890625 0.468895091796875 0.4561999736328125 0.4697784912109375 0.4469795302734375 0.469130037109375 0.4380165078125 0.4670435537109375 0.4346496328125
2 0.500210056640625 0.3578724521484375 0.4947407783203125 0.35764484375 0.4915714169921875 0.3590330048828125 0.4913424755859375 0.3670004296875 0.4921122822265625 0.3688722607421875 0.501882853515625 0.3727371142578125 0.50668972265625 0.3702182109375 0.5069047080078125 0.3684672978515625 0.5033195234375 0.3671392236328125 0.500210056640625 0.3578724521484375
2 0.46719654296875 0.4924191953125 0.4619738505859375 0.49222186328125 0.4608816611328125 0.4929756279296875 0.461454126953125 0.5045960732421875 0.4652938486328125 0.5099539541015625 0.4733016796875 0.507828080078125 0.4762149521484375 0.502409919921875 0.4766447314453125 0.4989096435546875 0.47475249609375 0.4960121279296875 0.46719654296875 0.4924191953125
2 0.3859131591796875 0.3851527578125 0.382105228515625 0.381574515625 0.37896746875 0.3847438681640625 0.37769189453125 0.389029736328125 0.38130712890625 0.3921388095703125 0.384177755859375 0.3911579013671875 0.385375982421875 0.38952771484375 0.3859131591796875 0.3851527578125
2 0.4440247802734375 0.3616360556640625 0.4396242314453125 0.3628714716796875 0.4358556630859375 0.3650755029296875 0.43504166015625 0.3676407333984375 0.436002802734375 0.3699799912109375 0.4412983896484375 0.377737875 0.445160208984375 0.3808772255859375 0.449344412109375 0.38139098046875 0.4508586201171875 0.3731358583984375 0.449619291015625 0.3689851337890625 0.4438099853515625 0.36338541796875 0.4440247802734375 0.3616360556640625
0 0.3417823349609375 0 0.33779790625 0.0016507294921875 0.3343600517578125 0.0052255947265625 0.33242556640625 0.0209807138671875 0.3324878115234375 0.0489750908203125 0.3279259775390625 0.051524080078125 0.3227825791015625 0.0628866396484375 0.3221950107421875 0.081916251953125 0.3054192939453125 0.175810744140625 0.307975490234375 0.181454962890625 0.30659096875 0.1866153212890625 0.3079473876953125 0.1938895361328125 0.30735421875 0.2475689267578125 0.3045867255859375 0.2578898349609375 0.305811908203125 0.2682586220703125 0.309675279296875 0.2713981630859375 0.3109684970703125 0.27510999609375 0.3089847666015625 0.2810862236328125 0.30400866015625 0.2809191689453125 0.302064671875 0.29267456640625 0.30653055859375 0.309215552734375 0.3061007783203125 0.3127158291015625 0.3081007099609375 0.3269547568359375 0.306153521484375 0.336710484375 0.3063041591796875 0.355830736328125 0.311070330078125 0.3719646591796875 0.3144067021484375 0.378370572265625 0.315558314453125 0.3862871142578125 0.3163994638671875 0.3957193056640625 0.314640412109375 0.4039427900390625 0.3149441943359375 0.417751490234375 0.31854683203125 0.4270788154296875 0.3193784794921875 0.4325112861328125 0.3247896064453125 0.4433924677734375 0.32596108984375 0.454198595703125 0.327970416015625 0.4602196005859375 0.33010923828125 0.4631473935546875 0.33673409765625 0.466182068359375 0.34362608984375 0.4670282978515625 0.35207533984375 0.4796158916015625 0.362969701171875 0.4845081708984375 0.367579419921875 0.49173633203125 0.3797669990234375 0.5003404453125 0.387375099609375 0.50349584765625 0.3940713017578125 0.5140908828125 0.4021407822265625 0.51552719921875 0.4198559833984375 0.513703796875 0.430910080078125 0.517282314453125 0.4320736123046875 0.5240889111328125 0.429401111328125 0.5397518388671875 0.42925746875 0.54906311328125 0.426066009765625 0.5526698056640625 0.4233440732421875 0.5585553935546875 0.4194039501953125 0.5825037197265625 0.4245603486328125 0.5893566455078125 0.4228770927734375 0.5949242578125 0.42352535546875 0.60388883203125 0.42163506640625 0.6152068896484375 0.42130823046875 0.628048716796875 0.423070970703125 0.6340394443359375 0.4269106923828125 0.6393973251953124 0.4337821376953125 0.64246227734375 0.4406599833984375 0.6495265693359376 0.4537691533203125 0.6546892197265625 0.4735648330078125 0.666448734375 0.56937907421875 0.677769310546875 0.61255657421875 0.67818441796875 0.6156720458984375 0.6772351474609375 0.61847773046875 0.6726932197265625 0.623231091796875 0.6706101064453125 0.6219062724609375 0.6651170830078125 0.6173062470703125 0.661887091796875 0.6153868642578125 0.6469921533203125 0.6185686298828125 0.6393872900390625 0.6225077978515625 0.639870958984375 0.6304479736328125 0.6443989365234375 0.6358856513671876 0.64284535546875 0.6381776171875 0.6404615947265625 0.6435139033203126 0.62956665234375 0.643581748046875 0.62291125 0.64526500390625 0.6173436376953125 0.6449788662109375 0.611532638671875 0.647758955078125 0.594993478515625 0.651111509765625 0.590074763671875 0.652848654296875 0.584068259765625 0.6578166201171874 0.5802373349609375 0.6569078154296875 0.5774589951171875 0.657476783203125 0.5748636767578125 0.6612909091796875 0.568224326171875 0.664020796875 0.56633826953125 0.66510503515625 0.561584974609375 0.6638560126953125 0.5534360791015625 0.660700798828125 0.5486061787109375 0.6600746337890625 0.53742307421875 0.65705841796875 0.5334996826171875 0.6562630146484375 0.5196306201171875 0.6600183583984375 0.4361330908203125 0.6627412509765624 0.4058155078125 0.667822404296875 0.3664585712890625 0.66867865625 0.345240705078125 0.67037605859375 0.3334550302734375 0.6715442001953125 0.2669642783203125 0.6733394970703125 0.250304201171875 0.67218041796875 0.2332813720703125 0.67472612109375 0.1962782998046875 0.6688429306640625 0.1444704638671875 0.6668653955078125 0.1402290986328125 0.6660779443359375 0.13035956640625 0.659764017578125 0.106484001953125 0.657727544921875 0.08846557421875 0.654818916015625 0.083665951171875 0.6503530302734375 0.06712496484375 0.6435026923828125 0.0231939140625 0.632031220703125 0.0168989716796875 0.6258553369140625 0.018361912109375 0.616192353515625 0.0136208271484375 0.61386064453125 0.010225416015625 0.5966291123046875 0.008109650390625 0.5958672578125 0.0102373505859375 0.592013580078125 0.01109598046875 0.5757129501953125 0.0095400234375 0.5101046943359375 0 0.3417823349609375 0
0 0.2360860185546875 0.6108507412109375 0.2452831767578125 0.6513358623046875 0.2637854560546875 0.692963509765625 0.28476320703125 0.7144300625 0.352402005859375 0.714863892578125 0.3540608203125 0.675711716796875 0.3623313759765625 0.6468167646484375 0.3966680576171875 0.66205241796875 0.4191416884765625 0.658514896484375 0.420392173828125 0.6098671796875 0.414732537109375 0.5918556884765624 0.4258594052734375 0.5396979365234374 0.421560201171875 0.5234277197265625 0.392284408203125 0.5182588701171875 0.313842623046875 0.4519550029296875 0.2787442587890625 0.4429227626953125 0.2704187294921875 0.44662321875 0.2485713349609375 0.47070267578125 0.23763488671875 0.52130957421875 0.2360860185546875 0.6108507412109375
0 0 0.818936470703125 0.038670294921875 0.82117201953125 0.1372711884765625 0.8002197705078125 0.143038787109375 0.7788886650390625 0.1243460869140625 0.7388118720703125 0.07052753515625 0.6771055908203125 0.00109050390625 0.5631061103515625 0 0.5626867138671875 0 0.818936470703125
2 0.26146894921875 0.5195133271484375 0.2502321337890625 0.521282087890625 0.2537421689453125 0.531158470703125 0.261496435546875 0.53211057421875 0.26146894921875 0.5195133271484375
2 0.336589134765625 0.48465837109375 0.3459217412109375 0.4983981435546875 0.3470642666015625 0.4890930234375 0.336589134765625 0.48465837109375
2 0.2878904150390625 0.637676564453125 0.2811157392578125 0.64156744140625 0.28171448828125 0.64951212890625 0.2943117353515625 0.649484642578125 0.2878904150390625 0.637676564453125
2 0.0900368916015625 0.736173466796875 0.0845676748046875 0.7166111220703125 0.0692495625 0.7131560595703125 0.065767013671875 0.7158769248046875 0.0809221923828125 0.733480087890625 0.0900368916015625 0.736173466796875
2 0.11572217578125 0.78340577734375 0.10758706640625 0.7855553798828125 0.113817966796875 0.7989143115234375 0.1188513681640625 0.7963838671875 0.11572217578125 0.78340577734375