2 0.6757393984375 0.2544684267578125 0.677970302734375 0.2453006650390625 0.67147929296875 0.24403894140625 0.6649461318359375 0.2452951220703125 0.654417375 0.2440062099609375 0.6404511220703125 0.2349754013671875 0.6336205595703125 0.233143091796875 0.6219952744140625 0.235177892578125 0.6119123232421875 0.2385232509765625 0.602411837890625 0.24349876171875 0.5995510625 0.2512802431640625 0.601241798828125 0.254136580078125 0.6071257705078125 0.2608386806640625 0.6168042783203125 0.2665099365234375 0.6521660634765625 0.278688857421875 0.66759916015625 0.28017340625 0.6720629482421875 0.2780088046875 0.669092408203125 0.2655553818359375 0.6757393984375 0.2544684267578125
2 0.4484830302734375 0.0902814775390625 0.4437156494140625 0.087080189453125 0.4264917548828125 0.080953017578125 0.41240488671875 0.0794786533203125 0.4022191044921875 0.0810355947265625 0.39405682421875 0.083745126953125 0.3915681982421875 0.0873028271484375 0.3949108857421875 0.09553246875 0.39367214453125 0.0995878017578125 0.3987517373046875 0.11042807421875 0.4033381201171875 0.1168779501953125 0.42294330078125 0.1315540615234375 0.4300644794921875 0.1342005322265625 0.4395323701171875 0.1340193876953125 0.453031220703125 0.1315911005859375 0.4607135673828125 0.129041365234375 0.465893712890625 0.1255006689453125 0.4675759814453125 0.1099102197265625 0.4484830302734375 0.0902814775390625
2 0.504000455078125 0.3453930703125 0.492077767578125 0.3443393798828125 0.4753064658203125 0.3451208095703125 0.459752455078125 0.35119423828125 0.4577449970703125 0.3545939716796875 0.461796318359375 0.359169822265625 0.48852237890625 0.3764939375 0.5012236376953125 0.3804781533203125 0.5096356171875 0.3811025185546875 0.5168380302734376 0.3787125810546875 0.51966467578125 0.37572516796875 0.5255414150390625 0.36398231640625 0.5243238251953125 0.3586918505859375 0.522727599609375 0.3553493017578125 0.5082343076171875 0.346720630859375 0.504000455078125 0.3453930703125
2 0.5184840849609375 0.4141527998046875 0.5147908466796876 0.416971763671875 0.51491344140625 0.4255862412109375 0.523590228515625 0.4340934638671875 0.5289809912109374 0.43640516796875 0.54206088671875 0.438441466796875 0.5543145078125 0.4377926474609375 0.563821482421875 0.4350930009765625 0.568616501953125 0.4312243564453125 0.57431719921875 0.425005658203125 0.5692576689453125 0.4209899111328125 0.547739541015625 0.4092273212890625 0.539947875 0.407712775390625 0.5321645302734375 0.408472857421875 0.5184840849609375 0.4141527998046875
2 0.58281343359375 0.4529320908203125 0.55147503125 0.4524004873046875 0.5372595244140626 0.4562064033203125 0.531464318359375 0.4629113134765625 0.5333985634765624 0.466824150390625 0.547601240234375 0.4746386611328125 0.560944111328125 0.4845590537109375 0.569168306640625 0.4861576748046875 0.5757147431640625 0.489451689453125 0.5878806416015625 0.4915634130859375 0.5912004970703125 0.4929663984375 0.609602154296875 0.49073344921875 0.617987880859375 0.4822558896484375 0.619454724609375 0.474709630859375 0.615687828125 0.46867054296875 0.5984408037109376 0.455718248046875 0.58281343359375 0.4529320908203125
2 0.782632490234375 0.5087011865234375 0.7859944970703125 0.5075862666015625 0.7902606455078125 0.504120994140625 0.79032058203125 0.4922582275390625 0.7892597158203125 0.4907881708984375 0.78338901953125 0.488636265625 0.761282083984375 0.489139814453125 0.7509085166015625 0.4916710126953125 0.746782748046875 0.4944059013671875 0.75102308984375 0.4980093271484375 0.7786433828125 0.5084319580078125 0.782632490234375 0.5087011865234375
2 0.9807371337890625 0.490108166015625 0.9671643271484375 0.483679935546875 0.951487720703125 0.48113888671875 0.9456250478515625 0.4812631435546875 0.937510470703125 0.48372726953125 0.9282125791015625 0.4922790185546875 0.9104412373046875 0.512068869140625 0.9082494169921875 0.5187181279296875 0.92080876171875 0.5234324296875 0.928985552734375 0.525274923828125 0.9434575458984376 0.527077236328125 0.955616658203125 0.52691462890625 0.9750107763671875 0.5195677177734375 0.9850872392578125 0.5139464951171875 0.9885357333984375 0.51006919921875 0.9899148544921875 0.5052834833984375 0.9877780146484375 0.49779441015625 0.9807371337890625 0.490108166015625
2 0.9044873798828125 0.355527017578125 0.8767336396484375 0.3642812568359375 0.83904490625 0.36175601171875 0.8350610517578125 0.3637608154296875 0.8324791513671875 0.3678065595703125 0.831984853515625 0.379586486328125 0.835211732421875 0.3814759814453125 0.852571052734375 0.3845972041015625 0.8734703857421875 0.38183899609375 0.8907329326171874 0.3846883203125 0.9201990048828125 0.3856152421875 0.9269673544921875 0.383140931640625 0.9379020888671875 0.3754135283203125 0.9385645546875 0.37200544140625 0.9283389443359376 0.3599117958984375 0.918716162109375 0.356271296875 0.9044873798828125 0.355527017578125
2 1 0.248106419921875 0.9929835322265625 0.2491792841796875 0.97512342578125 0.2555621240234375 0.9713501884765625 0.263419328125 0.974691640625 0.2716471376953125 0.9791277880859375 0.27655246875 0.987750384765625 0.283029234375 0.9940536103515625 0.28526521484375 1 0.2855767509765625 1 0.248106419921875
2 0.64998166796875 0.3661890546875 0.653342140625 0.3650738359375 0.6566961240234375 0.3616827529296875 0.6577778427734375 0.3538085458984375 0.6516165322265625 0.3508424794921875 0.6346491240234375 0.3503235361328125 0.6302327412109375 0.3522442646484375 0.629049724609375 0.3583303525390625 0.632762728515625 0.36233744921875 0.63642213671875 0.36431101953125 0.644164865234375 0.366069140625 0.64998166796875 0.3661890546875
2 0.91128984765625 0.5700937470703125 0.90357971484375 0.563541259765625 0.88897908203125 0.5670192275390625 0.885429291015625 0.569108404296875 0.88957482421875 0.573199576171875 0.8937138681640625 0.5750148828125 0.897609701171875 0.5757721552734375 0.9089025185546875 0.57543956640625 0.9117830576171875 0.57448414453125 0.91128984765625 0.5700937470703125
2 0.942933822265625 0.5921621611328125 0.9524756689453125 0.60083753515625 0.95618218359375 0.6025687666015626 0.9684980185546875 0.6062265673828126 0.9838824755859376 0.6079531572265625 0.98840015625 0.6078205478515625 0.992659072265625 0.585910322265625 0.9876549697265625 0.583926865234375 0.9621662626953125 0.578719275390625 0.9566874794921875 0.5791696484375 0.94401583984375 0.584286419921875 0.94172301953125 0.5891460263671875 0.942933822265625 0.5921621611328125
2 0.52767102734375 0.2421088818359375 0.524876677734375 0.2403034619140625 0.51920362109375 0.2394522275390625 0.5120486123046875 0.241598291015625 0.51119653125 0.2459818701171875 0.5150517470703125 0.24925734765625 0.5216390986328125 0.2500316240234375 0.5271095615234375 0.24730662109375 0.5289279990234375 0.2448793115234375 0.52767102734375 0.2421088818359375
2 0.5401456708984375 0.2033504931640625 0.5418905986328125 0.2082372880859375 0.5480045048828125 0.2114472265625 0.558053328125 0.2128959365234375 0.5633821748046876 0.210899486328125 0.5643826591796876 0.2080616865234375 0.55663314453125 0.204029234375 0.5441279912109375 0.2013453916015625 0.5401456708984375 0.2033504931640625
2 0.4611915166015625 0.223628201171875 0.454645080078125 0.2203341875 0.4489243212890625 0.219728359375 0.44474466015625 0.220431255859375 0.4434603466796875 0.2247292265625 0.4456784208984375 0.2271818916015625 0.4476532841796875 0.2285765244140625 0.457316982421875 0.2296972861328125 0.46163885546875 0.2282627705078125 0.4611915166015625 0.223628201171875
2 0.419101208984375 0.2275741787109375 0.4195417607421875 0.229934416015625 0.4224290869140625 0.231253326171875 0.4276225078125 0.2322628251953125 0.4318021689453125 0.231559927734375 0.4327081435546875 0.2292083408203125 0.428711013671875 0.2266629482421875 0.4234701884765625 0.2258973232421875 0.419101208984375 0.2275741787109375
0 0.34528890625 0 0.3210926455078125 0.0501064306640625 0.31831310546875 0.05285150390625 0.3187476142578125 0.0691065 0.324645306640625 0.0965294189453125 0.318404294921875 0.09860005859375 0.3071573486328125 0.0986884765625 0.305292103515625 0.101356591796875 0.3014433759765625 0.1003569794921875 0.298427412109375 0.1043183505859375 0.296723845703125 0.1130824404296875 0.2976102021484375 0.12007694921875 0.302655666015625 0.135711291015625 0.306469966796875 0.141506505859375 0.3047466357421875 0.1434445361328125 0.2927294384765625 0.1428770576171875 0.2904985341796875 0.1520448193359375 0.3183410341796875 0.2676151455078125 0.3234529228515625 0.2736625859375 0.3276864765625 0.2749916806640625 0.32972201953125 0.2806926357421875 0.340469712890625 0.2901085771484375 0.3424104482421875 0.2962972783203125 0.3420518740234375 0.305069720703125 0.34682727734375 0.310547171875 0.347604314453125 0.3134773994140625 0.36278166796875 0.3255228076171875 0.371029021484375 0.3350846552734375 0.373541103515625 0.339488646484375 0.37072896875 0.3470280869140625 0.373055126953125 0.3535432021484375 0.38236178515625 0.363436705078125 0.3892459423828125 0.367302541015625 0.391620740234375 0.373575615234375 0.3964358232421875 0.3765314970703125 0.3976940302734375 0.3793037578125 0.401981775390625 0.382663310546875 0.404544357421875 0.38796212890625 0.4025975791015625 0.395668185546875 0.4049169501953125 0.3999089697265625 0.4152173056640625 0.4046903427734375 0.4171447646484375 0.40632884765625 0.4163874912109375 0.4102246806640625 0.4216822099609375 0.4130222978515625 0.4297842548828125 0.4221770654296875 0.4352698251953125 0.4240010224609375 0.441099904296875 0.4286711318359375 0.44308804296875 0.4346159599609375 0.4499315830078125 0.4409999990234375 0.44825565625 0.44269415625 0.4488904814453125 0.4463560029296875 0.45804194921875 0.4524293955078125 0.4594408349609375 0.454469740234375 0.4605438515625 0.453421890625 0.4658320810546875 0.4539436435546875 0.471993392578125 0.4569097099609375 0.47243241015625 0.4592696494140625 0.4766188583984375 0.4608410830078125 0.4748072080078125 0.4655427236328125 0.4763089248046875 0.4693714853515625 0.48113049609375 0.4746032314453125 0.480420626953125 0.47825519140625 0.4876428037109375 0.482691314453125 0.4914586376953125 0.4884868271484375 0.4971387802734375 0.4916108583984375 0.5580391015625 0.5410950390625 0.5671837822265625 0.5448941005859375 0.58278534375 0.5547489560546875 0.5919284912109375 0.5585477197265625 0.6007471923828125 0.566324857421875 0.6029587783203125 0.5665016591796875 0.6131643251953125 0.57177077734375 0.614902763671875 0.57438170703125 0.6186563837890625 0.575870599609375 0.6264597919921875 0.58193504296875 0.627772189453125 0.5867377626953125 0.6342173291015625 0.588243658203125 0.66920201171875 0.60237079296875 0.6785477529296875 0.6097457939453125 0.679373728515625 0.6124324462890625 0.69981771484375 0.618174783203125 0.70127202734375 0.62224741796875 0.7046928818359375 0.6254400546875 0.72828221484375 0.6381098291015626 0.748868115234375 0.6431220810546875 0.7564233564453124 0.6458529248046875 0.7651665693359375 0.64477324609375 0.769400123046875 0.6461023408203125 0.772618681640625 0.64571720703125 0.7754127333984375 0.6475241611328125 0.7748109482421875 0.6552385703125 0.7965131416015625 0.6637531689453126 0.8062849228515625 0.668936380859375 0.861502677734375 0.682954986328125 0.875264802734375 0.6884092587890625 0.9097956572265625 0.6956259599609375 0.9536863193359375 0.6985990673828125 0.9565262412109375 0.7001618505859375 0.9645072255859375 0.7007024384765626 0.967759912109375 0.695523236328125 0.9746348583984376 0.6647731982421875 0.975871619140625 0.6445469453125 0.9845191328125 0.6116137685546875 0.9817656982421875 0.6072886103515625 0.989914404296875 0.600030416015625 0.991996607421875 0.5893184091796875 0.989494705078125 0.5883259140625 0.9858762119140625 0.58383260546875 0.98986006640625 0.5818278017578125 0.99485495703125 0.549195384765625 1 0.5365712177734375 1 0.175503521484375 0.989725251953125 0.1735063125 0.979547046875 0.1611687939453125 0.9785252646484375 0.1571802353515625 0.9755431298828126 0.1563490712890625 0.96748848828125 0.146950431640625 0.95149348046875 0.1344929990234375 0.858687099609375 0.087397556640625 0.846837625 0.0790312958984375 0.83067489453125 0.074372646484375 0.82058515625 0.075443673828125 0.8161579599609375 0.0733829384765625 0.808735978515625 0.06707587890625 0.8010809736328125 0.06255721484375 0.7995321513671875 0.05897079296875 0.7882180361328125 0.0524770244140625 0.7741246796875 0.048726794921875 0.761477611328125 0.046773037109375 0.7514823828125 0.0473578525390625 0.7452265625 0.044877998046875 0.7394438876953126 0.039964015625 0.738801240234375 0.03865165625 0.53995570703125 0 0.34528890625 0
0 0.725968154296875 1 0.754806728515625 0.982484005859375 0.7547636318359375 0.974516904296875 0.7697603203125 0.971064986328125 0.8081446875 0.9291820615234375 0.8342587158203125 0.8849140244140625 0.8357494111328125 0.8772450625 0.8253110029296875 0.8736242958984375 0.751987103515625 0.8577798291015625 0.7510064912109375 0.84644700390625 0.7647244296875 0.833196052734375 0.8267550595703125 0.80068473046875 0.8327609375 0.777975982421875 0.798633169921875 0.7570165126953124 0.591273046875 0.7183015322265625 0.4116504794921875 0.708854359375 0.15738570703125 0.723100087890625 0 0.745102083984375 0 0.912168193359375 0.4518554755859375 1 0.725968154296875 1
0 0.901520509765625 1 0.9129992978515625 0.9957243330078125 0.937446701171875 0.8699533505859375 0.896120498046875 0.877837798828125 0.840648927734375 0.8766056865234375 0.804523921875 0.9396204697265625 0.7837693984375 1 0.901520509765625 1
0 0.2934120849609375 0.5473893427734375 0.35055028125 0.6301244013671875 0.3708308203125 0.640433517578125 0.3776484619140625 0.6544926923828125 0.4068767138671875 0.676091537109375 0.445903998046875 0.696411630859375 0.5103232822265625 0.7089334716796875 0.6268053154296875 0.7156578369140625 0.789387318359375 0.747260576171875 0.8928734423828125 0.7307661103515625 0.9228237216796875 0.715895171875 0.9200111787109375 0.705798 0.8485192109375 0.6887178798828125 0.7210851435546874 0.640071033203125 0.621216244140625 0.5888235888671876 0.4815513935546875 0.4884552294921875 0.3995743779296875 0.4024837392578125 0.3871747470703125 0.3761973232421875 0.3640816650390625 0.3557910341796875 0.330083189453125 0.358732869140625 0.28909822265625 0.3730506259765625 0.25795538671875 0.394056734375 0.2360584033203125 0.4248187783203125 0.228989259765625 0.477564 0.2579624697265625 0.5086637392578125 0.290854583984375 0.52779127734375 0.2934120849609375 0.5473893427734375
2 0.634682681640625 0.6423770341796875 0.6391978642578126 0.6273372490234375 0.6299520126953125 0.6175813125 0.6002136767578125 0.614984255859375 0.5781874013671875 0.6218449951171875 0.5758022890625 0.6341153349609375 0.5807449033203125 0.6414430615234376 0.620921646484375 0.6476608837890625 0.634682681640625 0.6423770341796875
2 0.447175666015625 0.5916036591796875 0.43030394921875 0.5883241298828125 0.421144291015625 0.594502396484375 0.4233605556640625 0.6076671533203125 0.4454299287109375 0.608773515625 0.447175666015625 0.5916036591796875
2 0.5084411708984375 0.5875950185546875 0.5102300048828124 0.578392263671875 0.4979596650390625 0.5760071513671875 0.494935177734375 0.583377974609375 0.5084411708984375 0.5875950185546875
2 0.5592682666015625 0.5799656123046875 0.563528408203125 0.5744267197265625 0.557052001953125 0.56680085546875 0.5524937216796875 0.5738735390625 0.5592682666015625 0.5799656123046875
2 0.6639935859375 0.6226065791015625 0.6756676474609375 0.62805927734375 0.694669435546875 0.6285693603515625 0.6955638525390625 0.6239679833984375 0.679586552734375 0.616087076171875 0.663652349609375 0.6161732705078125 0.6639935859375 0.6226065791015625
2 0.5465344814453125 0.6618528916015625 0.5455538701171875 0.6505200654296875 0.53392290625 0.6530344697265625 0.5382692412109376 0.66342978125 0.5465344814453125 0.6618528916015625
2 0.319529654296875 0.56042480859375 0.3280499365234375 0.549347025390625 0.2927727099609375 0.5424898271484375 0.3066630361328125 0.56110728125 0.319529654296875 0.56042480859375
2 0.3990784599609375 0.650699537109375 0.3944339853515625 0.6418380185546875 0.366825720703125 0.636471515625 0.3733452236328125 0.652064482421875 0.3920919697265625 0.6620754599609375 0.3990784599609375 0.650699537109375
2 0.7970958359375 0.69941487109375 0.78333480078125 0.704698720703125 0.7962445166015625 0.711983349609375 0.7970958359375 0.69941487109375
2 0.295790115234375 0.420511998046875 0.28748177734375 0.414121787109375 0.263282333984375 0.41578487109375 0.271931908203125 0.4286083916015625 0.2909336953125 0.4291184755859375 0.295790115234375 0.420511998046875
2 0.3364804833984375 0.4650315361328125 0.32910966015625 0.462007048828125 0.315348625 0.4672908984375 0.314156068359375 0.473426068359375 0.33345599609375 0.472402359375 0.3364804833984375 0.4650315361328125
2 0.487790380859375 1 0.507230306640625 0.9868876044921875 0.5096154189453125 0.9746172646484375 0.489974255859375 0.9692076640625 0.4578077109375 0.970913845703125 0.448051775390625 0.980159697265625 0.44754169140625 0.9991614853515625 0.4518554755859375 1 0.487790380859375 1
2 0.40151729296875 0.818306806640625 0.4036042666015625 0.8075702587890625 0.3907376484375 0.8082527314453125 0.39078074609375 0.8162198330078125 0.40151729296875 0.818306806640625
2 0.7499036708984375 0.92581987890625 0.756592021484375 0.9159777490234375 0.7403165830078124 0.9096306337890625 0.737931470703125 0.9219009736328125 0.7499036708984375 0.92581987890625
2 0.870308150390625 0.9778755458984375 0.8723951240234376 0.9671389990234375 0.8601247841796875 0.9647538857421875 0.858379046875 0.9819237421875 0.870308150390625 0.9778755458984375
2 0.788012095703125 1 0.7903820947265625 0.987807412109375 0.775683544921875 0.9897255380859376 0.7879045 1 0.788012095703125 1