2 0.0718525234375 0.3810980244140625 0.0757996416015625 0.3766148251953125 0.0775402841796875 0.3684055654296875 0.076634787109375 0.3569665908203125 0.0746747060546875 0.3532087041015625 0.061515525390625 0.34371980078125 0.0536371904296875 0.344687138671875 0.051060447265625 0.3481126357421875 0.0494037431640625 0.3549797861328125 0.0531967265625 0.3838326025390625 0.056786365234375 0.39272076171875 0.0595715029296875 0.3950439677734375 0.0682799345703125 0.3886443505859375 0.0718525234375 0.3810980244140625
2 0.147997314453125 0.6613856552734375 0.152660541015625 0.6545932841796875 0.1543377919921875 0.64994485546875 0.1549862451171875 0.64098183203125 0.15447252734375 0.6388236640625 0.1510881806640625 0.6356845888671875 0.1440335419921875 0.63521898828125 0.1376787265625 0.64044017578125 0.136984716796875 0.6449678779296875 0.137653130859375 0.652437408203125 0.13998929296875 0.65925823046875 0.1417882783203125 0.6617040947265626 0.14490375 0.662653365234375 0.147997314453125 0.6613856552734375
2 0.2542005390625 0.2991819892578125 0.2518628251953125 0.292361357421875 0.2479015595703125 0.2906264951171875 0.24488534375 0.29454988671875 0.2461132236328125 0.3086144560546875 0.25075899609375 0.3098213369140625 0.2539142109375 0.3049914365234375 0.2542005390625 0.2991819892578125
2 0.23844430859375 0.21360336328125 0.2342380078125 0.211898587890625 0.231391029296875 0.2131360205078125 0.2273807099609375 0.2211816015625 0.2257792548828125 0.22848590234375 0.22552452734375 0.2325141591796875 0.22706878515625 0.23898828125 0.229798673828125 0.2408743369140625 0.2342310126953125 0.2403301142578125 0.2414709833984375 0.2301122470703125 0.24204344921875 0.21849180078125 0.23844430859375 0.21360336328125
2 0.4050866123046875 0.5125417666015625 0.4060221591796875 0.5221997412109375 0.40738322265625 0.525143310546875 0.4117839609375 0.5263802783203125 0.4141375771484375 0.52520184765625 0.415731080078125 0.521897078125 0.4159003173828125 0.5192111201171875 0.41250356640625 0.5098553427734375 0.40766490625 0.509116080078125 0.4050866123046875 0.5125417666015625
2 0.4046007470703125 0.610333025390625 0.4087089619140625 0.6071618466796875 0.4095722099609375 0.5999481865234375 0.4071823486328125 0.5926900234375 0.4031673837890625 0.5905178212890625 0.399743486328125 0.593159466796875 0.3985262548828125 0.5995287236328125 0.4001242119140625 0.606440185546875 0.4046007470703125 0.610333025390625
2 0.4130695185546875 0.701691287109375 0.4144747783203125 0.70907191796875 0.4179981220703125 0.711304484375 0.4226739443359375 0.710730365234375 0.4248143173828125 0.7078023818359375 0.4250688544921875 0.70377257421875 0.42317061328125 0.6964540478515625 0.41913355078125 0.692063314453125 0.4151625927734375 0.694326623046875 0.4130695185546875 0.701691287109375
2 0.2657470478515625 0.596730203125 0.2695770771484375 0.5953704921875 0.272580697265625 0.5852288486328125 0.2710585380859375 0.5809732578125 0.267513095703125 0.5765221611328125 0.2637904638671875 0.578756552734375 0.263311439453125 0.5850351689453125 0.2640857001953125 0.5933795703125 0.2657470478515625 0.596730203125
2 0.23308627734375 0.5891902861328125 0.236864158203125 0.5873930439453126 0.2381889765625 0.5819000205078125 0.2357975654296875 0.5746420478515625 0.2322757724609375 0.572409291015625 0.22923590625 0.574114341796875 0.2278573896484375 0.579170025390625 0.228963724609375 0.5861418515625 0.23308627734375 0.5891902861328125
2 0.3416323056640625 0.482129462890625 0.3432744580078125 0.4934779873046875 0.34778259375 0.4955896357421875 0.3492987490234375 0.4896291845703125 0.34840894921875 0.48440808203125 0.345848298828125 0.4798360673828125 0.3416323056640625 0.482129462890625
2 0.095779859375 0.718438689453125 0.0967787978515625 0.724535833984375 0.09945634765625 0.72598280859375 0.1027949462890625 0.72468501171875 0.104911669921875 0.7195386884765625 0.103783236328125 0.7103483310546875 0.1022294755859375 0.7078739306640625 0.0975521025390625 0.708448240234375 0.0960661875 0.7126292421875 0.095779859375 0.718438689453125
2 0.3702586328125 0.646089486328125 0.3711499833984375 0.6513103994140625 0.3749499619140625 0.6517316884765625 0.375267890625 0.64414105078125 0.373692033203125 0.639448119140625 0.37086715234375 0.6429040830078125 0.3702586328125 0.646089486328125
2 0.2674496630859375 0.317544826171875 0.26768674609375 0.3215142705078125 0.2716398701171875 0.32724711328125 0.275416390625 0.3254516123046875 0.2773497294921875 0.3167731845703125 0.27662916796875 0.3088661240234375 0.27373818359375 0.3056680458984375 0.2711914892578125 0.3073125419921875 0.2691048154296875 0.3106778662109375 0.2674496630859375 0.317544826171875
0 0 0.5305813095703125 0.0200621767578125 0.693974626953125 0.0226307783203125 0.6945471103515625 0.0268430830078125 0.7064679287109376 0.0300345419921875 0.71007462109375 0.0298653046875 0.7127605791015625 0.035987490234375 0.7137861796875 0.0565143798828125 0.73036755078125 0.0631136435546875 0.7393301083984375 0.07029641796875 0.7428906640625 0.073296541015625 0.746964783203125 0.083025818359375 0.748879291015625 0.0870107333984375 0.7528324931640625 0.091217033203125 0.7545372685546875 0.10581307421875 0.7696256123046875 0.1086740087890625 0.7746046904296875 0.1152277158203125 0.779131927734375 0.1229874091796875 0.78128826953125 0.1270436669921875 0.777681111328125 0.1310268408203125 0.781632953125 0.13704162890625 0.781783873046875 0.14064076953125 0.786672310546875 0.14978517578125 0.7939905615234375 0.1552244052734375 0.795543953125 0.1567987119140625 0.8002370751953125 0.1591538798828125 0.7990584541015625 0.1586386103515625 0.7969004775390625 0.16137819140625 0.7947883623046875 0.1630377978515625 0.798137634765625 0.1645694599609375 0.7983935048828125 0.1655623935546875 0.794274607421875 0.168847103515625 0.7925379189453124 0.1718235771484375 0.7943936982421875 0.1759019326171875 0.7930050712890625 0.183738974609375 0.7978170947265625 0.1936074404296875 0.7988266435546875 0.2543183076171875 0.7967026435546875 0.262633013671875 0.7952377919921875 0.2663887958984375 0.7912220185546875 0.2695345078125 0.79039183984375 0.2848738037109375 0.79117358984375 0.296536611328125 0.784411220703125 0.3121306337890625 0.781164712890625 0.3149316748046875 0.775488857421875 0.3344648662109375 0.7717586806640625 0.34139641015625 0.7651317294921876 0.3452281806640625 0.76377337890625 0.357151529296875 0.763197244140625 0.3668399052734375 0.759342482421875 0.371269140625 0.760132017578125 0.3799694296875 0.7577303798828126 0.41251351171875 0.7404085771484376 0.417573751953125 0.7424524365234375 0.4200981572265625 0.738587857421875 0.426251943359375 0.737832267578125 0.4444322119140625 0.72716054296875 0.44558779296875 0.7243534765625 0.453894357421875 0.72688660546875 0.457210857421875 0.7233702783203125 0.456695587890625 0.72121230078125 0.4583381455078125 0.708127087890625 0.457693380859375 0.7028758984375 0.456093873046875 0.6959646259765625 0.453427376953125 0.690517740234375 0.449325966796875 0.6652558408203125 0.4473643349609375 0.66149814453125 0.4447013359375 0.6418354951171875 0.44532594921875 0.630652580078125 0.4443588017578125 0.6227757958984375 0.4404688798828125 0.6134805732421875 0.4388709228515625 0.6065691103515625 0.43750540625 0.59340930859375 0.4383465556640625 0.5839771171875 0.4376560439453125 0.574289056640625 0.432405248046875 0.5620518154296875 0.4305702080078125 0.551170908203125 0.4313039609375 0.54086403515625 0.4336354794921875 0.53746707421875 0.433706822265625 0.5299067138671875 0.4334681884765625 0.5259374599609375 0.4308317412109375 0.5187095732421875 0.4283158828125 0.4941424345703125 0.4282117919921875 0.479050439453125 0.4302969150390625 0.4756853056640625 0.4299524345703125 0.4708411806640625 0.4313168056640625 0.459567435546875 0.4269283017578125 0.4156845380859375 0.4269317998046875 0.4014687744140625 0.4301186142578125 0.39485768359375 0.4288986865234375 0.3767935830078125 0.403308287109375 0.31285757421875 0.3976637666015625 0.305555099609375 0.3945341484375 0.298387767578125 0.38790464453125 0.291204658203125 0.3869295458984375 0.2873274052734375 0.379347041015625 0.27848557421875 0.3758647998046875 0.2704720966796875 0.3732679052734375 0.2574634892578125 0.3691534951171875 0.25041707421875 0.363801306640625 0.2475211943359375 0.3468136640625 0.2251733271484375 0.341777853515625 0.2146869990234375 0.3395351318359375 0.20252434765625 0.3364592119140625 0.19579435546875 0.3148038876953125 0.170022626953125 0.310762181640625 0.1554141103515625 0.305310546875 0.147644017578125 0.2821817138671875 0.1322699931640625 0.2755840009765625 0.1233072451171875 0.27441582421875 0.11989605859375 0.26710200390625 0.1132424814453125 0.256887505859375 0.1073889970703125 0.253898626953125 0.0993165166015625 0.24767699609375 0.0934167041015625 0.24065395703125 0.091169912109375 0.2334475341796875 0.0853910166015625 0.220932927734375 0.081151751953125 0.21758832421875 0.0722335068359375 0.212629861328125 0.0644028603515625 0.2053063486328125 0.0617474541015625 0.20309987109375 0.05802139453125 0.199277603515625 0.0553800234375 0.191547958984375 0.051442681640625 0.1870082236328125 0.0511122236328125 0.181033177734375 0.0451821337890625 0.1632421796875 0.0407028603515625 0.1308244970703125 0.0473484296875 0.1256857431640625 0.0462036533203125 0.1011006484375 0.047445013671875 0 0.060193900390625 0 0.5305813095703125
2 0.7565327607421874 0.6315341435546875 0.7418291328125 0.615569568359375 0.7397521513671875 0.614936720703125 0.735590046875 0.6176690078125 0.733133296875 0.6281874375 0.732709521484375 0.6349032041015625 0.7341145908203125 0.6422822841796875 0.7446735693359375 0.65297989453125 0.7482808515625 0.6538703515625 0.7530435244140625 0.651952193359375 0.757822291015625 0.6420365224609375 0.7565327607421874 0.6315341435546875
2 0.4581239541015625 0.3421093251953125 0.4634557861328125 0.34278803515625 0.465648306640625 0.3402975830078125 0.4654730634765625 0.3327674990234375 0.4608986337890625 0.3240002578125 0.4564141474609375 0.32410694921875 0.454381171875 0.32790961328125 0.4549642861328125 0.3367229931640625 0.4581239541015625 0.3421093251953125
2 0.53678408203125 0.2094010673828125 0.5404495166015625 0.2209450986328125 0.5430101669921875 0.22551711328125 0.56334921875 0.2283501484375 0.5720039521484375 0.221513189453125 0.577991998046875 0.209227794921875 0.58453836328125 0.1791038916015625 0.584126037109375 0.16760436328125 0.581843763671875 0.1612224326171875 0.5782700283203125 0.1443352119140625 0.575056662109375 0.1385115390625 0.57098780859375 0.1359004443359375 0.566525419921875 0.1382256669921875 0.562739396484375 0.144020888671875 0.5554839189453125 0.1480224365234375 0.5470567666015625 0.162828560546875 0.536008080078125 0.2010553056640625 0.53678408203125 0.2094010673828125
2 0.5726274873046875 0.7251915419921875 0.569892955078125 0.7130877021484375 0.56689283203125 0.7090135830078125 0.5629015166015625 0.709059720703125 0.5645136201171875 0.7221892451171875 0.569364685546875 0.7291452099609375 0.571666154296875 0.7275292490234375 0.5726274873046875 0.7251915419921875
2 0.56846232421875 0.6546262900390625 0.5658161845703125 0.65139657421875 0.563438919921875 0.6503566640625 0.5616003818359375 0.6536915205078125 0.56162248046875 0.65591005078125 0.5645908115234375 0.661763810546875 0.568914203125 0.6603450966796875 0.56846232421875 0.6546262900390625
2 0.508995958984375 0.0990903486328125 0.509286740234375 0.1034971337890625 0.512810083984375 0.1057297001953125 0.514648431640625 0.10239329296875 0.5151592470703125 0.094335037109375 0.5110050947265625 0.09306779296875 0.508995958984375 0.0990903486328125
2 0.778364845703125 0.0624613876953125 0.7773676484375 0.056365603515625 0.7736830185546875 0.0528194638671875 0.767605029296875 0.05623092578125 0.768218193359375 0.0632633056640625 0.7715707490234375 0.0681820205078125 0.776880482421875 0.06664219921875 0.778364845703125 0.0624613876953125
2 0.9480156982421875 0.2108815126953125 0.9493054189453125 0.221385443359375 0.9525189755859375 0.2272106669921875 0.9610104755859376 0.233275708984375 0.96952078515625 0.234006509765625 0.96565200390625 0.202497822265625 0.9607030400390625 0.1982190556640625 0.9525259716796876 0.1987791396484375 0.949209470703125 0.2022954677734375 0.9480156982421875 0.2108815126953125
2 0.8682061435546875 0.0940762646484375 0.8734827255859375 0.09431782421875 0.8751599765625 0.0896693955078125 0.8720856083984375 0.0829392138671875 0.867416185546875 0.0795139921875 0.862878 0.0791833427734375 0.861039462890625 0.08251819921875 0.862530021484375 0.08855498046875 0.8682061435546875 0.0940762646484375
2 0.660391451171875 0.3674731767578125 0.6604370087890625 0.3719084970703125 0.6631986875 0.3720149140625 0.664992837890625 0.3642414453125 0.6691946845703125 0.35572998828125 0.6716293369140625 0.3429930263671875 0.67114566796875 0.339053859375 0.6695382099609375 0.3361421181640625 0.6668620205078125 0.33469340234375 0.659100775390625 0.3325372509765625 0.654530798828125 0.3339862412109375 0.6551676123046875 0.3432369619140625 0.6576650615234375 0.351371357421875 0.658462970703125 0.361934099609375 0.660391451171875 0.3674731767578125
2 0.735703009765625 0.716273033203125 0.7362624755859375 0.722868072265625 0.7388467744140625 0.7296584267578125 0.7431383740234375 0.7300193525390625 0.74533089453125 0.7275289013671875 0.745531923828125 0.7230633037109375 0.7431418720703125 0.71580358984375 0.74054962109375 0.713012765625 0.7370499267578124 0.7129985400390625 0.735703009765625 0.716273033203125
2 0.6294942197265625 0.9807473544921875 0.630163548828125 0.9861986044921875 0.6414863291015624 0.984808341796875 0.64043277734375 0.98029213671875 0.6346808583984375 0.97211498046875 0.6312030712890625 0.9743177353515625 0.6294942197265625 0.9807473544921875
0 0.4495126591796875 0.6545706298828124 0.4524398876953125 0.6662053017578125 0.4554400107421875 0.6702794208984375 0.45663028515625 0.675909138671875 0.4606452490234375 0.678081341796875 0.461705837890625 0.6806162958984375 0.462038869140625 0.7036757158203125 0.460366072265625 0.7185403779296875 0.46112287890625 0.73488403125 0.4643819921875 0.745144576171875 0.4704741279296875 0.7479511767578125 0.4721876240234375 0.7517393408203125 0.4743006591796875 0.7608072294921875 0.4737060947265625 0.7702091435546875 0.47469553125 0.780306009765625 0.476647470703125 0.788061876953125 0.482077197265625 0.7936149892578125 0.4877075712890625 0.79469940234375 0.4916513837890625 0.8044335166015625 0.4925347822265625 0.8136539599609375 0.491586044921875 0.822209919921875 0.492692380859375 0.8291817451171875 0.491152767578125 0.8329254072265625 0.491690134765625 0.8373019150390625 0.49731701171875 0.852602091796875 0.5021777705078125 0.8555598857421876 0.50293807421875 0.8576877763671875 0.5072321806640625 0.8824805078125 0.5112436474609375 0.898868474609375 0.5170715537109375 0.909703052734375 0.5255093544921875 0.91533075390625 0.5299949873046875 0.939657609375 0.5331467041015625 0.94904347265625 0.53853513671875 0.9603759453125 0.543759380859375 0.9601784228515625 0.5479038408203125 0.965443837890625 0.5530518828125 0.987024181640625 0.5570516689453126 0.9951756142578125 0.5602526298828125 0.9947825859375 0.5622278896484375 0.9925612421875 0.570158373046875 0.992031435546875 0.57206858203125 0.99333176953125 0.5745297861328125 0.9930295712890626 0.577298501953125 0.9911547373046875 0.6283085888671875 0.9853354208984375 0.6315396005859375 0.9831613916015625 0.6399095556640625 0.9821336904296875 0.6439490849609375 0.984505953125 0.655026830078125 0.98314577734375 0.657602658203125 0.9817385615234375 0.67423362109375 0.97880866796875 0.6784121484375 0.9802744208984375 0.77343293359375 0.9686073359375 0.774039177734375 0.9674419541015625 0.8059873388671875 0.963075279296875 0.823765740234375 0.9613362998046875 0.824389322265625 0.962350677734375 0.8270971123046875 0.962018203125 0.8792684560546875 0.9514123115234375 0.8842098701171875 0.94280847265625 0.882817396484375 0.94164764453125 0.883958830078125 0.9326225166015625 0.88617344921875 0.932350595703125 0.8884291708984375 0.926297763671875 0.887999390625 0.9227974873046875 0.8899945703125 0.9105584208984375 0.88875059765625 0.9044913623046875 0.8932306298828125 0.8941684384765625 0.8911536494140625 0.8935355908203125 0.88973888671875 0.890154681640625 0.894903427734375 0.8793037763671875 0.8976965166015625 0.8776274521484375 0.897511771484375 0.87409708984375 0.90001426953125 0.8680155302734375 0.900085421875 0.860453619140625 0.902586369140625 0.8543722509765626 0.9049752744140624 0.83719841796875 0.906846962890625 0.8320821806640625 0.910354609375 0.828096875 0.9178252626953125 0.8258477919921875 0.9187106083984375 0.8208526630859375 0.92225140625 0.8150859765625 0.9648443544921875 0.606400630859375 0.9672613623046875 0.6016613701171875 0.9659541875 0.599156693359375 0.970410572265625 0.5866154287109375 0.9856592529296875 0.4034968310546875 0.98513002734375 0.3951223427734375 0.983446771484375 0.3895547294921875 0.9831453408203125 0.364714119140625 0.9813595458984375 0.3440543203125 0.981372439453125 0.3380564794921875 0.9818796689453125 0.3346615458984375 0.9576455693359375 0.1372906416015625 0.953319271484375 0.1360445341796875 0.948686689453125 0.11662371875 0.9488875283203125 0.1121565703125 0.9397010625 0.0861872353515625 0.9362046748046875 0.0719556953125 0.9350322353515625 0.0583298271484375 0.93077418359375 0.0419721376953125 0.931390845703125 0.03478875390625 0.928109443359375 0.0223081279296875 0.924363162109375 0.0223241796875 0.9136525908203125 0.006314826171875 0.5391628134765625 0.02120054296875 0.53525524609375 0.019903021484375 0.533456451171875 0.01745870703125 0.5290793623046876 0.018440080078125 0.5253109833984375 0.0162376005859375 0.5140006083984375 0.023844564453125 0.513029962890625 0.0301835439453125 0.508973705078125 0.0337907021484375 0.507358294921875 0.0348784921875 0.5034507275390625 0.033580970703125 0.501150619140625 0.0351951904296875 0.4974184853515625 0.0414293037109375 0.5012405625 0.0440691240234375 0.501232611328125 0.048068654296875 0.4986859169921875 0.0497131513671875 0.497938208984375 0.0538035126953125 0.4948145947265625 0.05685222265625 0.49063853515625 0.053367998046875 0.4868288623046875 0.0569448798828125 0.4862517529296875 0.0583475419921875 0.4874972763671875 0.06441441015625 0.48453494921875 0.0687766923828125 0.4807031796875 0.07013504296875 0.4774087763671875 0.0758699013671875 0.4774545234375 0.0803067724609375 0.473945326171875 0.0842922685546875 0.471659365234375 0.09212455078125 0.4749882705078125 0.0948249248046875 0.474498876953125 0.099993404296875 0.4720716904296875 0.1036240791015625 0.472308583984375 0.10759197265625 0.4691438671875 0.11642159375 0.4670110498046875 0.1295654287109375 0.4646242822265625 0.1325252392578125 0.4588746796875 0.148778337890625 0.4579040341796875 0.1551173173828125 0.4529226884765625 0.169498775390625 0.4519204423828125 0.1776189443359375 0.4473566611328125 0.1892855283203125 0.4487175341796875 0.1922275458984375 0.44501544921875 0.19668066015625 0.4419057919921875 0.205945880859375 0.4433742529296875 0.209764130859375 0.441526212890625 0.217098708984375 0.4416241083984375 0.221973111328125 0.443339154296875 0.2257610849609375 0.44216748046875 0.2365656611328125 0.43946414453125 0.247114369140625 0.4380144736328125 0.2597319638671875 0.4339200244140625 0.2691181025390625 0.4313965751953125 0.2974146767578125 0.432355771484375 0.3092909921875 0.4359851513671875 0.31239998046875 0.438000482421875 0.316595017578125 0.4427536533203125 0.318676580078125 0.4438679404296875 0.321648875 0.44490293359375 0.3361810615234375 0.4441868251953125 0.3384902333984375 0.441833208984375 0.3396686630859375 0.440977912109375 0.34288279296875 0.439585248046875 0.3417204140625 0.437969837890625 0.3428082041015625 0.437607712890625 0.345961779296875 0.4356602275390625 0.34842214453125 0.4377056083984375 0.3508361826171875 0.4372897841796875 0.3535524169921875 0.43208123828125 0.3599678115234375 0.4326723046875 0.36478166015625 0.4362714453125 0.36967009765625 0.4349466259765625 0.3751631220703125 0.4349194794921875 0.387160544921875 0.43317902734375 0.3953713544921875 0.4365210888671875 0.442937359375 0.431769830078125 0.4897197890625 0.434513865234375 0.4978239072265625 0.4336064208984375 0.500600505859375 0.434004599609375 0.5058819716796875 0.43759423828125 0.514770130859375 0.4381552548828125 0.5213649794921875 0.436974078125 0.5361692783203125 0.4351039404296875 0.5412853251953125 0.4352696806640625 0.5528151298828125 0.4364834130859375 0.5606616376953125 0.440556720703125 0.5734889638671875 0.440298685546875 0.59173453515625 0.44242431640625 0.6070206767578125 0.4446309833984375 0.6107482861328125 0.444869427734375 0.614715990234375 0.446700013671875 0.6153806640625 0.4492290625 0.621733869140625 0.4476099638671875 0.63703587109375 0.4495126591796875 0.6545706298828124
2 0.1093019912109375 0.9628815458984376 0.1068582412109375 0.9551844921875 0.104597875 0.951019541015625 0.099082849609375 0.9468102783203125 0.0938064580078125 0.94657026953125 0.0886595615234375 0.9494234736328125 0.0850251328125 0.9605304384765625 0.08600197265625 0.964409052734375 0.0909922265625 0.9704600595703124 0.1041294990234375 0.977731982421875 0.10801477734375 0.976809421875 0.110269138671875 0.970758330078125 0.1093019912109375 0.9628815458984376
0 0.2048465068359375 1 0.2042267939453125 0.9952040498046875 0.201966427734375 0.991039099609375 0.200322724609375 0.9796907646484375 0.195672498046875 0.9682676513671875 0.1953801650390625 0.963861056640625 0.191329146484375 0.9532538115234375 0.176519515625 0.8733332490234375 0.17599979296875 0.8609590390625 0.179722423828125 0.8587246474609375 0.18000080078125 0.85691473046875 0.1785102421875 0.85087794921875 0.178804521484375 0.841068970703125 0.177045279296875 0.832843935546875 0.1773095087890625 0.82481595703125 0.1745594697265625 0.806495796875 0.1724919912109375 0.801863228515625 0.1645915576171875 0.8006120361328125 0.1612213583984375 0.8036910224609375 0.157237994140625 0.79973762890625 0.148899830078125 0.79898569140625 0.1381163642578125 0.790536888671875 0.1356094130859375 0.78640221484375 0.039095009765625 0.71873498046875 0.0376804384765625 0.7153556220703124 0.0270185166015625 0.7139995634765625 0.0226414267578125 0.7149809365234375 0.0576373671875 1 0.2048465068359375 1
2 0.1271299228515625 0.8007692578125 0.12720571875 0.80342512890625 0.1294660849609375 0.807590080078125 0.1344658408203125 0.809641365234375 0.1377365947265625 0.801688166015625 0.1372531162109375 0.7977505498046875 0.13272443359375 0.7934201787109375 0.1285386796875 0.793934125 0.1273307607421875 0.796302109375 0.1271299228515625 0.8007692578125
2 0.9503408056640625 0.8871561904296875 0.950577888671875 0.891125634765625 0.9521316484375 0.89360003515625 0.956916419921875 0.8939004072265625 0.95946311328125 0.89225591015625 0.9607879326171875 0.88676288671875 0.959735294921875 0.8802284013671875 0.9575065302734375 0.8742822607421875 0.9531278896484375 0.8752638232421875 0.9503408056640625 0.8871561904296875
0 1 0.4822397978515625 0.9965491201171875 0.45413463671875 0.9955534697265624 0.4555902626953125 0.99592955078125 0.4586531982421875 0.9938570234375 0.468236583984375 0.9946409765625 0.4725828154296875 0.993755630859375 0.4775779453125 0.991423921875 0.48097335546875 0.9925920986328125 0.4843845419921875 0.99020669140625 0.487342611328125 0.988581587890625 0.4924285712890625 0.9880723232421875 0.50048663671875 0.9898236142578125 0.5127112021484375 0.988821177734375 0.5208298212890625 0.986382072265625 0.5233505498046875 0.982635791015625 0.5233666015625 0.980536521484375 0.5205136728515625 0.9806125087890625 0.523171095703125 0.9787187216796875 0.5260688017578125 0.9774351962890625 0.52578246484375 0.9749528505859375 0.548298126953125 0.972995671875 0.5547566630859375 0.97399556640625 0.5852858037109375 0.972439859375 0.5970269765625 0.9786915400390624 0.6011457890625 0.9791215107421875 0.6046476162109375 0.9813692802734375 0.602594314453125 0.98344626171875 0.6032271611328125 0.9869108583984375 0.6192383408203125 0.985371244140625 0.622982001953125 0.9861551982421874 0.6273282333984375 0.9824529228515625 0.6317797958984375 0.9744466435546875 0.62965373046875 0.9735376484375 0.63243051953125 0.9735296962890625 0.63643005078125 0.9747294736328125 0.638060046875 0.9755655751953125 0.6428438095703125 0.975271294921875 0.652652787109375 0.9777561484375 0.6545689306640625 0.97802483203125 0.6567571845703125 0.974891525390625 0.663804064453125 0.9765749716796875 0.669373228515625 0.9665366728515625 0.69548182421875 0.9641830556640625 0.69666025390625 0.9663579326171875 0.70216750390625 0.9667024130859375 0.70701162890625 0.9653254462890625 0.7120671220703125 0.96804583203125 0.7179528994140625 0.9679760400390625 0.7255130703125 0.96553693359375 0.728033798828125 0.9651558037109375 0.7391868173828126 0.96312437890625 0.742989291015625 0.956240529296875 0.739837541015625 0.9529777265625 0.7437912099609375 0.9493485361328124 0.740683771484375 0.947977970703125 0.741739923828125 0.9521365771484375 0.7532234013671875 0.9472283154296876 0.7600458583984375 0.9429349736328125 0.759683572265625 0.9433296552734375 0.779180802734375 0.94196528515625 0.7904545478515626 0.93864083203125 0.79797040625 0.93818390625 0.806467552734375 0.932674884765625 0.81247433203125 0.9317674404296875 0.8152509306640625 0.9275500869140625 0.81754606640625 0.92562625 0.8222247734375 0.9164899501953125 0.8739881064453126 0.9149819375 0.8759505771484375 0.91507983203125 0.88082498046875 0.90718190625 0.9040055927734375 0.8963869912109375 0.9137720849609375 0.8920424580078125 0.9374042626953125 0.8873379375 0.9499759951171876 0.8891384736328125 0.952421669921875 0.8931834873046876 0.9528128720703125 0.8938086201171875 0.953827060546875 0.90759415625 0.9521344091796875 0.910746904296875 0.9493229794921875 0.915585564453125 0.9500622431640625 0.9458107265625 0.9459071259765625 0.94968896875 0.94696581640625 0.955163923828125 0.9447586982421875 1 0.939054603515625 1 0.4822397978515625
0 0.22997101953125 0.0829244365234375 0.250104626953125 0.093046212890625 0.279488380859375 0.1272199599609375 0.30715834765625 0.14743602734375 0.31621807421875 0.16993714453125 0.335752931640625 0.1880036083984375 0.34005213671875 0.1717333916015625 0.333605314453125 0.1064071298828125 0.305691939453125 0.0201031171875 0.1709581171875 0.038220583984375 0.2061919296875 0.055933693359375 0.22997101953125 0.0829244365234375
2 0.3088191474609375 0.096856615234375 0.315050046875 0.0834976845703125 0.299949841796875 0.0759063515625 0.29565063671875 0.092176568359375 0.3088191474609375 0.096856615234375
2 0.2389777578125 0.0408884619140625 0.2328018310546875 0.0290528974609375 0.22659841796875 0.029814580078125 0.232175595703125 0.04959483203125 0.2389777578125 0.0408884619140625
2 0.2997869072265625 0.0617582509765625 0.2941822431640625 0.05457524609375 0.292413482421875 0.0658120615234375 0.2997869072265625 0.0617582509765625