2 0.4957705869140625 0.634709353515625 0.495922390625 0.6461751025390625 0.5001810615234376 0.6544080546875 0.5061136201171875 0.6537599912109375 0.508826787109375 0.6461653642578125 0.5082707314453125 0.6373606572265625 0.504585576171875 0.6313137080078125 0.49809487890625 0.6302161240234375 0.4957705869140625 0.634709353515625
2 0.4054376787109375 0.6418350166015625 0.40560694140625 0.6466820625 0.40932290625 0.6536112861328125 0.413568279296875 0.6543448212890625 0.4168533994140625 0.6489362529296875 0.41707301171875 0.64098780859375 0.4139289453125 0.63624308203125 0.408722744140625 0.63642488671875 0.4054376787109375 0.6418350166015625
2 0.4533028828125 0.790165841796875 0.4521532529296875 0.799911900390625 0.454166708984375 0.807783927734375 0.4586741845703125 0.8089492041015625 0.4622999111328125 0.806175666015625 0.462966265625 0.8039463642578125 0.46194652734375 0.7889822119140625 0.4559678359375 0.788309205078125 0.4533028828125 0.790165841796875
2 0.4111590751953125 0.88384526953125 0.4122101416015625 0.8926326904296875 0.4147360673828125 0.8938687275390625 0.4181596396484375 0.8924249296875 0.4198022001953125 0.8897206455078125 0.420826619140625 0.8835076708984375 0.4179155166015625 0.8783154794921875 0.4136855205078125 0.87802230078125 0.4111590751953125 0.88384526953125
2 0.620494318359375 0.951537060546875 0.620309677734375 0.946249658203125 0.6168419990234375 0.9393117646484375 0.6113428857421875 0.9381795537109375 0.607205208984375 0.940530076171875 0.6056550244140625 0.945879623046875 0.607217986328125 0.9550884990234375 0.6115849287109375 0.959348064453125 0.6160770810546875 0.9600745458984375 0.617519048828125 0.958699947265625 0.620494318359375 0.951537060546875
2 0.7540718134765625 0.7117198076171874 0.7554942958984375 0.72402453515625 0.7603885654296875 0.72914747265625 0.765810736328125 0.72807633984375 0.766028732421875 0.720126388671875 0.7651007958984375 0.714864943359375 0.7587353095703125 0.7102342744140625 0.755496896484375 0.70990646875 0.7540718134765625 0.7117198076171874
2 0.751084287109375 0.697265265625 0.7486984306640625 0.6999955068359375 0.7487271591796875 0.707936841796875 0.751840361328125 0.711797732421875 0.7540256806640625 0.71039873828125 0.7551870458984375 0.7081521513671875 0.75529890625 0.697118087890625 0.7552527734375 0.6957970185546875 0.751084287109375 0.697265265625
2 0.1303466494140625 0.2901103564453125 0.1273103349609375 0.2884512490234375 0.120740615234375 0.292209380859375 0.119640814453125 0.2962189560546875 0.12063031640625 0.3032433896484375 0.1292426318359375 0.3082364912109375 0.1356871416015625 0.308011443359375 0.136028267578125 0.30358746875 0.1351772724609375 0.3005293671875 0.1303466494140625 0.2901103564453125
2 0.2623974931640625 0.2127031318359375 0.2569137568359375 0.21201127734375 0.2536440693359375 0.2178617646484375 0.255270677734375 0.2217745673828125 0.2583054296875 0.2234337294921875 0.2619004013671875 0.219779478515625 0.2623974931640625 0.2127031318359375
2 0.2785930224609375 0.2500794345703125 0.2818473330078125 0.2437885908203125 0.281213869140625 0.2398411064453125 0.2786279404296875 0.23684202734375 0.27390293359375 0.236566134765625 0.27080302734375 0.2402046611328125 0.2746436298828125 0.250658244140625 0.2785930224609375 0.2500794345703125
0 0.6384853173828124 0 0.6371702060546875 0.0006398818359375 0.5783955703125 0.00181055078125 0.5771864560546875 0.002734560546875 0.5778369140625 0.0071239091796875 0.5771998076171875 0.0102355390625 0.5811948134765625 0.0180368056640625 0.57950612109375 0.0194200205078125 0.57815798046875 0.0234367041015625 0.57597271484375 0.0248372587890625 0.56496119140625 0.0150734208984375 0.561538138671875 0.009458212890625 0.5554209384765625 0.0048188740234375 0.5473667060546875 0.0015698583984375 0.533950359375 0.001156580078125 0.45494293359375 0.0056807177734375 0.3852316357421875 0.0063499521484375 0.3615290849609375 0.0098245888671875 0.337002744140625 0.0089159296875 0.32780456640625 0.010561380859375 0.324937515625 0.0137493193359375 0.3223823955078125 0.0116325146484375 0.3149001708984375 0.010571119140625 0.2943575283203125 0.012170271484375 0.247682427734375 0.011594169921875 0.1718657197265625 0.0151250986328125 0.1694336748046875 0.0165327080078125 0.1587299765625 0.01558380859375 0.078948443359375 0.01925162890625 0.0779968037109375 0.0417860673828125 0.0789395986328125 0.0545468759765625 0.0783037705078125 0.1216286796875 0.0811841181640625 0.1259401591796875 0.0809661220703125 0.133890109375 0.0757880751953125 0.149070693359375 0.07547354296875 0.168493501953125 0.076742140625 0.1763915400390625 0.0786154736328125 0.1802957275390625 0.0777623974609375 0.1842966865234375 0.080086169921875 0.1868624638671875 0.08042521484375 0.189497548828125 0.0802995390625 0.200091201171875 0.0816624833984375 0.203572318359375 0.0810868876953125 0.208445375 0.0822016005859375 0.2119367236328125 0.0810863681640625 0.215504380859375 0.082432427734375 0.2185467568359375 0.0821066796875 0.2234110888671875 0.0836368056640625 0.2387983115234375 0.0847360859375 0.2418477421875 0.0843933984375 0.246271771484375 0.08755076171875 0.2585159150390625 0.0872075 0.269997388671875 0.0888787890625 0.275234439453125 0.08847609765625 0.2778954267578125 0.091558544921875 0.2808756044921875 0.0907208466796875 0.285316919921875 0.09669901953125 0.2930489326171875 0.1133676494140625 0.29423198828125 0.1132249794921875 0.30438377734375 0.112233396484375 0.3044184033203125 0.1123411484375 0.3075040234375 0.1143683662109375 0.3158148994140625 0.1127566162109375 0.3194014580078125 0.113204919921875 0.325120546875 0.1112986962890625 0.32739314453125 0.1115910888671875 0.335766166015625 0.1070045341796875 0.3394550439453125 0.1051598759765625 0.3434906298828125 0.10587184375 0.3496414052734375 0.1083325615234375 0.356173568359375 0.1109046201171875 0.35873067578125 0.1085633896484375 0.3627836025390625 0.109477509765625 0.36760463671875 0.1083299609375 0.370291634765625 0.107879056640625 0.3786906123046875 0.1097216337890625 0.3817140869140625 0.108140638671875 0.386181359375 0.109239919921875 0.3892307900390625 0.1081693134765625 0.3941211328125 0.1109880966796875 0.3966696240234375 0.1113287568359375 0.3993062158203125 0.1096708193359375 0.4015701435546875 0.10984008203125 0.406417189453125 0.1089408193359375 0.4090955166015625 0.1103945224609375 0.4152203896484375 0.109013599609375 0.425416982421875 0.1117087333984375 0.4314985029296875 0.11152201171875 0.4332701611328125 0.11480505078125 0.43492065234375 0.1210622646484375 0.4435247080078125 0.121865044921875 0.4523207998046875 0.120516958984375 0.456339044921875 0.1213371982421875 0.4585164326171875 0.1205456328125 0.464278818359375 0.12193938671875 0.4686422099609375 0.1213192197265625 0.472194142578125 0.12264984765625 0.4747946005859375 0.1227729228515625 0.478319015625 0.1206178935546875 0.4876592890625 0.1257542060546875 0.51395073828125 0.12851957421875 0.5504733515625 0.133583625 0.553384330078125 0.133955041015625 0.5569016357421875 0.1513750625 0.5937942841796875 0.150707146484375 0.5960236396484375 0.1547016337890625 0.610883912109375 0.1557372685546875 0.6192294150390625 0.1586176162109375 0.6235408935546874 0.15799744921875 0.627092826171875 0.1604273583984375 0.63274271484375 0.1625469501953125 0.6436988544921876 0.1655042412109375 0.650213677734375 0.1714075517578125 0.64868328515625 0.1759765927734375 0.651611548828125 0.178050052734375 0.6612466181640625 0.1786522412109375 0.6713723955078125 0.18083542578125 0.677030900390625 0.1804773603515625 0.6810145732421875 0.1848612412109375 0.68571444140625 0.1839773564453125 0.6888331259765625 0.1860528427734375 0.6914075732421875 0.187460466796875 0.6962129375 0.1918443486328125 0.7009128056640626 0.1970463876953125 0.71484912109375 0.198703373046875 0.71434880078125 0.2624298837890625 0.8034493681640625 0.269756197265625 0.8071646962890625 0.27214153515625 0.8114934619140625 0.2757189921875 0.8144563525390625 0.276090353515625 0.8179720966796875 0.282827775390625 0.819061064453125 0.28498228515625 0.8167797958984375 0.2921064453125 0.821824865234375 0.2926625009765625 0.830629572265625 0.290305373046875 0.8413011484375 0.292117140625 0.84344234765625 0.2935724599609375 0.8495687275390625 0.2968554990234375 0.85121921875 0.304199271484375 0.84831584375 0.315197443359375 0.8505787041015626 0.3192714736328125 0.8535242548828125 0.3242252265625 0.8674692412109375 0.3218855576171875 0.87152211328125 0.324952626953125 0.87406193359375 0.3261272880859375 0.879314763671875 0.325924669921875 0.8877050712890625 0.326914171875 0.89472950390625 0.3282155517578125 0.8964476337890624 0.333606966796875 0.894495787109375 0.333220173828125 0.890538125 0.3357773740234375 0.885595869140625 0.343863923828125 0.88972554296875 0.3433031865234375 0.9020979619140626 0.348197455078125 0.907220900390625 0.3477778251953125 0.9094415859375 0.352083203125 0.9119381630859374 0.3523930537109375 0.91369248046875 0.35434546484375 0.912742513671875 0.355242646484375 0.91712324609375 0.362491962890625 0.9186336689453125 0.3708581279296875 0.91657794140625 0.3756447001953125 0.918616822265625 0.3815941982421875 0.9184090615234375 0.3837625244140625 0.9165682041015625 0.3875575126953125 0.9186417109375 0.3887050625 0.915954712890625 0.3873420634765625 0.9124720341796875 0.3879007197265625 0.90715867578125 0.39144950390625 0.9021817939453125 0.3949669580078125 0.9033816416015625 0.39738154296875 0.908592736328125 0.40092824609375 0.9106749140625 0.4072470244140625 0.92104195703125 0.40636105859375 0.9312197021484375 0.41238541796875 0.940274345703125 0.4113609990234375 0.9464873193359375 0.413638583984375 0.94773046484375 0.4165958740234375 0.9542452880859374 0.43166605078125 0.9665143212890625 0.43990903125 0.960931056640625 0.4467249560546875 0.964223314453125 0.4503486015625 0.9685088369140625 0.45284215625 0.9688626533203125 0.46538588671875 0.986954654296875 0.4675536923828125 0.992172802734375 0.4723864521484375 0.9955343154296875 0.4772966181640625 0.9940386044921875 0.47904895703125 0.9873593173828125 0.4783693056640625 0.982089201171875 0.4829096728515625 0.97707769140625 0.485605380859375 0.9761017685546876 0.491321970703125 0.9763430341796875 0.4955329462890625 0.9832549716796875 0.50894929296875 0.9836682490234375 0.5147105087890625 0.985232201171875 0.519589400390625 0.9899147822265625 0.528667533203125 0.994009830078125 0.5477989072265625 0.9946644287109375 0.5508352216796875 0.9963235361328125 0.5508576337890625 0.99696533203125 0.57199646875 0.991172505859375 0.581538857421875 0.9943695537109375 0.610280048828125 0.991600751953125 0.620700923828125 0.993001984375 0.6679823759765625 0.9895857421875 0.6709109384765625 0.98815923046875 0.6775140146484375 0.9711637451171875 0.6789544755859375 0.9697907626953125 0.682982318359375 0.971413681640625 0.6858647470703125 0.968666099609375 0.68797104296875 0.972122822265625 0.68855629296875 0.9818082978515625 0.690849310546875 0.983493361328125 0.6944904140625 0.9811601796875 0.698628609375 0.9717506513671875 0.700086474609375 0.9637574033203125 0.70242619921875 0.9597060927734375 0.70419599609375 0.9464081025390625 0.7075888134765626 0.9440835908203125 0.7091852412109375 0.9400582373046875 0.712949419921875 0.9412494697265625 0.71702553125 0.9371359599609375 0.7237845732421875 0.917488103515625 0.725524134765625 0.8962503935546875 0.727492443359375 0.88868177734375 0.7278372119140625 0.8771986875 0.7294956689453125 0.86787575390625 0.73320041796875 0.8602465 0.7373380947265625 0.8578959775390625 0.7411336025390625 0.8529104794921875 0.7421447255859375 0.8391980888671875 0.744594228515625 0.831171775390625 0.745944396484375 0.8200944697265625 0.7478352421875 0.8173815146484374 0.7504237177734375 0.806260966796875 0.751991416015625 0.79429427734375 0.7533226796875 0.76843831640625 0.7546169443359375 0.7628788232421875 0.7578866865234375 0.7570298974609375 0.759531328125 0.747266552734375 0.758557203125 0.7406824755859375 0.75572304296875 0.73769362890625 0.75563066796875 0.7350483662109375 0.75921026171875 0.7309537578125 0.7552152001953125 0.7231509306640626 0.7560396015625 0.7112101982421875 0.7633679970703126 0.7078664658203125 0.763957408203125 0.7034338203125 0.76231744921875 0.6920200390625 0.766998404296875 0.6839158017578125 0.7673129375 0.6644929931640625 0.76915603515625 0.6604574609375 0.76827423046875 0.6565170849609375 0.769685443359375 0.6542617734375 0.7732167685546875 0.6559035947265625 0.777060025390625 0.6522406728515625 0.779122734375 0.640256697265625 0.780101486328125 0.6256620869140626 0.7787247255859375 0.62174055859375 0.77769163671875 0.599275427734375 0.7793978427734375 0.5912750703125 0.7828060380859375 0.589390916015625 0.7824982685546875 0.5805775380859375 0.78422037109375 0.5659585322265624 0.7820721044921874 0.5470626201171875 0.780530708984375 0.5171153583984375 0.7818942275390625 0.51353903125 0.7870219248046875 0.5111539365234375 0.7906014638671875 0.5070577666015625 0.7898120341796875 0.505762654296875 0.7915951279296874 0.499964080078125 0.7918593115234375 0.4933367607421875 0.7910103984375 0.4832195986328125 0.7879761650390625 0.474501431640625 0.7861510458984375 0.4648592529296875 0.785239005859375 0.452979158203125 0.781090115234375 0.440771203125 0.7814328017578125 0.436347173828125 0.7879855830078125 0.432148740234375 0.7895973330078125 0.4285621806640625 0.7754292509765625 0.3355249638671875 0.77118751953125 0.3277323134765625 0.77070840625 0.321130951171875 0.76756439453125 0.3163877861328125 0.765211947265625 0.3058822353515625 0.7677691484375 0.3009399794921875 0.7647237001953126 0.2776633349609375 0.7586839619140625 0.268168333984375 0.75719996875 0.254102181640625 0.7561006337890624 0.2510511884765625 0.757171240234375 0.246160845703125 0.7528356279296875 0.2357245498046875 0.75119775 0.21725170703125 0.7523606767578125 0.2150050654296875 0.7541109345703125 0.2153848388671875 0.7538185966796875 0.20701337890625 0.749669650390625 0.1948038623046875 0.7530624677734375 0.1924793515625 0.7517472724609375 0.1903208115234375 0.74962819921875 0.172305666015625 0.7478471318359375 0.1710436181640625 0.7449052734375 0.1649707138671875 0.7363390908203125 0.161298681640625 0.7315413037109375 0.14470132421875 0.7269944033203125 0.1139772294921875 0.7241145751953125 0.1026067451171875 0.725092861328125 0.095072701171875 0.7272458095703125 0.0927914873046875 0.7262870634765625 0.086647767578125 0.7291541142578125 0.0834598291015625 0.7256274716796876 0.0606408818359375 0.72596859765625 0.05621690625 0.720735283203125 0.0484588828125 0.7198227236328125 0.0436377939453125 0.7169423759765625 0.0393263154296875 0.7203198154296875 0.036561447265625 0.713523484375 0.0195929873046875 0.713941552734375 0.0173723564453125 0.7103661220703125 0.00734884375 0.7092782626953125 0 0.6793503916015625 0 0.6780358779296874 0.005390021484375 0.674859029296875 0.0068252041015625 0.6745947919921875 0.0134509619140625 0.67104652734375 0.0113688388671875 0.6702109111328125 0.0087510947265625 0.6645425888671875 0.0027733994140625 0.6623126982421875 0.0028512685546875 0.6603362236328125 0 0.6384853173828124 0
2 0.235928130859375 0.32171830859375 0.2353694736328125 0.3270316669921875 0.23848267578125 0.3308925576171875 0.2439356025390625 0.33070213671875 0.2453298759765625 0.3280065224609375 0.2454550869140625 0.3244734384765625 0.2428076474609375 0.3197129326171875 0.24153696875 0.318873955078125 0.235928130859375 0.32171830859375
2 0.3536866220703125 0.81570483203125 0.35413492578125 0.8214239208984375 0.355992935546875 0.8248893125 0.3591528447265625 0.8230138291015625 0.3614171337890625 0.8167575576171875 0.3615715380859375 0.814105240234375 0.3597289599609375 0.8110817666015625 0.3564921083984375 0.81075390625 0.3536866220703125 0.81570483203125
2 0.1779641748046875 0.680098599609375 0.172297982421875 0.65215432421875 0.1516706728515625 0.6434939306640625 0.1521069169921875 0.65598631640625 0.17021096484375 0.6819327998046875 0.1779641748046875 0.680098599609375