2 0.2526453125 0.5334828125 0.23941875 0.5240578125 0.2341265625 0.5178578125 0.2275125 0.5153765625 0.21605 0.5146328125 0.2103171875 0.5161203125 0.180334375 0.5161203125 0.169753125 0.5173609375 0.164903125 0.5208328125 0.1626984375 0.5290171875 0.1635796875 0.5369546875 0.1684296875 0.54290625 0.1768078125 0.5486109375 0.1851859375 0.55233125 0.2517640625 0.549603125 0.2535265625 0.548859375 0.254409375 0.540675 0.2526453125 0.5334828125
2 0.3425921875 0.481646875 0.333775 0.4739578125 0.3183421875 0.4682546875 0.310846875 0.46875 0.30246875 0.4665171875 0.2861546875 0.466021875 0.268078125 0.4692453125 0.2627859375 0.4759421875 0.2619046875 0.4786703125 0.2667546875 0.482390625 0.277778125 0.48511875 0.2949734375 0.493303125 0.321428125 0.4990078125 0.326278125 0.4977671875 0.3430328125 0.4861109375 0.3425921875 0.481646875
2 0.5171953125 0.5567953125 0.5171953125 0.5548109375 0.5158734375 0.552828125 0.5066140625 0.548859375 0.5026453125 0.544890625 0.489859375 0.540178125 0.4823640625 0.5396828125 0.4704578125 0.53670625 0.46693125 0.5369546875 0.457671875 0.5416671875 0.4559078125 0.545634375 0.4603171875 0.55233125 0.46693125 0.556546875 0.4823640625 0.56324375 0.5013234375 0.5662203125 0.51058125 0.5642359375 0.51366875 0.55853125 0.5171953125 0.5567953125
2 0.415784375 0.5567953125 0.4131390625 0.561259375 0.4126984375 0.564484375 0.414903125 0.5682046875 0.42019375 0.5687 0.4356265625 0.5649796875 0.43783125 0.560515625 0.4316578125 0.5560515625 0.419753125 0.5540671875 0.415784375 0.5567953125
2 0.401675 0.4977671875 0.396825 0.50074375 0.3990296875 0.5057046875 0.4034390625 0.5079359375 0.415784375 0.5106640625 0.4210765625 0.509671875 0.4223984375 0.50545625 0.41534375 0.4997515625 0.4082890625 0.4977671875 0.401675 0.4977671875
2 0.5634921875 0.5138890625 0.5626109375 0.511409375 0.560846875 0.509425 0.552028125 0.5052078125 0.52425 0.4982640625 0.5154328125 0.498015625 0.51366875 0.4990078125 0.513228125 0.5024796875 0.52336875 0.512896875 0.5251328125 0.5173609375 0.5291 0.519840625 0.5361546875 0.52108125 0.5515875 0.519840625 0.561728125 0.5161203125 0.5634921875 0.5138890625
2 0.763228125 0.546875 0.75485 0.544146875 0.7429453125 0.5431546875 0.72663125 0.544146875 0.7204578125 0.545634375 0.7138453125 0.548859375 0.713403125 0.5525796875 0.7209 0.5572921875 0.74118125 0.5625 0.7561734375 0.563740625 0.76366875 0.5602671875 0.7667546875 0.556546875 0.7658734375 0.548859375 0.763228125 0.546875
2 0.560846875 0.6512890625 0.552909375 0.6515375 0.5410046875 0.6557546875 0.538359375 0.6594734375 0.5388 0.6674109375 0.5410046875 0.6686515625 0.55246875 0.6681546875 0.5590828125 0.66641875 0.56525625 0.662946875 0.5687828125 0.658234375 0.5683421875 0.6540171875 0.560846875 0.6512890625
2 0.4078484375 0.6768359375 0.3990296875 0.67733125 0.3950625 0.679315625 0.3941796875 0.6827875 0.3981484375 0.6892359375 0.4025578125 0.690971875 0.4118171875 0.6892359375 0.4166671875 0.6850203125 0.4175484375 0.681546875 0.415784375 0.6798109375 0.4078484375 0.6768359375
2 0.3421515625 0.700396875 0.33465625 0.701140625 0.3258375 0.7078375 0.326278125 0.7142859375 0.32980625 0.716021875 0.3355375 0.716765625 0.3412703125 0.7165171875 0.347884375 0.7135421875 0.3518515625 0.709325 0.3500875 0.7041171875 0.3421515625 0.700396875
2 0.2138453125 0.630953125 0.2112 0.6321921875 0.2094359375 0.6341765625 0.2103171875 0.638640625 0.2151671875 0.6416171875 0.2204578125 0.6428578125 0.2239859375 0.6396328125 0.2235453125 0.633184375 0.2178125 0.630953125 0.2138453125 0.630953125
2 0.31040625 0.565228125 0.31040625 0.569940625 0.3139328125 0.5734125 0.3183421875 0.5744046875 0.3271609375 0.571925 0.3289234375 0.5677078125 0.325396875 0.5639875 0.3143734375 0.5625 0.31040625 0.565228125
2 0.42813125 0.3529265625 0.4219578125 0.349703125 0.3999125 0.34375 0.3800703125 0.341765625 0.3796296875 0.345734375 0.3840390625 0.3494546875 0.3999125 0.3576390625 0.4193125 0.3618546875 0.4272484375 0.3618546875 0.42989375 0.3608625 0.4312171875 0.3571421875 0.42813125 0.3529265625
2 0.701940625 0.4040171875 0.7006171875 0.3998015625 0.692240625 0.3955859375 0.6763671875 0.394096875 0.66534375 0.39608125 0.661375 0.391865625 0.656084375 0.3921125 0.6547625 0.392609375 0.6591703125 0.3998015625 0.656525 0.4047625 0.6626984375 0.4087296875 0.6732796875 0.41021875 0.688271875 0.4094734375 0.693121875 0.4084828125 0.701940625 0.4040171875
2 0.641534375 0.390625 0.6384484375 0.3874015625 0.623015625 0.38516875 0.607584375 0.3859125 0.6022921875 0.387896875 0.603175 0.3928578125 0.6111109375 0.396578125 0.622575 0.399553125 0.627865625 0.3970734375 0.6349203125 0.3970734375 0.6485890625 0.3938484375 0.6499125 0.392609375 0.641534375 0.390625
2 0.5965609375 0.366071875 0.588625 0.367559375 0.583775 0.3717765625 0.5833328125 0.3727671875 0.5873015625 0.37574375 0.59435625 0.3772328125 0.6071421875 0.3772328125 0.6150796875 0.3752484375 0.617284375 0.3732640625 0.6150796875 0.369046875 0.5965609375 0.366071875
2 0.1384484375 0.3658234375 0.132715625 0.3685515625 0.1335984375 0.373015625 0.1384484375 0.3745046875 0.141975 0.3774796875 0.1477078125 0.3779765625 0.15079375 0.376984375 0.150353125 0.3720234375 0.142415625 0.3665671875 0.1384484375 0.3658234375
2 0.1119921875 0.4045140625 0.112875 0.4112109375 0.1208109375 0.4161703125 0.12654375 0.41790625 0.1296296875 0.415921875 0.126984375 0.4092265625 0.1199296875 0.404265625 0.1150796875 0.4030265625 0.1119921875 0.4045140625
0 0.103615625 0.5057046875 0.1097890625 0.5141375 0.11375625 0.515625 0.1199296875 0.528190625 0.12345625 0.5610125 0.13139375 0.5689484375 0.1384484375 0.571925 0.142415625 0.57118125 0.14594375 0.5731640625 0.151675 0.5736609375 0.1525578125 0.576140625 0.1587296875 0.5786203125 0.1626984375 0.5833328125 0.16534375 0.5962296875 0.161375 0.603421875 0.1591703125 0.615328125 0.164021875 0.623015625 0.1763671875 0.6254953125 0.179453125 0.6302078125 0.180334375 0.654265625 0.1851859375 0.665178125 0.2323640625 0.736028125 0.23545 0.748015625 0.2438265625 0.75545625 0.2477953125 0.7562 0.26058125 0.7557046875 0.26455 0.758928125 0.269840625 0.7671125 0.258378125 0.775296875 0.2561734375 0.7795140625 0.2517640625 0.78199375 0.25 0.787203125 0.2469140625 0.7904265625 0.240740625 0.8067953125 0.240740625 0.8154765625 0.2438265625 0.8216765625 0.25573125 0.8224203125 0.25881875 0.820684375 0.263228125 0.8201890625 0.2716046875 0.81646875 0.2760140625 0.8127484375 0.2861546875 0.80853125 0.291446875 0.804315625 0.2949734375 0.8033234375 0.3046734375 0.794890625 0.305996875 0.7921625 0.31040625 0.78993125 0.3139328125 0.7837296875 0.3148140625 0.77579375 0.3192234375 0.773065625 0.3227515625 0.77256875 0.3333328125 0.777034375 0.3412703125 0.7755453125 0.3500875 0.77108125 0.367725 0.7591765625 0.372575 0.7579359375 0.377865625 0.7544640625 0.3897703125 0.7495046875 0.396384375 0.7482640625 0.4034390625 0.7502484375 0.4087296875 0.7502484375 0.419753125 0.748759375 0.4232796875 0.7452875 0.557759375 0.709821875 0.56040625 0.71006875 0.7081125 0.6532734375 0.711640625 0.64930625 0.716490625 0.6470734375 0.7244265625 0.6401296875 0.73148125 0.6376484375 0.7341265625 0.63368125 0.741621875 0.6307046875 0.7433859375 0.6272328125 0.7477953125 0.6254953125 0.7526453125 0.6205359375 0.75485 0.6192953125 0.76366875 0.6205359375 0.7671953125 0.618303125 0.7711640625 0.61805625 0.7760140625 0.6150796875 0.7848328125 0.5994546875 0.786596875 0.5900296875 0.797178125 0.5838296875 0.8002640625 0.578125 0.8007046875 0.5758921875 0.7954140625 0.5657234375 0.797178125 0.5525796875 0.8179015625 0.5307546875 0.8183421875 0.5173609375 0.820546875 0.5124015625 0.8236328125 0.5091765625 0.8258375 0.5091765625 0.8276015625 0.5057046875 0.8258375 0.49454375 0.8209875 0.4875984375 0.821428125 0.4744546875 0.82010625 0.4704859375 0.8130515625 0.46255 0.811728125 0.454365625 0.80555625 0.4479171875 0.802909375 0.4389875 0.798059375 0.43675625 0.7967375 0.4345234375 0.793209375 0.4241078125 0.7716046875 0.40550625 0.7671953125 0.4037703125 0.76455 0.3983140625 0.758378125 0.3950890625 0.755290625 0.3916171875 0.74911875 0.3901296875 0.7433859375 0.3856640625 0.7420640625 0.3829359375 0.73545 0.3797125 0.7336859375 0.3764875 0.7283953125 0.3759921875 0.72178125 0.373015625 0.7178125 0.36805625 0.6851859375 0.3521828125 0.670634375 0.34995 0.665784375 0.3484625 0.6622578125 0.3454859375 0.6477078125 0.34449375 0.6247796875 0.339534375 0.623015625 0.3373015625 0.6106703125 0.3373015625 0.588625 0.33358125 0.581128125 0.334078125 0.5731921875 0.3328375 0.560846875 0.3328375 0.5546734375 0.331596875 0.552909375 0.3298609375 0.5458546875 0.3296125 0.5295421875 0.3298609375 0.5211640625 0.332340625 0.5171953125 0.332340625 0.513228125 0.334821875 0.48941875 0.33680625 0.4678125 0.34375 0.4629625 0.3439984375 0.4589953125 0.3454859375 0.4541453125 0.3452375 0.451940625 0.3439984375 0.443121875 0.3447421875 0.43783125 0.337796875 0.4307765625 0.3328375 0.429453125 0.3298609375 0.4232796875 0.32738125 0.416225 0.326140625 0.4122578125 0.321925 0.4069671875 0.3204359375 0.4034390625 0.316715625 0.3897703125 0.3110125 0.3761015625 0.3018359375 0.373015625 0.298115625 0.3615515625 0.2943953125 0.353175 0.2951390625 0.3514109375 0.290921875 0.3417109375 0.28819375 0.330246875 0.2864578125 0.3161375 0.2859625 0.3064375 0.2842265625 0.2985015625 0.2842265625 0.2857140625 0.28819375 0.283509375 0.28745 0.2751328125 0.2876984375 0.2676359375 0.2891859375 0.2619046875 0.2921625 0.2535265625 0.2946421875 0.2464734375 0.2943953125 0.235890625 0.2966265625 0.2288359375 0.2966265625 0.1909171875 0.311259375 0.1820984375 0.3134921875 0.152115625 0.33978125 0.146825 0.3435015625 0.1402109375 0.3454859375 0.130953125 0.357390625 0.11860625 0.3650796875 0.1159609375 0.369046875 0.1155203125 0.3767359375 0.1111109375 0.3807046875 0.102734375 0.393353125 0.1022921875 0.396578125 0.104496875 0.39930625 0.103175 0.404265625 0.1058203125 0.4126984375 0.0961203125 0.430803125 0.0952375 0.4357640625 0.1067015625 0.4923109375 0.103615625 0.5057046875
2 0.39594375 0.4563484375 0.397265625 0.455109375 0.396384375 0.451140625 0.3897703125 0.4499015625 0.387125 0.4506453125 0.3884484375 0.4553578125 0.39594375 0.4563484375
2 0.5022046875 0.367559375 0.5017640625 0.369046875 0.50573125 0.37103125 0.5158734375 0.370784375 0.518959375 0.3692953125 0.5158734375 0.3673109375 0.5070546875 0.365575 0.50396875 0.3658234375 0.5022046875 0.367559375
2 0.7204578125 0.644096875 0.7248671875 0.6383921875 0.721340625 0.6356640625 0.716490625 0.63516875 0.7089953125 0.6391375 0.7089953125 0.643353125 0.7204578125 0.644096875
2 0.6578484375 0.5 0.6618171875 0.5 0.665784375 0.4982640625 0.6622578125 0.4938 0.65564375 0.4942953125 0.655203125 0.4977671875 0.6578484375 0.5
2 0.197090625 0.46875 0.2014984375 0.466765625 0.202821875 0.462796875 0.19753125 0.460565625 0.19268125 0.461309375 0.19268125 0.4665171875 0.197090625 0.46875
2 0.632715625 0.4900796875 0.63139375 0.486359375 0.6256609375 0.485615625 0.6247796875 0.4868546875 0.62654375 0.4900796875 0.632715625 0.4900796875
2 0.58950625 0.4174109375 0.589065625 0.4201390625 0.5921515625 0.4221234375 0.59920625 0.4241078125 0.6014109375 0.4236109375 0.6014109375 0.419890625 0.598765625 0.4174109375 0.59435625 0.4166671875 0.58950625 0.4174109375
2 0.2755734375 0.384671875 0.2799828125 0.3869046875 0.2852734375 0.38665625 0.28791875 0.384671875 0.282628125 0.38045625 0.27821875 0.380953125 0.2760140625 0.3834328125 0.2755734375 0.384671875
2 0.59920625 0.341765625 0.60405625 0.34300625 0.6102296875 0.33978125 0.6115515625 0.3338296875 0.607584375 0.332340625 0.603175 0.332340625 0.59920625 0.33506875 0.59920625 0.341765625
0 0.5546875 0 0.5453125 0.009375 0.540625 0.025 0.5578125 0.0546875 0.5640625 0.0859375 0.5640625 0.1171875 0.55 0.1578125 0.540625 0.2359375 0.5546875 0.271875 0.5609375 0.2703125 0.5609375 0.2546875 0.56875 0.24375 0.584375 0.2328125 0.615625 0.2171875 0.653125 0.2171875 0.6578125 0.1921875 0.725 0.1640625 0.7796875 0.1484375 0.8578125 0.1359375 0.99375 0.1296875 0.9984375 0.125 0.9984375 0 0.5546875 0
0 0 0 0 0.2125 0.1078125 0.2625 0.165625 0.278125 0.1859375 0.2765625 0.2140625 0.29375 0.221875 0.275 0.2484375 0.2609375 0.2765625 0.2359375 0.3015625 0.184375 0.29375 0.1578125 0.2578125 0.1265625 0.228125 0.0890625 0.1859375 0 0 0
0 0.7984375 0.425 0.828125 0.475 0.83125 0.503125 0.8203125 0.5359375 0.8 0.5578125 0.80625 0.5828125 0.790625 0.59375 0.796875 0.60625 0.890625 0.628125 0.9984375 0.625 0.9984375 0.396875 0.965625 0.3828125 0.8828125 0.3640625 0.6921875 0.3515625 0.6921875 0.3578125 0.7234375 0.365625 0.7796875 0.40625 0.7984375 0.425
2 0.196875 0.121875 0.171875 0.1 0.134375 0.1 0.1203125 0.1078125 0.1203125 0.128125 0.1421875 0.1515625 0.1859375 0.140625 0.196875 0.121875
2 0.05625 0.04375 0.046875 0.0390625 0.0265625 0.0453125 0.0234375 0.0515625 0.0328125 0.0578125 0.05625 0.0515625 0.05625 0.04375
2 0.0609375 0.1328125 0.0390625 0.1234375 0.0234375 0.10625 0.003125 0.103125 0 0.13125 0.059375 0.15625 0.075 0.1515625 0.0609375 0.1328125
2 0.0875 0.2015625 0.0875 0.184375 0.078125 0.1765625 0.0453125 0.1796875 0.04375 0.1875 0.0578125 0.1984375 0.0703125 0.2046875 0.0875 0.2015625
2 0.1640625 0.03125 0.159375 0.0109375 0.134375 0.0171875 0.1296875 0.0265625 0.1390625 0.0328125 0.1578125 0.0359375 0.1640625 0.03125
2 0.18125 0.084375 0.21875 0.075 0.2109375 0.0515625 0.2 0.040625 0.1625 0.053125 0.153125 0.0640625 0.153125 0.0765625 0.1609375 0.0796875 0.18125 0.084375
2 0.2828125 0.190625 0.28125 0.175 0.259375 0.175 0.2546875 0.1796875 0.259375 0.1921875 0.275 0.1953125 0.2828125 0.190625
2 0.225 0.25625 0.228125 0.2671875 0.25 0.259375 0.2390625 0.2515625 0.225 0.25625
2 0.1703125 0.246875 0.1703125 0.259375 0.19375 0.2609375 0.184375 0.2421875 0.1703125 0.246875
2 0.134375 0.25625 0.1328125 0.265625 0.146875 0.271875 0.146875 0.259375 0.134375 0.25625
2 0.271875 0.134375 0.2609375 0.1328125 0.2609375 0.15 0.2796875 0.15 0.28125 0.14375 0.271875 0.134375
2 0 0.034375 0.0078125 0.028125 0.0015625 0.0171875 0 0.034375
2 0.0125 0 0.0125 0.00625 0.04375 0.0171875 0.0421875 0 0.0125 0
2 0.65625 0.0671875 0.6453125 0.0578125 0.628125 0.05625 0.621875 0.065625 0.6203125 0.075 0.6296875 0.0890625 0.659375 0.0796875 0.65625 0.0671875
2 0.759375 0.075 0.73125 0.05625 0.70625 0.0671875 0.7015625 0.0734375 0.709375 0.08125 0.7453125 0.0828125 0.759375 0.075
2 0.7875 0.0921875 0.7640625 0.0953125 0.7625 0.1046875 0.775 0.109375 0.7953125 0.103125 0.7875 0.0921875
2 0.9171875 0.078125 0.9109375 0.0703125 0.871875 0.065625 0.8703125 0.0765625 0.8953125 0.1015625 0.9140625 0.0984375 0.9171875 0.078125
2 0.75625 0.1390625 0.7578125 0.15 0.7703125 0.1484375 0.76875 0.1390625 0.75625 0.1390625
2 0.6296875 0.1140625 0.628125 0.1234375 0.6375 0.1265625 0.6390625 0.115625 0.6296875 0.1140625
2 0.7921875 0.0359375 0.7734375 0.0359375 0.7671875 0.0421875 0.765625 0.0484375 0.7765625 0.0546875 0.796875 0.0515625 0.7921875 0.0359375
2 0.8015625 0 0.8046875 0.0109375 0.821875 0.0046875 0.821875 0 0.8015625 0
2 0.9484375 0.5171875 0.946875 0.50625 0.9390625 0.5015625 0.90625 0.509375 0.903125 0.5140625 0.9171875 0.5234375 0.9421875 0.5234375 0.9484375 0.5171875
2 0.9984375 0.4546875 0.95 0.4671875 0.9484375 0.4734375 0.9546875 0.4765625 0.9984375 0.4765625 0.9984375 0.4546875
2 0.84375 0.3921875 0.834375 0.3875 0.8078125 0.39375 0.80625 0.403125 0.821875 0.409375 0.84375 0.4 0.84375 0.3921875