2 0.598325 0.5178578125 0.594796875 0.5153765625 0.57186875 0.5057046875 0.5679015625 0.5052078125 0.56040625 0.5071921875 0.552028125 0.5119046875 0.5507046875 0.5133921875 0.551146875 0.5181046875 0.5546734375 0.5213296875 0.5590828125 0.5228171875 0.5687828125 0.5233140625 0.5970015625 0.522321875 0.6000875 0.5213296875 0.598325 0.5178578125
2 0.3465609375 0.4689984375 0.3461203125 0.470734375 0.347884375 0.4719734375 0.353175 0.4719734375 0.3571421875 0.4704859375 0.357584375 0.4665171875 0.353175 0.4655265625 0.34920625 0.466021875 0.3465609375 0.4689984375
2 0.442240625 0.47743125 0.443121875 0.4833828125 0.447090625 0.484375 0.4506171875 0.4838796875 0.4532625 0.4821421875 0.4532625 0.478175 0.4510578125 0.476190625 0.4466484375 0.47495 0.442240625 0.47743125
2 0.4545859375 0.38516875 0.4514984375 0.3869046875 0.4501765625 0.388640625 0.4532625 0.3923609375 0.4550265625 0.393353125 0.458553125 0.393353125 0.462521875 0.3891375 0.46208125 0.3876484375 0.456790625 0.38516875 0.4545859375 0.38516875
2 0.626984375 0.44766875 0.6300703125 0.4508921875 0.6344796875 0.4521328125 0.6384484375 0.4513890625 0.6380078125 0.444940625 0.6300703125 0.443453125 0.627425 0.4454359375 0.626984375 0.44766875
2 0.70238125 0.4109625 0.6957671875 0.407490625 0.6851859375 0.4079859375 0.675484375 0.4134421875 0.6719578125 0.42113125 0.6719578125 0.4283234375 0.673721875 0.4310515625 0.6772484375 0.4330359375 0.6856265625 0.4327875 0.697090625 0.4255953125 0.702821875 0.419146875 0.7041453125 0.4146828125 0.70238125 0.4109625
2 0.713403125 0.4536203125 0.7129625 0.4553578125 0.716490625 0.457340625 0.7209 0.45709375 0.7244265625 0.455109375 0.7239859375 0.451884375 0.722221875 0.451140625 0.71693125 0.4516375 0.713403125 0.4536203125
2 0.6693125 0.4446921875 0.6684296875 0.44766875 0.673721875 0.4508921875 0.673721875 0.4432046875 0.6693125 0.4446921875
2 0.646384375 0.44146875 0.6485890625 0.439484375 0.646825 0.4357640625 0.640653125 0.4352671875 0.6384484375 0.4360125 0.6384484375 0.4427078125 0.646384375 0.44146875
2 0.63624375 0.41641875 0.63624375 0.4203875 0.6384484375 0.4223703125 0.642415625 0.4228671875 0.646384375 0.4196421875 0.6441796875 0.415921875 0.642415625 0.41493125 0.6380078125 0.41493125 0.63624375 0.41641875
2 0.642415625 0.4077375 0.646384375 0.407490625 0.6485890625 0.4040171875 0.646825 0.4030265625 0.641534375 0.4032734375 0.640653125 0.4047625 0.642415625 0.4077375
2 0.6300703125 0.3856640625 0.632715625 0.3869046875 0.635803125 0.3869046875 0.6388890625 0.3849203125 0.6384484375 0.38045625 0.632275 0.3812 0.6300703125 0.3829359375 0.6300703125 0.3856640625
2 0.661375 0.384671875 0.6582890625 0.3807046875 0.6529984375 0.383184375 0.6538796875 0.38665625 0.6578484375 0.38665625 0.661375 0.384671875
2 0.5405640625 0.3139875 0.5357140625 0.3172125 0.53306875 0.3229171875 0.5313046875 0.3306046875 0.5370375 0.337796875 0.5590828125 0.3360609375 0.5634921875 0.33358125 0.565696875 0.330109375 0.5648140625 0.321925 0.55246875 0.3147328125 0.5405640625 0.3139875
2 0.6344796875 0.3563984375 0.6393296875 0.353421875 0.637125 0.3420140625 0.630953125 0.3392859375 0.6261015625 0.339534375 0.6199296875 0.34300625 0.6058203125 0.3427578125 0.598765625 0.3405265625 0.5956796875 0.3432546875 0.5961203125 0.3467265625 0.598765625 0.347965625 0.602734375 0.347221875 0.6071421875 0.347965625 0.619046875 0.356646875 0.623015625 0.3568953125 0.626984375 0.3556546875 0.6344796875 0.3563984375
2 0.1966484375 0.33506875 0.2006171875 0.336309375 0.2094359375 0.334078125 0.208553125 0.332340625 0.203703125 0.3298609375 0.197971875 0.3298609375 0.1962078125 0.3318453125 0.1966484375 0.33506875
2 0.29761875 0.2986109375 0.2870375 0.2973703125 0.2751328125 0.2998515625 0.2513234375 0.3018359375 0.249559375 0.302828125 0.25088125 0.30853125 0.25573125 0.3102671875 0.26058125 0.3102671875 0.277778125 0.309028125 0.2870375 0.3072921875 0.293209375 0.30381875 0.29761875 0.2986109375
2 0.24515 0.417659375 0.24426875 0.419890625 0.25088125 0.423859375 0.2561734375 0.4243546875 0.258378125 0.4236109375 0.259259375 0.419890625 0.25573125 0.4161703125 0.2482359375 0.415675 0.24515 0.417659375
2 0.1953265625 0.38988125 0.1851859375 0.38665625 0.18298125 0.387153125 0.1820984375 0.3883921875 0.1865078125 0.3963296875 0.193121875 0.4030265625 0.2089953125 0.3983140625 0.208553125 0.3921125 0.206790625 0.390625 0.2010578125 0.389384375 0.1953265625 0.38988125
2 0.444003125 0.5709328125 0.444003125 0.5731640625 0.44753125 0.5751484375 0.4510578125 0.575396875 0.4545859375 0.5731640625 0.4541453125 0.569940625 0.4514984375 0.5682046875 0.447090625 0.5682046875 0.444003125 0.5709328125
2 0.2910046875 0.5920140625 0.2985015625 0.59300625 0.30246875 0.591765625 0.302909375 0.58755 0.2989421875 0.5865578125 0.2940921875 0.587053125 0.2910046875 0.5900296875 0.2910046875 0.5920140625
2 0.675628125 0.5295171875 0.668365625 0.5295171875 0.668365625 0.5342921875 0.675628125 0.5342921875 0.675628125 0.5295171875
2 0.514678125 0.5335359375 0.5030734375 0.5335359375 0.5030734375 0.538384375 0.514678125 0.538384375 0.514678125 0.5335359375
2 0.7760234375 0.4283015625 0.7666671875 0.4283015625 0.7666671875 0.43328125 0.7760234375 0.43328125 0.7760234375 0.4283015625
0 0.164903125 0.3546625 0.165784375 0.3578875 0.1622578125 0.361359375 0.169753125 0.3767359375 0.184303125 0.3888890625 0.189153125 0.403521875 0.1948859375 0.4079859375 0.198853125 0.42113125 0.2045859375 0.4322921875 0.2103171875 0.4546125 0.2103171875 0.4635421875 0.212521875 0.469990625 0.211640625 0.4873515625 0.2001765625 0.5171125 0.2010578125 0.521578125 0.2107578125 0.5295140625 0.2089953125 0.5369546875 0.213403125 0.5436515625 0.2248671875 0.5515875 0.22178125 0.555803125 0.222221875 0.560515625 0.231040625 0.5639875 0.2380953125 0.5689484375 0.2380953125 0.576884375 0.24426875 0.580109375 0.2486765625 0.584325 0.2579359375 0.58755 0.2724875 0.5952375 0.2940921875 0.6116078125 0.2954140625 0.615575 0.29761875 0.6170640625 0.311728125 0.623015625 0.3271609375 0.62574375 0.329365625 0.626984375 0.3306875 0.63045625 0.3355375 0.6329359375 0.352734375 0.6374015625 0.372575 0.6401296875 0.38315625 0.6450890625 0.392415625 0.64756875 0.428571875 0.652778125 0.4709 0.6614578125 0.4885359375 0.663690625 0.4938265625 0.6646828125 0.4977953125 0.6669140625 0.504409375 0.66641875 0.523809375 0.6686515625 0.55246875 0.6701390625 0.62169375 0.66641875 0.6776890625 0.6599703125 0.6816578125 0.657490625 0.7151671875 0.654265625 0.7323640625 0.6485609375 0.7420640625 0.6421125 0.7566140625 0.637896875 0.7671953125 0.6307046875 0.7711640625 0.623015625 0.76058125 0.6096234375 0.75485 0.607390625 0.7566140625 0.603175 0.759259375 0.6021828125 0.7711640625 0.60243125 0.7791 0.60069375 0.7870375 0.60391875 0.7958546875 0.5932546875 0.7989421875 0.5915171875 0.8161375 0.5634921875 0.8192234375 0.5622515625 0.8227515625 0.5560515625 0.8280421875 0.5525796875 0.829365625 0.54761875 0.833775 0.5451390625 0.835978125 0.533234375 0.8417109375 0.5188484375 0.8421515625 0.4935515625 0.8408296875 0.4786703125 0.8381828125 0.4737109375 0.8320109375 0.4486609375 0.8284828125 0.444196875 0.8276015625 0.4330359375 0.821428125 0.4250984375 0.8179015625 0.4169140625 0.811728125 0.412203125 0.81040625 0.4067453125 0.8064375 0.4045140625 0.8033515625 0.3990578125 0.798059375 0.3953375 0.796296875 0.3923609375 0.78791875 0.389384375 0.7870375 0.384671875 0.7808640625 0.381696875 0.7773375 0.376984375 0.768959375 0.372271875 0.76366875 0.3665671875 0.7566140625 0.3650796875 0.755290625 0.3616078125 0.744709375 0.358134375 0.740740625 0.35243125 0.73545 0.3514390625 0.731921875 0.345734375 0.7244265625 0.34375 0.7191359375 0.34375 0.712521875 0.3400296875 0.7112 0.337796875 0.7032625 0.334821875 0.7001765625 0.3298609375 0.6759265625 0.3266375 0.6728390625 0.322171875 0.665784375 0.3187 0.6618171875 0.319196875 0.6591703125 0.3182046875 0.6543203125 0.3134921875 0.6490296875 0.314484375 0.6384484375 0.3120046875 0.626984375 0.31175625 0.62345625 0.3100203125 0.623015625 0.306546875 0.617725 0.306546875 0.6159609375 0.3080359375 0.609346875 0.3075390625 0.608465625 0.306546875 0.599646875 0.3048109375 0.583775 0.305059375 0.571428125 0.301090625 0.5679015625 0.2983625 0.53791875 0.2978671875 0.51366875 0.2904265625 0.510140625 0.290178125 0.505290625 0.290921875 0.4977953125 0.294890625 0.4938265625 0.294890625 0.4920640625 0.290921875 0.4903 0.290675 0.4792765625 0.2904265625 0.4731046875 0.29141875 0.4700171875 0.28993125 0.457671875 0.290675 0.4466484375 0.2891859375 0.442240625 0.290178125 0.4325390625 0.2896828125 0.4263671875 0.29141875 0.4122578125 0.2889390625 0.353175 0.2884421875 0.3474421875 0.2924109375 0.327821875 0.2935265625 0.325396875 0.2924109375 0.3161375 0.295634375 0.3064375 0.2958828125 0.29761875 0.2991078125 0.2949734375 0.30381875 0.2861546875 0.3087796875 0.2751328125 0.308284375 0.269840625 0.309028125 0.2676359375 0.310515625 0.26058125 0.3110125 0.249559375 0.3075390625 0.2464734375 0.3053078125 0.235890625 0.304315625 0.2288359375 0.30233125 0.2235453125 0.303571875 0.216490625 0.301090625 0.2129625 0.301090625 0.198853125 0.306546875 0.18474375 0.3060515625 0.1728390625 0.3072921875 0.168871875 0.30555625 0.160053125 0.306546875 0.15564375 0.3087796875 0.1538796875 0.3080359375 0.152115625 0.309771875 0.1534390625 0.31795625 0.1569671875 0.321428125 0.1578484375 0.3263890625 0.1626984375 0.3298609375 0.1525578125 0.335565625 0.15079375 0.33755 0.152115625 0.3412703125 0.164903125 0.3546625
2 0.48125 0.5421875 0.478125 0.5484375 0.4921875 0.5484375 0.490625 0.540625 0.48125 0.5421875
0 0.7890625 0 0.78125 0.00625 0.76875 0.046875 0.7671875 0.06875 0.7734375 0.0890625 0.8015625 0.13125 0.8828125 0.175 0.9984375 0.2125 0.9984375 0 0.7890625 0
2 0.7796875 0.034375 0.778125 0.040625 0.790625 0.046875 0.7921875 0.0390625 0.7796875 0.034375
0 0.18125 0.99375 0.1890625 0.9984375 0.996875 0.9984375 0.9984375 0.6984375 0.98125 0.69375 0.890625 0.696875 0.73125 0.7140625 0.634375 0.74375 0.54375 0.7828125 0.5265625 0.8 0.4640625 0.834375 0.4390625 0.8375 0.4390625 0.846875 0.4046875 0.846875 0.3921875 0.825 0.3828125 0.8296875 0.3796875 0.825 0.3328125 0.8265625 0.253125 0.8359375 0.1734375 0.85625 0.1734375 0.8625 0.1625 0.8671875 0.14375 0.865625 0.121875 0.8765625 0.096875 0.9203125 0.096875 0.9671875 0.10625 0.9984375 0.175 0.9984375 0.18125 0.99375
2 0.4828125 0.9859375 0.4890625 0.9953125 0.5015625 0.990625 0.4984375 0.9828125 0.4828125 0.9859375
2 0.1296875 0.9015625 0.1265625 0.909375 0.134375 0.9125 0.1375 0.90625 0.1296875 0.9015625
2 0.3484375 0.871875 0.34375 0.8765625 0.35625 0.88125 0.3578125 0.875 0.3484375 0.871875
0 0 0.709375 0.1109375 0.609375 0.1875 0.5296875 0.2078125 0.48125 0.1984375 0.4234375 0.18125 0.3921875 0.159375 0.3703125 0.009375 0.390625 0 0.39375 0 0.709375
2 0.2015625 0.4640625 0.2078125 0.465625 0.2046875 0.4515625 0.2015625 0.4640625