2 0.3408296875 0.5947421875 0.32980625 0.5987109375 0.32495625 0.602678125 0.326278125 0.6078875 0.334215625 0.60863125 0.339065625 0.6076390625 0.3509703125 0.601934375 0.353615625 0.599703125 0.35405625 0.5954859375 0.3500875 0.5939984375 0.3408296875 0.5947421875
2 0.048059375 0.474703125 0.0445328125 0.476190625 0.0436515625 0.47891875 0.055996875 0.4875984375 0.0674609375 0.4908234375 0.0731921875 0.48983125 0.079365625 0.482390625 0.0776015625 0.478421875 0.061728125 0.472965625 0.048059375 0.474703125
2 0.0361546875 0.4290671875 0.03306875 0.429315625 0.0299828125 0.4313 0.0264546875 0.4352671875 0.0273375 0.4384921875 0.0392421875 0.443453125 0.0498234375 0.4439484375 0.0586421875 0.4399796875 0.05731875 0.434771875 0.0489421875 0.4298109375 0.0361546875 0.4290671875
2 0.25088125 0.5982140625 0.2473546875 0.5989578125 0.2438265625 0.6014390625 0.2420640625 0.60391875 0.24426875 0.6098703125 0.2473546875 0.6116078125 0.2522046875 0.6116078125 0.2579359375 0.607390625 0.259259375 0.6036703125 0.258378125 0.599703125 0.25088125 0.5982140625
2 0.3412703125 0.5483625 0.3333328125 0.5518359375 0.3324515625 0.5567953125 0.338625 0.5615078125 0.3456796875 0.5622515625 0.3509703125 0.5602671875 0.354496875 0.5567953125 0.354496875 0.5518359375 0.349646875 0.5473703125 0.3412703125 0.5483625
2 0.298059375 0.52505 0.2945328125 0.529265625 0.2989421875 0.5322421875 0.3064375 0.5327375 0.3126109375 0.5295140625 0.3126109375 0.52579375 0.31040625 0.5235609375 0.3064375 0.523065625 0.298059375 0.52505
2 0.400353125 0.50694375 0.396384375 0.509425 0.396384375 0.51488125 0.4029984375 0.517609375 0.411375 0.5161203125 0.4166671875 0.5138890625 0.418871875 0.5099203125 0.416225 0.5079359375 0.4082890625 0.5057046875 0.400353125 0.50694375
2 0.3703703125 0.4900796875 0.372575 0.4908234375 0.38139375 0.4900796875 0.381834375 0.486359375 0.3805109375 0.4853671875 0.376984375 0.484375 0.3708109375 0.4853671875 0.3703703125 0.4900796875
2 0.5013234375 0.5359625 0.4982359375 0.5384421875 0.4973546875 0.54141875 0.4986765625 0.5431546875 0.50573125 0.544890625 0.5171953125 0.5411703125 0.518078125 0.53670625 0.5163140625 0.534721875 0.51058125 0.5342265625 0.5013234375 0.5359625
2 0.480159375 0.5548109375 0.481921875 0.55555625 0.4841265625 0.555059375 0.4876546875 0.552828125 0.48633125 0.548859375 0.4823640625 0.548859375 0.4783953125 0.5518359375 0.480159375 0.5548109375
2 0.6772484375 0.4955359375 0.6768078125 0.4985125 0.6807765625 0.5004953125 0.6887125 0.5 0.692240625 0.4977671875 0.6917984375 0.4938 0.68959375 0.4920640625 0.6816578125 0.492559375 0.6772484375 0.4955359375
2 0.637565625 0.492559375 0.6380078125 0.4952875 0.642415625 0.496528125 0.6477078125 0.49603125 0.651234375 0.494046875 0.650353125 0.4908234375 0.6477078125 0.48983125 0.6402109375 0.4900796875 0.637565625 0.492559375
2 0.5683421875 0.4977671875 0.5740734375 0.4955359375 0.575396875 0.493303125 0.57186875 0.48983125 0.56701875 0.4923109375 0.566578125 0.495784375 0.5683421875 0.4977671875
2 0.6618171875 0.6294640625 0.6525578125 0.6376484375 0.652115625 0.6423609375 0.6538796875 0.6428578125 0.6710765625 0.6450890625 0.6732796875 0.644840625 0.6759265625 0.642609375 0.6741625 0.637153125 0.666225 0.6299609375 0.6618171875 0.6294640625
2 0.716490625 0.6688984375 0.711640625 0.6688984375 0.708553125 0.6701390625 0.706790625 0.6733625 0.707671875 0.67733125 0.712521875 0.680803125 0.716490625 0.67881875 0.7209 0.673859375 0.7209 0.6713796875 0.7200171875 0.669890625 0.716490625 0.6688984375
2 0.740740625 0.587796875 0.73633125 0.5922625 0.735890625 0.595734375 0.7380953125 0.5994546875 0.7429453125 0.60243125 0.7477953125 0.603421875 0.750440625 0.5890375 0.749559375 0.5865578125 0.745590625 0.5860609375 0.740740625 0.587796875
2 0.7477953125 0.553571875 0.739859375 0.56175625 0.7385359375 0.5649796875 0.7403 0.569196875 0.7429453125 0.572171875 0.7482359375 0.5744046875 0.7517640625 0.57266875 0.7522046875 0.565228125 0.75573125 0.556546875 0.7477953125 0.553571875
2 0.17504375 0.6490578125 0.1719578125 0.652034375 0.1719578125 0.6560015625 0.1741625 0.6579859375 0.1772484375 0.6587296875 0.1838625 0.6579859375 0.18783125 0.6545140625 0.1860671875 0.649553125 0.1816578125 0.6483140625 0.17504375 0.6490578125
2 0.1596125 0.4967765625 0.156084375 0.4995046875 0.156084375 0.502728125 0.1582890625 0.5047125 0.161375 0.50545625 0.166225 0.5047125 0.1710765625 0.501984375 0.170634375 0.498015625 0.1666671875 0.496528125 0.1596125 0.4967765625
2 0.2297171875 0.467509375 0.2288359375 0.4704859375 0.2345671875 0.472965625 0.23941875 0.472965625 0.24603125 0.470734375 0.2464734375 0.4665171875 0.2403 0.46329375 0.2328046875 0.4650296875 0.2297171875 0.467509375
2 0.2178125 0.4866078125 0.2239859375 0.4873515625 0.227071875 0.4861109375 0.2288359375 0.482390625 0.2244265625 0.480159375 0.2204578125 0.48040625 0.217371875 0.4821421875 0.2178125 0.4866078125
2 0.3064375 0.390625 0.3046734375 0.3921125 0.3064375 0.396825 0.3143734375 0.3985609375 0.3240734375 0.396578125 0.3240734375 0.392609375 0.3187828125 0.38988125 0.31216875 0.3896328125 0.3064375 0.390625
2 0.1494703125 0.27728125 0.146384375 0.278521875 0.146384375 0.2829859375 0.1494703125 0.28521875 0.1538796875 0.28745 0.1578484375 0.2864578125 0.161375 0.283234375 0.160053125 0.279265625 0.1547625 0.27728125 0.1494703125 0.27728125
2 0.430334375 0.266865625 0.4193125 0.2658734375 0.41534375 0.271578125 0.42019375 0.2765375 0.43298125 0.28125 0.4435625 0.2814984375 0.447090625 0.280009375 0.4484125 0.275296875 0.447090625 0.274553125 0.430334375 0.266865625
2 0.4276890625 0.3829359375 0.433421875 0.3834328125 0.4356265625 0.380953125 0.434303125 0.379215625 0.4316578125 0.377728125 0.4276890625 0.377728125 0.4268078125 0.37896875 0.4276890625 0.3829359375
2 0.460046875 0.6750609375 0.4525546875 0.6750609375 0.4525546875 0.6804203125 0.460046875 0.6804203125 0.460046875 0.6750609375
2 0.3624625 0.65186875 0.356840625 0.65186875 0.356840625 0.657490625 0.3624625 0.657490625 0.3624625 0.65186875
2 0.6653234375 0.681409375 0.6562546875 0.681409375 0.6562546875 0.68540625 0.6653234375 0.68540625 0.6653234375 0.681409375
2 0.41155 0.76838125 0.39954375 0.76838125 0.39954375 0.77433125 0.41155 0.77433125 0.41155 0.76838125
2 0.4747375 0.7522265625 0.465315625 0.7522265625 0.465315625 0.756940625 0.4747375 0.756940625 0.4747375 0.7522265625
2 0.4789953125 0.759546875 0.4692421875 0.759546875 0.4692421875 0.7651046875 0.4789953125 0.7651046875 0.4789953125 0.759546875
2 0.174603125 0.71949375 0.173721875 0.7204859375 0.18959375 0.7291671875 0.1948859375 0.728421875 0.1953265625 0.7232140625 0.1869484375 0.7162703125 0.1851859375 0.7155265625 0.1820984375 0.7162703125 0.174603125 0.71949375
2 0.1529984375 0.4875984375 0.1569671875 0.48983125 0.1626984375 0.4890875 0.1693125 0.486359375 0.161375 0.4811515625 0.1547625 0.4811515625 0.1525578125 0.4828875 0.1529984375 0.4875984375
2 0.0211640625 0.25396875 0.0194 0.2557046875 0.0216046875 0.26016875 0.0251328125 0.261409375 0.0304234375 0.2611609375 0.032628125 0.259671875 0.032628125 0.25545625 0.0255734375 0.253471875 0.0211640625 0.25396875
2 0.9029984375 0.7495046875 0.897265625 0.743303125 0.892415625 0.741071875 0.8884484375 0.740575 0.8796296875 0.743303125 0.8752203125 0.7462796875 0.8743390625 0.748015625 0.8761015625 0.7517359375 0.8840390625 0.75868125 0.891975 0.7606640625 0.896825 0.7606640625 0.901234375 0.75868125 0.9034390625 0.755953125 0.9029984375 0.7495046875
2 0.7477953125 0.9228671875 0.7517640625 0.9255953125 0.76058125 0.923115625 0.7614640625 0.9193953125 0.7570546875 0.9161703125 0.7517640625 0.915178125 0.74603125 0.9188984375 0.7477953125 0.9228671875
2 0.8606703125 0.96478125 0.8571421875 0.9655265625 0.8549375 0.9677578125 0.854496875 0.9709828125 0.8597890625 0.9744546875 0.8655203125 0.97495 0.8694890625 0.9737109375 0.8712515625 0.9697421875 0.869046875 0.9665171875 0.8650796875 0.9650296875 0.8606703125 0.96478125
2 0.9984375 0.8392859375 0.99426875 0.8400296875 0.989859375 0.8439984375 0.990740625 0.84771875 0.9984375 0.850446875 0.9984375 0.8392859375
2 0.693121875 0.85863125 0.697971875 0.8588796875 0.7032625 0.857390625 0.7041453125 0.8529265625 0.7014984375 0.85069375 0.6966484375 0.8509421875 0.69268125 0.853421875 0.693121875 0.85863125
2 0.6741625 0.835565625 0.673721875 0.8380453125 0.6759265625 0.8407734375 0.6776890625 0.841765625 0.6825390625 0.841021875 0.6851859375 0.83829375 0.684303125 0.8345734375 0.67989375 0.8338296875 0.6741625 0.835565625
2 0.7275125 0.7564484375 0.72663125 0.76016875 0.7283953125 0.7624015625 0.735890625 0.7653765625 0.7389765625 0.76488125 0.739859375 0.7631453125 0.73633125 0.7571921875 0.73148125 0.7557046875 0.7275125 0.7564484375
2 0.2676359375 0.96180625 0.264109375 0.9637890625 0.2619046875 0.967509375 0.2614640625 0.9744546875 0.2627859375 0.9759421875 0.26851875 0.978421875 0.27336875 0.978421875 0.282628125 0.970734375 0.28306875 0.965278125 0.27821875 0.96255 0.2676359375 0.96180625
2 0.126984375 0.9900796875 0.1340390625 0.994046875 0.1384484375 0.9935515625 0.1446203125 0.9873515625 0.1428578125 0.9821421875 0.1335984375 0.9813984375 0.12654375 0.9848703125 0.126984375 0.9900796875
2 0.5207234375 0.97420625 0.5251328125 0.9771828125 0.5299828125 0.9759421875 0.536596875 0.9704859375 0.5291 0.9662703125 0.5220453125 0.966765625 0.5194 0.9685015625 0.5207234375 0.97420625
2 0.4797171875 0.896578125 0.4744265625 0.8928578125 0.4704578125 0.89459375 0.4686953125 0.896825 0.4678125 0.9012890625 0.4726625 0.9092265625 0.4744265625 0.91021875 0.48633125 0.909721875 0.4889765625 0.908234375 0.4889765625 0.9037703125 0.4841265625 0.898065625 0.4797171875 0.896578125
2 0.5643734375 0.9868546875 0.569665625 0.9873515625 0.5683421875 0.9791671875 0.5643734375 0.97420625 0.56040625 0.977678125 0.56040625 0.98363125 0.5643734375 0.9868546875
2 0.3840390625 0.998015625 0.380953125 0.9967765625 0.3743390625 0.997271875 0.373015625 0.9984375 0.3840390625 0.9984375 0.3840390625 0.998015625
2 0.3898 0.95353125 0.3737984375 0.95353125 0.3737984375 0.964028125 0.3898 0.964028125 0.3898 0.95353125
0 0.5370375 0.935515625 0.5220453125 0.919146875 0.4836859375 0.8859125 0.477071875 0.875 0.4686953125 0.871528125 0.466490625 0.8678078125 0.4409171875 0.8702875 0.42989375 0.873015625 0.415784375 0.8747515625 0.397265625 0.881696875 0.3800703125 0.886409375 0.184303125 0.959821875 0.160053125 0.967509375 0.145503125 0.9709828125 0.126984375 0.98040625 0.122575 0.9838796875 0.1119921875 0.9861109375 0.0908296875 0.994046875 0.084215625 0.998015625 0.084215625 0.9984375 0.579365625 0.9984375 0.576278125 0.993303125 0.570546875 0.987103125 0.5683421875 0.9806546875 0.5599640625 0.966765625 0.5370375 0.935515625
0 0 0.280009375 0.0030859375 0.2859625 0.0022046875 0.4045140625 0.00396875 0.41641875 0.0026453125 0.4717265625 0.004409375 0.4861109375 0.0026453125 0.5004953125 0.0026453125 0.599703125 0.0070546875 0.6096234375 0.0167546875 0.6173109375 0.019840625 0.6227671875 0.0251328125 0.62574375 0.0357140625 0.6388890625 0.042328125 0.6421125 0.0449734375 0.6463296875 0.0485015625 0.646825 0.0564375 0.6525296875 0.0639328125 0.652778125 0.066578125 0.654265625 0.071428125 0.6579859375 0.0736328125 0.6619546875 0.084215625 0.6693953125 0.0917109375 0.67261875 0.0952375 0.6775796875 0.103615625 0.6842765625 0.1644625 0.7142859375 0.1675484375 0.716765625 0.17019375 0.717509375 0.1812171875 0.7165171875 0.1962078125 0.722221875 0.197971875 0.726190625 0.2041453125 0.7318953125 0.2186953125 0.7361109375 0.2204578125 0.7400796875 0.2244265625 0.741815625 0.3187828125 0.7653765625 0.325396875 0.76636875 0.3417109375 0.7666171875 0.3606703125 0.772321875 0.3787484375 0.773809375 0.3977078125 0.7728171875 0.443121875 0.77728125 0.50396875 0.7767859375 0.5127859375 0.773809375 0.5211640625 0.773065625 0.5264546875 0.7671125 0.5299828125 0.7673609375 0.5313046875 0.763640625 0.5401234375 0.765625 0.5401234375 0.771825 0.5445328125 0.7755453125 0.5458546875 0.7728171875 0.55246875 0.7735609375 0.5564375 0.77256875 0.5634921875 0.7671125 0.5758375 0.762896875 0.5784828125 0.7591765625 0.5903875 0.7514875 0.6062609375 0.747271875 0.6150796875 0.7470234375 0.6380078125 0.74131875 0.64594375 0.7380953125 0.6494703125 0.73511875 0.6538796875 0.7341265625 0.6693125 0.7244546875 0.6723984375 0.7204859375 0.680334375 0.716765625 0.689153125 0.70709375 0.693121875 0.7048609375 0.6997359375 0.6951890625 0.7089953125 0.6857640625 0.7089953125 0.6770828125 0.7112 0.6721234375 0.7244265625 0.6646828125 0.727071875 0.6577375 0.73633125 0.646578125 0.744709375 0.6205359375 0.745590625 0.5540671875 0.7482359375 0.549603125 0.7464734375 0.542740625 0.7482359375 0.523065625 0.745590625 0.5171125 0.744709375 0.5024796875 0.7403 0.4841265625 0.7323640625 0.472965625 0.72663125 0.4697421875 0.7244265625 0.4623015625 0.716490625 0.44766875 0.70723125 0.4419640625 0.693121875 0.4228671875 0.6900359375 0.4233625 0.68298125 0.4196421875 0.670634375 0.39930625 0.650353125 0.3891375 0.646825 0.3821921875 0.6384484375 0.372271875 0.6305109375 0.36631875 0.6261015625 0.365575 0.61684375 0.35863125 0.6146390625 0.353421875 0.6014109375 0.3452375 0.571428125 0.3313484375 0.5683421875 0.32738125 0.5639328125 0.3271328125 0.56040625 0.3229171875 0.55555625 0.3236609375 0.5485015625 0.3177078125 0.5436515625 0.3174609375 0.5405640625 0.3142359375 0.52336875 0.3100203125 0.5207234375 0.3067953125 0.508378125 0.3015875 0.5061734375 0.2983625 0.5013234375 0.2973703125 0.4977953125 0.2943953125 0.4903 0.29290625 0.485890625 0.2931546875 0.4704578125 0.2829859375 0.3130515625 0.2217265625 0.31040625 0.2192453125 0.2901234375 0.21949375 0.2870375 0.21800625 0.2813046875 0.2172625 0.2791 0.212053125 0.268078125 0.20858125 0.26366875 0.2046125 0.2486765625 0.203125 0.2433859375 0.203125 0.2372140625 0.2046125 0.2328046875 0.2028765625 0.2275125 0.2028765625 0.2235453125 0.1979171875 0.2200171875 0.1966765625 0.21693125 0.19295625 0.2010578125 0.1872515625 0.184303125 0.186259375 0.036596875 0.14930625 0.0317453125 0.149553125 0.028659375 0.1458328125 0.0167546875 0.14608125 0.01366875 0.1421125 0.009259375 0.1423609375 0.005290625 0.1453375 0.0026453125 0.1614578125 0.0026453125 0.169890625 0.0074953125 0.1736109375 0.008378125 0.181546875 0.0074953125 0.1892359375 0.0030859375 0.199653125 0.00485 0.2041171875 0.0022046875 0.2321421875 0.0035265625 0.244046875 0 0.2529765625 0 0.280009375
0 0.6679890625 0.9255953125 0.6776890625 0.9350203125 0.7178125 0.962053125 0.7226625 0.966765625 0.7306 0.969990625 0.7517640625 0.984375 0.7570546875 0.986359375 0.7707234375 0.995784375 0.773809375 0.9984375 0.9964734375 0.9984375 0.9969140625 0.950396875 0.9973546875 0.9479171875 0.9984375 0.94766875 0.99603125 0.9141859375 0.9973546875 0.9010421875 0.9984375 0.9005453125 0.9969140625 0.8950890625 0.9973546875 0.8921125 0.9984375 0.89136875 0.9984375 0.88194375 0.9973546875 0.8812 0.9964734375 0.865328125 0.9984375 0.8623515625 0.9984375 0.8509421875 0.9969140625 0.84995 0.9969140625 0.842509375 0.9984375 0.8392859375 0.9984375 0.8291171875 0.9973546875 0.8286203125 0.9969140625 0.8149796875 0.9969140625 0.809771875 0.9984375 0.80555625 0.9984375 0.7869546875 0.9973546875 0.7859625 0.9973546875 0.7818703125 0.9984375 0.7795140625 0.9973546875 0.7780265625 0.9973546875 0.76959375 0.9984375 0.769096875 0.9984375 0.7576890625 0.9973546875 0.7540515625 0.9969140625 0.7470234375 0.9973546875 0.7408234375 0.9984375 0.7400796875 0.9984375 0.7358625 0.9973546875 0.7353671875 0.9973546875 0.7165328125 0.9984375 0.7150296875 0.9984375 0.6803078125 0.9938265625 0.678571875 0.9823640625 0.68055625 0.9638453125 0.6817953125 0.8571421875 0.696428125 0.8373015625 0.7013890625 0.8223109375 0.7026296875 0.802028125 0.7075890625 0.7438265625 0.7185015625 0.7094359375 0.728175 0.70238125 0.7321421875 0.694003125 0.734375 0.6587296875 0.7514875 0.6494703125 0.758184375 0.6450625 0.7661203125 0.6446203125 0.7720734375 0.647265625 0.7807546875 0.6499125 0.7829859375 0.6494703125 0.787203125 0.6525578125 0.787203125 0.655203125 0.788690625 0.6578484375 0.794890625 0.6622578125 0.7951390625 0.6684296875 0.7978671875 0.679453125 0.809028125 0.6759265625 0.8107640625 0.660934375 0.8115078125 0.6534390625 0.8129953125 0.6380078125 0.81175625 0.62654375 0.81324375 0.612875 0.821925 0.603175 0.83358125 0.6014109375 0.8390375 0.6014109375 0.8484625 0.6049375 0.8583828125 0.613315625 0.8732640625 0.62654375 0.88988125 0.641975 0.904265625 0.6494703125 0.9079859375 0.66049375 0.9203875 0.6679890625 0.9255953125
2 0.1296296875 0.2048609375 0.127425 0.2026296875 0.12345625 0.200396875 0.1146390625 0.1981640625 0.0956796875 0.199653125 0.0868609375 0.2041171875 0.084215625 0.20709375 0.08465625 0.212796875 0.0917109375 0.21875 0.09920625 0.220734375 0.1062609375 0.220734375 0.123015625 0.2165171875 0.127865625 0.2135421875 0.1300703125 0.209325 0.1296296875 0.2048609375
0 0.75625 0.55625 0.7515625 0.6234375 0.7114765625 0.7163421875 0.7552609375 0.7102609375 0.7905296875 0.7114765625 0.81120625 0.7029640625 0.8805296875 0.6895859375 0.9291765625 0.681071875 0.9449875 0.6762078125 0.9753921875 0.674990625 0.9984375 0.672559375 0.9984375 0.561884375 0.9984375 0.4609375 0.9984375 0.2125 0.99375 0.2078125 0.9671875 0.2203125 0.9375 0.225 0.8984375 0.2453125 0.8453125 0.259375 0.7703125 0.290625 0.6703125 0.371875 0.671875 0.3953125 0.7015625 0.4234375 0.75 0.5078125 0.75625 0.55625
0 0.5546875 0.16875 0.64375 0.1765625 0.6828125 0.171875 0.6921875 0.1765625 0.7015625 0.1703125 0.7 0.165625 0.6703125 0.1625 0.6546875 0.1171875 0.615625 0.0609375 0.5515625 0.009375 0.528125 0 0.0796875 0.0015625 0.0828125 0.009375 0.196875 0.0609375 0.478125 0.1546875 0.5546875 0.16875
0 0.103125 0.9703125 0.0765625 0.9375 0.0640625 0.9375 0.0515625 0.915625 0.03125 0.9109375 0.0359375 0.884375 0.05625 0.8875 0.1 0.8734375 0.1359375 0.875 0.2 0.8609375 0.2359375 0.859375 0.3015625 0.8296875 0.3625 0.7828125 0.346875 0.771875 0.31875 0.7703125 0.2234375 0.746875 0.1578125 0.71875 0.0203125 0.6390625 0.0015625 0.61875 0 0.9984375 0.0734375 0.9984375 0.1125 0.9734375 0.103125 0.9703125
2 0.253125 0.0484375 0.259375 0.034375 0.2390625 0.025 0.2296875 0.025 0.23125 0.0375 0.24375 0.0484375 0.253125 0.0484375
2 0.3359375 0.0515625 0.325 0.04375 0.3109375 0.0453125 0.3015625 0.05 0.3015625 0.05625 0.3328125 0.0671875 0.3359375 0.0515625
2 0.359375 0.0765625 0.3578125 0.090625 0.384375 0.0953125 0.3765625 0.08125 0.359375 0.0765625
2 0.7484375 0.41875 0.753125 0.43125 0.7734375 0.428125 0.76875 0.415625 0.7484375 0.41875
2 0.7734375 0.3125 0.759375 0.3125 0.75625 0.321875 0.7625 0.325 0.7765625 0.31875 0.7734375 0.3125
2 0.853125 0.4046875 0.8515625 0.4140625 0.8671875 0.4109375 0.865625 0.4046875 0.853125 0.4046875
2 0.9328125 0.4125 0.93125 0.4046875 0.909375 0.4046875 0.9046875 0.4078125 0.9140625 0.415625 0.9234375 0.41875 0.9328125 0.4125
2 0.946875 0.4109375 0.9453125 0.4234375 0.9640625 0.4203125 0.9640625 0.4109375 0.946875 0.4109375
2 0.884375 0.5484375 0.8953125 0.559375 0.9109375 0.55625 0.9015625 0.546875 0.884375 0.5484375
2 0.95625 0.55 0.9625 0.5609375 0.9796875 0.55625 0.9734375 0.5484375 0.95625 0.55
2 0.9734375 0.490625 0.9734375 0.5 0.9984375 0.503125 0.9984375 0.490625 0.9734375 0.490625
2 0.9828125 0.3375 0.9828125 0.34375 0.9984375 0.3453125 0.9984375 0.328125 0.9828125 0.3375
2 0.825 0.3 0.8140625 0.3 0.8125 0.30625 0.8203125 0.3109375 0.828125 0.30625 0.825 0.3
2 0.84375 0.3046875 0.846875 0.3125 0.859375 0.3109375 0.8578125 0.3046875 0.84375 0.3046875
2 0.771875 0.3921875 0.7609375 0.3921875 0.7578125 0.3984375 0.7640625 0.4046875 0.7765625 0.4 0.771875 0.3921875
2 0.6671875 0.378125 0.6703125 0.3875 0.68125 0.384375 0.678125 0.3765625 0.6671875 0.378125
2 0.709375 0.38125 0.7109375 0.3921875 0.7234375 0.390625 0.7203125 0.38125 0.709375 0.38125
2 0.73125 0.3953125 0.7328125 0.4046875 0.7421875 0.3984375 0.7359375 0.390625 0.73125 0.3953125
2 0.7859375 0.5546875 0.7875 0.5625 0.7984375 0.5625 0.7984375 0.5546875 0.7859375 0.5546875
2 0.81875 0.653125 0.803125 0.6609375 0.8 0.6734375 0.8078125 0.6796875 0.8296875 0.665625 0.81875 0.653125
2 0.85625 0.621875 0.853125 0.6296875 0.86875 0.6296875 0.865625 0.621875 0.85625 0.621875
2 0.88125 0.6359375 0.88125 0.646875 0.8984375 0.6453125 0.8953125 0.6375 0.88125 0.6359375
2 0.828125 0.6515625 0.840625 0.65 0.828125 0.64375 0.828125 0.6515625
2 0.9265625 0.446875 0.9265625 0.4546875 0.9421875 0.453125 0.9390625 0.4453125 0.9265625 0.446875
2 0.0859375 0.85 0.065625 0.853125 0.0625 0.8609375 0.0703125 0.8671875 0.0890625 0.8578125 0.0859375 0.85
2 0.10625 0.8703125 0.1109375 0.878125 0.134375 0.871875 0.128125 0.865625 0.10625 0.8703125
2 0.003125 0.79375 0 0.8078125 0.0265625 0.8046875 0.021875 0.7921875 0.003125 0.79375
2 0.121875 0.74375 0.109375 0.7515625 0.1078125 0.759375 0.121875 0.7609375 0.1359375 0.746875 0.121875 0.74375
2 0.215625 0.778125 0.215625 0.790625 0.2375 0.7828125 0.23125 0.775 0.215625 0.778125
2 0.190625 0.7359375 0.1765625 0.74375 0.178125 0.7578125 0.20625 0.753125 0.215625 0.74375 0.190625 0.7359375
2 0.0296875 0.66875 0.0296875 0.68125 0.05 0.675 0.04375 0.66875 0.0296875 0.66875
2 0.0265625 0.7328125 0.0421875 0.728125 0.0265625 0.7234375 0.0265625 0.7328125
2 0.0234375 0.94375 0.0046875 0.946875 0.00625 0.9625 0.021875 0.96875 0.0265625 0.9625 0.0234375 0.94375