2 0.4845798974609375 0.64386199609375 0.5219183623046875 0.657054056640625 0.5287946806640625 0.653465822265625 0.5289750654296875 0.648488623046875 0.5256077998046875 0.6432013564453125 0.5092369267578125 0.634125390625 0.4975808671875 0.6307620625 0.485757423828125 0.6326240302734375 0.4814579462890625 0.634836455078125 0.4795288359375 0.6401525146484375 0.4845798974609375 0.64386199609375
2 0.62062524609375 0.6449277685546875 0.65087844921875 0.6493019951171874 0.6566784580078125 0.64204475 0.65588794921875 0.6353801142578125 0.6468346513671875 0.6311356103515625 0.6303612431640625 0.6285223046875 0.622436181640625 0.6289376396484375 0.6172436591796875 0.630948087890625 0.6160258896484375 0.6329990068359375 0.61688124609375 0.6409010078125 0.62062524609375 0.6449277685546875
2 0.4870004052734375 0.7405928828125 0.4872470390625 0.7452989248046875 0.490083431640625 0.748875693359375 0.5117896064453125 0.7586655966796875 0.518821705078125 0.7580498466796874 0.5240141455078124 0.756037837890625 0.5256849384765625 0.754211955078125 0.52639783984375 0.750946732421875 0.523754833984375 0.742640861328125 0.514415978515625 0.7329475849609375 0.497411697265625 0.7286237822265625 0.4907936962890625 0.7287218388671876 0.4870004052734375 0.7405928828125
2 0.445129923828125 0.8262359609375 0.450283439453125 0.823481220703125 0.4560445234375 0.8154812451171874 0.4557329609375 0.809536279296875 0.453466447265625 0.808414298828125 0.4477300498046875 0.80846615234375 0.4421494326171875 0.8114904892578125 0.4358559150390625 0.817780048828125 0.436555572265625 0.822711126953125 0.4402720078125 0.8262417744140625 0.445129923828125 0.8262359609375
2 0.3540069853515625 0.79773152734375 0.347026814453125 0.79933810546875 0.341587498046875 0.805088470703125 0.3413161787109375 0.80833055078125 0.3447483740234375 0.8148567421875 0.346613873046875 0.81674607421875 0.352908626953125 0.8188992705078125 0.3513416884765625 0.82270680859375 0.35447532421875 0.823536130859375 0.36102839453125 0.8221991494140625 0.3603806650390625 0.8182588994140625 0.3646801435546875 0.816046474609375 0.3713747568359375 0.8089911240234375 0.3720600927734375 0.8052297890625 0.3701426669921875 0.8023496298828126 0.3540069853515625 0.79773152734375
2 0.26573801171875 0.6046662666015625 0.2659458798828125 0.600183619140625 0.2566071064453125 0.5904919033203125 0.2363912578125 0.5838517568359375 0.2301367470703125 0.590885607421875 0.2355525341796875 0.609973638671875 0.241923578125 0.6136123779296875 0.25075624609375 0.6136470341796875 0.2533719287109375 0.6130123955078125 0.26573801171875 0.6046662666015625
2 0.23707659375 0.580090421875 0.2416486279296875 0.5830786728515625 0.2471903193359375 0.57931160546875 0.24776044140625 0.57332199609375 0.245402994140625 0.5704648974609375 0.22778834765625 0.56294365625 0.2236057255859375 0.567385833984375 0.22470795703125 0.571549478515625 0.2313516376953125 0.5803904541015625 0.2327251884765625 0.5813120185546875 0.23707659375 0.580090421875
2 0.391618943359375 0.613962783203125 0.39182665234375 0.61792609375 0.3990014482421875 0.620033169921875 0.4032993662109375 0.6178208271484374 0.4031825908203125 0.615592634765625 0.399479158203125 0.612310083984375 0.3936908330078125 0.611371109375 0.391618943359375 0.613962783203125
2 0.2740213056640625 0.6616014052734375 0.2758722421875 0.6632427216796875 0.28074316015625 0.66348500390625 0.2836560849609375 0.6601029189453125 0.283992333984375 0.6580997626953125 0.27729640234375 0.6567107978515625 0.2742406982421875 0.6573684970703125 0.2740213056640625 0.6616014052734375
2 0.4661588203125 0.4861270986328125 0.4706790087890625 0.48812608203125 0.4786299931640625 0.488205380859375 0.48467811328125 0.48565253515625 0.4871900244140625 0.48303780078125 0.4859076494140625 0.4754069580078125 0.4773332978515625 0.4718821240234375 0.4689147275390625 0.4713297734375 0.46203841015625 0.4749180068359375 0.4608092802734375 0.4767223076171875 0.46198780078125 0.4823714951171875 0.4661588203125 0.4861270986328125
2 0.6685426123046875 0.54828908984375 0.67176866015625 0.550851888671875 0.6761834345703125 0.550869298828125 0.6787098251953125 0.54850101953125 0.67852812109375 0.54503390234375 0.6766626220703125 0.5431445712890625 0.6692425107421875 0.54477576953125 0.6685426123046875 0.54828908984375
2 0.5938474228515624 0.5720715517578125 0.59584269921875 0.5764371728515625 0.6010612255859376 0.57492291796875 0.6012935390625 0.570936546875 0.5950781953125 0.57026873046875 0.5938474228515624 0.5720715517578125
0 0.5414683916015625 0.3982355595703125 0.54006891796875 0.3968193623046875 0.53218278125 0.397977427734375 0.50167381640625 0.4139804501953125 0.494927357421875 0.420046533203125 0.4807332216796875 0.427247703125 0.471202296875 0.430727845703125 0.4678233466796875 0.4336367978515625 0.459612484375 0.4370477578125 0.4489432001953125 0.4440641982421875 0.4254909375 0.4515017880859375 0.4176162431640625 0.4529080322265625 0.4072311982421875 0.4569289287109375 0.3901098173828125 0.458819771484375 0.3682504990234375 0.462946017578125 0.35849886328125 0.4622147509765625 0.342725029296875 0.46453096484375 0.3364967646484375 0.463616611328125 0.332403677734375 0.4613480302734375 0.3204762978515625 0.4612267822265625 0.3129004052734375 0.459885498046875 0.304132666015625 0.4610897666015625 0.297696451171875 0.4646565 0.2892922021484375 0.4727965625 0.2831560263671875 0.4820585234375 0.2759549833984375 0.48789965234375 0.270607998046875 0.49538193359375 0.26415878125 0.4987005703125 0.2553274306640625 0.5071102294921875 0.2339639326171875 0.537535630859375 0.2305705009765625 0.5401981279296875 0.2280090576171875 0.567155064453125 0.2282296865234375 0.571364912109375 0.2311699345703125 0.5769233369140625 0.23214370703125 0.5870550087890625 0.2278844716796875 0.5984544794921876 0.217434255859375 0.609680849609375 0.215466220703125 0.6142541787109375 0.2141614716796875 0.639902927734375 0.2104461123046875 0.6532609931640625 0.2115247333984375 0.682261474609375 0.217886810546875 0.7109866259765625 0.219947015625 0.716591171875 0.2268879384765625 0.7226847001953125 0.2290792392578125 0.7392098505859375 0.2321362607421875 0.7469964677734375 0.2335617392578125 0.748908859375 0.2402560283203125 0.7502963466796875 0.24257446875 0.752409154296875 0.247446462890625 0.7695401513671875 0.2503607060546875 0.7746023818359375 0.2630265849609375 0.7803958779296875 0.27511221875 0.80037512109375 0.332231541015625 0.86245205078125 0.3342394951171875 0.8755086064453125 0.338384591796875 0.8787695751953125 0.3418818779296875 0.8780887333984375 0.3485632470703125 0.87922968359375 0.356827353515625 0.8852538671875 0.357928025390625 0.88941759375 0.36301801171875 0.8938698056640625 0.368150794921875 0.92439613671875 0.3691736171875 0.92707440234375 0.3719062373046875 0.928671076171875 0.38116584375 0.9284330146484375 0.38740743359375 0.921152626953125 0.3907087763671875 0.9083138154296875 0.394436814453125 0.90364668359375 0.3970515029296875 0.8861248916015625 0.39913639453125 0.883781314453125 0.4009109599609375 0.88393552734375 0.4131718701171875 0.8651634267578125 0.429773818359375 0.861810265625 0.434305609375 0.8556114697265625 0.4385532421875 0.85240977734375 0.439693080078125 0.8488718369140625 0.4481477783203125 0.841724244140625 0.4624586875 0.8367512666015625 0.4649186708984375 0.8331457041015625 0.47662533984375 0.8290555439453124 0.48769728125 0.82127323046875 0.4916719521484375 0.821312140625 0.4959844326171875 0.8193478134765625 0.5023557998046875 0.8145437158203125 0.5066942021484375 0.8130740224609375 0.5113039248046874 0.808362248046875 0.5165483740234375 0.807342626953125 0.518840892578125 0.8089608017578125 0.522364181640625 0.8087761533203125 0.5248241650390625 0.805170591796875 0.5321534248046875 0.801805833984375 0.53372036328125 0.7979982958984375 0.5446791005859375 0.7936985556640626 0.5528861494140626 0.793021228515625 0.5608358154296875 0.7846562109375 0.5627908486328125 0.77983478515625 0.56759527734375 0.778838224609375 0.5727504345703125 0.7760849638671875 0.57808441796875 0.7683545849609374 0.5833418701171875 0.7675830615234375 0.5900103974609375 0.76002995703125 0.592379529296875 0.7546908369140625 0.601574287109375 0.75321541015625 0.6045537021484375 0.75107216796875 0.6117908720703125 0.737531095703125 0.6204806806640625 0.7348398056640625 0.62770353125 0.7126063203125 0.6320030087890625 0.710393896484375 0.6372477001953125 0.7009298779296875 0.6420131220703125 0.6991890263671875 0.6476314267578125 0.6884646650390625 0.6527605810546875 0.6852152099609375 0.6569289638671875 0.6720821806640624 0.6637533544921875 0.667503119140625 0.664664533203125 0.6512127939453125 0.6768516689453125 0.6141648203125 0.6871437099609375 0.5746329365234375 0.687259248046875 0.568418373046875 0.6889170390625 0.5663443935546875 0.68699961328125 0.563464234375 0.6890455791015625 0.5603779267578125 0.686749107421875 0.5334268046875 0.6805818173828125 0.508418427734375 0.6755424404296875 0.4965127265625 0.6671371142578125 0.4877640751953125 0.6666049228515625 0.47760926171875 0.655245029296875 0.4546097724609375 0.6420859658203125 0.4394057529296875 0.6013126689453125 0.402798869140625 0.5905382119140625 0.399389337890625 0.5868072138671875 0.3956106748046875 0.580098443359375 0.393976732421875 0.566552521484375 0.388229357421875 0.5550275576171875 0.395786634765625 0.5513887294921875 0.402185845703125 0.5407166474609375 0.4007596123046875 0.5414683916015625 0.3982355595703125
2 0.523123078125 0.1240183115234375 0.51926386328125 0.11776327734375 0.50185692578125 0.11420534765625 0.493465919921875 0.114149109375 0.4803337734375 0.1163268779296875 0.4736119189453125 0.1144432783203125 0.4619701796875 0.11977236328125 0.4553664990234375 0.1285628330078125 0.4556131328125 0.1332688740234375 0.4580225068359375 0.13711680078125 0.4694072470703125 0.1437222099609375 0.4757020009765625 0.14587540625 0.4919921455078125 0.14502167578125 0.5101999580078125 0.13860370703125 0.5185276767578125 0.1374224990234375 0.5219455517578125 0.13525627734375 0.5230984736328125 0.131967994140625 0.523123078125 0.1240183115234375
2 0.5710376640625 0.1031289033203125 0.583665935546875 0.116623984375 0.6072765341796875 0.1290459501953125 0.615796080078125 0.1231357216796875 0.6212341591796875 0.1089426015625 0.6198283857421875 0.0989571767578125 0.6207655791015625 0.0915823955078125 0.6188611552734375 0.088950333984375 0.6069467783203125 0.0890771826171875 0.578003515625 0.0928299111328125 0.566659017578125 0.0954115498046875 0.5710376640625 0.1031289033203125
2 0.7297754765625 0.1412531435546875 0.7337257861328125 0.140797337890625 0.748241525390625 0.1313434365234375 0.7498993974609375 0.129271017578125 0.7483700654296875 0.1253769697265625 0.7443693896484375 0.124841865234375 0.736481693359375 0.1260000126953125 0.723920986328125 0.13063248828125 0.7223540478515625 0.1344400263671875 0.7243233193359375 0.138309453125 0.7297754765625 0.1412531435546875
2 0.6225197783203125 0.25143153125 0.60650062890625 0.2574860185546875 0.59163440234375 0.26025222265625 0.5893834453125 0.2762654111328125 0.5912226982421875 0.286102947265625 0.592570326171875 0.2865298779296875 0.6004045361328125 0.284380984375 0.60818837890625 0.281241181640625 0.619635412109375 0.2721968828125 0.6198936474609374 0.26870514453125 0.6161497294921875 0.2646799453125 0.625745826171875 0.253994330078125 0.626133919921875 0.25298044140625 0.6225197783203125 0.25143153125
2 0.3967138271484375 0.129898369140625 0.3855655966796875 0.1361951396484375 0.3839986572265625 0.140002677734375 0.3853200390625 0.1483778115234375 0.3944914296875 0.16329482421875 0.3984921044921875 0.1638299287109375 0.409758751953125 0.1597628291015625 0.4179176875 0.155361041015625 0.422113310546875 0.1511669609375 0.4222807763671875 0.145943224609375 0.4169831630859375 0.13752926171875 0.4096915107421875 0.1331924345703125 0.40457551953125 0.12824402734375 0.3967138271484375 0.129898369140625
2 0.5252266884765625 0.2736664296875 0.505009361328125 0.2670279248046875 0.49795133984375 0.2671490419921875 0.49189177734375 0.2694537080078125 0.4893669462890625 0.27182190625 0.4980045849609375 0.276584185546875 0.5305516240234375 0.2910209033203125 0.5341252802734375 0.2918271650390625 0.5385026904296875 0.29110176171875 0.5383469091796875 0.288129279296875 0.532868828125 0.284690955078125 0.5300324345703125 0.281114185546875 0.5315848115234375 0.2770586328125 0.5252266884765625 0.2736664296875
0 0.516762232421875 0 0.3642751962890625 0.0079915068359375 0.3639481064453125 0.0101694228515625 0.35725357421875 0.017226333984375 0.356102212890625 0.02051453515625 0.3596668212890625 0.0464056484375 0.3565329443359375 0.0540207236328125 0.3597483837890625 0.0816684560546875 0.35806590625 0.0916905576171875 0.3634686923828125 0.1105304921875 0.363313986328125 0.12444672265625 0.3768511025390625 0.1468345517578125 0.3872137734375 0.1760932470703125 0.3987816171875 0.1946116494140625 0.442183357421875 0.239276388671875 0.4697845068359375 0.2604295966796875 0.4902859140625 0.272518515625 0.5042084873046875 0.27700382421875 0.52277946484375 0.285964486328125 0.5299153369140625 0.2873288310546875 0.53090079296875 0.2892642841796875 0.5353301298828125 0.289529708984375 0.543876916015625 0.2925584306640625 0.550986865234375 0.2934281416015625 0.57389648828125 0.292474712890625 0.57820896875 0.2905103857421875 0.58156199609375 0.2871067998046875 0.5972332119140625 0.2912516875 0.5960543671875 0.2940453369140625 0.59922848828125 0.2956173076171875 0.613292603515625 0.29438424609375 0.6168532587890625 0.2949424111328125 0.6435300078125 0.2900677021484375 0.673496658203125 0.2721060029296875 0.7481216455078125 0.2133073515625 0.7535221181640624 0.20681581640625 0.768841611328125 0.1958302509765625 0.774977787109375 0.1865682900390625 0.7873324267578125 0.177973982421875 0.793197283203125 0.1719541015625 0.7979237802734375 0.16947051953125 0.84835956640625 0.1124371279296875 0.84965394921875 0.1034289140625 0.8607764990234374 0.0881931123046875 0.8905159306640625 0.023799984375 0.8907729296875 0.0118654912109375 0.897075775390625 0 0.516762232421875 0
2 0.8253976865234375 0.4325306611328125 0.819221267578125 0.4326055751953125 0.8157758271484375 0.4342756845703125 0.8147023974609375 0.439050908203125 0.8184188330078125 0.4425815556640625 0.8241437890625 0.4422815234375 0.827483814453125 0.4386298408203125 0.8276772021484375 0.43390073828125 0.8253976865234375 0.4325306611328125
2 0.829718138671875 0.3885927685546875 0.832476681640625 0.390684076171875 0.83513137109375 0.390793728515625 0.838550806640625 0.3886274248046875 0.838679265625 0.3826593984375 0.831944490234375 0.38052926171875 0.8285395361328125 0.3829420205078125 0.829718138671875 0.3885927685546875
0 1 0.4894276669921875 0.9979178486328125 0.4893028955078125 0.9969469541015625 0.4876154580078125 0.9998858837890625 0.48472956640625 0.996505615234375 0.479194203125 0.9961395703125 0.4553713369140625 0.9982244619140626 0.453027759765625 0.998159533203125 0.4517888349609375 0.9959189423828125 0.4511614892578125 0.994175673828125 0.42631711328125 0.992052142578125 0.385797720703125 0.9943823486328125 0.379715869140625 0.993876080078125 0.3700556884765625 0.991661412109375 0.3699229765625 0.9854058251953125 0.3600681123046875 0.9644369140625 0.3475077021484375 0.9570414892578125 0.341190779296875 0.9366049306640625 0.330339224609375 0.9267625244140625 0.3278759599609375 0.9177222294921875 0.3238795537109375 0.9157398740234375 0.31976046875 0.88921626953125 0.310719029296875 0.879231083984375 0.30553137890625 0.8685329169921875 0.303607390625 0.861682927734375 0.29924898046875 0.8246948681640625 0.2927430576171875 0.811692822265625 0.28895427734375 0.7997784453125 0.2890811259765625 0.790401982421875 0.287089435546875 0.768697044921875 0.2857422880859375 0.736540736328125 0.287180314453125 0.7172321708984375 0.2894329970703125 0.6778763798828125 0.2967120703125 0.6329009658203125 0.306271189453125 0.6137856279296875 0.3122407275390625 0.60086275 0.318381724609375 0.5941552158203125 0.3251905390625 0.5967332919921875 0.3322574853515625 0.5897141953125 0.3331213330078125 0.586747783203125 0.3355126728515625 0.586826951171875 0.3454424501953125 0.589624419921875 0.34827648828125 0.58721636328125 0.3528728779296875 0.5931879521484374 0.3572788876953125 0.590650119140625 0.35939898828125 0.5875421640625 0.367508697265625 0.5879574990234375 0.3754337587890625 0.59161032421875 0.3861697978515625 0.59693394140625 0.395079955078125 0.63119185546875 0.425323794921875 0.6359196708984375 0.431284529296875 0.6427582998046875 0.4353963203125 0.6705266728515625 0.4597701904296875 0.6797227490234375 0.466739080078125 0.6900961103515625 0.47091440234375 0.7001592265625 0.47758907421875 0.712385083984375 0.4834056318359375 0.7245849375 0.488725994140625 0.7429887744140625 0.4944675556640625 0.75250809765625 0.499185193359375 0.76048500390625 0.4997591259765625 0.7762082294921875 0.5048964013671875 0.7837451962890625 0.5054949541015625 0.807432408203125 0.5109596259765625 0.81713203515625 0.51069850390625 0.8314297822265625 0.51392338671875 0.8393289208984375 0.51301341796875 0.863793798828125 0.5164486708984375 0.90400502734375 0.5170731591796875 0.9797373583984375 0.504661375 0.98401083203125 0.5019527568359375 0.99555003515625 0.50308633203125 1 0.5004882724609375 1 0.4894276669921875
0 0 0.451801921875 0.003155068359375 0.4986572646484375 0.2634248359375 0.464155701171875 0.124588076171875 0.377553169921875 0.2654867431640625 0.2994986953125 0.334558033203125 0.273973802734375 0.3750455830078125 0.2702872958984375 0.3569003388671875 0.252462515625 0.2955623369140625 0.2165609970703125 0.20178390234375 0.1886181865234375 0.1181853701171875 0.1757883125 0.0057577724609375 0.1801157490234375 0 0.1817661787109375 0 0.451801921875
0 0.3835587958984375 0.4575984521484375 0.4514786015625 0.439957126953125 0.4941055703125 0.4173827666015625 0.49829599609375 0.4077752900390625 0.5244949931640625 0.400143681640625 0.548397658203125 0.3785506201171875 0.5538213427734375 0.36261993359375 0.5629448056640625 0.327719619140625 0.549562412109375 0.311209873046875 0.4793529072265625 0.28516115625 0.4020775849609375 0.273564541015625 0.3273439189453125 0.280610455078125 0.2828294931640625 0.29702515625 0.138357068359375 0.3765702724609375 0.1516576865234375 0.3915196591796875 0.1804801162109375 0.4040909384765625 0.1840914833984375 0.413289541015625 0.2177585390625 0.4287362119140625 0.2768819833984375 0.45223663671875 0.34307124609375 0.461284958984375 0.3835587958984375 0.4575984521484375
0 0.5130929609375 1 0.7461785478515625 0.987784501953125 0.747411806640625 0.98146129296875 0.76745114453125 0.975717142578125 0.7618705439453125 0.9587985224609376 0.74741844140625 0.951732703125 0.72738573828125 0.927748263671875 0.69001890625 0.931271220703125 0.6252198173828125 0.94874899609375 0.613145822265625 0.95720498828125 0.5596980234375 0.8927263642578125 0.53046671875 0.8723532919921875 0.5383635576171875 0.81404759765625 0.53343715625 0.8096118466796876 0.50132382421875 0.8238119892578125 0.470600666015625 0.8645382294921875 0.4596781552734375 0.8651106533203125 0.430930865234375 0.883828322265625 0.4061286767578125 0.8882574384765625 0.3893669716796875 0.926687345703125 0.3660433671875 0.929474328125 0.3515978994140625 0.892679919921875 0.3275383203125 0.8814236748046875 0.1590195859375 0.8902553671875 0.1002983818359375 0.9042853251953125 0.0235888486328125 0.933339810546875 0.027082361328125 1 0.5130929609375 1
0 0.903215443359375 0 0.8522300244140625 0.115413642578125 0.775098345703125 0.1961235126953125 0.704787162109375 0.257700205078125 0.6814569228515625 0.2902157763671875 0.802837796875 0.2775958974609375 0.8031648974609376 0.28383733203125 0.836095978515625 0.285240775390625 0.854247857421875 0.2733369658203125 0.8694359345703125 0.2944460126953125 0.8865181044921875 0.2919861298828125 0.895389607421875 0.282133328125 0.9018763662109375 0.2864873046875 0.9436789501953124 0.2780379462890625 0.9457233232421876 0.3170469130859375 0.93980898828125 0.323615447265625 0.96058430078125 0.3319145244140625 0.985134529296875 0.352532921875 0.992936322265625 0.352124046875 0.974482283203125 0 0.903215443359375 0
2 0.1176059716796875 0.9956922861328125 0.12959819140625 0.9856759345703126 0.1276289580078125 0.9779559169921875 0.11678822265625 0.98008869921875 0.1080802705078125 0.99306221875 0.1176059716796875 0.9956922861328125
2 0.276026580078125 0.973308015625 0.269621595703125 0.9705143974609375 0.2547539833984375 0.985375375 0.261322517578125 0.9912897099609375 0.27060289453125 0.989238701171875 0.27815936328125 0.9841487509765625 0.276026580078125 0.973308015625
2 0.359222873046875 0.9486075068359375 0.373020775390625 0.9431904560546875 0.3647283330078125 0.9342371787109375 0.359222873046875 0.9486075068359375
2 0.3272730908203125 0.9659283662109375 0.3292423232421875 0.973648384765625 0.3414798681640625 0.968313109375 0.3362263671875 0.957635923828125 0.3272730908203125 0.9659283662109375
2 0.3472372880859375 0.9288952685546875 0.3598019326171875 0.929801427734375 0.3593112822265625 0.9204392763671875 0.3472372880859375 0.9288952685546875
2 0.1792733974609375 0.291499791015625 0.200545994140625 0.279432431640625 0.201615703125 0.2699885048828125 0.193486810546875 0.2641559443359375 0.1629338369140625 0.2782743125 0.1792733974609375 0.291499791015625
2 0.112226576171875 0.44521941796875 0.0995801572265625 0.442752900390625 0.090463330078125 0.4479246259765625 0.0928414375 0.4634464375 0.1115657412109375 0.4624651376953125 0.1160014921875 0.4575387373046875 0.112226576171875 0.44521941796875
2 0.03961905859375 0.4928346572265625 0.03001158203125 0.48864423046875 0.0005283173828125 0.493318671875 0.0074239521484375 0.50547444140625 0.035346857421875 0.500881775390625 0.041506517578125 0.49899431640625 0.03961905859375 0.4928346572265625
2 0.0565089833984375 0.247864984375 0.05560282421875 0.2604296279296875 0.0648014267578125 0.25681826171875 0.066034685546875 0.2504950517578125 0.0565089833984375 0.247864984375
2 0.361835359375 0.2819321240234375 0.36684353515625 0.287928234375 0.3838439306640625 0.2839079921875 0.38819790625 0.2774212333984375 0.361835359375 0.2819321240234375
2 0.3829311357421875 0.3262012255859375 0.3907329296875 0.3257923515625 0.3871215625 0.3165937490234375 0.3829311357421875 0.3262012255859375
2 0.40831901953125 0.27323744140625 0.4042103671875 0.28440527734375 0.4105335771484375 0.2856385361328125 0.4130818701171875 0.2745524755859375 0.40831901953125 0.27323744140625
2 0.8844670966796875 0.2827057529296875 0.9006497421875 0.2630819248046875 0.9001590927734375 0.2537197724609375 0.8751933544921875 0.255028171875 0.8686999599609375 0.2804027841796875 0.8844670966796875 0.2827057529296875
2 0.748967853515625 0.264772658203125 0.7630928564453126 0.26559704296875 0.762683982421875 0.2577952490234375 0.748967853515625 0.264772658203125
2 0.8765415634765625 0.101622375 0.8657826025390625 0.1053155166015625 0.85879855859375 0.1213279775390625 0.887048564453125 0.12297674609375 0.899040783203125 0.11296039453125 0.9000287177734375 0.101956109375 0.8765415634765625 0.101622375
2 0.83809838671875 0.14431784765625 0.8507448056640625 0.146784365234375 0.8518962900390625 0.138900796875 0.83809838671875 0.14431784765625
2 0.9382066650390625 0.143765328125 0.9509348583984375 0.1477922041015625 0.953646701171875 0.139826861328125 0.9382066650390625 0.143765328125