2 0.5259458359375 0.499138515625 0.5024939794921875 0.49809575 0.4782479658203125 0.5027037021484375 0.46916878515625 0.5134493876953125 0.469005923828125 0.5209402470703125 0.4740148125 0.52965812890625 0.4819647490234375 0.5332794765625 0.501533333984375 0.5302704892578125 0.5061636904296875 0.532172482421875 0.5173214443359375 0.53198760546875 0.5223375126953125 0.5295621025390626 0.531180197265625 0.5284254541015625 0.5438787568359374 0.5204431943359376 0.5440277919921875 0.5162055078125 0.5337699658203126 0.5004890048828124 0.5259458359375 0.499138515625
2 0.4617586630859375 0.445787744140625 0.4618057353515625 0.442286787109375 0.459864099609375 0.44026091015625 0.45607205859375 0.4387260361328125 0.448213353515625 0.43762156640625 0.441145890625 0.440385173828125 0.439006818359375 0.4460961767578125 0.446153015625 0.4491043857421875 0.4520026982421875 0.4486736875 0.4617586630859375 0.445787744140625
2 0.3253455791015625 0.49448759375 0.3181648056640625 0.491725404296875 0.3059050615234375 0.4902532890625 0.284749529296875 0.4950447001953125 0.2735464677734375 0.498729205078125 0.262169197265625 0.5036420439453125 0.261042431640625 0.50849337890625 0.2635805693359375 0.51260696484375 0.2700144755859375 0.5175173662109375 0.27847123046875 0.5207097626953126 0.2824359326171875 0.5210160859375 0.305669421875 0.517269349609375 0.3146439443359375 0.5167776396484375 0.3227567421875 0.512908126953125 0.3275151650390625 0.507566828125 0.3284471904296875 0.500935126953125 0.3253455791015625 0.49448759375
2 0.331500734375 0.3936693193359375 0.328523564453125 0.39901165625 0.3302925380859375 0.402266083984375 0.3343138955078125 0.4053353056640625 0.3382440224609375 0.4058876494140625 0.3472638515625 0.401896310546875 0.3508721005859375 0.3983956640625 0.3531367626953125 0.3949570673828125 0.3520111455078125 0.3902909384765625 0.348691564453125 0.3885715849609375 0.3403258232421875 0.3878976142578125 0.3365919853515625 0.38912585546875 0.331500734375 0.3936693193359375
2 0.3766911669921875 0.341414130859375 0.3805630908203125 0.3392033583984375 0.3849197529296875 0.3335547158203125 0.3842996240234375 0.32845787109375 0.3803364697265625 0.328151765625 0.37300533203125 0.329625498046875 0.366201544921875 0.3336789794921875 0.3643732197265625 0.3371788994140625 0.3652351611328125 0.3405551533203125 0.3686252236328125 0.341784232421875 0.3766911669921875 0.341414130859375
2 0.3626931796875 0.3554762763671875 0.3636127080078125 0.3520995126953125 0.3616021376953125 0.3505641279296875 0.3571665224609375 0.3504425009765625 0.3492955380859375 0.3525914228515625 0.3477779609375 0.353880259765625 0.3485707509765625 0.357748552734375 0.3528680625 0.3588542587890625 0.3596939287109375 0.3578096953125 0.3626931796875 0.3554762763671875
2 0.181209046875 0.3700431435546875 0.1735105068359375 0.370965060546875 0.1638816787109375 0.376123626953125 0.167166900390625 0.378087453125 0.171969701171875 0.378762443359375 0.1838053876953125 0.3769198447265625 0.1857938779296875 0.3754463115234375 0.1868171337890625 0.3713314892578125 0.181209046875 0.3700431435546875
2 0.1158929970703125 0.2772119794921875 0.10640070703125 0.281387796875 0.1028616103515625 0.284396404296875 0.1023092666015625 0.28832653125 0.105754654296875 0.2923167431640625 0.113004361328125 0.2945884404296875 0.1178417373046875 0.29501741015625 0.1328729619140625 0.292621978515625 0.13536694140625 0.290717728515625 0.1356884208984375 0.285253037109375 0.1322776083984375 0.2810168046875 0.1314502421875 0.27739453125 0.1258782783203125 0.2758603837890625 0.1158929970703125 0.2772119794921875
2 0.1143297763671875 0.3992129765625 0.134312619140625 0.39325639453125 0.1429322353515625 0.3889579306640625 0.146104146484375 0.3853959609375 0.1440935771484375 0.383860576171875 0.127363859375 0.3825113056640625 0.1160900986328125 0.3866876328125 0.106011107421875 0.395038048828125 0.106505646484375 0.39786248828125 0.109423466796875 0.3992744990234375 0.1143297763671875 0.3992129765625
2 0.467382474609375 0.4152703095703125 0.46839478125 0.4144106416015625 0.4669238408203125 0.412201615234375 0.464006021484375 0.4107896044921875 0.4591909423828125 0.4133680048828125 0.4623380791015625 0.41631436328125 0.467382474609375 0.4152703095703125
2 0.5150508583984374 0.573494291015625 0.52322009375 0.572389224609375 0.5261504091796875 0.5705462978515625 0.526611521484375 0.56409929296875 0.516316640625 0.5581445087890625 0.5067456162109375 0.556548509765625 0.49803631640625 0.5583303125 0.4945991826171875 0.5606021904296875 0.493494712890625 0.5684608955078125 0.4962068427734375 0.5713476953125 0.5150508583984374 0.573494291015625
2 0.4760131572265625 0.290505705078125 0.4859748125 0.2861449736328125 0.4877685615234375 0.2828910732421875 0.4841960380859375 0.2766282373046875 0.48211631640625 0.275584892578125 0.47256737109375 0.2769978115234375 0.4702355 0.2745825849609375 0.469339953125 0.268279419921875 0.4660326513671875 0.26330667578125 0.461069685546875 0.2606052998046875 0.456668646484375 0.2602376533203125 0.4519570771484375 0.2620795419921875 0.4350051474609375 0.2749754794921875 0.432707673828125 0.278658765625 0.431935814453125 0.287316853515625 0.4331067392578125 0.2884833544921875 0.43797869140625 0.2886663046875 0.44425221484375 0.2915518671875 0.4591330751953125 0.2933923564453125 0.4760131572265625 0.290505705078125
2 0.5068157529296875 0.3025993544921875 0.5001279716796875 0.30266138671875 0.494496875 0.3078800400390625 0.4952550888671875 0.3119943525390625 0.504722603515625 0.31432686328125 0.510099826171875 0.31408064453125 0.5116176220703125 0.3127902607421875 0.511009771484375 0.304440025390625 0.5068157529296875 0.3025993544921875
2 0.2331943642578125 0.2345911416015625 0.2377680654296875 0.2337302373046875 0.2417796220703125 0.230537150390625 0.2429407470703125 0.2254413427734375 0.241218626953125 0.2186875048828125 0.2345433427734375 0.215494599609375 0.2309804013671875 0.215495619140625 0.2237641220703125 0.222495365234375 0.2229701826171875 0.22814453515625 0.2289659873046875 0.232994943359375 0.2331943642578125 0.2345911416015625
2 0.3630445439453125 0.197740099609375 0.3581480341796875 0.2040639296875 0.3585140712890625 0.214134755859375 0.364866546875 0.222790587890625 0.3660265224609375 0.227212244140625 0.370449640625 0.23058880859375 0.3783083466796875 0.23169327734375 0.384296115234375 0.2302800478515625 0.3881113837890625 0.225306376953125 0.3914682353515625 0.2172624658203125 0.3904019697265625 0.2058419892578125 0.3801416650390625 0.1996411845703125 0.37124835546875 0.1963890126953125 0.3630445439453125 0.197740099609375
2 0.370434666015625 0.2433594453125 0.3645617548828125 0.2502986884765625 0.3627916328125 0.2565617236328125 0.366031546875 0.262025177734375 0.372546666015625 0.263191697265625 0.3781654853515625 0.2612264345703125 0.3936341953125 0.2493748623046875 0.3948298955078125 0.24403303515625 0.39363534375 0.2398573984375 0.3887413125 0.2366655302734375 0.383467599609375 0.2361752373046875 0.37835272265625 0.23770956640625 0.370434666015625 0.2433594453125
2 0.2157559296875 0.4600521005859375 0.2172735068359375 0.4587632646484375 0.216986205078125 0.45446425390625 0.212724798828125 0.4531142939453125 0.2081388193359375 0.4572285888671875 0.21172383984375 0.4602364873046875 0.2157559296875 0.4600521005859375
2 0.383137048828125 0.52364878125 0.3806555654296875 0.52229809375 0.37473849609375 0.5232195009765624 0.373242998046875 0.527517255859375 0.3760588544921875 0.52966599609375 0.3794819453125 0.5306488388671875 0.3863078115234375 0.5296042744140625 0.3855495966796875 0.5254899619140625 0.383137048828125 0.52364878125
2 0.3449093564453125 0.456664125 0.3465402451171875 0.4609010849609375 0.3539280380859375 0.46219025 0.351895388671875 0.457645947265625 0.34850665625 0.4564186328125 0.3449093564453125 0.456664125
2 0.0198749951171875 0.334845681640625 0.01780392578125 0.3495821083984375 0.0291722294921875 0.346170126953125 0.0407219443359375 0.3400302841796875 0.04188328515625 0.3349329296875 0.0365859462890625 0.331433501953125 0.028589154296875 0.331311564453125 0.0198749951171875 0.334845681640625
2 0.379234080078125 0.3169770908203125 0.3784082607421875 0.31335503515625 0.37124978515625 0.3136002158203125 0.3666983818359375 0.3174684912109375 0.36846735546875 0.3207229189453125 0.3751894951171875 0.3204164150390625 0.379234080078125 0.3169770908203125
2 0.3264724306640625 0.3090601669921875 0.3308141181640625 0.3161821611328125 0.3368126181640625 0.3115153232421875 0.3363664814453125 0.3051916923828125 0.3287025166015625 0.30586758984375 0.3264724306640625 0.3090601669921875
2 0.357678333984375 0.321461376953125 0.358437697265625 0.3160582265625 0.3505085107421875 0.3154440322265625 0.346533076171875 0.31839131640625 0.3464170703125 0.3223827666015625 0.3515870556640625 0.3236111181640625 0.357678333984375 0.321461376953125
2 0.3289945625 0.2182508671875 0.3246972509765625 0.2171451611328125 0.320685693359375 0.220338248046875 0.320535111328125 0.224575716796875 0.3233166103515625 0.2269689296875 0.327245189453125 0.2275210556640625 0.3300733251953125 0.22641640625 0.33013112890625 0.2196618408203125 0.3289945625 0.2182508671875
0 0 0.51522896484375 0.005332134765625 0.5221444853515625 0.0131094091796875 0.5269943837890625 0.0727983564453125 0.5521636123046875 0.077130244140625 0.553023298828125 0.084392447265625 0.55204005859375 0.0887007080078125 0.549890609375 0.0953193369140625 0.5503206162109375 0.1228246484375 0.563702283203125 0.1339355478515625 0.5670168154296875 0.1454950625 0.56713928125 0.148299572265625 0.56302549609375 0.1540564765625 0.560077701171875 0.1791615185546875 0.5683647978515625 0.1844367783203125 0.5688553076171875 0.194018751953125 0.5671961513671875 0.2123684091796875 0.576037537109375 0.2244211337890625 0.57898267578125 0.2315796103515625 0.5787374951171875 0.2388543095703125 0.57449931640625 0.2583512646484375 0.5814980673828125 0.284779361328125 0.586714412109375 0.287904201171875 0.5866533994140625 0.2913400048828125 0.5843797568359375 0.3030155263671875 0.5805107724609375 0.33093487890625 0.5909463916015625 0.3420801357421875 0.5940164521484375 0.350985724609375 0.5940152333984375 0.35765142578125 0.590944283203125 0.3599143232421875 0.5875070166015625 0.3632135888671875 0.586216123046875 0.3845042939453125 0.5899609736328125 0.4086909560546875 0.5921073701171875 0.4279490107421875 0.59130791796875 0.4307066650390625 0.59069354296875 0.4355121611328125 0.5818512861328125 0.4496002314453125 0.579823482421875 0.4781531396484375 0.582585091796875 0.5078426142578125 0.58675767578125 0.51493215625 0.587002986328125 0.52407933984375 0.585282724609375 0.52757312890625 0.585773744140625 0.5621334072265625 0.5996467412109375 0.56742919921875 0.6031459521484375 0.5776328486328125 0.6065838583984375 0.5874206943359375 0.6129691416015625 0.607252240234375 0.6207643974609375 0.6110663603515625 0.6253081904296875 0.62170634765625 0.628807419921875 0.632839326171875 0.6351308701171875 0.6405255869140625 0.63746234375 0.6475461953125 0.638198146484375 0.653568322265625 0.6365404443359375 0.6532020673828125 0.6264711650390625 0.6464462841796875 0.6175077734375 0.641621404296875 0.6138238662109375 0.63929050390625 0.608235708984375 0.630720220703125 0.5995190634765625 0.62210330078125 0.59430028125 0.6115003681640625 0.581039333984375 0.6056977578125 0.57796907421875 0.597573830078125 0.575574513671875 0.5892107841796875 0.565383296875 0.584777865234375 0.5557444248046876 0.589098623046875 0.550340037109375 0.5883763134765625 0.54598146875 0.5826080615234375 0.5426667373046875 0.57615229296875 0.5347458701171875 0.572418455078125 0.535974111328125 0.5619509130859375 0.5312478779296875 0.5613307841796875 0.526151033203125 0.5645952568359375 0.5251077060546875 0.5653423408203125 0.5229579462890624 0.5592537587890625 0.5155904423828125 0.55831308203125 0.5064423720703125 0.561139669921875 0.50533750390625 0.5648514287109375 0.501100345703125 0.5724933134765625 0.4974155302734375 0.5706554052734375 0.49465159375 0.5659904736328125 0.4929956201171875 0.567612927734375 0.4814512607421875 0.574852833984375 0.4774606494140625 0.5730617802734375 0.4711973037109375 0.57863737109375 0.4536982890625 0.5788348076171875 0.44596141015625 0.5733550068359375 0.437428224609375 0.573069251953125 0.433129431640625 0.5884317568359375 0.4315316171875 0.5915470126953125 0.4252067490234375 0.58872135546875 0.4167957001953125 0.5817723779296875 0.4060521591796875 0.5835647978515625 0.402796494140625 0.5867257607421875 0.4024896796875 0.5896904345703124 0.4004022802734375 0.5909773662109375 0.39757733203125 0.5901526953125 0.3844378115234375 0.5863162783203125 0.3768866484375 0.5808241982421875 0.371606853515625 0.5823765693359375 0.37007044921875 0.587926236328125 0.3685972265625 0.589939501953125 0.360615365234375 0.5855616904296875 0.3537391728515625 0.56498597265625 0.3385748837890625 0.5651932109375 0.3371003125 0.5714899619140625 0.333477330078125 0.57453606640625 0.3276445009765625 0.574686431640625 0.3234085791015625 0.5597404814453125 0.3030238720703125 0.5626485 0.2981735751953125 0.5609830361328125 0.2941826357421875 0.5541819453125 0.28871887109375 0.5378098291015625 0.281659107421875 0.53750023046875 0.2743527275390625 0.5349620927734375 0.270239140625 0.465763951171875 0.2272038671875 0.4574232021484375 0.220020021484375 0.4337306806640625 0.2111803828125 0.4313181318359375 0.209339203125 0.4293198408203125 0.204550427734375 0.4224843916015625 0.1993311357421875 0.40781055078125 0.196017623046875 0.37929221875 0.1930099931640625 0.3724911279296875 0.187546228515625 0.367986578125 0.18791509375 0.3443868349609375 0.1815925517578125 0.3423414716796875 0.180304734375 0.3255773955078125 0.1791999365234375 0.322659576171875 0.1777879248046875 0.31298327734375 0.176929767578125 0.307583974609375 0.1741670693359375 0.2954279580078125 0.17195689453125 0.2526265966796875 0.1691982490234375 0.2266807607421875 0.1700597333984375 0.2142015 0.1733155791015625 0.19591962890625 0.1735011650390625 0.189024828125 0.175036220703125 0.1694339453125 0.175037837890625 0.1532192998046875 0.17952170703125 0.146026248046875 0.180012908203125 0.1324204384765625 0.188118541015625 0.111439115234375 0.1916816181640625 0.10484234765625 0.194262076171875 0.09042051953125 0.2050079619140625 0.0770326796875 0.208385416015625 0.06419581640625 0.2173517548828125 0.05228024609375 0.22294 0.04071803515625 0.2323347802734375 0.0403268291015625 0.2351183623046875 0.036155900390625 0.2394566630859375 0.0345459423828125 0.2477460849609375 0.035324689453125 0.2548690986328125 0.03209519140625 0.2651840869140625 0.029125439453125 0.26902534765625 0 0.4762636181640625 0 0.51522896484375
0 0.3562955458984375 0 0.406960259765625 0.0183262548828125 0.411358603515625 0.0282111474609375 0.42111208984375 0.0348409033203125 0.582770880859375 0.1011393583984375 0.6013041484375 0.105497037109375 0.619953205078125 0.1058648125 0.65801955078125 0.116975439453125 0.6830902353515625 0.1255070078125 0.71441059765625 0.1339165517578125 0.7194442626953125 0.13612610546875 0.7538566533203125 0.1447193251953125 0.7611063603515625 0.1469910224609375 0.7681490478515625 0.150735744140625 0.918462814453125 0.177370837890625 0.9376298564453125 0.1740529599609375 0.950062044921875 0.1742980712890625 0.9576347783203125 0.1711052958984375 0.970974216796875 0.1712270341796875 0.9903828544921875 0.1661901123046875 0.9956344873046875 0.1636714873046875 1 0.162888919921875 1 0.066934486328125 0.523736380859375 0 0.3562955458984375 0
2 0.72999776171875 0.0451927236328125 0.7404280322265625 0.05968222265625 0.745827333984375 0.062444921875 0.7499301220703125 0.0617687138671875 0.7516203623046875 0.0592513251953125 0.7520453505859375 0.053050123046875 0.7471763125 0.04334837890625 0.7364227978515625 0.0343249013671875 0.7334690732421875 0.03315714453125 0.728562544921875 0.03322021484375 0.72623049609375 0.0371495205078125 0.72999776171875 0.0451927236328125
2 0.5681936630859376 0.0813082314453125 0.5688936748046876 0.0826594287109375 0.5752707080078125 0.08480848046875 0.5763050947265626 0.08695773046875 0.5835770986328125 0.0922367978515625 0.6007322041015625 0.096902546875 0.60883272265625 0.0962864248046875 0.6102796015625 0.09548941015625 0.606467029296875 0.0909458349609375 0.5943217431640625 0.0854820517578125 0.5844524677734375 0.0828421982421875 0.5817293896484375 0.0832105537109375 0.5681936630859376 0.0813082314453125
2 0.173340455078125 0.5432524580078125 0.1760871611328125 0.54589323828125 0.1803501142578125 0.547243416015625 0.182268123046875 0.5462601572265625 0.1830167548828125 0.544110615234375 0.1809131884765625 0.540059681640625 0.174892609375 0.5417176015625 0.173340455078125 0.5432524580078125
2 0.0940287470703125 0.5088136201171874 0.095995158203125 0.5043311689453125 0.093479099609375 0.5032265009765625 0.0886058173828125 0.5030417861328125 0.085802638671875 0.5071573359375 0.0903984189453125 0.509305349609375 0.0940287470703125 0.5088136201171874
0 1 0.19429403125 0.7601796640625 0.1531469609375 0.6941060322265625 0.1517501953125 0.6815353115234375 0.16260633984375 0.6726864638671874 0.1582070048828125 0.63845362890625 0.16601873828125 0.583696146484375 0.18514662109375 0.5664835439453125 0.1953503916015625 0.53938498046875 0.2309883271484375 0.5337059853515626 0.2601694521484375 0.670495046875 0.5555186279296875 0.6879501953125 0.554816078125 0.7159687666015625 0.5350859970703125 0.767414203125 0.5170704931640625 0.7917359892578125 0.523644408203125 0.8356875029296875 0.5140428349609375 0.858244537109375 0.5219465859375 0.9072979365234375 0.5209513134765625 0.9859422890625 0.51149193359375 1 0.50620505859375 1 0.19429403125
0 0.1713798388671875 0.58162175 0.149960271484375 0.5880785595703125 0.1358673447265625 0.60976576171875 0.1419394140625 0.656376947265625 0.1743154794921875 0.7066849189453125 0.208866125 0.741519951171875 0.296727310546875 0.801203703125 0.4329644345703125 0.8534855498046875 0.626158708984375 0.88221508984375 0.674994650390625 0.882767111328125 0.74292921875 0.87653613671875 0.7854797998046875 0.88251623046875 0.8482162978515625 0.873976859375 0.874035201171875 0.8586712021484375 0.9498275126953125 0.8582781279296875 0.9581661796875 0.832626505859375 0.9284748740234375 0.7968965537109375 0.9240002744140625 0.7725998564453125 0.9102669990234376 0.75804692578125 0.9113542890625 0.7503104560546875 0.857533568359375 0.695410779296875 0.80796998828125 0.6663550947265625 0.7774088505859374 0.6368143173828125 0.7544169013671875 0.632005154296875 0.635174921875 0.571066830078125 0.2865319580078125 0.5930717587890625 0.20696759765625 0.5866232841796875 0.2031955478515625 0.579781734375 0.1713798388671875 0.58162175
0 0.7416487314453125 1 0.7213465361328125 0.957129234375 0.6793019677734375 0.9307081328125 0.636847572265625 0.9184301337890625 0.5650196806640625 0.91306894921875 0.5400706083984375 0.9221854306640626 0.489469916015625 0.9229632451171875 0.410750298828125 0.8992770791015625 0.3458141328125 0.912240875 0.20861516015625 0.922938072265625 0.1537824130859375 0.90892041015625 0.12723587109375 0.8957224033203125 0.1157524404296875 0.8988420791015626 0.1525278408203125 0.940301203125 0.154995142578125 0.956426515625 0.465036591796875 1 0.7416487314453125 1
2 0.564643359375 0.747341224609375 0.5679052294921875 0.72413181640625 0.5614735078125 0.713760763671875 0.5161670693359375 0.7105490703125 0.5102455283203124 0.730228974609375 0.5164597919921875 0.7421473212890625 0.54631837890625 0.7542329501953124 0.564643359375 0.747341224609375
2 0.4095459873046875 0.6608516318359375 0.4095208994140625 0.6498031162109374 0.391823205078125 0.6410044453125 0.3785750224609375 0.64545395703125 0.3721934765625 0.6571799345703125 0.3801724921875 0.6677684453125 0.3925508427734375 0.669508109375 0.4095459873046875 0.6608516318359375
2 0.4473334140625 0.6614287412109375 0.4650311083984375 0.670227412109375 0.4709777373046875 0.6615960234375 0.4658758525390625 0.6529897216796875 0.44687341015625 0.653474814453125 0.4473334140625 0.6614287412109375
2 0.441068974609375 0.6274133642578125 0.4556469931640625 0.6247286044921875 0.45583936328125 0.6121327958984375 0.44479084765625 0.6121578837890626 0.435749630859375 0.620354357421875 0.441068974609375 0.6274133642578125
2 0.497591208984375 0.606955646484375 0.51328160546875 0.607582931640625 0.5161336474609375 0.598516626953125 0.500878166015625 0.5947947529296875 0.497131205078125 0.59900171875 0.497591208984375 0.606955646484375
2 0.553996337890625 0.63223928125 0.5663746884765625 0.6339789453125 0.5703391083984375 0.628224685546875 0.5663496005859375 0.6229304296875 0.5519890400390625 0.624067896484375 0.553996337890625 0.63223928125
2 0.603225353515625 0.7085836142578125 0.6230976279296875 0.7019093466796875 0.623289998046875 0.6893135380859375 0.59875075390625 0.684286916015625 0.5850927431640625 0.7028795302734375 0.603225353515625 0.7085836142578125
2 0.6804144296875 0.6421169072265625 0.6684709951171875 0.63728265625 0.667383705078125 0.645019125 0.679762056640625 0.6467587890625 0.6804144296875 0.6421169072265625
2 0.7530452236328125 0.70912730078125 0.7813314287109375 0.70994695703125 0.8000913251953125 0.6999606435546875 0.7983014853515625 0.69024196484375 0.767547978515625 0.67329699609375 0.75185758203125 0.6726697099609374 0.7388519453125 0.686620443359375 0.7386595751953124 0.699216251953125 0.7530452236328125 0.70912730078125
2 0.6923912880859375 0.7589836025390625 0.6928512919921875 0.7669375302734375 0.7081067724609375 0.7706594033203125 0.7094115205078125 0.761375640625 0.6923912880859375 0.7589836025390625
2 0.713551556640625 0.8329609853515625 0.711811892578125 0.8453393369140625 0.725737537109375 0.8472964580078125 0.72305277734375 0.832718439453125 0.713551556640625 0.8329609853515625
2 0.767464294921875 0.8310707939453125 0.7694715927734375 0.8392421787109375 0.7836146953125 0.8396520068359375 0.7802775615234375 0.829715869140625 0.767464294921875 0.8310707939453125
2 0.46099133984375 0.9347393974609375 0.486860419921875 0.941530771484375 0.4897124619140625 0.9324644658203125 0.4753268125 0.9225534169921875 0.455889455078125 0.9261330966796875 0.46099133984375 0.9347393974609375
2 0.256656533203125 0.962824814453125 0.25247465625 0.9701263681640625 0.2648530068359375 0.97186603125 0.265505380859375 0.967224150390625 0.256656533203125 0.962824814453125
2 0.676499263671875 1 0.6765753662109375 0.9950170126953125 0.6655268515625 0.9950421005859375 0.6654511318359375 1 0.676499263671875 1
2 0.7576621015625 0.406827888671875 0.773352498046875 0.4074551748046875 0.775552166015625 0.4030307509765625 0.7655909404296874 0.3953193701171875 0.749248169921875 0.3993339658203125 0.7576621015625 0.406827888671875
2 0.7006045986328125 0.3861861357421875 0.705271568359375 0.3978870244140625 0.72229180078125 0.4002790615234375 0.720936876953125 0.387465794921875 0.7006045986328125 0.3861861357421875
2 0.7767648955078125 0.4505368564453125 0.7761376103515625 0.46622725390625 0.7852039150390625 0.469079294921875 0.788490873046875 0.45691840234375 0.7767648955078125 0.4505368564453125
2 0.90393571484375 0.4999666611328125 0.8975541689453125 0.511692638671875 0.91126235546875 0.5151970537109375 0.9185388212890625 0.5083304169921875 0.90393571484375 0.4999666611328125
2 0.887375486328125 0.50552855078125 0.885635822265625 0.51790690234375 0.89513704296875 0.51766435546875 0.897771626953125 0.5101453447265625 0.887375486328125 0.50552855078125
2 0.699743185546875 0.20145596875 0.711904078125 0.20474292578125 0.7183107119140625 0.2040654638671875 0.719398001953125 0.1963289951171875 0.70612473046875 0.1897299912109375 0.699743185546875 0.20145596875
2 0.761977837890625 0.263849568359375 0.7635502197265625 0.275115541015625 0.7869770859375 0.2768301171875 0.7871694560546875 0.26423430859375 0.761977837890625 0.263849568359375
2 0.2925872744140625 0.7296183583984375 0.2961418662109375 0.738007201171875 0.31028496875 0.738417029296875 0.310259880859375 0.727368513671875 0.2925872744140625 0.7296183583984375
2 0.3409799658203125 0.6322810390625 0.3566703623046875 0.63290832421875 0.3601998662109375 0.63024865234375 0.34757896875 0.619007767578125 0.3360955380859375 0.622127443359375 0.3409799658203125 0.6322810390625
2 0.248435056640625 0.6508318115234375 0.241836052734375 0.66410508203125 0.2515798203125 0.6733637578125 0.2537543994140625 0.657890818359375 0.248435056640625 0.6508318115234375
2 0.82501530859375 0.6797956474609375 0.820398515625 0.6901917880859375 0.8321244921875 0.696573333984375 0.8349765341796875 0.6875070283203125 0.82501530859375 0.6797956474609375
2 0.601393671875 0.777751833984375 0.5956645009765625 0.7848359287109375 0.60584318359375 0.7910000166015625 0.6131196494140625 0.78413337890625 0.601393671875 0.777751833984375