2 0.6168315439453125 0.3321626005859375 0.611698490234375 0.3305698994140625 0.60748291015625 0.3352056259765625 0.6029426767578125 0.346006248046875 0.6017154296875 0.3552124482421875 0.6029931826171875 0.3592536083984375 0.6072276513671875 0.3590342978515625 0.6095942890625 0.3565093857421875 0.615914201171875 0.3449195732421875 0.6171588583984375 0.3401281474609375 0.6168315439453125 0.3321626005859375
2 0.5028310732421875 0.0431736650390625 0.5000605654296875 0.043910927734375 0.4983905380859375 0.0473548076171875 0.495940052734375 0.0609138916015625 0.5005580732421875 0.0770511328125 0.504429060546875 0.079020486328125 0.5121825810546875 0.073244921875 0.513473359375 0.067573453125 0.51085276171875 0.055956318359375 0.5028310732421875 0.0431736650390625
2 0.4601393486328125 0.0237158115234375 0.4559929501953125 0.027031474609375 0.4538497890625 0.0300093291015625 0.4534401865234375 0.03307803515625 0.4535136708984375 0.0458869345703125 0.4580294140625 0.0545116533203125 0.463160826171875 0.0561058330078125 0.4675856748046875 0.047506876953125 0.4676448212890625 0.036914205078125 0.4633137255859375 0.024766197265625 0.4601393486328125 0.0237158115234375
2 0.6172756572265625 0.2478562421875 0.6147071259765625 0.2494865498046875 0.6120446279296875 0.25287998046875 0.6111173310546875 0.25636278515625 0.6122119970703125 0.2639273173828125 0.616127626953125 0.265014986328125 0.6199121044921875 0.2638880693359375 0.624423462890625 0.2583853837890625 0.6246772919921875 0.2535420302734375 0.6231036787109375 0.250369388671875 0.6172756572265625 0.2478562421875
2 0.5654862841796875 0.335653619140625 0.5604875849609375 0.336274107421875 0.5566034912109376 0.344018943359375 0.555174267578125 0.352332099609375 0.559379943359375 0.3574091650390625 0.564332521484375 0.35766871875 0.567984205078125 0.354328693359375 0.57024275 0.3491491728515625 0.5698692333984375 0.3420652294921875 0.5654862841796875 0.335653619140625
2 0.5399788388671874 0.29634604296875 0.53558442578125 0.2996471435546875 0.53316429296875 0.3079099326171875 0.5334512177734375 0.311899166015625 0.5355655859375 0.3142176884765625 0.5392807998046875 0.31441239453125 0.5428229130859376 0.308416119140625 0.5427205537109375 0.30090515625 0.5399788388671874 0.29634604296875
2 0.5202836787109375 0.397305201171875 0.51483490625 0.397019642578125 0.5121493486328125 0.400853095703125 0.5104966494140625 0.4087133095703125 0.512309505859375 0.4167551455078125 0.514152634765625 0.4195022470703125 0.518231330078125 0.4175082900390625 0.520736494140625 0.4123401298828125 0.5226619111328125 0.404052978515625 0.5202836787109375 0.397305201171875
2 0.496877576171875 0.3700287763671875 0.492148474609375 0.3702221640625 0.4908345537109375 0.3763352138671875 0.4916408154296875 0.37990887109375 0.4925623798828125 0.381282421875 0.496300654296875 0.3810371064453125 0.4975049228515625 0.3722693671875 0.496877576171875 0.3700287763671875
2 0.541500431640625 0.4995260029296875 0.538481828125 0.500250263671875 0.535843951171875 0.503203755859375 0.5336258759765625 0.5123580283203125 0.5338204775390625 0.5181089072265626 0.5357098095703124 0.51997440625 0.54021395703125 0.5193264345703125 0.5445291533203125 0.5080727890625 0.54316480859375 0.50093691796875 0.541500431640625 0.4995260029296875
2 0.55577419921875 0.4830551484375 0.5528956005859375 0.4811378046875 0.549715408203125 0.484945333984375 0.5495077822265625 0.4889070849609375 0.553401830078125 0.4904364169921875 0.555814669921875 0.4870299013671875 0.556426248046875 0.484854240234375 0.55577419921875 0.4830551484375
2 0.4892611328125 0.6764876533203125 0.4862655888671875 0.6767718935546875 0.4830623369140625 0.6810194443359375 0.4821523681640625 0.6889185830078125 0.4837705419921875 0.6912111015625 0.487709150390625 0.6918603095703125 0.49012355078125 0.6884538759765625 0.49103351953125 0.6805547373046875 0.4892611328125 0.6764876533203125
2 0.4880711875 0.6375720439453125 0.485369943359375 0.63698768359375 0.482755208984375 0.6394995947265625 0.482114755859375 0.6469731923828125 0.482967138671875 0.649666806640625 0.4861400380859375 0.65071555078125 0.488306259765625 0.64729767578125 0.4890794248046875 0.6420387451171875 0.4880711875 0.6375720439453125
2 0.49230572265625 0.5662662529296875 0.488813984375 0.56652448828125 0.4860838662109375 0.5712380654296875 0.4893663349609375 0.57494305859375 0.4916653515625 0.573738291015625 0.494193494140625 0.5681316708984375 0.49230572265625 0.5662662529296875
2 0.6342047197265624 0.659357751953125 0.6294755361328125 0.6595527001953125 0.620817779296875 0.6683710478515625 0.6210832861328125 0.67279882421875 0.6278502001953125 0.6811018564453125 0.6332066494140625 0.6831490595703125 0.6355733681640625 0.6806225859375 0.635936767578125 0.678435482421875 0.63460858984375 0.6611454013671875 0.6342047197265624 0.659357751953125
2 0.6623023271484375 0.7155803173828125 0.6589910654296876 0.717171701171875 0.6575905537109376 0.7201900400390625 0.657336724609375 0.7250333935546875 0.658142986328125 0.7286070498046875 0.6595838046875 0.729566583984375 0.66206009375 0.729696361328125 0.66724344140625 0.72555258203125 0.6694328046875 0.7216931259765625 0.666219517578125 0.716668068359375 0.6623023271484375 0.7155803173828125
2 0.58325761328125 0.7405776953125 0.579767435546875 0.7408360126953125 0.5750771611328125 0.7450056318359375 0.5730897734375 0.7497581328125 0.573378259765625 0.7537474482421875 0.575808427734375 0.754757267578125 0.5903115341796875 0.752868400390625 0.5895760966796875 0.7479732021484375 0.5868574423828125 0.7429740673828125 0.58325761328125 0.7405776953125
2 0.55240662890625 0.741609806640625 0.549118345703125 0.742762728515625 0.5405298515625 0.750259453125 0.5430854404296875 0.7583402138671875 0.5519393583984376 0.755272826171875 0.5593928466796875 0.755222216796875 0.5613110537109375 0.751789779296875 0.5593581904296875 0.746389548828125 0.556525712890625 0.743592162109375 0.55240662890625 0.741609806640625
2 0.6729561689453125 0.1805718740234375 0.6689944189453125 0.1803642470703125 0.6658604296875 0.1832901748046875 0.6647715458984375 0.189856248046875 0.6657781416015625 0.194324427734375 0.6706399560546875 0.1963457080078125 0.67431478125 0.1925641005859375 0.675403666015625 0.18599802734375 0.6748224404296875 0.18287739453125 0.6729561689453125 0.1805718740234375
2 0.5207235390625 0.156698478515625 0.51750451953125 0.1565297763671875 0.5145954853515625 0.159910287109375 0.5139781748046875 0.1669423046875 0.515256009765625 0.1709819052734375 0.519196177734375 0.1716311943359375 0.5221744755859375 0.166929060546875 0.52317103515625 0.1621246318359375 0.522589810546875 0.1590039990234375 0.5207235390625 0.156698478515625
2 0.484718015625 0.227662912109375 0.481699412109375 0.2283871728515625 0.47906153515625 0.2313406650390625 0.4769357021484375 0.238734853515625 0.4798316298828125 0.2450685322265625 0.4840661796875 0.2448476611328125 0.486640443359375 0.238360998046875 0.4868943544921875 0.233516083984375 0.484718015625 0.227662912109375
2 0.50139471875 0.2174983349609375 0.4969582744140625 0.2168246015625 0.4950632099609375 0.2198154580078125 0.49460896484375 0.2237658486328125 0.496606388671875 0.228285955078125 0.5004139267578125 0.2267190166015625 0.5018143564453125 0.2237022373046875 0.50139471875 0.2174983349609375
2 0.402482958984375 0.29929473046875 0.4009051728515625 0.300978525390625 0.39961439453125 0.306649994140625 0.3995163388671875 0.313267994140625 0.4019638349609375 0.3186941474609375 0.4059271455078125 0.3189018564453125 0.4084148994140625 0.309318921875 0.4070966767578125 0.3013030087890625 0.402482958984375 0.29929473046875
2 0.3017901591796875 0.1355113544921875 0.29733221484375 0.1352777236328125 0.29593178515625 0.1382945029296875 0.2956548134765625 0.1435794375 0.297359578125 0.148966666015625 0.3012537080078125 0.1504944375 0.3046572939453125 0.14714141015625 0.305855830078125 0.143230025390625 0.30385840625 0.1387099189453125 0.3017901591796875 0.1355113544921875
2 0.2763217353515625 0.4035050908203125 0.2704171572265625 0.407169841796875 0.27083114453125 0.4182285390625 0.2776311552734375 0.4353641572265625 0.2783047041015625 0.4367231455078125 0.2830799267578125 0.4356497158203125 0.2847515966796875 0.432204357421875 0.285057279296875 0.4216246064453125 0.281020484375 0.408607998046875 0.2763217353515625 0.4035050908203125
2 0.38688083203125 0.4216615029296875 0.3829652021484375 0.420573833984375 0.38168015625 0.4213889462890625 0.3814724482421875 0.4253522578125 0.38281946484375 0.428071794921875 0.3844853203125 0.4294843515625 0.3870769931640625 0.427412462890625 0.38688083203125 0.4216615029296875
2 0.6773041181640626 0.46178169140625 0.6769120078125 0.469263611328125 0.6822640380859375 0.4695440986328125 0.6826561484375 0.4620621796875 0.6773041181640626 0.46178169140625
2 0.659153001953125 0.3649850166015625 0.658858775390625 0.3705991865234375 0.6644729462890625 0.3708934130859375 0.664767171875 0.3652792421875 0.659153001953125 0.3649850166015625
2 0.672983021484375 0.665534779296875 0.6725083994140625 0.6745911005859375 0.676499796875 0.67480028125 0.6769744189453125 0.665743958984375 0.672983021484375 0.665534779296875
2 0.7732709169921875 0.4137274111328125 0.77264255859375 0.42571720703125 0.778584404296875 0.42602860546875 0.7792127626953125 0.414038810546875 0.7732709169921875 0.4137274111328125
2 0.753696134765625 0.4785636767578125 0.7532030322265625 0.4879726396484375 0.7579106337890625 0.4882193544921875 0.758403736328125 0.4788103916015625 0.753696134765625 0.4785636767578125
2 0.7608009150390626 0.4828679736328125 0.7602904755859375 0.492607732421875 0.7658406708984375 0.4928986064453125 0.7663511103515624 0.48315884765625 0.7608009150390626 0.4828679736328125
2 0.7372598466796875 0.1857083701171875 0.7362228984375 0.1865364853515625 0.732611603515625 0.19385282421875 0.7317072861328126 0.19689716796875 0.7323577744140625 0.198696177734375 0.73885353125 0.207426228515625 0.7440772666015625 0.2072587626953125 0.745098529296875 0.2020128349609375 0.7372598466796875 0.1857083701171875
2 0.505776091796875 0.152824943359375 0.5010946708984375 0.15213837109375 0.499245728515625 0.1542491845703125 0.4988996572265625 0.160852623046875 0.503684916015625 0.16905180078125 0.506755455078125 0.1625895810546875 0.5077981357421875 0.1569051103515625 0.505776091796875 0.152824943359375
2 0.281192146484375 0.007273216796875 0.279366263671875 0.008944009765625 0.27863930078125 0.013321337890625 0.2802517431640625 0.0204702109375 0.2844615908203125 0.02069083984375 0.28606399609375 0.01856710546875 0.2865889833984375 0.0132967333984375 0.2855347060546875 0.009708513671875 0.281192146484375 0.007273216796875
2 0.7280843349609375 0.8868061787109375 0.72630465625 0.887595369140625 0.723101404296875 0.891842919921875 0.7199154794921875 0.9005068046875 0.7202040478515624 0.904494560546875 0.72217841015625 0.9094546875 0.72807144140625 0.915504208984375 0.7344879814453125 0.91628171484375 0.737327751953125 0.914222828125 0.739538615234375 0.9099232685546875 0.7397924453125 0.9050799150390625 0.7382276845703125 0.8970510810546874 0.7317073076171875 0.8887609697265625 0.7280843349609375 0.8868061787109375
2 0.9093190576171875 0.7695868759765625 0.9054480712890625 0.7676175234375 0.9014328251953125 0.7731477724609375 0.9021467626953125 0.77848307421875 0.90513657421875 0.783055189453125 0.9088979912109375 0.78236829296875 0.911835736328125 0.7736929658203126 0.9093190576171875 0.7695868759765625
2 0.9517844140625 0.878660384765625 0.9485407734375 0.878931623046875 0.9461971962890625 0.8810165146484376 0.9452682578125 0.8845007978515625 0.9452855859375 0.8889171318359375 0.9465634208984375 0.892956732421875 0.9496686162109375 0.895327181640625 0.953724169921875 0.8937748056640625 0.9551692421875 0.889876341796875 0.9549745595703125 0.8841270234375 0.9517844140625 0.878660384765625
2 0.8480325400390625 0.711626517578125 0.842853365234375 0.7109138583984375 0.84016944921875 0.7147458330078125 0.8396675234375 0.71957618359375 0.8417587490234375 0.722336287109375 0.846262896484375 0.72168831640625 0.8480268076171875 0.716482873046875 0.8480325400390625 0.711626517578125
2 0.8284901328125 0.6911757197265626 0.825990783203125 0.6914859638671875 0.8239572744140625 0.6971185078125 0.824469236328125 0.7015607646484375 0.8281382470703125 0.7026370732421875 0.83100116015625 0.70013660546875 0.8319977197265624 0.6953321767578124 0.831099134765625 0.6935201650390626 0.8284901328125 0.6911757197265626
2 0.747951234375 0.73993683984375 0.7441898994140626 0.74062217578125 0.7432394609375 0.7445465625 0.7444710927734375 0.749467765625 0.7502314111328126 0.7533026171875 0.7520111728515625 0.7525118671875 0.7526673115234375 0.7494560810546875 0.7500886630859375 0.741815341796875 0.747951234375 0.73993683984375
2 0.986288470703125 0.2866220078125 0.979329615234375 0.2866985390625 0.975499017578125 0.2887054990234375 0.9733343564453125 0.2921234560546875 0.973523224609375 0.3027306904296875 0.9759937822265625 0.307716822265625 0.981465615234375 0.307562359375 0.989627177734375 0.2987180068359375 0.9898810068359375 0.2938746533203125 0.98770475 0.2880199208984375 0.986288470703125 0.2866220078125
2 0.9724717861328125 0.54551307421875 0.9668441796875 0.543892890625 0.9649721767578125 0.5464437255859375 0.9641083291015625 0.553462822265625 0.9679258203125 0.5611700517578125 0.97372074609375 0.554850611328125 0.9752135 0.5500721875 0.9724717861328125 0.54551307421875
2 0.902423673828125 0.488858458984375 0.8979195263671875 0.4895064306640625 0.895599091796875 0.491149740234375 0.8936578251953124 0.49502219921875 0.8970961484375 0.5005002802734375 0.898350841796875 0.5049814619140625 0.9037938818359375 0.510123375 0.908251826171875 0.510357005859375 0.909875732421875 0.5077931689453125 0.9109949697265625 0.49593080078125 0.9100964658203125 0.494117228515625 0.902423673828125 0.488858458984375
2 0.97980703125 0.58563476953125 0.973862064453125 0.58532320703125 0.9701873212890625 0.58910325390625 0.974933751953125 0.5933262001953125 0.9830376474609375 0.5950761611328125 0.9828184248046875 0.5897652216796875 0.97980703125 0.58563476953125
2 0.9595145810546875 0.3977073837890625 0.9586771240234375 0.4136870166015625 0.96915961328125 0.414236380859375 0.9699970703125 0.398256748046875 0.9595145810546875 0.3977073837890625
0 1 0.1518050751953125 0.9992699990234375 0.1526381005859375 0.9888902802734375 0.1706382861328125 0.9846601142578125 0.184986560546875 0.9757140029296875 0.208800994140625 0.89215644921875 0.4004577763671875 0.886550474609375 0.4173828896484375 0.8786454833984375 0.4355127705078125 0.876173498046875 0.4495119580078125 0.872872189453125 0.4603775087890625 0.869057490234375 0.4857861220703125 0.8726573193359375 0.488182494140625 0.875686041015625 0.49672928125 0.8862374326171875 0.5039053955078125 0.9174186865234375 0.543951552734375 0.932980373046875 0.5597798681640626 0.962987662109375 0.5843105087890625 0.976419212890625 0.5934040498046875 0.9827434287109374 0.595943201171875 0.9886349814453125 0.6019910791015625 0.993600732421875 0.605343060546875 1 0.4832377646484375 1 0.1518050751953125
0 0.1717762763671875 0 0.1709862490234375 0.01076965234375 0.17453995703125 0.0140460673828125 0.1740395087890625 0.018878060546875 0.2032116435546875 0.168315861328125 0.2033255986328125 0.185099513671875 0.208191716796875 0.2012497578125 0.2117454248046875 0.204526171875 0.2127997021484375 0.2081143916015625 0.2175446533203125 0.2123356953125 0.217267681640625 0.2176206298828125 0.2187704716796875 0.222114814453125 0.2169619990234375 0.228200380859375 0.216685109375 0.233483755859375 0.2173859404296875 0.24853324609375 0.221118482421875 0.253144287109375 0.2240087587890625 0.2643327607421875 0.2290956103515625 0.266807064453125 0.22953830859375 0.2725709453125 0.2308622646484375 0.2757305029296875 0.2295526474609375 0.2959725166015625 0.2318920517578125 0.2987440625 0.284829466796875 0.45914066015625 0.29417658984375 0.4750845146484375 0.2936977236328125 0.47947484375 0.294792470703125 0.48703781640625 0.29757874609375 0.4907168056640625 0.298315744140625 0.4956120859375 0.3014209404296875 0.49798253515625 0.30597551171875 0.510583484375 0.3090576474609375 0.513393955078125 0.3123675615234375 0.5307863310546875 0.3154265546875 0.5340383828125 0.31541926171875 0.5388946572265625 0.3209950146484375 0.54625123828125 0.3199984541015625 0.5510556669921876 0.324023736328125 0.554798025390625 0.324041064453125 0.559214359375 0.3278413095703125 0.5625036943359375 0.340142158203125 0.5931723134765625 0.3476230107421875 0.6068106474609375 0.352709861328125 0.609284951171875 0.3591595791015625 0.6188934833984375 0.359671541015625 0.6233357412109375 0.3652010908203125 0.6315739248046875 0.374669412109375 0.640458197265625 0.38142055859375 0.6443449765625 0.3905139345703125 0.665130623046875 0.41017581640625 0.6785248779296875 0.41352181640625 0.6857646025390625 0.412865677734375 0.688820388671875 0.431197953125 0.703909880859375 0.436410224609375 0.7134551259765625 0.4506076484375 0.722146009765625 0.45792269140625 0.724737087890625 0.4608416796875 0.73063074609375 0.471571986328125 0.73913992578125 0.4896691904296875 0.7445037861328125 0.504235828125 0.746149650390625 0.510042349609375 0.749102900390625 0.529782626953125 0.748372525390625 0.53654348046875 0.750491765625 0.5411398701171874 0.7480837099609375 0.6075636484375 0.750682373046875 0.634008623046875 0.7436786728515625 0.645637302734375 0.7350160234375 0.6527115419921875 0.732737826171875 0.6608341943359375 0.719918802734375 0.6659021572265625 0.7179766904296875 0.674571509765625 0.71843103125 0.68446819140625 0.7096776123046875 0.69447296484375 0.70357880078125 0.69691042578125 0.6997323466796875 0.7070305830078125 0.691431869140625 0.7111611318359375 0.683701513671875 0.7152859482421875 0.680827513671875 0.725752259765625 0.6659220380859375 0.7269738564453125 0.6615706328125 0.7301309052734375 0.6582046845703124 0.733765259765625 0.6504483251953125 0.7406620947265625 0.6278501826171875 0.7413717294921875 0.6190565205078125 0.7464123291015625 0.6034254658203125 0.7547138974609375 0.5919395078125 0.7585675556640625 0.5894925263671875 0.7634235068359375 0.57738476171875 0.7692414931640625 0.57062530078125 0.770440029296875 0.5667139169921875 0.7700434521484375 0.5600699931640625 0.77283701953125 0.558892708984375 0.7693525751953125 0.5542946708984375 0.7631610712890625 0.5539701884765625 0.7616409541015625 0.545059669921875 0.765425349609375 0.5439343125 0.765361900390625 0.5403980205078125 0.7715837568359375 0.5354262080078125 0.77276496484375 0.527098490234375 0.7761989033203125 0.51844916796875 0.7798780166015625 0.457711603515625 0.7777968603515625 0.4121261484375 0.7797799453125 0.39324468359375 0.7792406201171875 0.375113484375 0.7745360078125 0.3558815322265625 0.77514172265625 0.339576826171875 0.7744970478515625 0.332919900390625 0.7559066240234374 0.2374598779296875 0.7543807744140625 0.2334057158203125 0.750509705078125 0.2314379228515625 0.747061345703125 0.216687234375 0.7416875693359375 0.2102236962890625 0.73781658203125 0.20825434375 0.73290426171875 0.1929857021484375 0.73447201171875 0.182029298828125 0.7338677255859375 0.1793486875 0.7315529423828125 0.1761372021484375 0.7047691728515625 0.113803146484375 0.698519953125 0.105086015625 0.693750380859375 0.101304650390625 0.690923634765625 0.0936509091796875 0.684047068359375 0.0826931875 0.680199142578125 0.0802838125 0.6767377578125 0.07524575390625 0.6753907412109375 0.072526216796875 0.67553491796875 0.065028173828125 0.6702533837890625 0.0568045517578125 0.6699433984375 0.05325533984375 0.6658704345703125 0.0503929423828125 0.662997568359375 0.0436192421875 0.65042405078125 0.0323645205078125 0.6477285390625 0.0269238046875 0.6424412724609375 0.0235565380859375 0.635271966796875 0.0134674990234375 0.6255960185546875 0.008544978515625 0.5265241669921875 0.0033528427734375 0.512067181640625 0.0043616669921875 0.49779484375 0.0018472021484375 0.4424935654296875 0.0002742392578125 0.44113701953125 0 0.1717762763671875 0
0 0.9729176396484375 1 0.9834243330078125 0.79952033203125 0.980936349609375 0.79629976953125 0.9722396337890625 0.782156486328125 0.9705348681640625 0.7767692578125 0.95727784765625 0.7548813798828125 0.95447268359375 0.7467859736328125 0.9500204716796875 0.7416959873046876 0.92512460546875 0.70021275 0.9162201806640625 0.69003277734375 0.911411779296875 0.6822751806640625 0.899604134765625 0.670617802734375 0.8962811953125 0.662938056640625 0.8827241435546875 0.6467751337890625 0.86682203515625 0.6326954619140625 0.8523996572265625 0.623549994140625 0.842677505859375 0.6195090751953125 0.8332654228515625 0.6190158095703125 0.827724326171875 0.6204918955078125 0.8155763916015625 0.6295685615234375 0.806191671875 0.6427642373046875 0.804106228515625 0.6541347392578125 0.8045359833984375 0.6696096884765625 0.8026582470703125 0.67701687890625 0.80113088671875 0.691949595703125 0.79921276171875 0.6953804736328125 0.7886440419921875 0.6837880244140625 0.7862426669921875 0.6774818291015625 0.7862253388671875 0.673065494140625 0.7801722802734375 0.67009932421875 0.778825263671875 0.667379787109375 0.7789868515625 0.6642965185546875 0.77475230078125 0.6645173896484375 0.7726626357421875 0.6617573671875 0.7641317275390626 0.6586613388671875 0.758163619140625 0.6587913583984375 0.7500078701171875 0.662777794921875 0.7428355751953125 0.6716739931640625 0.7239004580078126 0.706003490234375 0.721232228515625 0.71425327734375 0.716901263671875 0.721090669921875 0.7054412177734375 0.75492789453125 0.6914976376953125 0.812478578125 0.6854835390625 0.8324740400390624 0.68346006640625 0.84737919140625 0.677467548828125 0.866932990234375 0.6572703798828124 0.972724060546875 0.6550638193359375 0.9911525830078125 0.6530502216796875 1 0.9729176396484375 1
2 0.2349278896484375 0.0701944140625 0.229255640625 0.0694559140625 0.226144712890625 0.0719418203125 0.22122523046875 0.080514853515625 0.218745951171875 0.0993703134765625 0.220514248046875 0.1082922744140625 0.2225362919921875 0.11237244140625 0.224649099609375 0.1146908818359375 0.229083984375 0.1153645341796875 0.2334107763671875 0.1133835791015625 0.2366355283203125 0.1086959248046875 0.2417238095703125 0.09218491015625 0.2420930234375 0.085139890625 0.2405036416015625 0.07755099609375 0.2349278896484375 0.0701944140625
0 0.6473141123046875 1 0.6498707021484375 0.98389898046875 0.6526774794921875 0.9535996640625 0.6583623564453125 0.9380649609375 0.6694107314453125 0.889930345703125 0.686398630859375 0.8214020712890625 0.695981591796875 0.8011993544921875 0.69661345703125 0.765915318359375 0.7049778701171875 0.722509216796875 0.6101025693359375 0.7576779619140624 0.542761822265625 0.7588427158203125 0.4947178037109375 0.7500662587890625 0.4129934599609375 0.6972792939453125 0.386460728515625 0.66616053125 0.363137123046875 0.6633735478515626 0.2767648779296875 0.758984205078125 0.2416325087890625 0.832245921875 0.2248089326171875 0.8845621416015625 0.2024798974609375 0.922508033203125 0.19624509765625 0.9519095234375 0.1823720546875 0.9777814208984374 0.1868078056640625 0.9827078212890625 0.4349048310546875 0.99571003515625 0.516762234375 1 0.6473141123046875 1
0 0 0.50422925390625 0.0073488115234375 0.5258145068359374 0.055487875 0.5924877841796875 0.1096164130859375 0.6344406474609375 0.154049064453125 0.65241570703125 0.1556160576171875 0.6822260712890625 0.160215359375 0.6840317548828125 0.166947443359375 0.674996703125 0.1627570166015625 0.6653892265625 0.1694824658203125 0.6266255849609375 0.16634184375 0.537276267578125 0.156305587890625 0.46008271875 0.077403556640625 0.174311666015625 0.031881291015625 0.057706912109375 0.0242430478515625 0.0541773203125 0 0.4878454296875 0 0.50422925390625
0 1 0.0256164111328125 0.6446734599609375 0.008460486328125 0.6639768232421875 0.0282478642578125 0.7363589208984375 0.1697299462890625 0.7610108291015625 0.2367369580078125 0.7794279384765626 0.3331454599609375 0.77951634765625 0.3613136904296875 0.789621109375 0.377489701171875 0.8396210908203126 0.3190889619140625 0.8727024521484374 0.255107623046875 0.876143634765625 0.2193011484375 0.893539634765625 0.1560624189453125 0.893860099609375 0.12009239453125 0.910193025390625 0.0771383271484375 0.9081353818359374 0.0566901142578125 0.9349068037109375 0.053399212890625 0.9385248056640625 0.0739292001953125 0.959715626953125 0.08755691796875 0.959061427734375 0.100039787109375 0.9904387861328126 0.128283158203125 0.993068853515625 0.137808859375 1 0.12813440234375 1 0.0256164111328125
2 0.062467439453125 0.2204682265625 0.0521991279296875 0.2074129326171875 0.0397980341796875 0.205198375 0.039307384765625 0.2145605263671875 0.0476064619140625 0.2353358388671875 0.0619767900390625 0.2298303779296875 0.062467439453125 0.2204682265625
2 0.076530572265625 0.31038996875 0.067243560546875 0.27861037109375 0.0610021259765625 0.278283271484375 0.055830400390625 0.2874000986328125 0.0535340673828125 0.3013615517578125 0.060763435546875 0.3126929365234375 0.076530572265625 0.31038996875
2 0.098627552734375 0.3365823310546875 0.0845025498046875 0.33740671484375 0.0882841015625 0.3548159853515625 0.101918455078125 0.3633537529296875 0.098627552734375 0.3365823310546875
2 0.4180966806640625 0.74918000390625 0.4058591357421875 0.743844728515625 0.4016753447265625 0.7639658408203125 0.413912888671875 0.7693011162109376 0.4180966806640625 0.74918000390625
2 0.311501642578125 0.7529814609375 0.308708025390625 0.7465764765625 0.2991823232421875 0.7492065439453125 0.298446349609375 0.763249771484375 0.304524234375 0.7666975888671875 0.311501642578125 0.7529814609375
2 0.3957809150390625 0.84658307421875 0.38633698828125 0.847652783203125 0.3856827880859375 0.86013565234375 0.3918424482421875 0.862023111328125 0.3957809150390625 0.84658307421875
2 0.39670034375 0.9186048974609375 0.3940702763671875 0.9090791953125 0.3867591328125 0.8993081689453125 0.3833930908203125 0.9038256953125 0.3822482412109375 0.9256707158203125 0.389968259765625 0.92763994921875 0.39670034375 0.9186048974609375
2 0.4002365703125 0.9406952431640625 0.3876719267578125 0.94160140234375 0.38677240234375 0.95876534765625 0.3961345546875 0.9592559970703125 0.4002365703125 0.9406952431640625
2 0.5386045712890625 0.897878185546875 0.5282544853515625 0.88638325 0.5257946015625 0.9034654208984375 0.5346661044921875 0.9133182216796875 0.5386045712890625 0.897878185546875
2 0.536648607421875 0.9650553818359375 0.5260531962890626 0.9582415234375 0.5235933134765625 0.975323693359375 0.5310680068359375 0.9819740029296875 0.536648607421875 0.9650553818359375
2 0.4752221953125 0.972788669921875 0.4658600439453125 0.9722980205078126 0.46455164453125 0.9972637587890625 0.477034513671875 0.997917958984375 0.4752221953125 0.972788669921875
2 0.318695681640625 0.9739733291015625 0.3124542470703125 0.9736462294921875 0.302274345703125 0.988759166015625 0.319438291015625 0.9896586904296875 0.318695681640625 0.9739733291015625
2 0.2944327421875 0.809978755859375 0.290160541015625 0.8019316376953125 0.28383733203125 0.8031648974609376 0.2832649072265625 0.8140874072265625 0.2893427919921875 0.817535224609375 0.2944327421875 0.809978755859375
2 0.294602927734375 0.8365866279296875 0.28696468359375 0.8330570361328125 0.2862287099609375 0.847100263671875 0.292388369140625 0.84898772265625 0.294602927734375 0.8365866279296875
2 0.3909981591796875 0.7587123408203125 0.38508382421875 0.752143806640625 0.37867883984375 0.754937423828125 0.3781064150390625 0.7658599345703125 0.3856628837890625 0.770949884765625 0.3909981591796875 0.7587123408203125
2 0.3787407099609375 0.6641912978515625 0.369542107421875 0.6605799306640625 0.36740932421875 0.671420666015625 0.375047568359375 0.6749502578125 0.3787407099609375 0.6641912978515625
2 0.3812956376953125 0.705005947265625 0.37045490234375 0.7028731640625 0.3698824775390625 0.7137956748046875 0.3790810791015625 0.717407041015625 0.3812956376953125 0.705005947265625
2 0.3926336572265625 0.72750516796875 0.3833532802734375 0.7254541591796875 0.3784268798828125 0.72988991015625 0.3859015732421875 0.7365402197265625 0.3926336572265625 0.72750516796875
2 0.5473677587890625 0.79037698828125 0.539647740234375 0.7884077548828125 0.538993541015625 0.8008906240234375 0.546795333984375 0.8012994990234374 0.5473677587890625 0.79037698828125
2 0.6633315830078125 0.8167947705078125 0.6574990234375 0.8086658779296875 0.6448526044921875 0.8111323955078125 0.6362330615234375 0.826327107421875 0.648143505859375 0.8379038173828125 0.6633315830078125 0.8167947705078125
2 0.6110286328125 0.8594283740234375 0.6030632900390624 0.862140216796875 0.602572640625 0.8715023681640625 0.6102108837890625 0.8750319599609375 0.6110286328125 0.8594283740234375
2 0.6267206298828125 0.888414353515625 0.615798119140625 0.8878419287109375 0.6166225029296875 0.901966931640625 0.6242607470703125 0.9054965234375 0.6267206298828125 0.888414353515625
2 0.626380259765625 0.835198609375 0.6319674951171875 0.8480085791015625 0.634182052734375 0.835607484375 0.626380259765625 0.835198609375
2 0.43242504296875 0.9236064375 0.42462325 0.9231975634765625 0.42240869140625 0.9355986572265625 0.4300469345703125 0.9391282490234375 0.43242504296875 0.9236064375
2 0.889172388671875 0.09011848046875 0.883339828125 0.081989587890625 0.8753744853515625 0.0847014306640625 0.8711906943359375 0.10482254296875 0.8788289375 0.108352134765625 0.889172388671875 0.09011848046875
2 0.8979687509765625 0.13126023046875 0.8904122822265625 0.126170279296875 0.884586357421875 0.1477699755859375 0.8905006923828125 0.154338509765625 0.8979687509765625 0.13126023046875
2 0.8335586318359375 0.01679489453125 0.8193518544921875 0.01917963671875 0.8168101962890625 0.037822166015625 0.829047740234375 0.04315744140625 0.8335586318359375 0.01679489453125
2 0.780369427734375 0.13604962109375 0.77954504296875 0.1219246181640625 0.7716614755859375 0.1230761015625 0.763205482421875 0.1351500966796875 0.7655902255859375 0.1493568740234375 0.780369427734375 0.13604962109375
2 0.80510974609375 0.23122486328125 0.792626876953125 0.2305706640625 0.78868841015625 0.2460107001953125 0.796163103515625 0.252661009765625 0.80510974609375 0.23122486328125
2 0.7681517880859375 0.21990011328125 0.7743048125 0.192058982421875 0.7603433603515625 0.1897626494140625 0.7518055927734375 0.203397001953125 0.758298986328125 0.228771615234375 0.7681517880859375 0.21990011328125
2 0.705615857421875 0.039817939453125 0.69313298828125 0.0391637392578125 0.692397013671875 0.0532069677734375 0.6983113486328125 0.059775501953125 0.705615857421875 0.039817939453125
2 0.7479090908203125 0.03890514453125 0.75177241796875 0.0547540556640625 0.7572712431640625 0.039395794921875 0.7479090908203125 0.03890514453125
2 0.9931307236328125 0.0470627333984375 0.9877070380859375 0.031132046875 0.9721852265625 0.028753939453125 0.9680832099609376 0.047314693359375 0.9866439638671874 0.051416708984375 0.9931307236328125 0.0470627333984375