2 0.201940625 0.3692953125 0.1966484375 0.36483125 0.193121875 0.3643359375 0.1860671875 0.3673109375 0.1763671875 0.3754953125 0.1723984375 0.3807046875 0.1715171875 0.384671875 0.1776890625 0.390625 0.1812171875 0.3921125 0.1851859375 0.3928578125 0.194003125 0.3923609375 0.2050265625 0.389384375 0.2063484375 0.3799609375 0.201940625 0.3692953125
2 0.619046875 0.3616078125 0.62345625 0.3459828125 0.623015625 0.3415171875 0.5921515625 0.3373015625 0.5877421875 0.3373015625 0.5815703125 0.3412703125 0.5776015625 0.3454859375 0.5780421875 0.3469734375 0.5824515625 0.3544140625 0.5903875 0.3623515625 0.5956796875 0.36483125 0.60405625 0.3658234375 0.6150796875 0.36483125 0.619046875 0.3616078125
2 0.5220453125 0.3896328125 0.5097 0.391865625 0.509259375 0.3963296875 0.51366875 0.399553125 0.5291 0.40625 0.532628125 0.40550625 0.5357140625 0.40079375 0.5357140625 0.3963296875 0.533509375 0.3921125 0.5220453125 0.3896328125
2 0.424603125 0.4942953125 0.4320984375 0.49925625 0.43474375 0.4997515625 0.4492953125 0.4908234375 0.447971875 0.4861109375 0.43959375 0.4818953125 0.425484375 0.4890875 0.424603125 0.4942953125
2 0.239859375 0.4967765625 0.2477953125 0.5009921875 0.255290625 0.4990078125 0.25573125 0.4942953125 0.2517640625 0.491071875 0.239859375 0.491815625 0.2385359375 0.49305625 0.239859375 0.4967765625
2 0.2597 0.5696921875 0.26366875 0.56944375 0.2694 0.5682046875 0.282628125 0.5627484375 0.2843921875 0.560515625 0.2804234375 0.5567953125 0.2724875 0.5525796875 0.2671953125 0.5446421875 0.2566140625 0.5486109375 0.24426875 0.55084375 0.23545 0.5540671875 0.21208125 0.568453125 0.2142859375 0.5677078125 0.2151671875 0.568453125 0.2226625 0.5682046875 0.2372140625 0.5634921875 0.25 0.5625 0.2566140625 0.5687 0.2597 0.5696921875
2 0.2954140625 0.52728125 0.2870375 0.52430625 0.2795421875 0.527778125 0.27425 0.5262890625 0.2711640625 0.523809375 0.2694 0.5240578125 0.268078125 0.527034375 0.2724875 0.5310015625 0.2720453125 0.5342265625 0.274690625 0.5376984375 0.2936515625 0.5329859375 0.298059375 0.530009375 0.2985015625 0.5290171875 0.2954140625 0.52728125
2 0.1953265625 0.540675 0.19753125 0.543403125 0.2045859375 0.543403125 0.2112 0.540921875 0.201940625 0.532490625 0.19753125 0.532490625 0.1953265625 0.5357140625 0.1953265625 0.540675
2 0.3033515625 0.5545640625 0.3046734375 0.555803125 0.3187828125 0.5567953125 0.32010625 0.5525796875 0.3179015625 0.5505953125 0.3099640625 0.549603125 0.3042328125 0.5513390625 0.3033515625 0.5545640625
2 0 0.4990078125 0.0127859375 0.494046875 0.0167546875 0.490328125 0.01455 0.48834375 0.0035265625 0.488590625 0 0.48983125 0 0.4990078125
2 0.6119921875 0.169890625 0.6146390625 0.1716265625 0.622575 0.171875 0.6247796875 0.1701390625 0.623015625 0.165675 0.6155203125 0.1619546875 0.6111109375 0.1619546875 0.6119921875 0.169890625
2 0.4739859375 0.1356640625 0.456790625 0.1307046875 0.44753125 0.1314484375 0.444003125 0.13368125 0.4435625 0.14459375 0.4453265625 0.1470734375 0.4506171875 0.1498015625 0.47575 0.1505453125 0.48633125 0.148809375 0.4872140625 0.1455859375 0.48545 0.142609375 0.4739859375 0.1356640625
0 0 0.53745 0.0110234375 0.5419140625 0.0110234375 0.544890625 0.01366875 0.546875 0.0176359375 0.5458828125 0.0211640625 0.5471234375 0.0251328125 0.5471234375 0.0392421875 0.5451390625 0.0436515625 0.5478671875 0.0449734375 0.552828125 0.04761875 0.553571875 0.1194890625 0.5674609375 0.150353125 0.5625 0.1529984375 0.56324375 0.1574078125 0.569196875 0.1618171875 0.57118125 0.1671078125 0.571925 0.1856265625 0.5701890625 0.2045859375 0.5657234375 0.208553125 0.5674609375 0.21693125 0.5682046875 0.2204578125 0.565971875 0.2248671875 0.566715625 0.236771875 0.5627484375 0.2464734375 0.56175625 0.25088125 0.5627484375 0.25573125 0.5672125 0.259259375 0.5687 0.2711640625 0.566715625 0.27821875 0.56324375 0.2808640625 0.5629953125 0.2848328125 0.5657234375 0.2857140625 0.56795625 0.2910046875 0.56944375 0.302909375 0.56646875 0.31216875 0.56175625 0.321428125 0.559028125 0.330246875 0.5615078125 0.3377421875 0.5620046875 0.357584375 0.552828125 0.3650796875 0.5515875 0.36860625 0.552828125 0.373015625 0.5520828125 0.3805109375 0.553571875 0.4466484375 0.540178125 0.4501765625 0.5411703125 0.4550265625 0.540921875 0.467371875 0.5357140625 0.48545 0.5220734375 0.4925046875 0.5203375 0.49426875 0.521578125 0.5022046875 0.522321875 0.509259375 0.5203375 0.513228125 0.518353125 0.518959375 0.5119046875 0.585096875 0.477678125 0.5877421875 0.4771828125 0.607584375 0.46329375 0.6106703125 0.45858125 0.619046875 0.457340625 0.623015625 0.4553578125 0.6261015625 0.4499015625 0.64594375 0.42881875 0.6529984375 0.425346875 0.6578484375 0.4243546875 0.6622578125 0.4255953125 0.665784375 0.423859375 0.6776890625 0.408234375 0.6772484375 0.4040171875 0.67989375 0.3978171875 0.707671875 0.3712796875 0.716490625 0.3673109375 0.7204578125 0.3625984375 0.7283953125 0.3462296875 0.7323640625 0.341765625 0.735890625 0.3306046875 0.73941875 0.3263890625 0.739859375 0.31795625 0.7420640625 0.315228125 0.75573125 0.3072921875 0.7614640625 0.280009375 0.768959375 0.2671125 0.768959375 0.259671875 0.76366875 0.2482640625 0.7614640625 0.224703125 0.7526453125 0.2088296875 0.7522046875 0.2008921875 0.74603125 0.1932046875 0.73545 0.1852671875 0.7306 0.1736109375 0.7138453125 0.1564984375 0.6869484375 0.141865625 0.67989375 0.136409375 0.673721875 0.129215625 0.6618171875 0.1220234375 0.636684375 0.1150796875 0.626984375 0.1140875 0.6208109375 0.1123515625 0.613315625 0.1096234375 0.6071421875 0.105159375 0.5917109375 0.0974703125 0.5661375 0.08755 0.52821875 0.0771328125 0.509259375 0.0704359375 0.4682546875 0.06175625 0.4501765625 0.0548109375 0.4259265625 0.0491078125 0.419753125 0.0466265625 0.3990296875 0.0451390625 0.392415625 0.043403125 0.380953125 0.04290625 0.3650796875 0.040675 0.2892421875 0.0376984375 0.2791 0.0362109375 0.26058125 0.0359625 0.24426875 0.0369546875 0.241621875 0.040178125 0.23633125 0.040921875 0.2345671875 0.0421625 0.2336859375 0.044890625 0.235890625 0.046875 0.2403 0.0466265625 0.2438265625 0.0491078125 0.263228125 0.0533234375 0.28791875 0.05381875 0.30246875 0.05555625 0.3064375 0.05704375 0.3179015625 0.0567953125 0.3223109375 0.0595234375 0.3284828125 0.0610125 0.3417109375 0.06175625 0.3456796875 0.0629953125 0.35464375 0.0627484375 0.35405625 0.0674609375 0.3514109375 0.0682046875 0.353615625 0.0724203125 0.3522921875 0.0771328125 0.3456796875 0.0813484375 0.3456796875 0.084325 0.35405625 0.0858140625 0.3571421875 0.087796875 0.3615515625 0.0865578125 0.3650796875 0.08755 0.369046875 0.087053125 0.37169375 0.0892859375 0.3796296875 0.0892859375 0.391975 0.09300625 0.4047625 0.09375 0.4118171875 0.092509375 0.415784375 0.0942453125 0.419753125 0.0942453125 0.4228390625 0.0962296875 0.4351859375 0.0989578125 0.4400359375 0.0989578125 0.443121875 0.101190625 0.447090625 0.101934375 0.4514984375 0.105903125 0.4506171875 0.10863125 0.4316578125 0.113590625 0.4272484375 0.11334375 0.424603125 0.1143359375 0.419753125 0.113590625 0.415784375 0.11483125 0.402115625 0.1158234375 0.3805109375 0.115328125 0.37169375 0.1170640625 0.3571421875 0.1240078125 0.348325 0.12574375 0.3324515625 0.1314484375 0.3276015625 0.134671875 0.3267203125 0.139384375 0.3231921875 0.142609375 0.3148140625 0.14608125 0.311728125 0.148809375 0.3042328125 0.1510421875 0.296296875 0.1564984375 0.2870375 0.159721875 0.2795421875 0.1693953125 0.2667546875 0.1736109375 0.263228125 0.173859375 0.2513234375 0.1827875 0.2438265625 0.1842765625 0.2283953125 0.191715625 0.2204578125 0.1922125 0.208553125 0.19766875 0.197090625 0.1999015625 0.194003125 0.2048609375 0.18474375 0.2088296875 0.173721875 0.2075890625 0.165784375 0.2080859375 0.1538796875 0.21478125 0.1388890625 0.212053125 0.1335984375 0.21255 0.12654375 0.209078125 0.1115515625 0.205853125 0.108025 0.2041171875 0.103615625 0.204365625 0.099646875 0.2021328125 0.0828921875 0.1974203125 0.070546875 0.1959328125 0.05246875 0.1899796875 0.0489421875 0.1899796875 0.0454140625 0.1875 0.037478125 0.1857640625 0.0313046875 0.18353125 0.0291 0.181546875 0.0211640625 0.1790671875 0.014109375 0.180059375 0.0123453125 0.1817953125 0.005290625 0.1837796875 0.0026453125 0.1907234375 0.0026453125 0.404265625 0.00485 0.4077375 0.0026453125 0.415921875 0.0026453125 0.4677578125 0.004409375 0.4893359375 0.0035265625 0.521825 0 0.5317453125 0 0.53745
0 0.5453125 0.91875 0.65625 0.9984375 0.78125 0.9984375 0.8125 0.975 0.890625 0.896875 0.890625 0.853125 0.871875 0.79375 0.853125 0.775 0.80625 0.7484375 0.7515625 0.746875 0.684375 0.7859375 0.615625 0.8109375 0.53984375 0.83125 0.5015625 0.8296875 0.46875 0.840625 0.4640625 0.8484375 0.4875 0.8734375 0.496875 0.875 0.5453125 0.91875
0 0 0.109375 0.0078125 0.1234375 0.0671875 0.175 0.1453125 0.2109375 0.1828125 0.2046875 0.246875 0.18125 0.278125 0.1671875 0.3015625 0.1484375 0.390625 0.1109375 0.4484375 0.10625 0.434375 0.096875 0.434375 0.0625 0.2453125 0.0578125 0.2203125 0.0421875 0.18125 0.0359375 0.1734375 0.0296875 0.0828125 0.0296875 0.0703125 0.040625 0.0609375 0.0703125 0.053125 0.0765625 0.025 0.0671875 0.01875 0.0375 0 0.03125 0 0.109375
2 0.228125 0.0796875 0.2265625 0.09375 0.2375 0.0953125 0.2421875 0.0875 0.228125 0.0796875
2 0.6625 0.9 0.653125 0.903125 0.6546875 0.9140625 0.6734375 0.9171875 0.68125 0.9125 0.6625 0.9
2 0.7609375 0.8828125 0.759375 0.9 0.765625 0.9 0.775 0.8828125 0.7609375 0.8828125
2 0.809375 0.8546875 0.809375 0.865625 0.8234375 0.8609375 0.81875 0.8515625 0.809375 0.8546875
2 0.7859375 0.78125 0.7859375 0.790625 0.809375 0.7859375 0.803125 0.778125 0.7859375 0.78125
2 0.7484375 0.771875 0.7484375 0.778125 0.775 0.775 0.76875 0.765625 0.7484375 0.771875
2 0.740625 0.8359375 0.7375 0.83125 0.7234375 0.8328125 0.7171875 0.8390625 0.721875 0.8453125 0.7328125 0.8453125 0.740625 0.8359375
2 0.790625 0.928125 0.7953125 0.9234375 0.790625 0.9203125 0.790625 0.928125
2 0.6765625 0.984375 0.6765625 0.9953125 0.690625 0.99375 0.6890625 0.9875 0.6765625 0.984375
2 0.634375 0.8328125 0.6328125 0.840625 0.6390625 0.84375 0.6421875 0.8328125 0.634375 0.8328125
2 0.6828125 0.8484375 0.6671875 0.8484375 0.665625 0.8546875 0.6734375 0.8609375 0.6890625 0.8609375 0.6828125 0.8484375