2 0.14082972265625 0.3401812373046875 0.1324429501953125 0.340639509765625 0.1178611640625 0.3500609111328125 0.1163570400390625 0.358310458984375 0.122909697265625 0.3707760400390625 0.1583005029296875 0.3690750087890625 0.1772828193359375 0.3630923876953125 0.17672179296875 0.357832626953125 0.1723213720703125 0.3543922890625 0.154465404296875 0.3442673681640625 0.14082972265625 0.3401812373046875
2 0.4075708125 0.441326728515625 0.420503294921875 0.4422310556640625 0.4340518916015625 0.43430215625 0.4326408173828125 0.4279382216796875 0.42365828125 0.4236558876953125 0.4144214619140625 0.423009986328125 0.4057093740234375 0.428142890625 0.4016503232421875 0.4330811494140625 0.4075708125 0.441326728515625
2 0.1827146357421875 0.8030852802734375 0.186554138671875 0.801264298828125 0.185143064453125 0.794900365234375 0.171324130859375 0.79341246875 0.1684437783203125 0.7947773701171875 0.168895810546875 0.80159582421875 0.1724809208984375 0.8034128349609375 0.1827146357421875 0.8030852802734375
2 0.0459442158203125 0.7679371640625 0.041471095703125 0.7655364736328125 0.0368526865234375 0.7652135234375 0.032016287109375 0.7680079599609375 0.0309118466796875 0.7705417783203125 0.035348671875 0.7734615126953125 0.0456535283203125 0.7720942001953125 0.0459442158203125 0.7679371640625
2 0.08553194921875 0.7858469794921875 0.095007107421875 0.76980166015625 0.0755380224609375 0.7694849814453125 0.0743594326171875 0.7730567802734375 0.08553194921875 0.7858469794921875
2 0.07565437890625 0.6483652431640625 0.07502076171875 0.6441435732421875 0.0621261328125 0.642720310546875 0.0608748447265625 0.6473317578125 0.0644252177734375 0.6496679228515625 0.07565437890625 0.6483652431640625
2 0.246009361328125 0.6545339453125 0.2424226923828125 0.652716826171875 0.2376952880859375 0.6539525693359375 0.237404599609375 0.65810960546875 0.24564608203125 0.659729072265625 0.246009361328125 0.6545339453125
2 0.2009371162109375 0.6221437763671875 0.201264099609375 0.6174676953125 0.1977137265625 0.6151315302734375 0.174367392578125 0.617153208984375 0.1730449638671875 0.6228044150390625 0.1791834423828125 0.62793260546875 0.19037630859375 0.6271489716796875 0.2009371162109375 0.6221437763671875
2 0.2593907001953125 0.7551922666015625 0.255840435546875 0.75285454296875 0.2493022744140625 0.7534420830078125 0.248866296875 0.7596768583984375 0.2572166640625 0.759739189453125 0.2593907001953125 0.7551922666015625
2 0.301151357421875 0.5163767255859375 0.30251008203125 0.510206474609375 0.2914625048828125 0.5089123701171875 0.2920235322265625 0.5141721298828125 0.301151357421875 0.5163767255859375
2 0.1396073662109375 0.46383468359375 0.149804787109375 0.464026173828125 0.154604890625 0.4617507822265625 0.1530121220703125 0.4579851904296875 0.148466412109375 0.4566225908203125 0.138305287109375 0.455912056640625 0.134465892578125 0.457731478515625 0.1333235986328125 0.460784232421875 0.1396073662109375 0.46383468359375
2 0.047745060546875 0.38379421875 0.0385445361328125 0.3826292724609375 0.035627888671875 0.38451321875 0.0345598525390625 0.38652643359375 0.0427269677734375 0.389186998046875 0.047745060546875 0.38379421875
2 0.59837304296875 0.3674768369140625 0.59304831640625 0.363971865234375 0.5819281494140625 0.363715849609375 0.5798631083984375 0.3667040791015625 0.5852241298828125 0.369690005859375 0.59837304296875 0.3674768369140625
2 0.59631385546875 0.3438381123046875 0.589955830078125 0.3418272001953125 0.5823496318359375 0.3444279541015625 0.5820226484375 0.3491040361328125 0.590262462890625 0.3507249521484375 0.59631385546875 0.3438381123046875
2 0.1445980341796875 0.2464658154296875 0.1393460078125 0.2419211943359375 0.1318472451171875 0.2429631455078125 0.130779099609375 0.2449779189453125 0.1352159248046875 0.2478976533203125 0.1445980341796875 0.2464658154296875
2 0.0437516845703125 0.2550771064453125 0.04212262109375 0.251830560546875 0.034660154296875 0.2523534658203125 0.0353286171875 0.256054423828125 0.0407986328125 0.2574816572265625 0.0437516845703125 0.2550771064453125
2 0.2115212392578125 0.324762369140625 0.209076865234375 0.3198924951171875 0.20083705078125 0.3182715791015625 0.1979566982421875 0.31963648046875 0.200401072265625 0.3245063544921875 0.2115212392578125 0.324762369140625
2 0.4142102958984375 0.2747669560546875 0.4268559794921875 0.275651228515625 0.427205197265625 0.270657173828125 0.4145595146484375 0.2697729013671875 0.4142102958984375 0.2747669560546875
2 0.56779234765625 0.3268885146484375 0.58038191796875 0.3277688623046875 0.5807129345703125 0.323035109375 0.5681233642578125 0.3221547607421875 0.56779234765625 0.3268885146484375
2 0.3155696669921875 0.2349234521484375 0.32866737109375 0.2358393330078125 0.3291225322265625 0.2293302275390625 0.316024828125 0.2284143466796875 0.3155696669921875 0.2349234521484375
2 0.2142925546875 0.382366318359375 0.225218998046875 0.3831303701171875 0.225529958984375 0.3786834169921875 0.214603515625 0.377919365234375 0.2142925546875 0.382366318359375
2 0.52348652734375 0.295812822265625 0.53444102734375 0.2965788359375 0.5347731337890625 0.29182949609375 0.5238186328125 0.291063482421875 0.52348652734375 0.295812822265625
2 0.4364251328125 0.254341830078125 0.42499978125 0.2451897314453125 0.413988609375 0.2433750234375 0.412374041015625 0.25318159765625 0.4167744619140625 0.256621935546875 0.4364251328125 0.254341830078125
2 0.394342234375 0.2190280654296875 0.3946692177734375 0.214351984375 0.3837306357421875 0.211499185546875 0.383367357421875 0.2166943125 0.394342234375 0.2190280654296875
2 0.357095943359375 0.5512454111328124 0.363173291015625 0.5516703798828125 0.3633949853515625 0.5484999970703125 0.357317638671875 0.54807502734375 0.357095943359375 0.5512454111328124
0 0 0.7744800048828125 0.004358177734375 0.7786044404296875 0.0218653623046875 0.8069776083984375 0.04164108203125 0.8161920380859375 0.047090748046875 0.8311931044921875 0.0569233310546875 0.8365796123046875 0.0584798037109375 0.8408642490234375 0.0808306904296875 0.839817693359375 0.0823871630859375 0.844102330078125 0.0970561455078125 0.846694400390625 0.1045549072265625 0.84565244921875 0.11629274609375 0.837075345703125 0.137231 0.829664748046875 0.150852294921875 0.82069619921875 0.1631510517578125 0.8173804150390624 0.1941618955078125 0.798663654296875 0.23832154296875 0.777735283203125 0.2539730341796875 0.7662992177734375 0.26918698828125 0.7610978193359375 0.3501907734375 0.71768479296875 0.4676594736328125 0.643927451171875 0.4801020703125 0.6385322607421875 0.494342486328125 0.62073226171875 0.503090978515625 0.61507875390625 0.5024952158203125 0.6103381484375 0.5085813447265625 0.602932154296875 0.5241238408203125 0.593054783203125 0.5287785458984375 0.592858689453125 0.5643917451171875 0.5614116494140625 0.579954482421875 0.53796200390625 0.596964697265625 0.5203556884765626 0.59901379296875 0.5043126708984375 0.60901357421875 0.4940477158203125 0.611784931640625 0.4942415078125 0.6259729990234375 0.4639073251953125 0.6302905205078125 0.42870712890625 0.637213869140625 0.40935073828125 0.6321798310546874 0.40168873046875 0.62948691796875 0.37382989453125 0.6185484443359375 0.370975537109375 0.6163946494140625 0.361950185546875 0.603229791015625 0.35110856640625 0.58738796484375 0.325462900390625 0.5847256025390625 0.3237104140625 0.5809225029296875 0.325010791015625 0.57308237109375 0.31767414453125 0.5666879404296875 0.3161838359375 0.53907208984375 0.2996327587890625 0.52351509765625 0.296457009765625 0.5210707236328125 0.2915871357421875 0.5066560263671875 0.2853586328125 0.504989109375 0.2826310224609375 0.461795916015625 0.276478029296875 0.4511843173828125 0.2689491494140625 0.439285134765625 0.26655076171875 0.435916455078125 0.2616162548828125 0.4140393994140625 0.2559090986328125 0.408788931640625 0.2513645869140625 0.3993399775390625 0.227209119140625 0.3862113046875 0.2158500146484375 0.385541392578125 0.2121473896484375 0.3765225625 0.2083841005859375 0.33385243359375 0.2080113623046875 0.2674203427734375 0.2023212451171875 0.254307724609375 0.204015369140625 0.24059778515625 0.2009687783203125 0.23652434765625 0.1928523583984375 0.1709438642578125 0.1882665244140625 0.10249908203125 0.1980988212890625 0.0914152099609375 0.19732376171875 0.0854002216796875 0.203689998046875 0.07694230859375 0.20518802734375 0.074804677734375 0.2092143466796875 0.0653861640625 0.2111667880859375 0.0452834619140625 0.206628439453125 0.0394864619140625 0.2098772880859375 0.0283661865234375 0.20962283203125 0.02022951171875 0.2330701748046875 0.0214588916015625 0.242032451171875 0.0154962529296875 0.2609328720703125 0.0177932666015625 0.267910099609375 0.00996212109375 0.393161119140625 0.003143580078125 0.4375843193359375 0.0061110185546875 0.4482344482421875 0 0.5286209638671875 0 0.7744800048828125
2 0.7867129912109375 0.8066846552734375 0.7935417314453125 0.801941638671875 0.787766640625 0.7916167626953124 0.777569111328125 0.7914268310546875 0.7671552607421875 0.794352837890625 0.7584779091796875 0.798966587890625 0.7563038740234375 0.8035135107421875 0.7537664501953125 0.813257119140625 0.758130576171875 0.817216501953125 0.772363580078125 0.82604334765625 0.7808229423828125 0.824546986328125 0.7876880869140624 0.8192833642578125 0.7867129912109375 0.8066846552734375
2 0.6741288017578125 0.8238730498046875 0.67172072265625 0.818484130859375 0.662847291015625 0.8126415439453125 0.6555301142578125 0.8110867109375 0.6543893779296875 0.81413957421875 0.6603098681640625 0.82238515234375 0.670287849609375 0.8256923623046875 0.6741288017578125 0.8238730498046875
2 0.841090408203125 0.7723739404296875 0.842428892578125 0.77977596484375 0.8535853544921875 0.7795129345703125 0.854764052734375 0.7759395771484375 0.851249974609375 0.7730843671875 0.8467405595703125 0.77120272265625 0.841090408203125 0.7723739404296875
2 0.800274802734375 0.6525677587890625 0.798789470703125 0.647243365234375 0.7877420029296875 0.645947701171875 0.7891893720703125 0.65179258984375 0.800274802734375 0.6525677587890625
2 0.6544550029296875 0.58755000390625 0.653692041015625 0.5984608603515625 0.6647759130859375 0.599235919921875 0.6715683583984375 0.5950119482421875 0.67108003125 0.5887125390625 0.6675312158203125 0.5863764833984375 0.6544550029296875 0.58755000390625
2 0.8300850390625 0.650998080078125 0.8383991123046876 0.6515794560546875 0.8525813251953125 0.6478722265625 0.852092998046875 0.6415728173828125 0.8485442919921875 0.639235203125 0.842078830078125 0.63878309375 0.8278966171875 0.6424903232421875 0.826608923828125 0.647622375 0.8300850390625 0.650998080078125
2 0.6885379326171875 0.511617541015625 0.686129853515625 0.5062286220703125 0.6796643916015624 0.505776513671875 0.679337408203125 0.5104525947265625 0.6856575810546875 0.5129824423828125 0.6885379326171875 0.511617541015625
2 0.783691982421875 0.531323466796875 0.784957658203125 0.5397666982421875 0.7996993388671875 0.5413191201171875 0.807307095703125 0.5387184755859376 0.7987242421875 0.5287204111328125 0.79037543359375 0.5286581884765625 0.783691982421875 0.531323466796875
2 0.627725109375 0.520071044921875 0.6343386474609375 0.5205335087890625 0.634602849609375 0.5167552353515625 0.6279893115234375 0.516292771484375 0.627725109375 0.520071044921875
2 0.2699035048828125 0.8039600234375 0.26476036328125 0.797858267578125 0.2516478544921875 0.7995508330078125 0.2513934609375 0.8031888251953125 0.2586016435546875 0.8063023515625 0.2699035048828125 0.8039600234375
0 0.357725939453125 0.71612223828125 0.328816541015625 0.7313301669921874 0.3257182001953125 0.7358124560546875 0.3153406455078125 0.73821941796875 0.2836234853515625 0.7537541572265625 0.2737691025390625 0.7619398154296875 0.2556020966796875 0.769545763671875 0.2381035537109375 0.7808526708984375 0.239152908203125 0.79241183984375 0.2546879921875 0.8091613134765625 0.296320416015625 0.837656732421875 0.3409422958984375 0.863226998046875 0.3647753984375 0.867504619140625 0.3737942294921875 0.871267908203125 0.373648939453125 0.873345646484375 0.3814383896484375 0.8681466591796875 0.3860203955078125 0.8689902138671876 0.404857421875 0.8650853310546875 0.5037097626953125 0.8584240703125 0.658435162109375 0.86245511328125 0.7379290791015625 0.8539170302734375 0.79288191015625 0.8379207548828125 0.8760394912109375 0.803533080078125 0.8926500234375 0.7916424951171875 0.8990995400390625 0.77903981640625 0.9185541298828125 0.7663033740234375 0.9317756328125 0.763052115234375 0.93974677734375 0.75525478515625 0.943644375 0.73934259375 0.9581375166015625 0.7179060537109375 0.9544274677734375 0.7045929482421875 0.9664414990234375 0.6788056884765625 0.9633633984375 0.669715703125 0.9516111728515625 0.665238126953125 0.955959244140625 0.65614428125 0.954386826171875 0.6388048564453125 0.9255072294921876 0.600500134765625 0.9217426826171875 0.587966376953125 0.9090660419921875 0.5834257255859375 0.8985837880859375 0.560764318359375 0.8932606201171875 0.557259455078125 0.87596401171875 0.5523957451171875 0.8653380263671875 0.531812185546875 0.85923584375 0.52616494921875 0.84957249609375 0.5249660732421875 0.841198181640625 0.5186383720703125 0.8304616435546875 0.4996133974609375 0.8055952412109375 0.4968298369140625 0.7944953154296875 0.483001546875 0.7755349072265625 0.4754104443359375 0.7156323369140625 0.4294527138671875 0.7168152216796875 0.3992538525390625 0.711526791015625 0.3952298359375 0.673818109375 0.4035571962890625 0.642282751953125 0.4164920341796875 0.6317379990234375 0.434550458984375 0.63345570703125 0.44981214453125 0.621477970703125 0.475080359375 0.6219300029296875 0.4818988134765625 0.59419333984375 0.520161896484375 0.59482706640625 0.5243820078125 0.576892544921875 0.541923689453125 0.57428253125 0.5527053876953125 0.5334680966796875 0.5921418818359375 0.529192615234375 0.6001976376953125 0.5147561181640625 0.6075412998046875 0.4857900751953125 0.6368421064453125 0.4433320810546875 0.65997893359375 0.43894771484375 0.6695918251953125 0.4199291025390625 0.6760934912109375 0.3984821708984375 0.690778513671875 0.3861106064453125 0.6951355048828125 0.357725939453125 0.71612223828125
2 0.6423917470703125 0.4149333408203125 0.641214607421875 0.4185068076171875 0.64742578515625 0.4225953486328125 0.66234905078125 0.4215509873046875 0.6841956650390625 0.401150234375 0.673002798828125 0.4019338681640625 0.6423917470703125 0.4149333408203125
0 0.9646912275390624 1 0.9689937587890625 0.9384709443359375 0.85665880859375 0.9321820341796875 0.8099307646484375 0.950842908203125 0.7997066455078125 0.9626584912109375 0.7230036640625 0.9619938427734375 0.70197768359375 0.971487771484375 0.631182494140625 0.9759351826171875 0.640207673828125 0.98126523046875 0.6388976103515625 1 0.9646912275390624 1
2 0.76240698828125 0.9584839296875 0.7878910615234375 0.952434373046875 0.758384873046875 0.948804783203125 0.7470380390625 0.95427659765625 0.76240698828125 0.9584839296875
2 0.674389943359375 0.9852218037109375 0.65912998828125 0.97945577734375 0.6586940107421875 0.985690552734375 0.674389943359375 0.9852218037109375
2 0.950071443359375 0.9402803974609375 0.944490634765625 0.9304922568359375 0.93481148828125 0.93451437109375 0.93894259765625 0.94263482421875 0.950071443359375 0.9402803974609375
2 0.9494929736328125 0.70215999609375 0.96482915234375 0.68443662109375 0.941230755859375 0.6859190908203125 0.93912708984375 0.6936035654296875 0.9494929736328125 0.70215999609375
2 0.8953198076171875 0.5808981796875 0.9017725712890625 0.57821676953125 0.897641462890625 0.5700963173828125 0.8833952294921875 0.5722327548828126 0.8953198076171875 0.5808981796875
2 0.8312288681640625 0.8254606640625 0.812633537109375 0.8225940361328125 0.80730348828125 0.8316192158203125 0.8312288681640625 0.8254606640625
2 0.898154390625 0.764355302734375 0.886371578125 0.7760618916015625 0.8840499228515625 0.78686375390625 0.8897397255859375 0.795093201171875 0.9151910283203125 0.767112935546875 0.898154390625 0.764355302734375
2 0.32392318359375 0.82287901953125 0.3276945380859375 0.813744845703125 0.3184513701171875 0.8115321845703125 0.3163477041015625 0.8192166591796874 0.32392318359375 0.82287901953125
0 0.2384763759765625 0.18567886328125 0.2364489326171875 0.1698739365234375 0.2453323466796875 0.154831970703125 0.2203277041015625 0.109226642578125 0.201263623046875 0.09066408203125 0.2056889453125 0.0721777451171875 0.041306583984375 0.0262240703125 0.0319544208984375 0.025570103515625 0.0194200546875 0.2048198935546875 0.063281470703125 0.2047543515625 0.0987716748046875 0.1900065986328125 0.128386857421875 0.192077494140625 0.17279324609375 0.184218482421875 0.21132461328125 0.1931781201171875 0.2384763759765625 0.18567886328125
2 0.0513348037109375 0.106807400390625 0.029622083984375 0.1037227841796875 0.025959724609375 0.111298263671875 0.030199828125 0.1178600224609375 0.0583653115234375 0.1182632294921875 0.0513348037109375 0.106807400390625
2 0.049928556640625 0.0597196025390625 0.037568 0.0572889521484375 0.0337966455078125 0.066423126953125 0.038145744140625 0.07142619140625 0.0552913759765625 0.072625130859375 0.049928556640625 0.0597196025390625
2 0.2546082861328125 0.17897533984375 0.253921548828125 0.1663967939453125 0.2398933037109375 0.16541584375 0.2421387353515625 0.1781033837890625 0.2546082861328125 0.17897533984375
2 0.1403128876953125 0.6487092431640625 0.1444112255859375 0.63489898828125 0.1284973037109375 0.638485125 0.1278433369140625 0.6478372880859375 0.1403128876953125 0.6487092431640625
2 0.509298029296875 0.6134248955078125 0.5257569228515625 0.6020452890625 0.5261929013671875 0.595810513671875 0.5137233505859375 0.5949385576171875 0.500490837890625 0.604977458984375 0.5015045595703125 0.6128799228515625 0.509298029296875 0.6134248955078125