2 0.50206427734375 0.4910586318359375 0.503403439453125 0.4852580849609375 0.4930805498046875 0.4711669736328125 0.47916076953125 0.4628619091796875 0.4659708251953125 0.4572718564453125 0.4601617509765625 0.4569490126953125 0.448160865234375 0.4638513056640625 0.443418466796875 0.4647914052734375 0.455140421875 0.478698779296875 0.457552150390625 0.4800188837890625 0.461529431640625 0.4804271669921875 0.46629395703125 0.483308744140625 0.468520970703125 0.4873876943359375 0.4733802138671875 0.491817765625 0.478312046875 0.4939746552734375 0.4954416123046875 0.4981842998046875 0.49738365625 0.497614369140625 0.50206427734375 0.4910586318359375
2 0.5188085625 0.522414873046875 0.5207831943359374 0.517779322265625 0.5181109638671875 0.51563576171875 0.5110868359375 0.51274085546875 0.50367185546875 0.5115389169921875 0.4995090400390625 0.51388608203125 0.49904559765625 0.517852232421875 0.505361666015625 0.5218553251953125 0.5126089873046875 0.5237834736328125 0.5188085625 0.522414873046875
2 0.58597973046875 0.5783942197265625 0.5862199794921875 0.5753948271484375 0.5826269560546875 0.5674389130859375 0.5750046669921876 0.565169224609375 0.570261916015625 0.5661108466796875 0.5732579482421875 0.5746938515625 0.5796854375 0.578214326171875 0.58398180078125 0.5792062197265625 0.58597973046875 0.5783942197265625
2 0.540273953125 0.62740473046875 0.541501341796875 0.62208832421875 0.5384541435546875 0.61960322265625 0.5307048994140625 0.6198491376953125 0.529159599609375 0.6245838076171875 0.5309172802734375 0.6267712001953125 0.536875083984375 0.6284016396484375 0.540273953125 0.62740473046875
2 0.56996793359375 0.667350416015625 0.571251208984375 0.661791939453125 0.5703521923828125 0.65980278515625 0.5631389814453125 0.6538093671875 0.5571793037109375 0.65218009765625 0.54717010546875 0.6524142060546875 0.5407318037109375 0.65678255078125 0.5414061044921875 0.659738111328125 0.5503959248046875 0.6658851162109375 0.563321970703125 0.6706525322265625 0.5669828642578125 0.6704794296875 0.56996793359375 0.667350416015625
2 0.8340639140625 0.7033761728515625 0.8307173828125 0.6982770517578125 0.8255220029296875 0.69529600390625 0.8221246572265625 0.6962932646484375 0.8206352431640624 0.700785865234375 0.824054716796875 0.70361028125 0.8340639140625 0.7033761728515625
2 0.8162885869140625 0.6666920703125 0.8172927822265625 0.662342421875 0.8131252470703125 0.6588337529296875 0.8100051064453125 0.658623357421875 0.8073550029296875 0.6603014736328126 0.8084260478515625 0.6674217734375 0.8119584638671875 0.669763923828125 0.8162885869140625 0.6666920703125
2 0.781064611328125 0.625214712890625 0.7825151943359375 0.618931548828125 0.7791904384765626 0.617655626953125 0.7760147626953126 0.6176857783203125 0.773851048828125 0.6192228173828125 0.7724330537109375 0.621440361328125 0.774396873046875 0.624693630859375 0.778637349609375 0.62592759375 0.781064611328125 0.625214712890625
0 1 0.4797269033203125 0.996917966796875 0.4800201376953125 0.9503044619140625 0.5013305654296875 0.9202029658203125 0.534471091796875 0.9093088583984374 0.5608207919921875 0.9043880537109374 0.5821351376953126 0.907780529296875 0.6230083564453125 0.9301395390625 0.72759355078125 0.9474690703125 0.7636663916015625 0.9520364296875 0.764720849609375 1 0.55180719921875 1 0.4797269033203125
2 0.898740841796875 0.6702000126953125 0.889351080078125 0.6540327861328125 0.88426747265625 0.6505675986328125 0.8825207548828125 0.6600922255859375 0.8887079951171875 0.6666120927734375 0.8963135810546875 0.67091289453125 0.898740841796875 0.6702000126953125
2 0.6590974794921876 0.4674951103515625 0.65935291015625 0.46246425390625 0.64913133203125 0.4557762998046875 0.637866375 0.4516489521484375 0.6314621845703124 0.4519520283203125 0.63056941015625 0.4558190595703125 0.6345917646484375 0.463874091796875 0.632840326171875 0.467542884765625 0.6244988115234374 0.474271724609375 0.623054470703125 0.4864110751953125 0.63103857421875 0.496907376953125 0.6374660634765625 0.5004278515625 0.6460587890625 0.502411638671875 0.653808384765625 0.502164201171875 0.660793681640625 0.50326854296875 0.676951640625 0.5077622158203124 0.68499701953125 0.5042748388671875 0.682284787109375 0.50033883984375 0.6782671533203125 0.498139640625 0.67267183203125 0.4851383701171875 0.6635876455078125 0.4774413486328125 0.6627630927734375 0.473177841796875 0.6590974794921876 0.4674951103515625
2 0.499965759765625 0.4256668310546875 0.498843548828125 0.4246444345703125 0.4926951396484375 0.4199151318359375 0.4879694453125 0.418824119140625 0.481621140625 0.418885125 0.4767666171875 0.42031088671875 0.4745287900390625 0.4241207568359375 0.478400541015625 0.430869365234375 0.48316658984375 0.4337512939453125 0.489180279296875 0.4351396640625 0.493326390625 0.4348236103515625 0.498961564453125 0.4300164794921875 0.499965759765625 0.4256668310546875
2 0.7750833798828125 0.5413622841796875 0.7735873720703125 0.540000220703125 0.769888 0.538381236328125 0.7669755205078125 0.539237068359375 0.7641022236328125 0.5418819423828125 0.7652629130859375 0.54469642578125 0.7685876689453125 0.54597234765625 0.77419060546875 0.5452293154296876 0.7750833798828125 0.5413622841796875
2 0.659689677734375 0.5590129853515625 0.6574626640625 0.55493403515625 0.651219537109375 0.54865623828125 0.6477833603515625 0.5478629345703125 0.6436201943359375 0.5502116220703125 0.6433799453125 0.5532110146484375 0.645343763671875 0.5564642841796875 0.658422287109375 0.562536953125 0.659689677734375 0.5590129853515625
2 0.4830171171875 0.55004194140625 0.482380125 0.5488765947265625 0.47933444921875 0.5463918447265625 0.4760873544921875 0.548697052734375 0.4783302529296875 0.550741494140625 0.4830171171875 0.55004194140625
2 0.459365345703125 0.540763328125 0.4583564296875 0.539257142578125 0.452826435546875 0.537725470703125 0.4498580693359375 0.538823373046875 0.45241887890625 0.54144955078125 0.4561741376953125 0.5428264658203125 0.459365345703125 0.540763328125
2 0.4215147138671875 0.5243884775390625 0.4209351298828125 0.5229814111328125 0.41680607421875 0.521264830078125 0.4126044287109375 0.5218214306640625 0.4160639033203125 0.52643828515625 0.4215147138671875 0.5243884775390625
0 0.9106481611328126 0.7205486982421875 0.9103410634765625 0.7120781416015625 0.90380165234375 0.689440966796875 0.9003980634765625 0.6845820419921875 0.897362849609375 0.6742099951171875 0.87766760546875 0.6419175 0.8761486513671874 0.63673036328125 0.8637132138671875 0.6180783876953125 0.82899116015625 0.574426966796875 0.827100283203125 0.5688989931640624 0.814015869140625 0.556968615234375 0.807733912109375 0.5489002529296875 0.785566482421875 0.529274728515625 0.7813042294921875 0.5242175654296874 0.7625236845703125 0.5114820771484375 0.7540361376953125 0.5031594873046875 0.7441724716796875 0.4988457080078125 0.7328286826171875 0.491135357421875 0.703179923828125 0.47843726171875 0.7018519267578125 0.4763474658203125 0.68240180078125 0.4665122509765625 0.6710254228515625 0.462867521484375 0.6677162001953125 0.45955861328125 0.658584244140625 0.4579586767578125 0.6525519755859375 0.45860258984375 0.6465926494140625 0.456971798828125 0.6337994482421875 0.455546486328125 0.6303399736328125 0.4509296318359375 0.624828556640625 0.44736567578125 0.623517263671875 0.4432447685546875 0.6203412373046875 0.4432764423828125 0.6177357060546875 0.4330019912109375 0.607331287109375 0.4290717109375 0.6006184755859375 0.42090387890625 0.588829470703125 0.41512891796875 0.575187248046875 0.405614673828125 0.55253738671875 0.3988589130859375 0.542568953125 0.39401260546875 0.539690935546875 0.390801646484375 0.532404431640625 0.387084455078125 0.528108068359375 0.3860925615234375 0.5250053359375 0.3838480087890625 0.51785237890625 0.383469876953125 0.4880922001953125 0.3712543994140625 0.466595203125 0.36832639453125 0.44079525 0.358551833984375 0.4309145283203125 0.3562706904296875 0.42204272265625 0.35549573046875 0.39725320703125 0.34722770703125 0.3839347861328125 0.3441529072265625 0.3749515595703125 0.3438605654296875 0.3505203076171875 0.3379651943359375 0.337916541015625 0.33963687109375 0.3249156796875 0.337145330078125 0.2876404130859375 0.3359210283203125 0.2837174951171875 0.33527032421875 0.2798845751953125 0.3303122802734375 0.2669007685546875 0.32578810546875 0.2582525078125 0.324044865234375 0.2541079189453125 0.3243612705078125 0.252991951171875 0.3291950595703125 0.25606599609375 0.3413576708984375 0.2541908017578125 0.35339755078125 0.2469326669921875 0.3593582216796875 0.2461408515625 0.3706299326171875 0.243847138671875 0.374681873046875 0.2441434228515625 0.39104125 0.2456220234375 0.394437470703125 0.2433178486328125 0.4063767080078125 0.2530655234375 0.4249181103515625 0.259643263671875 0.4297465322265625 0.260285328125 0.4367661904296875 0.2637059716796875 0.4395924814453125 0.264642296875 0.4433718486328125 0.27814523046875 0.4632901650390625 0.283060359375 0.4674781669921875 0.29184841015625 0.478416650390625 0.302583576171875 0.494639515625 0.305740673828125 0.4966416474609375 0.309071671875 0.5037737548828125 0.3132007275390625 0.5054903359375 0.3154106865234375 0.5116019208984375 0.326139609375 0.5219686005859375 0.327154767578125 0.529330970703125 0.340986423828125 0.5419422041015625 0.351693572265625 0.548485685546875 0.3536015048828125 0.5519810244140625 0.36081658984375 0.557973271484375 0.365263205078125 0.560273111328125 0.388250115234375 0.5783078330078125 0.393183470703125 0.58046507421875 0.394772322265625 0.583376802734375 0.40166949609375 0.5887873125 0.4132908427734375 0.5952884833984375 0.421945697265625 0.6028863857421874 0.436445412109375 0.6125969951171875 0.4858848017578125 0.6395386376953125 0.542103703125 0.66651722265625 0.5434320517578125 0.66860549609375 0.574794587890625 0.6758461083984375 0.581277962890625 0.679124513671875 0.5940541083984375 0.6825824599609375 0.617332083984375 0.6915214072265625 0.800800337890625 0.7376965634765625 0.823475783203125 0.74140337109375 0.840659712890625 0.74537059375 0.8700584306640625 0.7493579365234375 0.875621013671875 0.74682398828125 0.8761555234375 0.7405843046875 0.87908470703125 0.7376973603515625 0.8782989853515625 0.7352244169921875 0.88315315625 0.733800177734375 0.88868162890625 0.735331498046875 0.899868923828125 0.735877716796875 0.9022961845703125 0.7351648359375 0.908321859375 0.7286662587890625 0.9106481611328126 0.7205486982421875
0 0.8347899228515625 1 0.83340348828125 0.9865269326171875 0.8243922431640625 0.9765552060546875 0.82344967578125 0.9669196533203125 0.819432041015625 0.964720455078125 0.8185904326171874 0.96248958203125 0.8121799990234375 0.95693647265625 0.8130324208984375 0.951278525390625 0.8115538203125 0.9478823046875 0.803441240234375 0.9399012548828125 0.79170847265625 0.933882701171875 0.78959405078125 0.9293230078125 0.782696876953125 0.923912498046875 0.7823575419921875 0.9195060390625 0.7883879365234375 0.918863296875 0.798213123046875 0.9213849892578125 0.8179931435546876 0.923914994140625 0.82260706640625 0.9254901474609375 0.8363718740234375 0.926631431640625 0.8454653515625 0.92643928125 0.8462867060546875 0.9248473056640625 0.855787388671875 0.9209325986328125 0.864268693359375 0.9233990029296875 0.8696636171875 0.9215912646484375 0.8732115673828125 0.9219004287109375 0.8775467607421875 0.92468288671875 0.881899009765625 0.9254327099609375 0.8845724111328125 0.92757814453125 0.8874612421875 0.9229002841796875 0.893420919921875 0.924529552734375 0.898107783203125 0.9238300009765625 0.9097073544921875 0.92650797265625 0.911872591796875 0.92497128515625 0.9147955322265625 0.9162281552734375 0.9170551357421876 0.916241484375 0.9270419072265625 0.872984021484375 0.92472134765625 0.8673584501953125 0.927125310546875 0.8628220185546875 0.928442697265625 0.8531982724609375 0.913568013671875 0.8431461240234375 0.900337716796875 0.8357651552734375 0.88623357421875 0.8302174130859376 0.8707669716796875 0.8266466669921875 0.8479257421875 0.8236648974609375 0.83098678125 0.8225541162109375 0.818604685546875 0.8232586845703125 0.8076979931640625 0.8215039892578125 0.7644289375 0.8227156875 0.7489689287109375 0.8249996044921875 0.7371849951171875 0.825078955078125 0.7139750400390625 0.8276118310546875 0.6975819033203124 0.8319718623046874 0.684570228515625 0.8373691416015625 0.6624657802734375 0.8429555263671875 0.6577448056640625 0.84772034765625 0.6442870947265625 0.8550496201171875 0.636911296875 0.855636724609375 0.6324876279296875 0.85716195703125 0.6049926240234375 0.8704134365234375 0.604116904296875 0.8722478330078125 0.59747094140625 0.87554994921875 0.5881375673828125 0.8787399697265625 0.586217298828125 0.8831330986328125 0.580899685546875 0.8885234892578125 0.547552556640625 0.9134050419921875 0.5415047548828125 0.91608194140625 0.5396807265625 0.9220239169921876 0.52420803125 0.93219782421875 0.5195880166015625 0.9443673251953125 0.5112313203125 0.95312762890625 0.510394431640625 0.95675258984375 0.5120232841796875 0.9614567568359375 0.4957373505859375 0.979077654296875 0.495218373046875 0.9832843515625 0.5018908310546875 0.9896612685546875 0.495423130859375 1 0.8347899228515625 1
0 0.4239232412109375 0.8726451357421875 0.42612680859375 0.8532996962890625 0.4193596328125 0.84537428515625 0.415464583984375 0.8348021259765624 0.4071458662109375 0.82575519921875 0.40173962890625 0.8158524404296875 0.390841875 0.80621009765625 0.3776750791015625 0.7848427568359375 0.3721233095703125 0.779487884765625 0.367932125 0.7721571884765625 0.35417305859375 0.7572727724609375 0.347857341796875 0.7532681572265625 0.3401185595703125 0.7456267744140626 0.333954265625 0.74293198046875 0.326052896484375 0.741871119140625 0.3176337197265625 0.745018830078125 0.3054099931640625 0.7528863583984375 0.3045342734375 0.7547207548828125 0.285290787109375 0.765550734375 0.2468254384765625 0.7714330517578125 0.191690568359375 0.782886455078125 0.1725759091796875 0.7911996591796875 0.1612042509765625 0.7934107626953125 0.1422568994140625 0.800999279296875 0.1372568447265625 0.8069729287109375 0.1318615693359375 0.808782189453125 0.1198113916015625 0.8217812158203125 0.112401482421875 0.8264335888671875 0.1095666650390625 0.83087055078125 0.1021582783203125 0.835523275390625 0.0793661708984375 0.865641533203125 0.0800804736328125 0.8703895322265625 0.0767778447265625 0.872935287109375 0.0721360546875 0.8812815888671875 0.069981779296875 0.894530296875 0.0661213427734375 0.8994921845703125 0.067114724609375 0.9030313564453125 0.0742335703125 0.9074747568359375 0.07827298046875 0.9134971552734376 0.0781221923828125 0.914150287109375 0.3105444697265625 0.9678091982421875 0.31278283203125 0.9620382490234375 0.3318353623046875 0.9481109287109375 0.3339058828125 0.9450257470703125 0.340159822265625 0.9434147236328125 0.3455721533203125 0.9395728291015625 0.35516907421875 0.937206966796875 0.37553325 0.927399033203125 0.3889688330078125 0.9162480830078125 0.40963960546875 0.8953113896484375 0.4147728564453125 0.8926783212890625 0.4188009521484375 0.88699022265625 0.4239232412109375 0.8726451357421875
2 0.7605137646484375 0.886719119140625 0.763664619140625 0.88286506640625 0.748974298828125 0.8700555947265625 0.739070279296875 0.8639508994140624 0.734082912109375 0.8620345576171875 0.7124179052734375 0.8598342861328125 0.703067474609375 0.8650569404296875 0.701956578125 0.875745041015625 0.703529896484375 0.880689755859375 0.7099418525390625 0.886243216796875 0.7172280048828125 0.8899619306640625 0.726529142578125 0.8908360087890626 0.7533996396484375 0.888131552734375 0.7605137646484375 0.886719119140625
2 0.604206029296875 0.9071402978515625 0.6042960263671875 0.902832958984375 0.59059756640625 0.893562306640625 0.5805091845703125 0.8902149345703125 0.5739035751953125 0.895307966796875 0.5637488447265625 0.9000899619140625 0.559084927734375 0.9046145869140625 0.5637380322265625 0.9079787822265625 0.5699097392578125 0.9165316357421875 0.5771840810546875 0.915071201171875 0.590731263671875 0.916502205078125 0.6009422314453124 0.9114766181640624 0.604206029296875 0.9071402978515625
2 0.62525176953125 0.88654514453125 0.62705909375 0.88263428125 0.622668013671875 0.8800938935546875 0.618243173828125 0.881617251953125 0.6180588115234374 0.88437457421875 0.6198720263671875 0.8863214189453125 0.62525176953125 0.88654514453125
2 0.2876783447265625 0.8022470927734375 0.2902448955078125 0.7911301396484375 0.289268216796875 0.7855598564453125 0.2882034150390625 0.7842957412109375 0.2847657158203125 0.7835020859375 0.26268304296875 0.792911669921875 0.254302697265625 0.7978499453125 0.25544668359375 0.802695541015625 0.2633294755859375 0.805788685546875 0.275225181640625 0.8052251943359375 0.2800064111328125 0.8060756591796875 0.282757826171875 0.8118007001953125 0.2817873896484375 0.8120866025390625 0.28559736328125 0.8132195732421875 0.282382455078125 0.8095090888671875 0.2876783447265625 0.8022470927734375
2 0.3143204072265625 0.83385184375 0.314968212890625 0.82712837109375 0.312792013671875 0.8169530390625 0.3068156318359375 0.8173548828125 0.297593677734375 0.82006228515625 0.2848506220703125 0.8321380341796875 0.283550291015625 0.8397291455078125 0.2864690126953125 0.8447294990234375 0.29678952734375 0.83922246484375 0.3125863759765625 0.8354864794921875 0.3143204072265625 0.83385184375
2 0.1617848369140625 0.834016462890625 0.1628837490234375 0.83121530859375 0.161237490234375 0.828545298828125 0.1537281435546875 0.8257933427734375 0.1496379189453125 0.825867326171875 0.1464855419921875 0.8297210283203125 0.14925366015625 0.83341495703125 0.1550456796875 0.8357704365234375 0.1617848369140625 0.834016462890625
2 0.1580810234375 0.924540921875 0.15815361328125 0.9222677392578125 0.1528079814453125 0.9179787451171875 0.1379954267578125 0.9135407109375 0.115135970703125 0.912589703125 0.1126528232421875 0.913544654296875 0.112023595703125 0.91823584375 0.1090553974609375 0.9212917802734375 0.1502986552734375 0.930813537109375 0.1504494423828125 0.930160404296875 0.1580810234375 0.924540921875
2 0.2182608193359375 0.934362982421875 0.2206663056640625 0.9298269013671875 0.2187972041015625 0.928122126953125 0.2153036181640625 0.9275705419921875 0.199748892578125 0.9283059638671874 0.185615359375 0.93267932421875 0.1783183935546875 0.9368494306640625 0.1782234921875 0.9372604931640625 0.2065776611328125 0.9438065693359375 0.2066725625 0.9433955068359375 0.2182608193359375 0.934362982421875
2 0.323583845703125 0.9505324296875 0.3225190439453125 0.949268314453125 0.31838998828125 0.9475517333984375 0.30642169140625 0.95038840625 0.2914124384765625 0.9565961630859375 0.28691599609375 0.962354134765625 0.3144115009765625 0.96870197265625 0.3205661875 0.957727064453125 0.320654662109375 0.9534193740234375 0.323583845703125 0.9505324296875
2 0.717079560546875 0.6201155166015625 0.7165725673828125 0.6164352685546876 0.7127225908203125 0.613509859375 0.7094354951171875 0.6140226279296875 0.7097763525390625 0.6184294375 0.7112720087890625 0.6197930234375 0.715137517578125 0.6206854462890625 0.717079560546875 0.6201155166015625
2 0.2885001806640625 0.8790520341796875 0.290006298828125 0.872528322265625 0.2881930830078125 0.8705814775390625 0.28231258984375 0.872533689453125 0.2808775400390625 0.8767838671875 0.28192680859375 0.88008096875 0.2859056123046875 0.880489603515625 0.2885001806640625 0.8790520341796875
0 0 0.5771188642578124 0.02146210546875 0.59317804296875 0.1064864677734375 0.5999786630859375 0.1724199521484375 0.6200114072265624 0.151461009765625 0.5718754501953125 0.1591937021484375 0.538381478515625 0.2048731748046875 0.486387009765625 0.19855034375 0.4720984677734375 0.1134153486328125 0.3963174990234375 0.0754705263671875 0.3939716474609375 0.049823798828125 0.3800326328125 0.047013869140625 0.3713659091796875 0.0206641689453125 0.36047180078125 0 0.449978150390625 0 0.5771188642578124
2 0.08787925390625 0.451358833984375 0.0781580712890625 0.458736123046875 0.083309935546875 0.4711507255859375 0.113172537109375 0.4876666513671875 0.135892826171875 0.486497642578125 0.138353228515625 0.475840470703125 0.1298049716796875 0.4642453486328125 0.1110675380859375 0.4551086708984375 0.08787925390625 0.451358833984375
2 0 0.4607126298828125 0.03189801171875 0.457677748046875 0.03213298828125 0.4497139951171875 0.004144326171875 0.4320271025390625 0 0.4499781513671875 0 0.4607126298828125
2 0.1403456357421875 0.4602644521484375 0.142806037109375 0.449607279296875 0.132148865234375 0.447146876953125 0.1285174951171875 0.4559301103515625 0.1403456357421875 0.4602644521484375
2 0.157319763671875 0.5395524462890625 0.1552128056640625 0.5278408154296875 0.146194595703125 0.5321731982421875 0.1471305859375 0.5420108896484375 0.157319763671875 0.5395524462890625
2 0.018747140625 0.8202624677734375 0.040645990234375 0.8365434169921875 0.0695726015625 0.8432216513671875 0.0918248955078125 0.837133796875 0.0987361484375 0.8210897841796875 0.094052279296875 0.8135940263671875 0.0773052939453125 0.8097276806640625 0.018747140625 0.8202624677734375
2 0 0.773315208984375 0.0134807255859375 0.780560216796875 0.0400654033203125 0.783490572265625 0.066885056640625 0.77845717578125 0.1000334169921875 0.725173271484375 0.09874594140625 0.7168580341796875 0.0058743359375 0.716263736328125 0 0.7258742568359375 0 0.773315208984375
0 0 0.8961143583984374 0.0559811552734375 0.9090386259765625 0.07062118359375 0.901193341796875 0.073668048828125 0.8810499638671875 0.094986310546875 0.844278068359375 0.1214978212890625 0.7907977255859375 0.04928103125 0.7620981640625 0 0.7536651123046875 0 0.8961143583984374
2 0.85200684375 0.91321241796875 0.84954644140625 0.9238695908203125 0.8970939775390625 0.9332432041015625 0.9084541220703125 0.9326587001953125 0.90833761328125 0.9262174013671876 0.88456482421875 0.9111074189453126 0.863250478515625 0.906186615234375 0.85200684375 0.91321241796875
2 0.8876156064453125 0.8492713408203125 0.897571765625 0.8339302998046875 0.8796538125 0.8281900146484374 0.8706356025390625 0.8325223974609375 0.8876156064453125 0.8492713408203125
2 0.434491421875 0.94350580078125 0.4388238046875 0.95252401171875 0.4510034306640625 0.9553358994140625 0.48367987890625 0.938825849609375 0.487311248046875 0.9300426162109375 0.463303482421875 0.92289638671875 0.446673005859375 0.92547133984375 0.434491421875 0.94350580078125
2 0.3336913193359375 0.5674422265625 0.339080119140625 0.5510467275390625 0.32736848828125 0.5531536845703126 0.3219796884765625 0.5695491845703125 0.3336913193359375 0.5674422265625
2 0.2610796005859375 0.57633609375 0.2661169140625 0.561463046875 0.26178453125 0.5524448369140625 0.2524148349609375 0.5582996728515625 0.2610796005859375 0.57633609375
2 0.2398837236328125 0.55701023828125 0.2408216728515625 0.5460015791015626 0.2323899248046875 0.5408477568359376 0.2300460322265625 0.557946228515625 0.2398837236328125 0.55701023828125
0 0.2243155400390625 0.4716324306640625 0.16622146484375 0.5287787646484375 0.1543894072265625 0.566137123046875 0.1562613876953125 0.585812505859375 0.1720684658203125 0.6215338603515626 0.2413963837890625 0.661593474609375 0.256506365234375 0.637820685546875 0.2767682109375 0.6264624990234375 0.2840309501953125 0.608896033203125 0.3208087216796875 0.5676752451171875 0.3336932783203125 0.546595876953125 0.3320543154296875 0.539803091796875 0.270810576171875 0.4647270537109375 0.2555860439453125 0.4612121943359375 0.2243155400390625 0.4716324306640625
2 1 0.5438675439453124 0.9984345439453125 0.542910673828125 0.988713361328125 0.550287962890625 0.997026640625 0.5698468369140625 1 0.556967802734375 1 0.5438675439453124
0 0.08203029296875 0.3794500869140625 0.11810117578125 0.38296690625 0.1994980859375 0.35685805859375 0.2358059033203125 0.331564775390625 0.241895716796875 0.3329707197265625 0.2096911806640625 0.3127069150390625 0.0456196767578125 0.2523776220703125 0.02207011328125 0.35438198828125 0.08203029296875 0.3794500869140625
2 0.0997171865234375 0.3514614248046875 0.111780302734375 0.3478320146484375 0.1135377333984375 0.340219748046875 0.103583533203125 0.334714439453125 0.0908174443359375 0.3413887568359375 0.0997171865234375 0.3514614248046875
2 0.0473673134765625 0.34899710546875 0.0575564912109375 0.346538662109375 0.059313921875 0.3389263955078125 0.0535755947265625 0.3359979990234375 0.03764808984375 0.335528044921875 0.03436820703125 0.3427888251953125 0.0473673134765625 0.34899710546875
2 0.0774707685546875 0.2950102294921875 0.078408716796875 0.2840015703125 0.0665805771484375 0.2796672294921875 0.0617782412109375 0.2865765234375 0.0774707685546875 0.2950102294921875
2 0.1309896494140625 0.320194837890625 0.138133919921875 0.317033421875 0.1371979296875 0.30719573046875 0.1272437294921875 0.301690421875 0.11822551953125 0.3060228046875 0.1309896494140625 0.320194837890625
2 0.1320382314453125 0.3781665283203125 0.1409399326171875 0.3673928466796875 0.128760306640625 0.3645809580078125 0.119039125 0.371958248046875 0.1320382314453125 0.3781665283203125
2 0.08519366796875 0.3657480087890625 0.0796903173828125 0.3548558583984375 0.0668077197265625 0.355088876953125 0.063879322265625 0.3608272041015625 0.08519366796875 0.3657480087890625
2 0.21168162890625 0.3179772470703125 0.2013759423828125 0.3139943916015625 0.1939966943359375 0.3251195595703125 0.2073472880859375 0.32980538671875 0.21168162890625 0.3179772470703125
0 0.38357408203125 0 0.3853911025390625 0.010100001953125 0.4099814140625 0.0494527265625 0.40716756640625 0.0824787021484375 0.4125544072265625 0.086929552734375 0.45401408984375 0.0740508720703125 0.522526443359375 0.0690213935546875 0.5733558212890625 0.050287876953125 0.597247078125 0.0509928076171875 0.612238591796875 0.0416250693359375 0.61306003125 0.0241751123046875 0.6018183544921875 0.0103545654296875 0.5569678037109375 0 0.38357408203125 0
2 0.5323660927734375 0.047239052734375 0.5402113779296875 0.0618790810546875 0.5604732236328125 0.05052089453125 0.5607082001953125 0.042557142578125 0.547827560546875 0.0219438115234375 0.5361159306640625 0.0240507685546875 0.5323660927734375 0.047239052734375
2 0.4291868427734375 0.06350825 0.438908025390625 0.0561309609375 0.440900431640625 0.0405549423828125 0.433523142578125 0.0308337607421875 0.42309898828125 0.0412559560546875 0.4291868427734375 0.06350825
2 0.5105837529296875 0.0373994033203125 0.5193689453125 0.0201844228515625 0.4953611796875 0.0130381923828125 0.4891528984375 0.0260372998046875 0.5105837529296875 0.0373994033203125
0 0.0769019326171875 0.1168792841796875 0.1201151279296875 0.1380810380859375 0.2018596064453125 0.1521424375 0.216499634765625 0.1442971533203125 0.25222490625 0.086797375 0.269441845703125 0.074736216796875 0.27073128125 0.06220510546875 0.161466134765625 0.035375658203125 0.0988105751953125 0.0289284833984375 0.0769019326171875 0.1168792841796875
2 0.1052440400390625 0.1121973740234375 0.1430723525390625 0.1081019267578125 0.1417848759765625 0.0997866884765625 0.0869765595703125 0.0871331923828125 0.0818227373046875 0.095564939453125 0.1052440400390625 0.1121973740234375
2 0.1681326171875 0.1315271474609375 0.170944505859375 0.119347521484375 0.15419751953125 0.1154811748046875 0.149043697265625 0.123912921875 0.1681326171875 0.1315271474609375
2 0.1880410185546875 0.1425377646484375 0.1867535419921875 0.1342225263671875 0.1742224296875 0.1329330908203125 0.1759779013671875 0.1461671748046875 0.1880410185546875 0.1425377646484375
2 0.2030325322265625 0.1331700263671875 0.208069845703125 0.11829698046875 0.1916743466796875 0.1129081806640625 0.1819531640625 0.1202854697265625 0.2030325322265625 0.1331700263671875
2 0.106655859375 0.04356851171875 0.1267992373046875 0.046615376953125 0.13007912109375 0.0393545966796875 0.122350345703125 0.0311558671875 0.1052518740234375 0.028811974609375 0.106655859375 0.04356851171875
2 0.1697754970703125 0.0966272314453125 0.1707134453125 0.0856185732421875 0.1592367919921875 0.0797617783203125 0.1522090302734375 0.0893644931640625 0.1697754970703125 0.0966272314453125
2 0.1715348857421875 0.0681686162109375 0.177508189453125 0.0631332607421875 0.173175806640625 0.05411505078125 0.1533839150390625 0.049545732421875 0.1505720263671875 0.0617253583984375 0.1715348857421875 0.0681686162109375
2 0.125624353515625 0.0864341376953125 0.1287877275390625 0.07273205859375 0.113211708984375 0.0707396513671875 0.1149671806640625 0.0839737353515625 0.125624353515625 0.0864341376953125
0 1 0.3752120673828125 0.908159435546875 0.3296370029296875 0.876539404296875 0.3207333427734375 0.827350947265625 0.325413294921875 0.79572895703125 0.3373559853515625 0.7725387138671875 0.354452498046875 0.76387003125 0.37810877734375 0.8498303837890625 0.394747087890625 0.8937465498046875 0.412903935546875 1 0.4413246455078125 1 0.3752120673828125
2 0.973968576171875 0.4266138486328125 0.987086150390625 0.418417078125 0.9850957021484374 0.41314674609375 0.9527726982421875 0.4072879931640625 0.94808687109375 0.4206385859375 0.973968576171875 0.4266138486328125
2 0.8863712197265625 0.3823364033203125 0.886138201171875 0.3694538046875 0.8746615478515625 0.3635970107421875 0.8722011455078125 0.3742541826171875 0.8863712197265625 0.3823364033203125
2 0.843507552734375 0.3804585458984375 0.83144639453125 0.363241607421875 0.82242818359375 0.367573990234375 0.824067146484375 0.3743667744140625 0.843507552734375 0.3804585458984375
0 0.5441707294921875 0.3017295947265625 0.492055833984375 0.2913015234375 0.4306877509765625 0.2931695869140625 0.3797418642578125 0.3054618037109375 0.3613539580078125 0.3156490234375 0.3536232236328125 0.3282966435546875 0.3552621865234375 0.3350894287109375 0.4995437568359375 0.3700030546875 0.5644227822265625 0.394603158203125 0.612319845703125 0.4233006689453125 0.66220931640625 0.4364221611328125 0.676027904296875 0.446026833984375 0.7062439501953125 0.4401739560546875 0.738452404296875 0.418745060546875 0.779325623046875 0.4153525859375 0.7858834306640625 0.421677375 0.791856734375 0.4166420205078125 0.7526263955078125 0.3851345810546875 0.7258087001953125 0.369321626953125 0.5730953828125 0.3292541787109375 0.5441707294921875 0.3017295947265625
2 0.5374924951171876 0.3306562060546875 0.543815326171875 0.344944748046875 0.586913970703125 0.3388588525390625 0.5776627421875 0.33030863671875 0.554825943359375 0.3250363466796875 0.5374924951171876 0.3306562060546875
2 0.445438412109375 0.3543046513671875 0.48244528515625 0.3676591611328125 0.504814087890625 0.36801260546875 0.52226600390625 0.3479876953125 0.517114140625 0.3355730927734375 0.5052860009765625 0.331238751953125 0.4815112529296875 0.3369751201171875 0.445438412109375 0.3543046513671875
2 0.5801153095703125 0.4030368642578125 0.5874945576171875 0.3919116962890625 0.5828106884765625 0.384415939453125 0.5584514375 0.3787921630859375 0.5407665029296875 0.3859344755859375 0.5801153095703125 0.4030368642578125
2 0.498025220703125 0.3279588681640625 0.50751142578125 0.3285453310546875 0.5123137626953125 0.321636037109375 0.508800861328125 0.3160142197265625 0.4962697490234375 0.3147247841796875 0.4918188984375 0.320111625 0.498025220703125 0.3279588681640625
2 0.4323227958984375 0.3416550712890625 0.4329092587890625 0.3321688662109375 0.414288333984375 0.3294734873046875 0.409485998046875 0.33638278125 0.4323227958984375 0.3416550712890625
2 0.681967912109375 0.7953794296875 0.6870032666015625 0.8013527333984375 0.71171400390625 0.8054540556640625 0.72986693359375 0.80323058984375 0.7301019111328125 0.7952668369140625 0.7022297578125 0.7840212431640625 0.69239206640625 0.7849572333984375 0.681967912109375 0.7953794296875
2 0.6050316455078125 0.711869685546875 0.60948249609375 0.7064828447265625 0.604095654296875 0.702031994140625 0.5873486689453125 0.6981656484375 0.5840687861328125 0.705426427734375 0.6050316455078125 0.711869685546875
2 0.388843287109375 0.6619586708984375 0.4059417587890625 0.6643025634765625 0.416833908203125 0.6587992138671875 0.4128530107421875 0.6482585498046874 0.391538666015625 0.64333774609375 0.384862390625 0.6514180068359375 0.388843287109375 0.6619586708984375
2 0.4144939326171875 0.6342049853515624 0.4181253017578125 0.625421751953125 0.40442322265625 0.622258376953125 0.3965759794921875 0.62846469921875 0.4144939326171875 0.6342049853515624
2 0.3733876953125 0.6247148623046875 0.3827573916015625 0.6188600263671875 0.3829923681640625 0.6108962744140625 0.3737411396484375 0.6023460595703125 0.36097505078125 0.6090203759765624 0.3733876953125 0.6247148623046875
2 0.420577869140625 0.6981499794921875 0.4342799482421875 0.701313353515625 0.4382628037109375 0.6910076669921875 0.419993365234375 0.686789833984375 0.4174164541015625 0.6910057080078125 0.420577869140625 0.6981499794921875
2 0.5711861884765626 0.7056594462890625 0.5680247724609375 0.69851517578125 0.5585385673828125 0.697928712890625 0.5549071982421875 0.7067119462890625 0.5711861884765626 0.7056594462890625
2 0.3539433720703125 0.660315791015625 0.36752894140625 0.6570378662109375 0.36389953125 0.6449747490234375 0.3416491953125 0.63021625390625 0.3097941865234375 0.629276345703125 0.3539433720703125 0.660315791015625
2 0.295849296875 0.7174621240234375 0.3082619404296875 0.7331566103515625 0.32500892578125 0.7370229560546875 0.3381265009765625 0.728826185546875 0.3380099921875 0.72238488671875 0.309318357421875 0.707742900390625 0.297255240234375 0.7113723115234375 0.295849296875 0.7174621240234375
0 0.8096229228515625 0.7911753076171875 0.800839689453125 0.7875439375 0.7611433134765625 0.730271302734375 0.55280219921875 0.67415396484375 0.48405878515625 0.64545449609375 0.437332689453125 0.6186309248046875 0.4058272080078125 0.6370149140625 0.4052407451171875 0.6465011201171875 0.383572955078125 0.663949119140625 0.373735263671875 0.664885109375 0.3856779541015625 0.696507099609375 0.4059378408203125 0.705995263671875 0.45301346484375 0.7521427314453125 0.5119191865234375 0.7817781904296875 0.7037482939453125 0.8260654296875 0.7180368349609375 0.81974259765625 0.8388990615234375 0.8171774384765625 0.8330461845703125 0.786961392578125 0.8255523857421875 0.7707989111328125 0.8186411337890624 0.7868429248046875 0.8096229228515625 0.7911753076171875
0 0.3439891708984375 0.654810482421875 0.3259547099609375 0.6426288974609375 0.32572169140625 0.6297462998046875 0.334623392578125 0.6189726181640625 0.31881435546875 0.60409761328125 0.2914082392578125 0.61861721484375 0.2631806826171875 0.6505867744140625 0.2601338173828125 0.67073015234375 0.270905541015625 0.700478203125 0.3110718701171875 0.741823333984375 0.3277023466796875 0.7392483818359376 0.3655287001953125 0.7559992841796875 0.369158111328125 0.7680624013671875 0.392227927734375 0.7862172890625 0.408155431640625 0.7866872431640625 0.4071029326171875 0.7704082529296875 0.3930552431640625 0.7062282822265625 0.3636645537109375 0.652938501953125 0.3439891708984375 0.654810482421875
2 0.3853362607421875 0.593797802734375 0.4081730595703125 0.5990700927734375 0.407705064453125 0.5941512470703125 0.3938864765625 0.58454657421875 0.377607486328125 0.5855990732421875 0.3853362607421875 0.593797802734375