2 0.7517640625 0.5262890625 0.75396875 0.5287703125 0.75 0.533234375 0.75088125 0.5369546875 0.755290625 0.537203125 0.76366875 0.540921875 0.769840625 0.5357140625 0.778659375 0.53125 0.78306875 0.53050625 0.7870375 0.5327375 0.7910046875 0.5329859375 0.810846875 0.524553125 0.81701875 0.5248015625 0.82495625 0.5267859375 0.8412703125 0.5349703125 0.8522921875 0.5314984375 0.85405625 0.528521875 0.8514109375 0.518353125 0.838625 0.5 0.829365625 0.494046875 0.81701875 0.490328125 0.8033515625 0.476934375 0.7940921875 0.4719734375 0.7870375 0.4642859375 0.78306875 0.4657734375 0.7791 0.4712296875 0.764109375 0.4719734375 0.7627859375 0.4665171875 0.7469140625 0.4655265625 0.7403 0.46329375 0.735009375 0.4635421875 0.7204578125 0.4662703125 0.7147265625 0.4717265625 0.7050265625 0.47569375 0.702821875 0.478421875 0.7107578125 0.4791671875 0.712521875 0.4833828125 0.7186953125 0.487846875 0.726190625 0.4977671875 0.7292765625 0.509671875 0.7323640625 0.5146328125 0.7517640625 0.5262890625
2 0.7597 0.4446921875 0.76366875 0.44766875 0.7671953125 0.4533734375 0.7720453125 0.4548609375 0.7751328125 0.460565625 0.778659375 0.4623015625 0.78395 0.4608140625 0.796296875 0.4432046875 0.7949734375 0.4389875 0.786596875 0.431546875 0.7535265625 0.4119546875 0.7345671875 0.4072421875 0.716490625 0.399553125 0.707671875 0.39930625 0.70723125 0.400296875 0.7178125 0.4052578125 0.7226625 0.4114578125 0.7323640625 0.4169140625 0.73633125 0.4213796875 0.75396875 0.4330359375 0.7574953125 0.43675625 0.7597 0.4446921875
2 0.78306875 0.3953375 0.76851875 0.3936015625 0.760140625 0.39459375 0.7570546875 0.3963296875 0.7570546875 0.40079375 0.76455 0.405009375 0.7791 0.40550625 0.7870375 0.403521875 0.7918875 0.4005453125 0.7905640625 0.3985609375 0.78306875 0.3953375
2 0.84920625 0.3494546875 0.8381828125 0.34449375 0.826278125 0.3365578125 0.8099640625 0.334821875 0.80246875 0.3330859375 0.7702828125 0.3338296875 0.7676359375 0.3360609375 0.764990625 0.344990625 0.764109375 0.349703125 0.7663140625 0.351934375 0.7773375 0.353421875 0.782628125 0.3556546875 0.7949734375 0.3583828125 0.8099640625 0.357390625 0.8381828125 0.350446875 0.84920625 0.3494546875
2 0.6675484375 0.340278125 0.7006171875 0.33829375 0.712521875 0.335565625 0.7147265625 0.3338296875 0.713403125 0.326140625 0.708553125 0.3224203125 0.6732796875 0.316715625 0.66049375 0.315971875 0.6402109375 0.3172125 0.6238984375 0.315228125 0.5917109375 0.3147328125 0.5630515625 0.31646875 0.5582015625 0.3182046875 0.5643734375 0.3229171875 0.5956796875 0.3278765625 0.6106703125 0.3286203125 0.6287484375 0.3278765625 0.6340390625 0.3286203125 0.6450625 0.334078125 0.6675484375 0.340278125
2 0.5784828125 0.2921625 0.5599640625 0.2936515625 0.5418875 0.299603125 0.5321875 0.3080359375 0.5313046875 0.3107640625 0.5357140625 0.314484375 0.5643734375 0.311259375 0.583775 0.30084375 0.585978125 0.298859375 0.5855375 0.2953875 0.5820109375 0.29290625 0.5784828125 0.2921625
2 0.7129625 0.376984375 0.7089953125 0.3735125 0.697090625 0.3712796875 0.69268125 0.3685515625 0.6856265625 0.3665671875 0.669753125 0.3673109375 0.6618171875 0.3705359375 0.660053125 0.3725203125 0.6618171875 0.3767359375 0.669753125 0.38194375 0.680334375 0.3834328125 0.6967953125 0.3821921875 0.7089953125 0.3834328125 0.7138453125 0.3807046875 0.7129625 0.376984375
2 0.967371875 0.392609375 0.958553125 0.3928578125 0.93783125 0.3990578125 0.9338625 0.4015375 0.933421875 0.404265625 0.9373890625 0.4087296875 0.947971875 0.41021875 0.9589953125 0.4139390625 0.966490625 0.4134421875 0.975309375 0.408234375 0.9744265625 0.396825 0.967371875 0.392609375
2 0.9118171875 0.3938484375 0.9025578125 0.39756875 0.901234375 0.405009375 0.9038796875 0.40699375 0.919753125 0.4047625 0.923721875 0.403521875 0.9268078125 0.40079375 0.924603125 0.39608125 0.919753125 0.3938484375 0.9118171875 0.3938484375
2 0.8461203125 0.3767359375 0.8412703125 0.3799609375 0.8403875 0.380953125 0.8425921875 0.383928125 0.848325 0.3856640625 0.858025 0.38516875 0.863315625 0.3807046875 0.8619921875 0.3774796875 0.8509703125 0.376240625 0.8461203125 0.3767359375
2 0.8355375 0.321925 0.8373015625 0.32266875 0.849646875 0.3231640625 0.8558203125 0.322171875 0.853175 0.31795625 0.8430328125 0.316715625 0.835978125 0.31795625 0.8355375 0.321925
2 0.7597 0.2857140625 0.7477953125 0.2827375 0.7341265625 0.2817453125 0.7089953125 0.2775296875 0.703703125 0.2780265625 0.7032625 0.2797625 0.7063484375 0.283234375 0.7283953125 0.2911703125 0.7614640625 0.2924109375 0.7702828125 0.2921625 0.7755734375 0.290921875 0.7707234375 0.2869546875 0.7597 0.2857140625
2 0.4779546875 0.4223703125 0.490740625 0.4228671875 0.50396875 0.4174109375 0.513228125 0.41493125 0.5211640625 0.4141859375 0.5295421875 0.41170625 0.541446875 0.41170625 0.5445328125 0.41021875 0.5454140625 0.404265625 0.5401234375 0.394096875 0.5396828125 0.3883921875 0.5370375 0.38665625 0.5260140625 0.3876484375 0.4977953125 0.38665625 0.4792765625 0.3903765625 0.4704578125 0.3938484375 0.4598765625 0.3963296875 0.458553125 0.3985609375 0.4541453125 0.400296875 0.4541453125 0.4040171875 0.4554671875 0.4032734375 0.4612 0.4037703125 0.4678125 0.412203125 0.4704578125 0.4181546875 0.4779546875 0.4223703125
2 0.5467375 0.370784375 0.5551140625 0.363590625 0.556878125 0.356646875 0.5546734375 0.353421875 0.55246875 0.3521828125 0.5440921875 0.3514390625 0.5211640625 0.351934375 0.5097 0.35391875 0.4841265625 0.3702875 0.46605 0.3794640625 0.4651671875 0.381696875 0.466490625 0.38368125 0.4872140625 0.3812 0.5176359375 0.384425 0.5321875 0.3807046875 0.5405640625 0.380953125 0.5445328125 0.3767359375 0.5467375 0.370784375
2 0.6203703125 0.4236109375 0.6208109375 0.4193953125 0.618165625 0.4154265625 0.6146390625 0.41319375 0.607584375 0.41170625 0.5806875 0.4146828125 0.5683421875 0.4139390625 0.56216875 0.41641875 0.5564375 0.415178125 0.55246875 0.415178125 0.55246875 0.4161703125 0.57186875 0.4412203125 0.5855375 0.443453125 0.5974421875 0.4407234375 0.6203703125 0.4236109375
2 0.6534390625 0.5188484375 0.651675 0.513640625 0.6305109375 0.5022328125 0.6150796875 0.5014875 0.6000875 0.502728125 0.5912703125 0.50396875 0.5877421875 0.5064484375 0.5868609375 0.509671875 0.589946875 0.5124015625 0.5961203125 0.514384375 0.6349203125 0.5329859375 0.64594375 0.533978125 0.6547625 0.5290171875 0.6574078125 0.5213296875 0.6534390625 0.5188484375
2 0.6741625 0.498015625 0.669753125 0.5009921875 0.669753125 0.5024796875 0.673721875 0.5049609375 0.680334375 0.5062 0.689153125 0.5057046875 0.692240625 0.502728125 0.6909171875 0.5002484375 0.6851859375 0.4975203125 0.6741625 0.498015625
2 0.9316578125 0.487103125 0.929453125 0.4890875 0.930334375 0.49131875 0.9360671875 0.49454375 0.943121875 0.495784375 0.947090625 0.49454375 0.951940625 0.4900796875 0.947971875 0.4861109375 0.9409171875 0.48511875 0.9316578125 0.487103125
2 0.4735453125 0.4432046875 0.462521875 0.4384921875 0.4497359375 0.438740625 0.447090625 0.439484375 0.4466484375 0.4407234375 0.447090625 0.4446921875 0.4581125 0.4486609375 0.46693125 0.4501484375 0.4739859375 0.4501484375 0.4779546875 0.449653125 0.4797171875 0.4481640625 0.480159375 0.447171875 0.4735453125 0.4432046875
2 0.5674609375 0.363590625 0.5643734375 0.3618546875 0.55731875 0.3645828125 0.56040625 0.36805625 0.5679015625 0.365328125 0.5674609375 0.363590625
2 0.372134375 0.369046875 0.376984375 0.370784375 0.3884484375 0.3700390625 0.396384375 0.3650796875 0.3928578125 0.3638390625 0.3853609375 0.3640875 0.373015625 0.3685515625 0.372134375 0.369046875
2 0.4179890625 0.353421875 0.4166671875 0.3571421875 0.419753125 0.35863125 0.4316578125 0.356646875 0.4360671875 0.3549109375 0.4400359375 0.3420140625 0.439153125 0.33978125 0.42989375 0.34375 0.4179890625 0.353421875
2 0.466490625 0.3120046875 0.462521875 0.311259375 0.4532625 0.314484375 0.4514984375 0.316715625 0.447090625 0.318453125 0.4506171875 0.319196875 0.4545859375 0.323909375 0.4589953125 0.3251484375 0.46605 0.322171875 0.4686953125 0.3142359375 0.466490625 0.3120046875
2 0.8844796875 0.5615078125 0.8791890625 0.5610125 0.8712515625 0.554315625 0.8646390625 0.551090625 0.857584375 0.5500984375 0.8505296875 0.5518359375 0.8403875 0.5515875 0.8355375 0.5525796875 0.8271609375 0.5610125 0.824515625 0.5657234375 0.8240734375 0.5682046875 0.8280421875 0.572171875 0.84435625 0.5749015625 0.8849203125 0.5736609375 0.89109375 0.5724203125 0.891975 0.571428125 0.891975 0.564484375 0.8844796875 0.5615078125
2 0.8999125 0.560515625 0.8941796875 0.555803125 0.887565625 0.546875 0.8840390625 0.540921875 0.8835984375 0.5369546875 0.876984375 0.5317453125 0.8611109375 0.524553125 0.857584375 0.524553125 0.8597890625 0.53050625 0.853175 0.533978125 0.852734375 0.535465625 0.8522921875 0.540921875 0.8571421875 0.54613125 0.87169375 0.5520828125 0.8840390625 0.56175625 0.8932984375 0.5657234375 0.8977078125 0.5654765625 0.8999125 0.5642359375 0.8999125 0.560515625
0 0.51058125 0.4838796875 0.5220453125 0.4900796875 0.5251328125 0.490575 0.5313046875 0.4947921875 0.533509375 0.498015625 0.5445328125 0.5 0.5542328125 0.505953125 0.5661375 0.5084328125 0.5758375 0.5133921875 0.5780421875 0.51165625 0.5824515625 0.51165625 0.589946875 0.514384375 0.593915625 0.517609375 0.5974421875 0.52728125 0.6009703125 0.529265625 0.6106703125 0.53125 0.618165625 0.53819375 0.626984375 0.543403125 0.6384484375 0.5458828125 0.642415625 0.5505953125 0.655203125 0.5577875 0.6569671875 0.5602671875 0.665784375 0.563740625 0.6768078125 0.5734125 0.6909171875 0.5783734375 0.697090625 0.58209375 0.7081125 0.58506875 0.716490625 0.5853171875 0.7204578125 0.5838296875 0.725309375 0.58358125 0.74426875 0.5853171875 0.755290625 0.5892859375 0.76366875 0.589534375 0.7667546875 0.5880453125 0.7843921875 0.5890375 0.798059375 0.586309375 0.810846875 0.5873015625 0.8130515625 0.586309375 0.8258375 0.586309375 0.831128125 0.584821875 0.8412703125 0.584325 0.8452375 0.5763890625 0.872575 0.5766375 0.8756609375 0.5751484375 0.8884484375 0.574653125 0.892415625 0.572171875 0.896825 0.5731640625 0.910934375 0.571428125 0.9276890625 0.573909375 0.9316578125 0.5758921875 0.9506171875 0.5786203125 0.958553125 0.5811015625 0.962521875 0.584325 0.96693125 0.58358125 0.9704578125 0.58506875 0.9806 0.5860609375 0.986771875 0.5900296875 0.99426875 0.5912703125 0.9984375 0.589534375 0.9984375 0.5404265625 0.9969140625 0.5359625 0.9977953125 0.532490625 0.995590625 0.525296875 0.9964734375 0.5186015625 0.9984375 0.515625 0.9984375 0.5002484375 0.9973546875 0.5 0.9964734375 0.4908234375 0.9964734375 0.4734625 0.9984375 0.470734375 0.9984375 0.462053125 0.9973546875 0.4603171875 0.99603125 0.4481640625 0.9984375 0.43824375 0.9984375 0.42733125 0.9973546875 0.4268359375 0.99603125 0.4201390625 0.9973546875 0.4114578125 0.9984375 0.4109625 0.9984375 0.4012890625 0.99515 0.3963296875 0.9973546875 0.39136875 0.9984375 0.3911203125 0.9984375 0.386409375 0.99603125 0.383184375 0.9938265625 0.377728125 0.9889765625 0.3752484375 0.9903 0.373015625 0.966490625 0.353421875 0.929453125 0.330109375 0.92504375 0.3298609375 0.9228390625 0.3311015625 0.9179890625 0.3283734375 0.918871875 0.326140625 0.890653125 0.3139875 0.8835984375 0.3127484375 0.880953125 0.310515625 0.8461203125 0.304315625 0.826278125 0.298115625 0.8161375 0.29613125 0.8095234375 0.293403125 0.7945328125 0.290921875 0.7791 0.28993125 0.760140625 0.290675 0.7517640625 0.289434375 0.7477953125 0.290675 0.7438265625 0.28670625 0.7429453125 0.2876984375 0.7380953125 0.2876984375 0.73633125 0.2862109375 0.7345671875 0.2876984375 0.7306 0.28819375 0.7283953125 0.285465625 0.70238125 0.2807546875 0.6992953125 0.2782734375 0.68783125 0.275296875 0.666225 0.271825 0.6119921875 0.269096875 0.6014109375 0.2703375 0.5877421875 0.269840625 0.5736328125 0.27108125 0.5370375 0.28125 0.524690625 0.2829859375 0.5097 0.287946875 0.5030859375 0.290921875 0.4973546875 0.29613125 0.485890625 0.2986109375 0.4828046875 0.3018359375 0.4788359375 0.3025796875 0.4704578125 0.3087796875 0.466490625 0.3087796875 0.4550265625 0.313740625 0.4462078125 0.319196875 0.43783125 0.32738125 0.4276890625 0.334078125 0.42019375 0.342509375 0.41534375 0.345734375 0.4034390625 0.361359375 0.391975 0.3645828125 0.38624375 0.3650796875 0.38139375 0.3673109375 0.3571421875 0.3740078125 0.3452375 0.3747515625 0.335978125 0.3767359375 0.3355375 0.3812 0.3373015625 0.384425 0.349646875 0.3963296875 0.3602296875 0.4040171875 0.4369484375 0.4422125 0.4501765625 0.4533734375 0.5017640625 0.4813984375 0.51058125 0.4838796875
2 0.130953125 0.7802578125 0.14594375 0.7814984375 0.15079375 0.779265625 0.150353125 0.775296875 0.141975 0.7713296875 0.1349203125 0.7740578125 0.1305109375 0.7782734375 0.130953125 0.7802578125
2 0.2204578125 0.7088296875 0.2178125 0.712796875 0.2244265625 0.7172625 0.2328046875 0.7177578125 0.239859375 0.715278125 0.240740625 0.7088296875 0.2345671875 0.705109375 0.2283953125 0.7048609375 0.2204578125 0.7088296875
2 0.3209875 0.7633921875 0.3174609375 0.759425 0.310846875 0.7579359375 0.2967375 0.7571921875 0.272928125 0.7599203125 0.2711640625 0.759425 0.26455 0.7671125 0.264109375 0.7713296875 0.2711640625 0.7822421875 0.2813046875 0.7790171875 0.2896828125 0.7735609375 0.2998234375 0.769840625 0.3143734375 0.768353125 0.316578125 0.7653765625 0.3209875 0.7633921875
2 0.333775 0.756696875 0.3289234375 0.763640625 0.3474421875 0.764384375 0.357584375 0.7619046875 0.3602296875 0.7557046875 0.3571421875 0.7517359375 0.3452375 0.7502484375 0.3412703125 0.7514875 0.333775 0.756696875
2 0.4043203125 0.70386875 0.39594375 0.7033734375 0.3880078125 0.7048609375 0.3844796875 0.707340625 0.3844796875 0.712053125 0.3880078125 0.71800625 0.3950625 0.7192453125 0.400353125 0.71875 0.4047625 0.7162703125 0.4069671875 0.71329375 0.4082890625 0.705109375 0.4043203125 0.70386875
2 0.36860625 0.669890625 0.3562609375 0.6681546875 0.3377421875 0.6713796875 0.3324515625 0.6763390625 0.333775 0.680803125 0.3412703125 0.6870046875 0.353175 0.6872515625 0.364196875 0.6857640625 0.369046875 0.683284375 0.3738984375 0.67881875 0.3743390625 0.6743546875 0.36860625 0.669890625
2 0.4078484375 0.643353125 0.3999125 0.642609375 0.3884484375 0.6443453125 0.3840390625 0.64608125 0.382275 0.6483140625 0.381834375 0.655009375 0.3880078125 0.6599703125 0.390653125 0.6607140625 0.415784375 0.659721875 0.4215171875 0.658234375 0.42504375 0.655009375 0.4223984375 0.6498015625 0.4078484375 0.643353125
2 0.373015625 0.6356640625 0.3650796875 0.6312 0.35405625 0.631696875 0.3421515625 0.634425 0.338625 0.63988125 0.339065625 0.6463296875 0.3417109375 0.648065625 0.3452375 0.648065625 0.349646875 0.649553125 0.3664015625 0.6483140625 0.37345625 0.6463296875 0.3747796875 0.6416171875 0.373015625 0.6356640625
2 0.3412703125 0.6063984375 0.33465625 0.60540625 0.325396875 0.6063984375 0.3236328125 0.6071421875 0.324515625 0.611359375 0.3306875 0.613590625 0.3377421875 0.6145828125 0.3425921875 0.61334375 0.3452375 0.611359375 0.343475 0.6076390625 0.3412703125 0.6063984375
2 0.2597 0.626984375 0.2658734375 0.62896875 0.2751328125 0.629215625 0.2795421875 0.626984375 0.27821875 0.6247515625 0.2711640625 0.622271875 0.2597 0.6227671875 0.2597 0.626984375
2 0.362875 0.72495 0.372575 0.7251984375 0.3756609375 0.722221875 0.3756609375 0.71800625 0.3743390625 0.716765625 0.369046875 0.716021875 0.362875 0.7204859375 0.362875 0.72495
2 0.41534375 0.7358625 0.4228390625 0.7375984375 0.4307765625 0.7361109375 0.43298125 0.732390625 0.423721875 0.728175 0.416225 0.7294140625 0.414021875 0.7313984375 0.41534375 0.7358625
2 0.396384375 0.5873015625 0.39594375 0.591765625 0.3999125 0.59375 0.4047625 0.5942453125 0.415784375 0.591765625 0.415784375 0.587796875 0.4082890625 0.584078125 0.402115625 0.584325 0.396384375 0.5873015625
2 0.4228390625 0.5828375 0.423721875 0.5858140625 0.4276890625 0.5880453125 0.4338625 0.5887890625 0.443121875 0.587796875 0.4457671875 0.5838296875 0.443121875 0.5771328125 0.4312171875 0.578125 0.4228390625 0.5828375
2 0.491621875 0.6205359375 0.49426875 0.623015625 0.500440625 0.6225203125 0.5017640625 0.6205359375 0.500440625 0.6178078125 0.49426875 0.6173109375 0.491621875 0.6185515625 0.491621875 0.6205359375
2 0.5 0.6646828125 0.4982359375 0.665675 0.4982359375 0.669890625 0.500440625 0.67113125 0.50573125 0.671875 0.51058125 0.669890625 0.5114640625 0.665921875 0.50485 0.664434375 0.5 0.6646828125
2 0.41049375 0.6736109375 0.4118171875 0.6770828125 0.415784375 0.6768359375 0.418871875 0.6736109375 0.4179890625 0.67261875 0.41534375 0.6716265625 0.4118171875 0.6728671875 0.41049375 0.6736109375
2 0.2200171875 0.686259375 0.2279546875 0.6892359375 0.2328046875 0.6892359375 0.2380953125 0.685515625 0.2323640625 0.6830359375 0.2231046875 0.6827875 0.2200171875 0.684028125 0.2200171875 0.686259375
2 0.123015625 0.67733125 0.1194890625 0.6763390625 0.0917109375 0.67584375 0.0881828125 0.6768359375 0.088625 0.681546875 0.0917109375 0.683284375 0.0961203125 0.68353125 0.1005296875 0.689484375 0.1071421875 0.690971875 0.12169375 0.6842765625 0.1243390625 0.681546875 0.123015625 0.67733125
2 0.146384375 0.697171875 0.150353125 0.693453125 0.1499125 0.6907234375 0.14594375 0.6892359375 0.136684375 0.6932046875 0.13624375 0.697171875 0.146384375 0.697171875
2 0.0912703125 0.6478171875 0.08465625 0.650296875 0.0824515625 0.65228125 0.083775 0.658234375 0.0877421875 0.6594734375 0.0952375 0.6594734375 0.099646875 0.6584828125 0.1018515625 0.6567453125 0.10405625 0.650296875 0.1005296875 0.648809375 0.0912703125 0.6478171875
2 0.0873015625 0.6994046875 0.089946875 0.6999015625 0.094796875 0.699653125 0.098765625 0.697171875 0.0917109375 0.6951890625 0.0877421875 0.6951890625 0.085096875 0.6966765625 0.0873015625 0.6994046875
2 0.0639328125 0.619046875 0.0679015625 0.620784375 0.0758375 0.6212796875 0.0776015625 0.61954375 0.0758375 0.6150796875 0.0687828125 0.6158234375 0.06525625 0.6178078125 0.0639328125 0.619046875
2 0.140653125 0.6267359375 0.1432984375 0.6297125 0.1499125 0.6294640625 0.152115625 0.627728125 0.1525578125 0.62574375 0.150353125 0.6235125 0.141975 0.6252484375 0.140653125 0.6267359375
2 0.061728125 0.60540625 0.0612875 0.6076390625 0.0639328125 0.6096234375 0.0683421875 0.6098703125 0.0727515625 0.6076390625 0.0723109375 0.6056546875 0.0679015625 0.603421875 0.0639328125 0.603175 0.061728125 0.60540625
2 0.1194890625 0.5307546875 0.1146390625 0.5344734375 0.114196875 0.53745 0.117725 0.54141875 0.12654375 0.5424109375 0.1300703125 0.540921875 0.131834375 0.5369546875 0.12654375 0.5310015625 0.12345625 0.5302578125 0.1194890625 0.5307546875
2 0.3470015625 0.540675 0.343475 0.543403125 0.3430328125 0.544890625 0.347884375 0.5486109375 0.3646390625 0.5525796875 0.3708109375 0.5515875 0.3787484375 0.5451390625 0.376984375 0.540921875 0.363315625 0.539434375 0.3470015625 0.540675
2 0.4263671875 0.53125 0.4259265625 0.5369546875 0.428571875 0.5384421875 0.4351859375 0.539434375 0.442240625 0.53670625 0.44268125 0.5329859375 0.4365078125 0.5295140625 0.4316578125 0.5290171875 0.4263671875 0.53125
2 0.518959375 0.551090625 0.5167546875 0.55233125 0.518078125 0.5575390625 0.5216046875 0.558284375 0.53306875 0.5563 0.5348328125 0.5525796875 0.532628125 0.55084375 0.524690625 0.5498515625 0.518959375 0.551090625
2 0.5304234375 0.569940625 0.5299828125 0.572171875 0.53306875 0.5736609375 0.5370375 0.5736609375 0.5401234375 0.571925 0.5405640625 0.5682046875 0.537478125 0.5672125 0.533509375 0.5674609375 0.5304234375 0.569940625
2 0.56216875 0.59449375 0.561728125 0.5959828125 0.5643734375 0.5987109375 0.57186875 0.59771875 0.5740734375 0.595734375 0.5723109375 0.5932546875 0.569665625 0.592509375 0.5643734375 0.5927578125 0.56216875 0.59449375
2 0.598765625 0.61011875 0.59920625 0.6125984375 0.6022921875 0.613590625 0.607584375 0.6138390625 0.6097890625 0.6125984375 0.6102296875 0.610615625 0.6071421875 0.6078875 0.603175 0.608134375 0.598765625 0.61011875
2 0.61684375 0.591765625 0.61860625 0.5927578125 0.622575 0.59300625 0.627425 0.5915171875 0.62654375 0.5853171875 0.622575 0.584821875 0.61684375 0.5873015625 0.61684375 0.591765625
2 0.61860625 0.6098703125 0.6146390625 0.6123515625 0.6150796875 0.621528125 0.6247796875 0.62425625 0.627425 0.626984375 0.6335984375 0.626984375 0.63139375 0.615575 0.63315625 0.6111109375 0.623015625 0.6088796875 0.61860625 0.6098703125
2 0.3015875 0.508184375 0.2989421875 0.509671875 0.3033515625 0.5138890625 0.3099640625 0.516865625 0.321428125 0.5161203125 0.3289234375 0.5133921875 0.32980625 0.5091765625 0.326278125 0.507440625 0.3015875 0.508184375
2 0.392415625 0.509671875 0.3884484375 0.50868125 0.3791890625 0.509425 0.380953125 0.5111609375 0.3880078125 0.5133921875 0.392415625 0.509671875
2 0.352734375 0.4737109375 0.3509703125 0.4751984375 0.349646875 0.478421875 0.353175 0.482390625 0.3615515625 0.483134375 0.3650796875 0.4821421875 0.36684375 0.478421875 0.36375625 0.4744546875 0.3571421875 0.472965625 0.352734375 0.4737109375
2 0.3258375 0.4828875 0.334215625 0.4838796875 0.3377421875 0.482390625 0.3368609375 0.478421875 0.33465625 0.476934375 0.329365625 0.4766859375 0.3258375 0.478421875 0.3258375 0.4828875
2 0.2905640625 0.4737109375 0.28791875 0.4764390625 0.287478125 0.482390625 0.2892421875 0.4841265625 0.293209375 0.48511875 0.3033515625 0.48511875 0.305996875 0.482390625 0.3033515625 0.475446875 0.2940921875 0.4732140625 0.2905640625 0.4737109375
0 0.0295421875 0.726190625 0.0308640625 0.728175 0.028659375 0.7482640625 0.03306875 0.7517359375 0.03791875 0.752728125 0.0410046875 0.756696875 0.0454140625 0.77256875 0.0493828125 0.779265625 0.0634921875 0.7864578125 0.0564375 0.8102671875 0.0507046875 0.821925 0.0493828125 0.8298609375 0.0436515625 0.83829375 0.043209375 0.8459828125 0.0485015625 0.8494546875 0.05246875 0.847221875 0.055996875 0.847221875 0.069665625 0.8400296875 0.364196875 0.767609375 0.377425 0.7673609375 0.386684375 0.7626484375 0.4069671875 0.755953125 0.4126984375 0.7564484375 0.4184296875 0.75545625 0.4307765625 0.7485125 0.453703125 0.7390875 0.46605 0.738590625 0.50485 0.7189984375 0.513228125 0.7177578125 0.5357140625 0.70386875 0.5489421875 0.7006453125 0.5537921875 0.6979171875 0.5736328125 0.68055625 0.5877421875 0.6736109375 0.6053796875 0.654265625 0.6199296875 0.64930625 0.6247796875 0.639384375 0.6252203125 0.6307046875 0.626984375 0.62896875 0.632715625 0.626984375 0.632275 0.612846875 0.635803125 0.6076390625 0.635803125 0.6029265625 0.632275 0.582340625 0.635803125 0.5758921875 0.631834375 0.5672125 0.618165625 0.5525796875 0.6159609375 0.545634375 0.60890625 0.5384421875 0.57980625 0.5153765625 0.5515875 0.50868125 0.51366875 0.4895828125 0.4969140625 0.486359375 0.49426875 0.482390625 0.486771875 0.47891875 0.4748671875 0.476190625 0.420634375 0.476190625 0.392415625 0.4737109375 0.380953125 0.4717265625 0.373015625 0.4732140625 0.3320109375 0.4732140625 0.326278125 0.4712296875 0.321428125 0.471478125 0.3174609375 0.4704859375 0.3095234375 0.4724703125 0.2936515625 0.4724703125 0.25 0.4796625 0.2403 0.4799109375 0.2204578125 0.4846234375 0.212521875 0.4875984375 0.1807765625 0.494046875 0.170634375 0.5 0.1388890625 0.509671875 0.132275 0.513640625 0.12830625 0.5228171875 0.122575 0.5287703125 0.0687828125 0.5486109375 0.0639328125 0.55233125 0.0595234375 0.559028125 0.0410046875 0.572171875 0.0061734375 0.622271875 0.0035265625 0.6282234375 0.0035265625 0.6741078125 0.0070546875 0.6810515625 0.0158734375 0.684771875 0.018078125 0.689484375 0.0158734375 0.696428125 0.0176359375 0.7170140625 0.0216046875 0.72271875 0.0295421875 0.726190625
2 0.352734375 0.384425 0.3611109375 0.3856640625 0.3805109375 0.3849203125 0.3844796875 0.38194375 0.3840390625 0.38045625 0.377425 0.3797125 0.3522921875 0.38045625 0.352734375 0.384425
2 0.3597890625 0.388640625 0.3646390625 0.3891375 0.3743390625 0.392609375 0.3849203125 0.393353125 0.387125 0.3923609375 0.3805109375 0.386409375 0.3611109375 0.3876484375 0.3597890625 0.388640625
0 0.915625 0.6859375 0.928125 0.68125 0.9671875 0.6859375 0.9984375 0.7015625 0.9984375 0.6390625 0.896875 0.584375 0.8625 0.58125 0.7765625 0.596875 0.76875 0.6109375 0.778125 0.621875 0.8328125 0.659375 0.915625 0.6859375
0 0.8578125 0.2984375 0.95 0.334375 0.9984375 0.3703125 0.9984375 0.175 0.984375 0.16875 0.9375 0.1671875 0.9015625 0.171875 0.8640625 0.1859375 0.8296875 0.184375 0.825 0.1890625 0.8296875 0.209375 0.821875 0.2421875 0.8296875 0.2640625 0.8578125 0.2984375
0 0.4078125 0.3375 0.4171875 0.3375 0.434375 0.3171875 0.4609375 0.30625 0.4947921875 0.2955734375 0.5286453125 0.2825515625 0.5716140625 0.2682296875 0.5807296875 0.1796875 0.5481765625 0.1380203125 0.5065109375 0.0859375 0.459375 0.0734375 0.4046875 0.0359375 0.3390625 0.0296875 0.3359375 0.04375 0.3734375 0.0875 0.3625 0.11875 0.215625 0.1578125 0.10625 0.196875 0.09375 0.2078125 0.0890625 0.215625 0.1203125 0.240625 0.196875 0.278125 0.4078125 0.3375
0 0.1296875 0.184375 0.3109375 0.125 0.3703125 0.1140625 0.3890625 0.1078125 0.3890625 0.1 0.3203125 0.03125 0.290625 0.0171875 0.2078125 0.0125 0.14375 0.0234375 0.090625 0.04375 0.046875 0.0765625 0.0171875 0.1171875 0.009375 0.134375 0.009375 0.1734375 0.075 0.1625 0.1296875 0.184375
2 0.546875 0.1546875 0.5375 0.15 0.5203125 0.15625 0.51875 0.1640625 0.53125 0.171875 0.546875 0.1609375 0.546875 0.1546875
2 0.3921875 0.1296875 0.3875 0.1421875 0.4078125 0.146875 0.40625 0.134375 0.3921875 0.1296875
2 0.315625 0.2875 0.2875 0.2875 0.2859375 0.2953125 0.29375 0.30625 0.33125 0.296875 0.315625 0.2875
2 0.440625 0.3125 0.41875 0.30625 0.4140625 0.3109375 0.41875 0.3203125 0.4390625 0.321875 0.440625 0.3125
2 0.4796875 0.2859375 0.4671875 0.2953125 0.4796875 0.2984375 0.4953125 0.290625 0.4796875 0.2859375
2 0.5015625 0.1921875 0.4984375 0.2 0.509375 0.2046875 0.5109375 0.19375 0.5015625 0.1921875
2 0.5140625 0.1125 0.5125 0.1234375 0.528125 0.1234375 0.528125 0.1140625 0.5140625 0.1125
2 0.271875 0.203125 0.2703125 0.2125 0.2875 0.2125 0.284375 0.2015625 0.271875 0.203125
2 0.35 0.196875 0.35 0.209375 0.3609375 0.2125 0.3640625 0.203125 0.35 0.196875
2 0.240625 0.05 0.2265625 0.053125 0.225 0.0609375 0.2359375 0.065625 0.2453125 0.05625 0.240625 0.05
2 0.1140625 0.0953125 0.1078125 0.1046875 0.1171875 0.1109375 0.1203125 0.103125 0.1140625 0.0953125
2 0.184375 0.03125 0.18125 0.0390625 0.1921875 0.046875 0.196875 0.034375 0.184375 0.03125
2 0.3734375 0.0328125 0.3703125 0.0453125 0.38125 0.0484375 0.3859375 0.0359375 0.3734375 0.0328125
2 0.340625 0.146875 0.3421875 0.15625 0.359375 0.1515625 0.35625 0.14375 0.340625 0.146875
2 0.4078125 0.2921875 0.3953125 0.2921875 0.3890625 0.2984375 0.3921875 0.303125 0.4109375 0.3046875 0.4078125 0.2921875
2 0.0671875 0.18125 0.0609375 0.190625 0.0703125 0.1921875 0.084375 0.184375 0.0671875 0.18125
2 0.015625 0.2875 0.003125 0.284375 0 0.296875 0.0046875 0.303125 0.025 0.303125 0.015625 0.2875
2 0.3296875 0.43125 0.321875 0.4234375 0.29375 0.425 0.2921875 0.4328125 0.3015625 0.4390625 0.321875 0.4390625 0.3296875 0.43125
2 0.3453125 0.2375 0.3453125 0.2484375 0.371875 0.2453125 0.3703125 0.2390625 0.3453125 0.2375
2 0.1578125 0.2390625 0.1375 0.2375 0.1359375 0.246875 0.153125 0.25625 0.165625 0.2484375 0.1578125 0.2390625
2 0.328125 0.246875 0.3375 0.246875 0.3296875 0.2390625 0.328125 0.246875
2 0.121875 0.225 0.1046875 0.221875 0.1015625 0.225 0.11875 0.2390625 0.1296875 0.234375 0.121875 0.225
2 0.2734375 0.278125 0.2890625 0.2734375 0.2734375 0.26875 0.2734375 0.278125
2 0.9625 0.275 0.95 0.2625 0.934375 0.2609375 0.925 0.2703125 0.9296875 0.2796875 0.9546875 0.28125 0.9625 0.275
2 0.84375 0.2234375 0.8328125 0.2203125 0.825 0.2234375 0.8265625 0.24375 0.8328125 0.2484375 0.84375 0.2234375
2 0.846875 0.2109375 0.8421875 0.215625 0.8515625 0.2203125 0.8734375 0.2078125 0.846875 0.2109375
2 0.85 0.1921875 0.853125 0.2078125 0.8671875 0.203125 0.8640625 0.190625 0.85 0.1921875
2 0.7671875 0.59375 0.7625 0.6015625 0.7734375 0.6046875 0.778125 0.5984375 0.7671875 0.59375