2 0.3633960146484375 0.41959206640625 0.3690074560546875 0.4319401689453125 0.373120521484375 0.4330819951171875 0.3763984833984375 0.42027349609375 0.3716339140625 0.4116795478515625 0.366384828125 0.412330724609375 0.3633960146484375 0.41959206640625
2 0.22281440234375 0.604154716796875 0.2270108798828125 0.6136467275390625 0.2373168876953125 0.6160409453125 0.240172236328125 0.601354630859375 0.2311626962890625 0.58419396484375 0.226058923828125 0.5820723837890625 0.223832091796875 0.5847360537109375 0.2218840380859375 0.592051939453125 0.22281440234375 0.604154716796875
2 0.3048714599609375 0.7799855341796875 0.3064183271484375 0.7902665185546875 0.3103859970703125 0.794182662109375 0.3134701533203125 0.7850722138671875 0.3118747109375 0.7757180830078125 0.3077617275390625 0.7745746962890625 0.3048714599609375 0.7799855341796875
2 0.216505046875 0.6946892099609375 0.2171581103515625 0.7021414140625 0.2205077177734375 0.7078792705078125 0.2259522529296875 0.7035285654296874 0.223413037109375 0.6922693056640625 0.220908822265625 0.6902839609375 0.216505046875 0.6946892099609375
2 0.2566263349609375 0.7153360419921875 0.2509045 0.715036173828125 0.2507456943359375 0.7280081396484375 0.2570840322265625 0.72648621484375 0.2566263349609375 0.7153360419921875
2 0.1747997275390625 0.54507961328125 0.1806169052734375 0.543530375 0.1863037392578125 0.5345563271484375 0.1856022646484375 0.52802785546875 0.1791804326171875 0.52120115625 0.1766762177734375 0.5192158125 0.171281736328125 0.522641306640625 0.1682444306640625 0.53082794140625 0.1747997275390625 0.54507961328125
2 0.2718774169921875 0.5835457958984375 0.27413933203125 0.590154482421875 0.2789658037109375 0.5876254892578125 0.2799215087890625 0.5793313271484375 0.2781322607421875 0.5736752470703125 0.2727847109375 0.5761753662109375 0.2718774169921875 0.5835457958984375
2 0.40801741015625 0.65698395703125 0.408965263671875 0.63889783984375 0.3988853466796875 0.6383695732421875 0.397937494140625 0.6564556904296875 0.40801741015625 0.65698395703125
0 0.17762609375 0.44138073046875 0.175435740234375 0.4533199580078125 0.1721696279296875 0.4559307255859375 0.1723500244140625 0.4624303251953125 0.166748244140625 0.479753078125 0.1700509189453125 0.48641630859375 0.16663941015625 0.4918013935546875 0.172092044921875 0.517121462890625 0.16733713671875 0.5381983701171875 0.162981853515625 0.5416783271484376 0.1548758583984375 0.557015736328125 0.1549609130859375 0.56536444140625 0.148680646484375 0.595633490234375 0.1482795419921875 0.6132287998046875 0.143718521484375 0.6306060966796875 0.147430400390625 0.6493447919921875 0.1464730537109375 0.6576404326171875 0.1430616259765625 0.6630239580078126 0.144561642578125 0.674228755859375 0.1672035634765625 0.6800514091796875 0.183592119140625 0.6957462548828125 0.205165751953125 0.761779890625 0.2321122744140625 0.804916466796875 0.23517108984375 0.8162029580078125 0.2560834755859375 0.8451151767578124 0.270535990234375 0.8579250556640625 0.2735962841796875 0.8692131884765625 0.29404793359375 0.8869735107421876 0.307377673828125 0.8913818642578125 0.31620681640625 0.902042931640625 0.360342625 0.9256820927734375 0.4098998984375 0.925497341796875 0.414932107421875 0.9090710078125 0.4222627119140625 0.9085289189453125 0.426013423828125 0.8966714658203125 0.432919853515625 0.8942514794921875 0.43534057421875 0.88788819921875 0.44054125 0.8881607548828125 0.450956009765625 0.8785082177734375 0.4561582451171875 0.87878085546875 0.456400544921875 0.874157513671875 0.459715150390625 0.870621453125 0.4881758095703125 0.8748949501953125 0.502232529296875 0.8654317158203125 0.5031397412109375 0.8580628466796875 0.513277283203125 0.84375817578125 0.515211845703125 0.8466414990234375 0.520135220703125 0.8422634814453125 0.526888154296875 0.8129470380859375 0.539177216796875 0.817299287109375 0.5419705810546875 0.813737474609375 0.548212015625 0.81406457421875 0.5567891171875 0.7996796884765625 0.56060173046875 0.7766992939453125 0.562778591796875 0.7749592744140625 0.5638931845703125 0.7536915859375 0.5671108046875 0.752006111328125 0.5718053720703125 0.7420522265625 0.571006912109375 0.7373743408203125 0.6603584169921874 0.4555534736328125 0.6658013916015625 0.4512026865234375 0.6700731806640625 0.4393741064453125 0.6617502275390625 0.4389379189453125 0.6454139140625 0.38244927734375 0.654559107421875 0.367166330078125 0.6639347509765625 0.3574577705078125 0.6703118388671875 0.3253412568359375 0.6650880927734375 0.3055954931640625 0.6526671259765625 0.2938183525390625 0.645640640625 0.2786157177734375 0.6445768115234375 0.259087966796875 0.636414224609375 0.24567989453125 0.6213921396484375 0.2337664345703125 0.549799869140625 0.1966343212890625 0.50763354296875 0.1851539609375 0.49479783203125 0.187261642578125 0.4577020654296875 0.1825371630859375 0.4527787724609375 0.1869136201171875 0.4244984287109375 0.1891412822265625 0.406281875 0.1983849443359375 0.3784727197265625 0.2015635693359375 0.3620286123046875 0.2118279560546875 0.3453055625 0.2174432470703125 0.3184268525390625 0.23272308984375 0.31298387890625 0.2370738759765625 0.3121719267578125 0.24259519921875 0.3088574033203125 0.24612969921875 0.2878943359375 0.2580113603515625 0.2753026328125 0.2694054765625 0.2675223486328125 0.2884697275390625 0.2361310302734375 0.320203134765625 0.1841717294921875 0.4259615458984375 0.183165970703125 0.43518091796875 0.17762609375 0.44138073046875
2 0.466140919921875 0.68830007421875 0.463975908203125 0.6798423623046875 0.4609036015625 0.678755080078125 0.4586298369140625 0.6823441240234375 0.4582421416015625 0.6897417841796875 0.4601282939453125 0.6935488408203125 0.4649062724609375 0.691945140625 0.466140919921875 0.68830007421875
2 0.4686240634765625 0.7802231962890624 0.4714539892578125 0.7859353818359375 0.47878467578125 0.785391732421875 0.4816280927734375 0.780904708984375 0.4820641982421875 0.77258331640625 0.4806492353515625 0.7697272236328125 0.4711901806640625 0.7710855986328125 0.4689632666015625 0.7737508291015625 0.4686240634765625 0.7802231962890624
2 0.30053560546875 0.6935291904296875 0.2953833408203125 0.69233290234375 0.29588953125 0.7025577822265625 0.3021793759765625 0.7019611494140625 0.3028944248046875 0.6982888515625 0.30053560546875 0.6935291904296875
2 0.31646271484375 0.7379423671875 0.31607501953125 0.74534002734375 0.319473037109375 0.7501541513671875 0.3233556533203125 0.74572158984375 0.32176029296875 0.7363658984375 0.3176473095703125 0.73522251171875 0.31646271484375 0.7379423671875
2 0.419224001953125 0.2101893984375 0.413405181640625 0.2117401142578125 0.4143840390625 0.222917599609375 0.4189682109375 0.2250119501953125 0.4223312275390625 0.2205521572265625 0.419224001953125 0.2101893984375
2 0.5441882392578125 0.333565791015625 0.5416355322265625 0.332505740234375 0.53822410546875 0.337889265625 0.54142831640625 0.346401439453125 0.5453124921875 0.341968958984375 0.5441882392578125 0.333565791015625
2 0.4931672138671875 0.6303773271484375 0.48910272265625 0.6283086484375 0.487251572265625 0.6337755087890625 0.4912192421875 0.63769165234375 0.4931672138671875 0.6303773271484375
2 0.41708756640625 0.7385798515625 0.41505601953125 0.73754711328125 0.4127322021484375 0.7420613681640625 0.414426107421875 0.7495665556640625 0.4192040859375 0.74796285546875 0.41708756640625 0.7385798515625
2 0.495838630859375 0.35050389453125 0.4907349404296875 0.3483807529296875 0.4899245498046875 0.3539021572265625 0.4938906591796875 0.35781821875 0.495838630859375 0.35050389453125
2 0.164497658203125 0.3535373173828125 0.1585955078125 0.3467362890625 0.145639888671875 0.345131044921875 0.14052270703125 0.3532071123046875 0.1466553076171875 0.3655825283203125 0.16065004296875 0.367243794921875 0.164158455078125 0.3600096845703125 0.164497658203125 0.3535373173828125
2 0.06166105859375 0.902610876953125 0.055623091796875 0.9282565830078126 0.0598077197265625 0.9479463232421875 0.0623103740234375 0.9499315859375 0.0691698720703125 0.94843697265625 0.0815811787109375 0.9305432578125 0.0793811650390625 0.9128116298828125 0.0696566591796875 0.899321701171875 0.0644559833984375 0.8990491455078125 0.06166105859375 0.902610876953125
0 1 0.4550607724609375 0.9988846806640626 0.4547507197265625 0.99520936328125 0.445286021484375 0.9945212158203125 0.4285614619140625 0.9979811357421875 0.4222526435546875 0.9859344541015626 0.4132754912109375 0.975386146484375 0.415504615234375 0.9732346259765625 0.3968476953125 0.9565902802734375 0.3959754013671875 0.945923478515625 0.380581986328125 0.9195681181640625 0.3560205546875 0.9200042236328125 0.347699162109375 0.9159047314453125 0.33635656640625 0.90933750390625 0.332304185546875 0.907185982421875 0.313647265625 0.8675799423828126 0.2234883857421875 0.8599719560546875 0.2193814609375 0.8607338544921875 0.214785349609375 0.8580977353515625 0.2053751142578125 0.845143759765625 0.203768390625 0.8422168486328125 0.199906791015625 0.830288580078125 0.2085537392578125 0.8255956552734375 0.21850614453125 0.82190528515625 0.2192405751953125 0.805853662109375 0.2369435087890625 0.737178453125 0.3232817119140625 0.7308751162109375 0.3340775537109375 0.7254536513671875 0.357901466796875 0.703424484375 0.3901255234375 0.6995768701171875 0.4038320009765625 0.684370638671875 0.425287447265625 0.668728220703125 0.4550658466796875 0.661554232421875 0.4825045556640625 0.635192771484375 0.5376833369140624 0.62502841015625 0.5723833056640625 0.611987109375 0.6022980234375 0.6114541005859375 0.61246844140625 0.60617803125 0.6335180361328125 0.598967400390625 0.651684306640625 0.5965348310546875 0.6682453173828125 0.5711268857421875 0.7549985224609375 0.56968658203125 0.7725393701171875 0.5634667392578125 0.7916838349609375 0.5604659951171875 0.8091444677734375 0.5594230478515625 0.848958509765625 0.5626988212890625 0.8760185986328125 0.5570835498046876 0.903540560546875 0.5571067021484375 0.92301220703125 0.5531486923828125 0.948766919921875 0.558517833984375 0.965738365234375 0.5571125322265625 0.9925531279296875 0.56144794140625 1 0.9369788203125 1 0.9503617431640625 0.9825642626953125 0.953398966796875 0.9743791884765625 0.97770198046875 0.93856452734375 1 0.513092962890625 1 0.4550607724609375
0 0.5058988876953125 0.098832375 0.5683422158203125 0.1911159404296875 0.5844050595703125 0.2030839443359375 0.6001055498046876 0.20205266796875 0.6066726953125 0.206106609375 0.6322080859375 0.2065170283203125 0.638823724609375 0.2096456767578125 0.6791642412109375 0.206195958984375 0.69307400390625 0.1995069599609375 0.719793908203125 0.197199083984375 0.7418462265625 0.184446673828125 0.752865640625 0.1831700732421875 0.79470836328125 0.15105656640625 0.799437849609375 0.1503781591796875 0.8480535380859375 0.1084196923828125 0.852228423828125 0.0984401376953125 0.858190998046875 0.09411658203125 0.8594390546875 0.0802738662109375 0.8582917314453125 0.0523974921875 0.853442189453125 0.03545327734375 0.8542056484375 0.0308572470703125 0.84849722265625 0.02035973046875 0.842920783203125 0.0172855439453125 0.79246970703125 0.0146415146484375 0.790763953125 0.0173340576171875 0.7862282724609375 0.0143144150390625 0.5396916064453126 0.0013939755859375 0.5369450927734375 0.004031974609375 0.5225276611328125 0.0004944521484375 0.5168893203125 0.00854320703125 0.51038990625 0.0629072451171875 0.5062999921875 0.08123706640625 0.5058988876953125 0.098832375
0 0.027082361328125 0 0.014844982421875 0.2335030986328125 0.0226817763671875 0.2431858896484375 0.033931640625 0.2474836767578125 0.045590708984375 0.2638569296875 0.0558466640625 0.2671763583984375 0.066831076171875 0.256625841796875 0.0757474619140625 0.2357670283203125 0.16860344140625 0.1358601279296875 0.18059205078125 0.1160901572265625 0.1907161015625 0.1119846953125 0.192518759765625 0.107443126953125 0.19287137109375 0.0907731103515625 0.1886264833984375 0.0822048330078125 0.1851568212890625 0.05884435546875 0.180621140625 0.055824712890625 0.1807799462890625 0.04285274609375 0.1760273076171875 0.0240595068359375 0.1729523994140625 0 0.027082361328125 0
0 1 0.0292259228515625 0.9972024833984375 0.0290793115234375 0.9892068017578125 0.0323700478515625 0.9802323447265625 0.0244817373046875 0.85956512890625 0.0181578369140625 0.8540721015625 0.0234338349609375 0.8573747763671875 0.0300970654296875 0.8622325009765625 0.0767104931640625 0.8602591064453124 0.104423318359375 0.8552738291015625 0.11992427734375 0.8547892314453125 0.129170962890625 0.8577161416015625 0.1330325625 0.8706156064453126 0.21530323046875 0.88198396484375 0.2372235576171875 0.8821039384765625 0.254847740234375 0.8922996328125 0.2692886318359375 0.89955492578125 0.2900671337890625 0.9110201064453125 0.31013999609375 0.91463508203125 0.330727716796875 0.928424162109375 0.3462847646484375 0.9357763583984375 0.365214240234375 0.957499134765625 0.3886050546875 0.974566095703125 0.3913551640625 0.987167458984375 0.4096319033203125 1 0.4083589716796875 1 0.0292259228515625
0 0.2282297880859375 0 0.2281626279296875 0.0045378671875 0.2265052841796875 0.006306677734375 0.2290079384765625 0.0082919404296875 0.2346910234375 0.0391863974609375 0.23752094921875 0.04489858203125 0.24196938671875 0.07943810546875 0.2452705009765625 0.08610125390625 0.263426712890625 0.087980615234375 0.265797462890625 0.0825409853515625 0.2717131044921875 0.0791428046875 0.274484958984375 0.0561078662109375 0.2900304736328125 0.0281784912109375 0.2963203193359375 0.027581859375 0.29966992578125 0.03331971484375 0.302329115234375 0.0622031572265625 0.2999508681640625 0.1473797958984375 0.311888796875 0.1684037041015625 0.31422071484375 0.1935602236328125 0.3205455615234375 0.2022375068359375 0.3190083544921875 0.22162737890625 0.324681697265625 0.2228525400390625 0.33542225 0.2169252841796875 0.3502408681640625 0.2028659384765625 0.3510527373046875 0.19734617578125 0.357439568359375 0.1948989580078125 0.3608510771484375 0.189513873046875 0.36548366015625 0.190684490234375 0.3666079130859375 0.1990876572265625 0.3695832353515625 0.202025525390625 0.37715466015625 0.1968584521484375 0.405434921875 0.1946323505859375 0.417266287109375 0.187834427734375 0.449851861328125 0.1830520205078125 0.456384005859375 0.177832044921875 0.491607341796875 0.18245839453125 0.4985621826171875 0.17911467578125 0.528862060546875 0.188120603515625 0.5471636689453125 0.187225646484375 0.544455986328125 0.1592674970703125 0.53940070703125 0.156220623046875 0.5328454111328125 0.1419689521484375 0.5239193642578125 0.1331569091796875 0.5151522060546875 0.1113713408203125 0.5026327744140625 0.101443142578125 0.50165391796875 0.0902656572265625 0.5068949033203125 0.05994370703125 0.5044041806640625 0.047759154296875 0.4940751025390625 0.025891728515625 0.4876532705078125 0.0190650302734375 0.486854810546875 0.0143871435546875 0.48960132421875 0.01174914453125 0.4811948779296875 0.0029643330078125 0.4764168984375 0.004568033203125 0.4711388994140625 0 0.2282297880859375 0
2 0.4110212119140625 0.0780978203125 0.4076716044921875 0.0723599638671875 0.40194976953125 0.072060095703125 0.4003275087890625 0.08310126171875 0.401645568359375 0.0878063798828125 0.4073189931640625 0.08902998046875 0.4106335166015625 0.08549548046875 0.4110212119140625 0.0780978203125
2 0.357658904296875 0.0215243955078125 0.35568778125 0.00936707421875 0.3510551162109375 0.0081980166015625 0.3487328583984375 0.012712353515625 0.3477771533203125 0.021006515625 0.35055866796875 0.0276424326171875 0.354718583984375 0.0278604453125 0.357658904296875 0.0215243955078125
2 0.0828166357421875 0.031226998046875 0.073999423828125 0.0103666396484375 0.066246041015625 0.0090340322265625 0.0607896572265625 0.0235824677734375 0.060244716796875 0.0439521767578125 0.0652865048828125 0.0571982587890625 0.0732821865234375 0.0539075234375 0.0828166357421875 0.031226998046875
2 0.037968826171875 0.717784810546875 0.0403142353515625 0.73274212109375 0.0437122529296875 0.737556244140625 0.0461329736328125 0.73119296484375 0.043981453125 0.7125360439453124 0.0393972802734375 0.7104416943359375 0.037968826171875 0.717784810546875
2 0.0206342265625 0.7400549833984374 0.0121308759765625 0.733119197265625 0.0116462783203125 0.7423658828125 0.0152746640625 0.7527559541015625 0.020004232421875 0.752075986328125 0.0206342265625 0.7400549833984374
2 0.0761056884765625 0.58719395703125 0.077036052734375 0.5992967353515625 0.0819944296875 0.6041926337890625 0.08422134375 0.6015274033203125 0.0841012880859375 0.5839047822265625 0.079468705078125 0.5827341640625 0.0761056884765625 0.58719395703125
2 0.0470853349609375 0.3149317109375 0.0431058154296875 0.3212132978515625 0.0446526826171875 0.33149428125 0.0491399521484375 0.33543765625 0.053917931640625 0.3338339560546875 0.05638714453125 0.3265453837890625 0.0561567763671875 0.320969435546875 0.0509695107421875 0.31049923046875 0.0468565263671875 0.3093558447265625 0.0470853349609375 0.3149317109375
2 0.023650865234375 0.37397053125 0.0198785625 0.3663564189453125 0.0157170859375 0.3661383251953125 0.0094622412109375 0.3760088740234375 0.01157876171875 0.38539187890625 0.0187640517578125 0.387622546875 0.021605908203125 0.38313544140625 0.023650865234375 0.37397053125
2 0.144763466796875 0.0514796123046875 0.146415974609375 0.019947884765625 0.131748603515625 0.0191792001953125 0.130096095703125 0.050710927734375 0.144763466796875 0.0514796123046875
2 0.108980537109375 0 0.107816859375 0.02220429296875 0.1246484482421875 0.0230863994140625 0.1258583544921875 0 0.108980537109375 0
2 0.1646309697265625 0.0522923857421875 0.1659960380859375 0.0262453193359375 0.1526861787109375 0.0255477783203125 0.1513211103515625 0.051594845703125 0.1646309697265625 0.0522923857421875
2 0.1668844072265625 0.1224752548828125 0.1681725263671875 0.0978964853515625 0.1559190302734375 0.097254306640625 0.1546309111328125 0.121833076171875 0.1668844072265625 0.1224752548828125
2 0.21604111328125 0.1706264072265625 0.218215427734375 0.12913803125 0.1997002119140625 0.1281676904296875 0.1975258974609375 0.16965606640625 0.21604111328125 0.1706264072265625
2 0.0635071455078125 0.1227074130859375 0.064696806640625 0.1000073154296875 0.051360421875 0.099308384765625 0.050170759765625 0.122008482421875 0.0635071455078125 0.1227074130859375
2 0.0321814609375 0.2273785888671875 0.0336531640625 0.199296814453125 0.0187314541015625 0.19851480078125 0.0172597509765625 0.2265965751953125 0.0321814609375 0.2273785888671875
2 0.066451810546875 0.26057859765625 0.0680301484375 0.230462115234375 0.0517602890625 0.229609447265625 0.050181951171875 0.2597259296875 0.066451810546875 0.26057859765625
2 0.085144806640625 0.1705914013671875 0.086219166015625 0.1500914091796875 0.0746210205078125 0.149483576171875 0.0735466611328125 0.169983568359375 0.085144806640625 0.1705914013671875
2 0.0642155712890625 0.084947427734375 0.0652012041015625 0.0661404248046875 0.0537544130859375 0.0655405234375 0.0527687802734375 0.0843475263671875 0.0642155712890625 0.084947427734375
2 0.1198781708984375 0.15450278125 0.1210401923828125 0.1323300849609375 0.102899462890625 0.131379369140625 0.10173744140625 0.1535520654296875 0.1198781708984375 0.15450278125
2 0.13434423046875 0.1775930830078125 0.1361222626953125 0.143666205078125 0.1219386025390625 0.14292287109375 0.1201605703125 0.1768497490234375 0.13434423046875 0.1775930830078125
2 0.18122055859375 0.23686356640625 0.1823467626953125 0.215374306640625 0.1637784951171875 0.214401185546875 0.1626522900390625 0.2358904443359375 0.18122055859375 0.23686356640625
2 0.2139820625 0.3230666220703125 0.21527304296875 0.2984332392578125 0.1984632998046875 0.2975522783203125 0.197172318359375 0.32218566015625 0.2139820625 0.3230666220703125
2 0.2955015537109375 0.206423166015625 0.29688845703125 0.1799594833984375 0.286423130859375 0.17941101953125 0.285036228515625 0.2058747021484375 0.2955015537109375 0.206423166015625
2 0.0574380322265625 0.3679352314453125 0.058472158203125 0.348202935546875 0.0455258623046875 0.34752444921875 0.0444917373046875 0.367256744140625 0.0574380322265625 0.3679352314453125
2 0.06723780859375 0.318337953125 0.06821133984375 0.2997618828125 0.0578708427734375 0.2992199609375 0.0568973125 0.3177960302734375 0.06723780859375 0.318337953125
2 0 0.544832525390625 0.006206771484375 0.54515780859375 0.0073149853515625 0.524011828125 0 0.5236284658203125 0 0.544832525390625
2 0.1518594638671875 0.465713994140625 0.152982724609375 0.444280908203125 0.1403953115234375 0.4436212294921875 0.13927205078125 0.46505431640625 0.1518594638671875 0.465713994140625
2 0.169517794921875 0.815830482421875 0.1705102158203125 0.7968939697265625 0.160419376953125 0.7963651318359375 0.1594269560546875 0.8153016435546875 0.169517794921875 0.815830482421875
2 0.2505875751953125 0.804767560546875 0.251763662109375 0.782326482421875 0.2411438603515625 0.781769921875 0.2399677734375 0.804211 0.2505875751953125 0.804767560546875
2 0.4132328525390625 0.8212977236328125 0.414118720703125 0.8043943583984375 0.40365339453125 0.8038458935546875 0.40276752734375 0.8207492587890625 0.4132328525390625 0.8212977236328125
2 0.4548291025390625 0.9167711708984375 0.4558283095703125 0.8977051484375 0.446548857421875 0.8972188330078125 0.4455496494140625 0.91628485546875 0.4548291025390625 0.9167711708984375
2 0.5080092568359375 0.5325152958984375 0.509444162109375 0.5051356826171876 0.4964151669921875 0.5044528623046876 0.4949802626953125 0.531832474609375 0.5080092568359375 0.5325152958984375
2 0.5159237734375 0.874615533203125 0.5169143134765625 0.8557149091796875 0.507110580078125 0.8552011171875 0.5061200400390625 0.8741017412109375 0.5159237734375 0.874615533203125
2 0.567853337890625 0.74858559765625 0.5687662734375 0.7311657529296876 0.5593526298828125 0.7306724052734375 0.5584396943359375 0.7480922490234375 0.567853337890625 0.74858559765625
2 0.6045365 0.598322953125 0.6055643291015625 0.5787108056640625 0.5964674384765625 0.5782340576171875 0.595439609375 0.597846205078125 0.6045365 0.598322953125
2 0.5183489541015625 0.34328303515625 0.51935110546875 0.32416083984375 0.51110773046875 0.323728822265625 0.5101055791015625 0.342851017578125 0.5183489541015625 0.34328303515625
2 0.344509078125 0.289694330078125 0.345666275390625 0.2676136943359375 0.334707876953125 0.2670393896484375 0.3335506796875 0.2891200244140625 0.344509078125 0.289694330078125
2 0.3130472939453125 0.2676894658203125 0.3138493427734375 0.2523854677734375 0.30456052734375 0.2518986611328125 0.3037584794921875 0.2672026591796875 0.3130472939453125 0.2676894658203125
2 0.2844998193359375 0.36786394140625 0.2852625341796875 0.3533104765625 0.2772110830078125 0.352888517578125 0.2764483681640625 0.3674419833984375 0.2844998193359375 0.36786394140625
2 0.5889059580078125 0.3711201025390625 0.5898708203125 0.352709431640625 0.579411736328125 0.3521612939453125 0.5784468740234375 0.3705719658203125 0.5889059580078125 0.3711201025390625
2 0.589904841796875 0.3277879951171875 0.5908066552734375 0.3105803603515625 0.5806268759765625 0.3100468603515625 0.5797250615234375 0.32725449609375 0.589904841796875 0.3277879951171875
2 0.589450876953125 0.25572172265625 0.59044476953125 0.236757123046875 0.5784050419921875 0.2361261474609375 0.5774111494140625 0.2550907470703125 0.589450876953125 0.25572172265625
2 0.2326860625 0.3703227763671875 0.2334827138671875 0.3551217626953125 0.22090622265625 0.35446265625 0.2201095712890625 0.369663669921875 0.2326860625 0.3703227763671875
2 0.22319327734375 0.3979106455078125 0.2237263681640625 0.38773866796875 0.2184305107421875 0.387461123046875 0.217897419921875 0.3976331015625 0.22319327734375 0.3979106455078125
2 0.2316506337890625 0.3982005419921875 0.2324119580078125 0.3836736025390625 0.22576951171875 0.383325486328125 0.2250081865234375 0.39785242578125 0.2316506337890625 0.3982005419921875
2 0.1391619951171875 0.5544210302734375 0.140429669921875 0.5302323505859375 0.1270636376953125 0.5295318662109375 0.125795962890625 0.5537205458984376 0.1391619951171875 0.5544210302734375
2 0.1406868916015625 0.65465695703125 0.1416395693359375 0.6364787783203125 0.133280728515625 0.6360407099609375 0.13232805078125 0.654218888671875 0.1406868916015625 0.65465695703125
2 0.064615392578125 0.5704962802734375 0.0653927451171875 0.5556635107421874 0.056623529296875 0.555203935546875 0.0558461767578125 0.570036705078125 0.064615392578125 0.5704962802734375
2 0.737200515625 0.77868980078125 0.73845028125 0.7548428388671875 0.72082291015625 0.7539190283203125 0.7195731435546875 0.7777659892578125 0.737200515625 0.77868980078125
2 0.819072845703125 0.1205774345703125 0.820458767578125 0.0941324765625 0.8070147177734375 0.0934279033203125 0.8056287958984375 0.119872861328125 0.819072845703125 0.1205774345703125
2 0.23079748828125 0.6581277373046875 0.2319062744140625 0.6369708349609375 0.2186541484375 0.6362763203125 0.2175453623046875 0.6574332236328125 0.23079748828125 0.6581277373046875
2 0.0298698193359375 0.9612915341796875 0.0310149140625 0.93944183203125 0.0178564091796875 0.9387522236328125 0.016711314453125 0.96060192578125 0.0298698193359375 0.9612915341796875
0 0 0.972917638671875 0.06353947265625 0.9762476015625 0.0923448837890625 0.9440876484375 0.1176401640625 0.90925282421875 0.1477753251953125 0.861691357421875 0.1689941826171875 0.83498714453125 0.2028300029296875 0.7764934365234375 0.2032661904296875 0.7681704833984375 0.198743919921875 0.7549531923828126 0.197390859375 0.740974158203125 0.18795714453125 0.72193559375 0.1895309130859375 0.7118197197265625 0.1867493974609375 0.705183802734375 0.1674824248046875 0.6847020654296875 0.133722544921875 0.682006515625 0.1307122216796875 0.6697947314453125 0.13895012109375 0.661882212890625 0.141937373046875 0.6546207900390625 0.1410689111328125 0.6313950703125 0.14515882421875 0.61306525 0.14503876953125 0.5954426279296875 0.1520205927734375 0.571700490234375 0.15337740234375 0.54581101953125 0.1558934658203125 0.5375986328125 0.160151927734375 0.5359661416015625 0.1653176015625 0.52696478125 0.169213626953125 0.5123345703125 0.163456791015625 0.50276078515625 0.162212564453125 0.476733435546875 0.1782694970703125 0.419162078125 0.1830474765625 0.4175583779296875 0.18921734765625 0.3993375634765625 0.2063231396484375 0.3714915244140625 0.2085134931640625 0.3595522958984375 0.2168833779296875 0.359063109375 0.221384056640625 0.3528088349609375 0.230784958984375 0.322704896484375 0.236470232421875 0.313730767578125 0.2471289345703125 0.2994534091796875 0.255595640625 0.2971167568359375 0.2817498046875 0.2558352353515625 0.2918754150390625 0.25172985546875 0.2977060029296875 0.23998296875 0.3093420009765625 0.236883013671875 0.31328651953125 0.2213275107421875 0.313348421875 0.2102045693359375 0.2981751103515625 0.131524505859375 0.2979619013671875 0.075882404296875 0.291768958984375 0.07463001171875 0.2861306181640625 0.082678767578125 0.2814495419921875 0.0824334423828125 0.2774699404296875 0.08871658984375 0.2733084638671875 0.08849849609375 0.2701758974609375 0.0985326767578125 0.248379287109375 0.0964640947265625 0.2454874599609375 0.1018748515625 0.2408063837890625 0.1016295263671875 0.233088083984375 0.109569275390625 0.229579671875 0.1168033857421875 0.2127914912109375 0.1187054921875 0.203741640625 0.1321393330078125 0.2006209228515625 0.131975783203125 0.198360568359375 0.125367177734375 0.1873530849609375 0.1164444873046875 0.1776517314453125 0.1224262060546875 0.17229216796875 0.1351271767578125 0.1575705361328125 0.1473359375 0.1452814736328125 0.1429836884765625 0.14153084375 0.1548395810546875 0.1275941796875 0.1819254375 0.1187531875 0.1814621005859375 0.110647193359375 0.1967995107421875 0.1014169453125 0.203733751953125 0.0773562314453125 0.2349250703125 0.0650284189453125 0.2611674091796875 0.0585446845703125 0.26546365234375 0.0523748125 0.2836844677734375 0.042999251953125 0.293391466796875 0.039235130859375 0.315446568359375 0.033162162109375 0.3318183583984375 0.0237865185546875 0.34152691796875 0.0113364619140625 0.390015220703125 0.0057346826171875 0.407337974609375 0 0.5167622373046875 0 0.972917638671875
2 0.08570037109375 0.702668419921875 0.0892921953125 0.703784494140625 0.1050061767578125 0.6925540087890625 0.1045953291015625 0.6804800224609375 0.100726205078125 0.674713375 0.0939636103515625 0.674358962890625 0.08570037109375 0.702668419921875
2 0.2976262763671875 0.03251791015625 0.288182349609375 0.033587619140625 0.2826901591796875 0.0786744697265625 0.2991114951171875 0.0638886328125 0.2976262763671875 0.03251791015625
2 0.9456171640625 0.2072956591796875 0.942087572265625 0.21493390234375 0.9477565830078125 0.2261835126953125 0.9543251171875 0.220269177734375 0.95177682421875 0.2091831171875 0.9456171640625 0.2072956591796875