2 0.5310005048828125 0.2779105498046875 0.52566921875 0.2782848818359375 0.5219956025390625 0.2802646962890625 0.512488998046875 0.2897935107421875 0.5122640341796875 0.2930106552734375 0.5166454462890625 0.2935645107421875 0.530021384765625 0.2982292451171875 0.543354150390625 0.297172341796875 0.5471158671875 0.2939550341796875 0.5474272646484375 0.289501845703125 0.545452802734375 0.28613246875 0.536191701171875 0.2795172080078125 0.5310005048828125 0.2779105498046875
2 0.311787494140625 0.2523881015625 0.3086744140625 0.252668501953125 0.30130818359375 0.2568774130859375 0.301806677734375 0.2623818447265625 0.304911048828125 0.2685650185546875 0.310773712890625 0.2732024619140625 0.3217529677734375 0.27421925 0.326868 0.270598486328125 0.3256791474609375 0.2623109931640625 0.316539138671875 0.2539640234375 0.311787494140625 0.2523881015625
2 0.6587628427734376 0.195352943359375 0.64470516796875 0.194120890625 0.629360181640625 0.204981623046875 0.62500316015625 0.2103955673828125 0.6235358134765625 0.218746365234375 0.62638937890625 0.22217721484375 0.6667956865234375 0.2195331259765625 0.6803029853515625 0.2160026845703125 0.686047873046875 0.2096911787109375 0.684108072265625 0.20582613671875 0.67903796875 0.2024877705078125 0.6642913857421875 0.19847432421875 0.6587628427734376 0.195352943359375
2 0.7277445751953125 0.302359904296875 0.714920572265625 0.3024577734375 0.692721435546875 0.30388772265625 0.67528960546875 0.3066472119140625 0.6354768447265625 0.319775431640625 0.6265482158203125 0.32735544140625 0.624443951171875 0.3321813486328125 0.6251500810546875 0.33471646875 0.631100845703125 0.3381164169921875 0.634342080078125 0.34231994140625 0.6395678271484375 0.343432494140625 0.650263283203125 0.3421911728515625 0.654170484375 0.34320995703125 0.6648195625 0.34892609765625 0.683594330078125 0.3522281787109375 0.70379307421875 0.3541387001953125 0.7087178017578125 0.353239416015625 0.730048212890625 0.34528296875 0.749819322265625 0.3280200810546875 0.7513213291015625 0.3191736181640625 0.7474243974609375 0.3116913681640625 0.73900773828125 0.305633244140625 0.7277445751953125 0.302359904296875
2 0.7238866201171875 0.237448291015625 0.71947065625 0.237388541015625 0.7108031015625 0.2412574091796875 0.7086800576171876 0.2463294814453125 0.7114643017578125 0.25075166015625 0.71924259375 0.2532832255859375 0.7304121533203125 0.2515785341796875 0.732234068359375 0.244496185546875 0.7299065966796875 0.2398584697265625 0.7238866201171875 0.237448291015625
2 0.7499216494140625 0.2064513955078125 0.74379791015625 0.20552509375 0.7387694208984374 0.2079082548828125 0.7388991337890625 0.2123922880859375 0.7444606689453125 0.215019453125 0.752006935546875 0.214552529296875 0.75407809765625 0.2102223955078125 0.7528789765625 0.208398369140625 0.7499216494140625 0.2064513955078125
2 0.608605109375 0.1478383740234375 0.606388462890625 0.1479324150390625 0.600496640625 0.1500061611328125 0.5999083974609375 0.158418431640625 0.606160291015625 0.163828658203125 0.614042345703125 0.16487634765625 0.6208998125 0.161626470703125 0.6212457607421875 0.1566791767578125 0.6163140810546875 0.1513612685546875 0.608605109375 0.1478383740234375
2 0.290786486328125 0.047051080078125 0.28239577734375 0.0469608662109375 0.27166576953125 0.0486962939453125 0.2688711474609375 0.0507391396484375 0.2704648916015625 0.059553033203125 0.2733876669921875 0.0619941123046875 0.2888174375 0.062576544921875 0.2933718251953125 0.06065675390625 0.2953132744140625 0.0518425869140625 0.294219583984375 0.0485332333984375 0.290786486328125 0.047051080078125
2 0.57801094140625 0.07335091015625 0.57532019140625 0.0739083203125 0.572068796875 0.076166703125 0.57091284765625 0.0800643125 0.574593525390625 0.0843001318359375 0.578518056640625 0.085071083984375 0.58208791015625 0.084575146484375 0.5934996552734375 0.0794070380859375 0.593638078125 0.0774274970703125 0.586756328125 0.0747080126953125 0.57801094140625 0.07335091015625
2 0.220587400390625 0.399907529296875 0.21222968359375 0.3993231015625 0.204036232421875 0.4027286005859375 0.202759189453125 0.4083579189453125 0.2068967490234375 0.412376642578125 0.2182810048828125 0.4139182734375 0.2232921640625 0.4117829443359375 0.225148740234375 0.4042049306640625 0.220587400390625 0.399907529296875
2 0.2380472451171875 0.5420968330078125 0.2284054248046875 0.5409260888671875 0.223273171875 0.5447931259765625 0.222470232421875 0.5499590751953125 0.2275231142578125 0.5535437158203125 0.23542394921875 0.554345240234375 0.243212400390625 0.5504148984375 0.243506576171875 0.5462079833984375 0.2380472451171875 0.5420968330078125
2 0.87455776171875 0.4404170625 0.8691919248046875 0.4412855009765625 0.8675792021484375 0.4453986474609375 0.8704154365234374 0.449077330078125 0.8768230830078125 0.4522601826171875 0.8812217177734375 0.452567765625 0.8848953330078125 0.450587951171875 0.885189509765625 0.4463810361328125 0.8818963935546875 0.4429194501953125 0.87455776171875 0.4404170625
2 0.9371487431640625 0.3796554892578125 0.924850833984375 0.3785464912109375 0.9208225400390625 0.379259416015625 0.916217830078125 0.38192125390625 0.9182857861328125 0.3902702197265625 0.930262029296875 0.4022958720703125 0.9358597841796875 0.4044274814453125 0.9394816279296875 0.403188046875 0.9461762802734375 0.3959499111328125 0.94672997265625 0.38803174609375 0.9371487431640625 0.3796554892578125
2 0.9148375634765625 0.42060983984375 0.90778283984375 0.42036400390625 0.9046352080078125 0.421138509765625 0.903090029296875 0.4242633359375 0.9089543623046875 0.4288993291015625 0.91368867578125 0.4307230830078125 0.9176477578125 0.4309999287109375 0.9208473798828125 0.42948192578125 0.9190458935546875 0.42363890234375 0.9148375634765625 0.42060983984375
2 0.432963033203125 0.3714982138671875 0.42453610546875 0.3719035556640625 0.4181369697265625 0.37493800390625 0.4161177978515625 0.378524640625 0.41937625390625 0.382481890625 0.4276819794921875 0.38380981640625 0.436807974609375 0.3797239609375 0.4384208056640625 0.375609255859375 0.4368182431640625 0.3732604951171875 0.432963033203125 0.3714982138671875
2 0.4826904951171875 0.3366884814453125 0.4708321376953125 0.3356102197265625 0.465364095703125 0.33796264453125 0.4632582724609375 0.3427884423828125 0.46843930859375 0.3508570078125 0.47091371484375 0.3597324833984375 0.480199208984375 0.3723155458984375 0.4831738662109375 0.3740146865234375 0.491109251953125 0.37432210546875 0.4960685302734375 0.37292871484375 0.5008289931640625 0.36803950390625 0.507246908203125 0.364758890625 0.511776904296875 0.356871298828125 0.50092194921875 0.3414437021484375 0.4921765625 0.3400865986328125 0.4826904951171875 0.3366884814453125
2 0.467218341796875 0.4188953876953125 0.4601636181640625 0.4186495517578125 0.456083443359375 0.4201044140625 0.454012171875 0.4244361064453125 0.45647806640625 0.42709428125 0.4638874677734375 0.4286070078125 0.4711326044921875 0.4261298056640625 0.47146133203125 0.42142878515625 0.467218341796875 0.4188953876953125
2 0.065167037109375 0.391277744140625 0.061173404296875 0.39149500390625 0.058887544921875 0.3925788154296875 0.0590502509765625 0.396568634765625 0.062026466796875 0.3982678837890625 0.06686465234375 0.398606203125 0.0696072841796875 0.397306853515625 0.0694791298828125 0.3928229296875 0.065167037109375 0.391277744140625
2 0.142477900390625 0.42975033203125 0.1345078544921875 0.429938578125 0.1311699189453125 0.433434564453125 0.1340580341796875 0.4363713076171875 0.1384566689453125 0.4366788896484375 0.1420626318359375 0.435688955078125 0.1435023798828125 0.4340494560546875 0.142477900390625 0.42975033203125
2 0.0471313017578125 0.4026958857421875 0.0435598896484375 0.40319171484375 0.0410837265625 0.406997005859375 0.0449217158203125 0.409005560546875 0.050216783203125 0.4091267841796875 0.052502533203125 0.40804453125 0.0532189306640625 0.4041161845703125 0.0471313017578125 0.4026958857421875
2 0.0301920146484375 0.3604895732421875 0.025336607421875 0.3603975283203125 0.0225419853515625 0.3624403740234375 0.02270469140625 0.366430193359375 0.0292334306640625 0.3678813369140625 0.0319415107421875 0.3670760947265625 0.0348398955078125 0.3635493720703125 0.0301920146484375 0.3604895732421875
2 0.62064946875 0.0830457138671875 0.617008845703125 0.0845313134765625 0.6151106572265626 0.0863877998046875 0.61571458203125 0.0904069052734375 0.620483556640625 0.0917349951171875 0.625494716796875 0.0895996669921875 0.6262803251953125 0.08468155078125 0.6250308818359375 0.0835995703125 0.62064946875 0.0830457138671875
0 1 0.22473923046875 0.999278111328125 0.2243846201171875 0.994605947265625 0.2153554619140625 0.991612400390625 0.213904044921875 0.988025216796875 0.214647814453125 0.98367846484375 0.2135982939453125 0.9780995986328125 0.2112189609375 0.9683108447265625 0.20581045703125 0.96181832421875 0.2038637568359375 0.953349673828125 0.198549130859375 0.94641604296875 0.1965715849609375 0.940569041015625 0.191687759765625 0.9269091962890625 0.184766474609375 0.9234258837890625 0.1840248095703125 0.9172085419921875 0.1781204765625 0.90736946484375 0.1734540205078125 0.9062914375 0.1698982841796875 0.901376978515625 0.1643341025390625 0.8867500390625 0.158587279296875 0.8754365537109375 0.1560559873046875 0.866476580078125 0.15145100390625 0.8551269853515625 0.1494137080078125 0.850409892578125 0.1473436806640625 0.842038052734375 0.134327984375 0.8364921796875 0.1314544365234375 0.8253171171875 0.126943603515625 0.8105864150390625 0.1226806572265625 0.786215451171875 0.117247076171875 0.7814033046875 0.1101973505859375 0.7681153583984375 0.1042966806640625 0.7366361220703125 0.0993606513671875 0.725338408203125 0.09658141796875 0.72368396484375 0.094974595703125 0.7244176923828125 0.0907984169921875 0.7189410302734375 0.0869350986328125 0.71313719921875 0.08777291015625 0.7053244658203125 0.0857338916015625 0.69471555078125 0.0857376103515625 0.6689205009765625 0.081697146484375 0.63855384375 0.0798227470703125 0.6355274140625 0.0788639853515625 0.633044189453125 0.0764536435546875 0.6282406640625 0.07561966015625 0.62185023828125 0.072190533203125 0.5732938486328125 0.0712808818359375 0.56284224609375 0.0690573359375 0.5596341123046875 0.0643580380859375 0.550026953125 0.0626916298828125 0.5355476923828125 0.0624262744140625 0.521032390625 0.0601676103515625 0.3197913173828125 0.0431116328125 0.3145654609375 0.0420006396484375 0.2406448642578125 0.0435448359375 0.236280890625 0.0427415888671875 0.230847400390625 0.0445999072265625 0.2238272275390625 0.04385996484375 0.2192901708984375 0.0455319228515625 0.2162636318359375 0.044574720703125 0.2130972197265625 0.0455953916015625 0.1985306728515625 0.0453239326171875 0.188241775390625 0.047090205078125 0.1803582705078125 0.0460408486328125 0.163858984375 0.0481199814453125 0.1537949423828125 0.0466706689453125 0.1438590556640625 0.0497052802734375 0.141677068359375 0.0493036572265625 0.13512073046875 0.0545638115234375 0.1257643759765625 0.0556497275390625 0.114473724609375 0.059086126953125 0.1086856650390625 0.0596759970703125 0.105693677734375 0.0582246884765625 0.05836080078125 0.0651068662109375 0.048217279296875 0.0711107900390625 0.0421123193359375 0.06993832421875 0.035659853515625 0.07371304296875 0.0301712744140625 0.0889923984375 0.0291942509765625 0.14088659375 0.0254583759765625 0.15007337109375 0.0173443896484375 0.2661087744140625 0.0201875771484375 0.2760046484375 0.0204627744140625 0.2847247744140625 0.0160365419921875 0.291128490234375 0.0130191611328125 0.327962421875 0.0144572607421875 0.339002130859375 0.0097126787109375 0.343641841796875 0.007809525390625 0.3708581953125 0.010255255859375 0.373804728515625 0.0083603505859375 0.4198753974609375 0.0067633994140625 0.4237406025390625 0.0029848017578125 0.471460451171875 0.00471696875 0.4782948046875 0.002971326171875 0.4906030166015625 0.0055322734375 0.4982408896484375 0.011939919921875 0.5014237431640625 0.01547511328125 0.5014234697265625 0.0275481669921875 0.505748052734375 0.0332670146484375 0.5061479541015625 0.0393200927734375 0.5080623583984375 0.0576277099609375 0.5180450009765625 0.0624140146484375 0.5191252578125 0.0769890732421875 0.5256140185546875 0.0826717021484375 0.5265094755859375 0.093737498046875 0.5262886611328125 0.0966776044921875 0.5284819072265625 0.104914119140625 0.530799603515625 0.10829377734375 0.5330235869140625 0.125275677734375 0.5366983857421875 0.13038044140625 0.539541087890625 0.1421177060546875 0.54235105859375 0.1531661728515625 0.542378076171875 0.19165386328125 0.5545158466796875 0.2013302353515625 0.555192484375 0.20537575 0.5542332861328125 0.2088418408203125 0.555221224609375 0.2203125283203125 0.5555268115234375 0.2236417548828125 0.558494400390625 0.2266682939453125 0.5594516025390625 0.22700408203125 0.5609662158203125 0.2437179560546875 0.5621349638671875 0.2857958388671875 0.573530740234375 0.29098703515625 0.5751373984375 0.2939271416015625 0.5773306455078125 0.3018090869140625 0.578379892578125 0.3082513935546875 0.5810670810546875 0.3152196845703125 0.5825489619140625 0.32405150390625 0.5826700205078125 0.3286231123046875 0.5805039560546875 0.3361521572265625 0.5802833056640625 0.3618260048828125 0.586057037109375 0.3678633115234375 0.5882193837890625 0.370294544921875 0.59137322265625 0.3742709580078125 0.591402236328125 0.3889136689453125 0.5969011181640625 0.3963560634765625 0.59791962890625 0.4001248408203125 0.600917955078125 0.4084809990234375 0.6015022744140625 0.4120870712890625 0.60051078125 0.4164338232421875 0.6015603017578125 0.4205124404296875 0.600105330078125 0.4280082744140625 0.60038201171875 0.4327081455078125 0.6026983125 0.4529226611328125 0.6043608935546875 0.4549662255859375 0.60674205859375 0.5409338369140625 0.6162338525390625 0.55958751171875 0.6212676416015624 0.5754741640625 0.621632978515625 0.5796393212890625 0.6189404033203125 0.583598404296875 0.61921725 0.596283984375 0.621098921875 0.602760841796875 0.6232920048828124 0.6294711044921875 0.6268999443359375 0.638862009765625 0.625319921875 0.6438143359375 0.61770933984375 0.6469116455078125 0.617676880859375 0.6497997607421875 0.6206136240234374 0.6567333916015625 0.622591169921875 0.67005038671875 0.6217822080078125 0.681804982421875 0.624344345703125 0.7046411455078125 0.626437728515625 0.720735431640625 0.6238337529296875 0.72412525 0.6195958291015625 0.7281880947265625 0.618388798828125 0.74041690234375 0.6204860078125 0.7427199814453125 0.6191559228515625 0.7478592958984375 0.62150451953125 0.7567603271484376 0.6206358076171875 0.7592954326171875 0.6223042119140625 0.7667898173828125 0.6225792265625 0.7713960859375 0.6199174970703125 0.77588115234375 0.61898903515625 0.773062248046875 0.615062521484375 0.7847060185546875 0.61289290234375 0.7882585419921875 0.612644796875 0.7907763173828125 0.614561033203125 0.7973742685546875 0.61502240625 0.8459134375 0.6161783310546874 0.85894507421875 0.613111150390625 0.86142112890625 0.60930741796875 0.86044853125 0.6042663564453125 0.865477021484375 0.6018831953125 0.90147442578125 0.6053949892578125 0.924519673828125 0.6045207275390625 0.928210728515625 0.6022915224609375 0.9285047958984375 0.5980861669921875 0.924891771484375 0.5928604677734375 0.9293595078125 0.592179837890625 0.93634512890625 0.59341388671875 0.9659364462890625 0.5937429365234375 0.9734654912109375 0.5935222861328125 0.9784593203125 0.5916347900390625 0.9855660341796875 0.5911371298828125 0.98616133984375 0.5889404931640625 0.9798921162109375 0.5837780986328125 0.98937112109375 0.58096058203125 0.99079509765625 0.5795690244140626 0.993246869140625 0.569795931640625 1 0.4713588388671875 1 0.22473923046875
2 0.1528465283203125 0.245476291015625 0.12747144921875 0.249967154296875 0.0753043623046875 0.2792119013671875 0.114162712890625 0.28349545703125 0.1528465283203125 0.245476291015625
2 0.340575798828125 0.0471510126953125 0.3402488154296875 0.05182709375 0.352282388671875 0.0589338251953125 0.365514900390625 0.0488949248046875 0.340575798828125 0.0471510126953125
0 0.03374245703125 0 0.0287935810546875 0.070772224609375 0.156104955078125 0.0420831318359375 0.2441547705078125 0.037275966796875 0.265054013671875 0 0.03374245703125 0
2 0.177675908203125 0.024795734375 0.1697734453125 0.0258094560546875 0.16433440234375 0.0363933291015625 0.1814800341796875 0.0375922685546875 0.177675908203125 0.024795734375
0 0 0.9646912275390624 0.4496438193359375 0.99613338671875 0.4311247109375 0.9697773564453125 0.4101749541015625 0.9557818828125 0.341014681640625 0.93684888671875 0.226259763671875 0.8755697158203125 0.1201268173828125 0.847786076171875 0.0204794072265625 0.839251734375 0 0.841581982421875 0 0.9646912275390624
2 0.2914962333984375 0.950615689453125 0.28192608203125 0.9530791103515625 0.2843895029296875 0.9626492626953125 0.2941776435546875 0.9570684541015625 0.2914962333984375 0.950615689453125
2 0.1400628544921875 0.8538790859375 0.1787032158203125 0.861280029296875 0.1714547197265625 0.852941587890625 0.1402808427734375 0.8507616982421875 0.1270155595703125 0.838869890625 0.0613324306640625 0.837409509765625 0.1277022978515625 0.851448435546875 0.1358227509765625 0.8473173271484375 0.1400628544921875 0.8538790859375
0 0.9646912275390624 1 0.9759694052734375 0.8387145390625 0.9680669423828125 0.8397282607421875 0.8421290439453125 0.893574443359375 0.72582683984375 0.9888186220703125 0.724381287109375 1 0.9646912275390624 1
2 0.916434146484375 0.9285303564453125 0.9156384140625 0.9175105048828125 0.89849278125 0.9163115654296875 0.897620826171875 0.9287811162109375 0.90497831640625 0.93556086328125 0.916434146484375 0.9285303564453125
2 0.844440017578125 0.9501233994140625 0.841758607421875 0.943670634765625 0.826171669921875 0.942580689453125 0.820950615234375 0.95004717578125 0.820187654296875 0.9609580322265625 0.8308805224609375 0.9648383818359375 0.844440017578125 0.9501233994140625
2 0.3175573251953125 0.734720208984375 0.338801294921875 0.722108892578125 0.322091640625 0.714675177734375 0.2954848515625 0.7143809658203125 0.285260732421875 0.7261965498046875 0.3003026982421875 0.7350799638671875 0.3175573251953125 0.734720208984375
2 0.3668471025390625 0.791421611328125 0.381856296875 0.7783743173828125 0.380842576171875 0.7704718544921875 0.3589118671875 0.770504625 0.34857875390625 0.78387890234375 0.3558272509765625 0.79221734375 0.3668471025390625 0.791421611328125
2 0.4318762646484375 0.8022341552734376 0.4471362197265625 0.808000181640625 0.47081083984375 0.7830283095703126 0.4479426337890625 0.75166921484375 0.433696400390625 0.75380565234375 0.406544638671875 0.7613049091796875 0.4044409716796875 0.7689893837890625 0.4318762646484375 0.8022341552734376
2 0.3946635126953125 0.7072193740234375 0.40601034765625 0.701747560546875 0.4118853681640625 0.6849289111328125 0.3966254140625 0.679162884765625 0.378280841796875 0.695109578125 0.3777358701171875 0.702903046875 0.3946635126953125 0.7072193740234375
2 0.2474161025390625 0.72981545703125 0.22824302734375 0.71281158984375 0.19964156640625 0.718643158203125 0.1822017216796875 0.7440510087890625 0.1972436875 0.7529344228515625 0.2474161025390625 0.72981545703125
2 0.1782123779296875 0.7563025703125 0.177089662109375 0.74995880078125 0.1550499599609375 0.751550265625 0.130579607421875 0.7655022861328125 0.15707740234375 0.7673551923828125 0.1782123779296875 0.7563025703125
2 0.227469384765625 0.7910732646484375 0.213550134765625 0.78853362109375 0.206879380859375 0.79433241796875 0.211119484375 0.8008941767578125 0.222030341796875 0.801657138671875 0.227469384765625 0.7910732646484375
2 0.612226681640625 0.731830765625 0.59352235546875 0.73052283203125 0.59689050390625 0.7495541416015625 0.620706888671875 0.744954283203125 0.612226681640625 0.731830765625
2 0.479661482421875 0.7460556357421875 0.4886538916015625 0.7294549765625 0.4830730830078125 0.7196668349609375 0.4580249873046875 0.7194816171875 0.4464601630859375 0.7280708193359375 0.4431575576171875 0.75290092578125 0.479661482421875 0.7460556357421875
2 0.25678962890625 0.5957677880859376 0.248418416015625 0.581085576171875 0.2265967021484375 0.5795596533203125 0.22282534765625 0.5886938271484375 0.228515150390625 0.5969232744140625 0.25678962890625 0.5957677880859376
2 0.1619928359375 0.62986315234375 0.147964591796875 0.6288822021484375 0.150319017578125 0.6400110478515625 0.1628975625 0.6393243095703125 0.1619928359375 0.62986315234375
2 0.3489705537109375 0.5990810751953125 0.3392914072265625 0.603103189453125 0.339869150390625 0.6172404287109375 0.352883673828125 0.6103189150390625 0.3489705537109375 0.5990810751953125
2 0.2710251806640625 0.6609821689453125 0.2558742197265625 0.6536574482421875 0.246304068359375 0.656120869140625 0.244309396484375 0.6622466494140625 0.2503261826171875 0.665800015625 0.2710251806640625 0.6609821689453125
2 0.2435464345703125 0.6731575068359374 0.244669150390625 0.6795012763671875 0.254348296875 0.675479162109375 0.2435464345703125 0.6731575068359374
0 0.10154216796875 0.7775686298828125 0.1048013212890625 0.7981586328125 0.14525113671875 0.8244818916015625 0.16361209375 0.819500552734375 0.1999144150390625 0.8267380048828125 0.282339970703125 0.85756280859375 0.3245664697265625 0.8808776748046875 0.326593912109375 0.8966826015625 0.3366328125 0.90991511328125 0.3647220732421875 0.93380772265625 0.38397137109375 0.9273221875 0.4367817431640625 0.956076095703125 0.4931127099609375 0.956882509765625 0.5187057783203125 0.9492742587890625 0.5413994482421876 0.938330630859375 0.5474924580078125 0.9183945947265625 0.563842357421875 0.9085736826171875 0.564605318359375 0.897662826171875 0.5971961240234375 0.8795796962890625 0.60202465234375 0.8329278759765625 0.6254050595703124 0.83456279296875 0.62786848046875 0.8441329453125 0.6551292373046875 0.835074994140625 0.648000416015625 0.757827041015625 0.62520843359375 0.7029785439453125 0.593315048828125 0.6662894013671875 0.5504018115234375 0.6303959912109375 0.51643753125 0.6233220302734375 0.4180546015625 0.6415034736328125 0.4056940458984375 0.6390728232421875 0.381223693359375 0.6530248447265625 0.3412753974609375 0.6643282265625 0.300204384765625 0.6692878388671875 0.2534435703125 0.6660180048828125 0.2495632216796875 0.6767108720703126 0.213386279296875 0.678880080078125 0.1791712392578125 0.6529927998046875 0.1780485234375 0.6466490302734375 0.153109421875 0.6449051181640625 0.138394439453125 0.6313456220703125 0.1226985068359375 0.63181437109375 0.123668775390625 0.6851369453125 0.10154216796875 0.7775686298828125