2 0.6145059912109375 0.165469052734375 0.6182494296875 0.1656158369140625 0.62067788671875 0.1566256728515625 0.6202495908203125 0.1529873154296875 0.6177234921875 0.1499089345703125 0.6164981416015625 0.1497148583984375 0.614860515625 0.1521337705078125 0.613059375 0.160329474609375 0.6145059912109375 0.165469052734375
2 0.713828828125 0.061561669921875 0.71458753515625 0.0567713818359375 0.7123757451171875 0.0532966640625 0.706810220703125 0.0519690546875 0.6982277587890625 0.061768990234375 0.6967165673828125 0.0744765380859375 0.69787945703125 0.078231244140625 0.7007504443359375 0.0791320810546875 0.7035444912109375 0.0773424453125 0.7051756494140625 0.0717981044921875 0.7124350380859376 0.0640192021484375 0.713828828125 0.061561669921875
2 0.598077541015625 0.2485785419921875 0.5960036083984375 0.2442334248046875 0.5901944931640625 0.2428656513671875 0.588731529296875 0.2457599267578125 0.5896310673828125 0.27179303125 0.5950362451171874 0.264614267578125 0.598054970703125 0.2534854228515625 0.598077541015625 0.2485785419921875
2 0.5930140244140625 0.144209287109375 0.5929515625 0.147769916015625 0.5969468466796874 0.151080994140625 0.5986469345703125 0.145101453125 0.5979429228515625 0.143203896484375 0.5945459169921875 0.1408798115234375 0.5930140244140625 0.144209287109375
2 0.4919114326171875 0.2197104013671875 0.490366849609375 0.2167874775390625 0.4874958623046875 0.2158866396484375 0.485191029296875 0.217753759765625 0.484677701171875 0.222582912109375 0.48584058984375 0.2263376171875 0.4908767646484375 0.2262430341796875 0.4919114326171875 0.2197104013671875
2 0.6262025205078126 0.2945504990234375 0.627466462890625 0.296089041015625 0.6315915947265625 0.295404044921875 0.6332613447265625 0.2912041689453125 0.63196059765625 0.2883198642578125 0.6264336650390625 0.28833671875 0.6262025205078126 0.2945504990234375
2 0.542479056640625 0.5044958525390625 0.5417670341796875 0.499472623046875 0.5379176181640625 0.498416818359375 0.5352437822265625 0.5073681181640625 0.536928009765625 0.50941934375 0.54060251953125 0.5100013291015625 0.54185820703125 0.508415740234375 0.542479056640625 0.5044958525390625
2 0.4839894658203125 0.520231990234375 0.485689796875 0.51425090625 0.4846344287109375 0.51140546484375 0.4822223193359375 0.51236177734375 0.48096638671875 0.513948908203125 0.4808362958984375 0.517946525390625 0.482449806640625 0.5204342490234375 0.4839894658203125 0.520231990234375
2 0.445626763671875 0.572189169921875 0.4463387861328125 0.5772123994140625 0.4506403671875 0.5770014677734375 0.451506595703125 0.5731204443359375 0.44999105078125 0.5684160673828125 0.4462476123046875 0.5682692822265625 0.445626763671875 0.572189169921875
2 0.5243379111328125 0.573048828125 0.52401066796875 0.567194306640625 0.5226091123046875 0.566524623046875 0.5195007568359375 0.5687105947265625 0.5183279873046875 0.576115169921875 0.52050297265625 0.5782441240234375 0.522110017578125 0.577606419921875 0.5243379111328125 0.573048828125
2 0.7626256484375 0.35276316015625 0.7679763759765625 0.3522706982421875 0.7692320634765625 0.350685109375 0.76946967578125 0.3475967578125 0.7681241142578125 0.3402410166015625 0.765009291015625 0.3393015595703125 0.7601848271484375 0.3412157265625 0.76030658203125 0.3483776357421875 0.7626256484375 0.35276316015625
2 0.6767863896484375 0.0940861357421875 0.674243943359375 0.099041607421875 0.674710587890625 0.10402597265625 0.67541484375 0.1059219853515625 0.676707580078125 0.1056806171875 0.68068838671875 0.10274059375 0.682151349609375 0.099846318359375 0.6820759541015625 0.09715608984375 0.6811954921875 0.0947844697265625 0.6767863896484375 0.0940861357421875
0 0.5968147119140625 0.0774032275390625 0.584987662109375 0.0759761240234375 0.5791158408203125 0.0781705234375 0.56703353125 0.0878638369140625 0.5642252509765625 0.083400828125 0.56002940234375 0.0845223232421875 0.550850205078125 0.093335509765625 0.5426188544921875 0.104084873046875 0.5328654931640625 0.1070044306640625 0.514587173828125 0.1304477607421875 0.50909858984375 0.131810623046875 0.501388333984375 0.1408580498046875 0.4938291162109375 0.1552843896484375 0.4875434765625 0.160091533203125 0.473783080078125 0.185144248046875 0.4602828662109375 0.20220173046875 0.4397364375 0.2431415986328125 0.425828302734375 0.2802239951171875 0.418516005859375 0.2946894443359375 0.399635669921875 0.3457156884765625 0.39615184375 0.3518604130859375 0.3888905859375 0.37392426953125 0.3858721044921875 0.3850515703125 0.38487578515625 0.3929302109375 0.3763282578125 0.4183608642578125 0.374397025390625 0.430554185546875 0.3708810751953125 0.438479873046875 0.3687044638671875 0.450634330078125 0.3608992958984375 0.479308546875 0.355795376953125 0.5115334228515624 0.3544300546875 0.5264962431640625 0.356626681640625 0.5696999052734375 0.359856791015625 0.5746758427734375 0.360368494140625 0.5841301015625 0.363856673828125 0.595397302734375 0.36712383203125 0.6017174609375 0.3713963759765625 0.603287982421875 0.3741520751953125 0.6001523388671876 0.3804664267578125 0.60784894140625 0.3785896455078125 0.6133559609375 0.3729390888671875 0.6204958603515625 0.3737793330078125 0.635806427734375 0.3789273818359375 0.6540330341796875 0.38388653515625 0.6655316337890625 0.3854632431640625 0.6666735947265625 0.417448203125 0.656562029296875 0.4315800859375 0.656122013671875 0.4589921025390625 0.6653741064453125 0.4720203896484375 0.6719019228515625 0.502019421875 0.6806715234375 0.5124912734375 0.685900623046875 0.5156138623046875 0.689967296875 0.5335101298828125 0.6990505947265625 0.53781325390625 0.698839908203125 0.5394894716796875 0.6977654599609375 0.5411463583984375 0.6931174296875 0.55346901953125 0.6919447431640625 0.5593024931640626 0.6884043359375 0.5622665234375 0.6839633369140625 0.5810692353515625 0.6762266650390625 0.6279259541015625 0.6372217685546875 0.6305756767578125 0.6331771044921874 0.633600625 0.625175232421875 0.639121333984375 0.6220314052734375 0.6418399853515625 0.6175515419921875 0.6587677861328125 0.601036935546875 0.660161576171875 0.598579404296875 0.66251463671875 0.58689901171875 0.6776669541015625 0.5736737177734375 0.6882705224609375 0.560621791015625 0.71017239453125 0.5158783828125 0.7148815712890625 0.5099277353515625 0.7182353056640625 0.5077806279296875 0.7218955810546875 0.50210996875 0.723457810546875 0.497000828125 0.722777912109375 0.4901966357421875 0.7381020810546876 0.4600350244140625 0.7472157626953125 0.4373723271484375 0.749498107421875 0.42612843359375 0.7493154345703125 0.4225273974609375 0.7822084541015625 0.3036342275390625 0.784644921875 0.297769736328125 0.8232404658203125 0.133353484375 0.824727298828125 0.1255541162109375 0.8241163291015625 0.11831472265625 0.8211380654296875 0.116503078125 0.8202817177734375 0.1092248212890625 0.823704380859375 0.106642513671875 0.8263782177734375 0.097691212890625 0.8335526552734375 0.0840961650390625 0.83406752734375 0.0792672568359375 0.836265083984375 0.0764893291015625 0.8379203564453125 0.0660383525390625 0.8370640078125 0.0587600947265625 0.8291184990234375 0.0566078330078125 0.825261072265625 0.05242635546875 0.8099118486328125 0.0557979677734375 0.806091470703125 0.0529607099609375 0.8002194052734375 0.05515665234375 0.7422019853515625 0.0473059482421875 0.719158609375 0.051692677734375 0.71282014453125 0.0489027119140625 0.7080278056640625 0.0490359150390625 0.7003722451171875 0.0513954970703125 0.6960079580078125 0.055168599609375 0.6914993447265625 0.0566866748046875 0.6797028759765625 0.05347836328125 0.6710289970703125 0.0543367255859375 0.651108455078125 0.0627885849609375 0.6463464521484374 0.061142123046875 0.634326849609375 0.0672732646484375 0.626740462890625 0.069196103515625 0.6183360751953125 0.0651866923828125 0.5968147119140625 0.0774032275390625
2 0.0484756337890625 0.2544681220703125 0.0454657978515625 0.263483271484375 0.053258802734375 0.2742094228515625 0.0715335302734375 0.27868583203125 0.073167841796875 0.258378984375 0.0484756337890625 0.2544681220703125
0 0 0.6638562763671875 0.013589533203125 0.674494455078125 0.0654662109375 0.736498123046875 0.0938871826171875 0.7568193310546875 0.141071740234375 0.7785304208984375 0.18347312890625 0.7805002109375 0.2198692041015625 0.770445015625 0.2630182373046875 0.737729732421875 0.276188677734375 0.7145040966796875 0.280588396484375 0.6867253623046875 0.27102205859375 0.6472427607421875 0.2897089541015625 0.63912863671875 0.31131463671875 0.642550640625 0.3288704365234375 0.6216015556640625 0.34714026953125 0.466297537109375 0.3431957958984375 0.3913198857421875 0.353691876953125 0.355014859375 0.35541723828125 0.314156734375 0.3364235830078125 0.284254830078125 0.2760062548828125 0.2462100830078125 0.2649589853515625 0.2460423447265625 0.2349180595703125 0.215972701171875 0.2156656171875 0.21766934375 0.19049891015625 0.186789724609375 0.175876255859375 0.1892196533203125 0.156547123046875 0.1814122900390625 0.1071914248046875 0.113479998046875 0.079029240234375 0.0615602431640625 0.0644065859375 0.0639901728515625 0 0.4706373564453125 0 0.6638562763671875