2 0.6533858134765625 0.5375154775390625 0.65621357421875 0.531831150390625 0.6653111904296874 0.52228847265625 0.666967751953125 0.51261591015625 0.671066708984375 0.50519100390625 0.6768607041015625 0.48588918359375 0.67692996875 0.4819210380859375 0.67524815234375 0.4788052744140625 0.6625302470703125 0.4684395498046875 0.65832908203125 0.467484833984375 0.6530374189453125 0.4722432060546875 0.6464206748046875 0.4818291884765625 0.64287453125 0.500288861328125 0.638085794921875 0.5046153203125 0.63621162109375 0.512519751953125 0.63638150390625 0.5169327646484375 0.6388008017578125 0.52050365625 0.640095716796875 0.5315498125 0.645094970703125 0.543543576171875 0.6533858134765625 0.5375154775390625
2 0.3251994130859375 0.381851626953125 0.3297034296875 0.39383674609375 0.3318974248046875 0.3960800654296875 0.336601517578125 0.3966028681640625 0.3429873984375 0.40024299609375 0.3469770791015625 0.3989889970703125 0.3531349052734375 0.37307845703125 0.3539862568359375 0.3669205029296875 0.350901837890625 0.358927955078125 0.350242845703125 0.354065712890625 0.354401787109375 0.34311475390625 0.3544710517578125 0.3391466083984375 0.3525578056640625 0.3351438583984375 0.34838526953125 0.3183137861328125 0.344780955078125 0.311635802734375 0.3405198056640625 0.3142071396484375 0.33491816796875 0.322488763671875 0.3259067587890625 0.3271822080078125 0.3253406953125 0.331141681640625 0.3225437490234375 0.33506065234375 0.3230796201171875 0.3469765078125 0.3253527265625 0.358922685546875 0.3251994130859375 0.381851626953125
2 0.354816951171875 0.6319659931640625 0.359769443359375 0.632493130859375 0.3612797861328125 0.63119741796875 0.3682218837890625 0.617207068359375 0.3677574345703125 0.6154346298828125 0.3633863857421875 0.61006690234375 0.3510482861328125 0.6063228779296875 0.3414400263671875 0.61673958984375 0.3421298056640625 0.619838037109375 0.3462463271484375 0.6256420146484375 0.354816951171875 0.6319659931640625
2 0.409242150390625 0.8251858974609375 0.4017669609375 0.85548192578125 0.4014822412109375 0.87179350390625 0.4038999765625 0.8753643681640625 0.407101416015625 0.876742326171875 0.4170202177734375 0.876915458984375 0.421568244140625 0.8721441064453125 0.4267438818359375 0.8598872548828125 0.42613874609375 0.8519395458984375 0.4225498115234375 0.8443804462890625 0.418348078125 0.8293126337890625 0.4142392470703125 0.8230680986328125 0.409242150390625 0.8251858974609375
2 0.3749278427734375 0.886765158203125 0.3699753515625 0.8862380205078125 0.3674190869140625 0.890603447265625 0.3662885498046875 0.8985208603515625 0.3699159609375 0.903875607421875 0.37437934375 0.9039535166015625 0.3774554775390625 0.898275087890625 0.3778331259765625 0.890785224609375 0.3749278427734375 0.886765158203125
2 0.59416575 0.3490626181640625 0.590222236328125 0.34767170703125 0.5863255126953125 0.357745859375 0.58593089453125 0.366118373046875 0.5878303232421875 0.371002265625 0.5942777783203125 0.371114806640625 0.5975776787109375 0.3667623603515625 0.598003083984375 0.356626052734375 0.59416575 0.3490626181640625
2 0.6003381953125 0.9475865 0.599330779296875 0.9484502998046875 0.598186396484375 0.95725041796875 0.599294458984375 0.9647662138671875 0.601696814453125 0.969218193359375 0.6029064638671875 0.971003638671875 0.60812886328125 0.970213412109375 0.6121816796875 0.9654318525390625 0.6122509169921875 0.96146526953125 0.6108482880859375 0.9565900478515625 0.60526758984375 0.9494368740234375 0.6035627041015625 0.9476427841796875 0.6003381953125 0.9475865
2 0.577874181640625 0.827687125 0.576594673828125 0.8157582900390625 0.574446845703125 0.8108700615234375 0.5707194091796876 0.8112456904296875 0.56840385546875 0.81605601171875 0.5672963876953125 0.82265175 0.56770698046875 0.82750965625 0.57108596484375 0.8328616298828125 0.57455118359375 0.8333628076171875 0.577874181640625 0.827687125
2 0.5465113525390625 0.81964323046875 0.5484338515625 0.8232054501953125 0.5524097138671875 0.8228325947265624 0.5539508447265625 0.819773087890625 0.5540431787109374 0.8144832685546874 0.5511209267578125 0.8113458525390626 0.5476034130859375 0.813930169921875 0.5465113525390625 0.81964323046875
2 0.6918082998046875 0.6100658427734375 0.693861609375 0.6061338916015625 0.69447383984375 0.5995295078125 0.691807705078125 0.5959543076171875 0.6878472490234375 0.5954444853515625 0.6844919287109374 0.602882373046875 0.6841758271484375 0.6068462099609375 0.68512938671875 0.609067876953125 0.686585873046875 0.6108576318359376 0.6918082998046875 0.6100658427734375
2 0.7601201875 0.618754685546875 0.7560030712890625 0.5988391728515625 0.7543135654296875 0.5961639677734375 0.749856310546875 0.5956454736328125 0.7400474072265625 0.6034114052734375 0.7220944482421875 0.6229416826171875 0.7230172197265625 0.6269271435546875 0.730000546875 0.6389555390625 0.737596103515625 0.64437955078125 0.7472587890625 0.64499046875 0.7612787314453126 0.6518486953125 0.7670594765625 0.6475411142578125 0.77092544140625 0.639229193359375 0.7675987509765625 0.630791724609375 0.7601201875 0.618754685546875
2 0.1969366826171875 0.41136450390625 0.1970598037109375 0.404310890625 0.1952004140625 0.3972226728515625 0.191301533203125 0.3931852626953125 0.1887991259765625 0.39446522265625 0.1844363896484375 0.4027669091796875 0.1845462880859375 0.4107059736328125 0.189614779296875 0.4187331533203125 0.194838767578125 0.4179413916015625 0.1969366826171875 0.41136450390625
0 0.885240697265625 1 0.88375964453125 0.9961918515625 0.878901076171875 0.990373359375 0.8774968837890625 0.9854981103515625 0.8690416640625 0.972562638671875 0.8623590595703124 0.9574515224609375 0.861925369140625 0.9539168525390626 0.8538478251953125 0.9334899560546875 0.8534895263671874 0.9255465556640625 0.860805302734375 0.9186184912109375 0.8601986318359375 0.9106691923828125 0.855950705078125 0.8982478515625 0.8433636123046875 0.8093912060546875 0.8444018427734375 0.8067620498046875 0.84424577734375 0.80146789453125 0.8397417607421875 0.7894827763671876 0.835858259765625 0.78456425 0.831835662109375 0.7734689189453124 0.8239295361328125 0.7574566240234375 0.824006490234375 0.7530479208984375 0.8305924462890625 0.745225732421875 0.8302187685546875 0.7381634482421875 0.82812638671875 0.730188216796875 0.819777345703125 0.711080220703125 0.8077255009765625 0.69102620703125 0.807057255859375 0.68660449609375 0.80891761328125 0.67958120703125 0.8083109423828125 0.671631908203125 0.8047296982421875 0.6636322509765625 0.7983822666015625 0.6577893330078125 0.7979639833984375 0.6533719853515625 0.7997919912109375 0.648112462890625 0.7990868310546875 0.645895130859375 0.7944751005859375 0.6400809462890625 0.787825412109375 0.63731916015625 0.779750025390625 0.631003826171875 0.7497926357421875 0.5140616240234375 0.75141841015625 0.50615285546875 0.7478371923828125 0.49815163671875 0.7422580576171875 0.490998490234375 0.7354138271484375 0.485146900390625 0.72524603125 0.470857896484375 0.7256236796875 0.4633680341796875 0.7302948271484375 0.451543068359375 0.7299304013671875 0.4440402529296875 0.7197995205078125 0.4275468701171875 0.70133103515625 0.4056149609375 0.6997569326171875 0.39632826171875 0.68982059375 0.3829246826171875 0.688936298828125 0.376734869140625 0.6907489267578125 0.3723564619140625 0.690825853515625 0.3679493212890625 0.6894155341796875 0.3635146572265625 0.6806642119140625 0.353218169921875 0.6703963642578125 0.34466110546875 0.6684738662109375 0.3410988857421875 0.65260837890625 0.326269736328125 0.651693296875 0.321843716796875 0.6520878876953125 0.313472765625 0.6492503076171875 0.3054845263671875 0.641880052734375 0.3013880859375 0.6145007763671875 0.2925307783203125 0.6049765654296875 0.283986693359375 0.6032947763671875 0.2808693681640625 0.599838810546875 0.2799276591796875 0.596203708984375 0.2750134697265625 0.5930099873046875 0.2731933916015625 0.5908906630859375 0.2667616748046875 0.59101762890625 0.259487783203125 0.5896288173828125 0.25373141796875 0.5845064423828125 0.248791267578125 0.576849337890625 0.24689328125 0.5522845458984375 0.2473474482421875 0.5416452041015625 0.2458380986328125 0.5375133037109375 0.2409152373046875 0.537326478515625 0.237383314453125 0.533668279296875 0.2337923603515625 0.5225875576171874 0.2291888984375 0.497013787109375 0.230506837890625 0.49186065234375 0.227328919921875 0.4882178330078125 0.222856849609375 0.483536837890625 0.2210108115234375 0.4440623017578125 0.2229674970703125 0.4365129111328125 0.2148985751953125 0.428113732421875 0.2129876357421875 0.3974428408203125 0.2221537509765625 0.3814080654296875 0.2170231240234375 0.3637490771484375 0.21980129296875 0.35025731640625 0.2252994794921875 0.3398648125 0.2237944384765625 0.2977053583984375 0.251722283203125 0.2874765830078125 0.2550724013671875 0.2473556533203125 0.2940609453125 0.228852037109375 0.3166680185546875 0.2135898447265625 0.3384518486328125 0.1821802255859375 0.389939642578125 0.178298880859375 0.3991326787109375 0.1765176357421875 0.4158588271484375 0.175480994140625 0.418486447265625 0.1727148076171875 0.4206431865234375 0.1670725634765625 0.4170160390625 0.163012056640625 0.42223815625 0.1631681220703125 0.427532310546875 0.1621376083984375 0.4297193466796875 0.16606727734375 0.431992962890625 0.1692055791015625 0.43689848046875 0.168159685546875 0.4399666318359375 0.1666570322265625 0.440821787109375 0.166742271484375 0.450084060546875 0.1684487197265625 0.451878177734375 0.1686186025390625 0.4562911904296875 0.16793098046875 0.4673043046875 0.16610297265625 0.4725638271484375 0.1661574248046875 0.48358989453125 0.164593224609375 0.4879710751953125 0.163805578125 0.50471456640625 0.166836138671875 0.51579258203125 0.1674104873046875 0.5255040849609375 0.167087291015625 0.544020013671875 0.168625044921875 0.5696241884765625 0.1674560302734375 0.579745953125 0.16858103515625 0.58638066015625 0.1679226376953125 0.595629953125 0.170703580078125 0.6494788759765625 0.17070789453125 0.677702 0.1743066767578125 0.698932103515625 0.1751761865234375 0.7201145673828125 0.17933609375 0.7660488515625 0.1831355458984375 0.7899281728515625 0.186865138671875 0.80366410546875 0.1872064677734375 0.81249015625 0.1899286435546875 0.827089888671875 0.1936582373046875 0.8408258212890625 0.199718791015625 0.8488687548828125 0.2110137490234375 0.88390402734375 0.2177348583984375 0.89680923046875 0.23102770703125 0.9309979921875 0.2354464853515625 0.9337208369140625 0.237864248046875 0.9372901396484375 0.2406633515625 0.94748273046875 0.24761591796875 0.961273357421875 0.2506772666015625 0.970587578125 0.254560767578125 0.9755061044921876 0.255924919921875 0.982585677734375 0.259049376953125 0.9883739013671875 0.270355427734375 0.9943033720703125 0.2721157333984375 0.993012021484375 0.6724567314453125 1 0.885240697265625 1