2 0.5563511240234374 0.4969242353515625 0.5546126103515625 0.5074549208984375 0.55527728515625 0.5092855068359375 0.5590334306640625 0.5112469482421875 0.5796487265625 0.5097796337890625 0.5852021142578125 0.5079631943359375 0.587255416015625 0.5057154248046875 0.5854760517578125 0.4985010498046875 0.5780829365234375 0.493594734375 0.56570717578125 0.4930748212890625 0.5563511240234374 0.4969242353515625
2 0.270802470703125 0.3876491513671875 0.26662146875 0.38913506640625 0.2668009228515625 0.39490462890625 0.2740002734375 0.3977863017578125 0.2830397119140625 0.392899947265625 0.2825277822265625 0.389838173828125 0.2792072353515625 0.387931791015625 0.270802470703125 0.3876491513671875
2 0.316786908203125 0.3713064287109375 0.3180561689453125 0.3682130546875 0.31450983984375 0.3645299755859375 0.30660296875 0.36380786328125 0.304172880859375 0.3655087626953125 0.302994259765625 0.3678639296875 0.3057868251953125 0.3704548203125 0.3131053515625 0.372353060546875 0.316786908203125 0.3713064287109375
2 0.113907119140625 0.352141876953125 0.1120210634765625 0.3494119892578125 0.109079044921875 0.3480511162109375 0.1037356640625 0.3481443671875 0.101365939453125 0.349353646484375 0.101819056640625 0.35290723046875 0.1056070302734375 0.3546222763671875 0.1104511552734375 0.3549667568359375 0.113907119140625 0.352141876953125
2 0.0436686259765625 0.2910437294921875 0.039140923828125 0.2917377392578125 0.0382201044921875 0.2956216572265625 0.042792119140625 0.2981823076171875 0.047168626953125 0.2987196748046875 0.050036056640625 0.2970724736328125 0.0487383447265625 0.29316645703125 0.0436686259765625 0.2910437294921875
2 0.2533270625 0.2115883544921875 0.2572361435546875 0.21231705859375 0.258715220703125 0.207502046875 0.2550497158203125 0.2048023994140625 0.2518945888671875 0.205164333984375 0.2510944970703125 0.2080650107421875 0.2533270625 0.2115883544921875
2 0.424550390625 0.5537053173828125 0.42960607421875 0.5523267998046875 0.42965240234375 0.54833393359375 0.4268010244140625 0.5462348544921874 0.4215180078125 0.545836484375 0.4187111318359375 0.5469905146484375 0.41860425 0.5514765517578125 0.42014360546875 0.55341453515625 0.424550390625 0.5537053173828125
2 0.392322380859375 0.6027227666015625 0.394299078125 0.6047144482421875 0.4021455849609375 0.605928181640625 0.4063568642578125 0.604195681640625 0.4077152138671875 0.6003639111328125 0.4048939228515625 0.598019796875 0.399235669921875 0.597074748046875 0.3938016484375 0.597906205078125 0.3923687099609375 0.598729900390625 0.392322380859375 0.6027227666015625
2 0.332013662109375 0.63079944921875 0.3286180615234375 0.633132708984375 0.3279994404296875 0.6345554228515625 0.3310766015625 0.63843119921875 0.3437832861328125 0.6362431318359375 0.34123410546875 0.6316828486328125 0.3378531962890625 0.6302680869140626 0.332013662109375 0.63079944921875
2 0.4695028896484375 0.657926119140625 0.4768071904296875 0.6563246650390625 0.47516296875 0.651625193359375 0.47125562890625 0.65089512890625 0.466953708984375 0.6533658359375 0.4662141708984375 0.655773341796875 0.4695028896484375 0.657926119140625
2 0 0.58947106640625 0.0025982109375 0.58935425390625 0.0055562802734375 0.586968845703125 0.00382141796875 0.583007580078125 0.00000471875 0.5815393095703125 0 0.5815414453125 0 0.58947106640625
2 0.5594505546875 0.4608219228515625 0.5536713837890626 0.4608616650390625 0.5533832216796875 0.466824115234375 0.556671939453125 0.468976892578125 0.5625433017578125 0.468199134765625 0.56494311328125 0.4667448203125 0.5632688046875 0.4622903837890625 0.5594505546875 0.4608219228515625
0 0 0.626360751953125 0.0120684111328125 0.6352441875 0.016217310546875 0.641250833984375 0.0189032685546875 0.641081595703125 0.0256173994140625 0.6479022451171875 0.02466611328125 0.6520342998046875 0.0282409775390625 0.6554721533203125 0.0304147314453125 0.65948730859375 0.029447859375 0.6601179267578124 0.085943958984375 0.69204259375 0.0881606640625 0.6993106669921875 0.092476619140625 0.7003412060546875 0.1508893271484375 0.727503009765625 0.15399657421875 0.7311337509765625 0.1874213203125 0.7447319990234375 0.1974258046875 0.746461001953125 0.2037647841796875 0.7454903564453125 0.2181156904296875 0.74800176171875 0.2239409140625 0.751215318359375 0.22282284765625 0.753077314453125 0.2187643134765625 0.7535786279296876 0.21770680078125 0.754947453125 0.2237415654296875 0.7636855380859375 0.2573173154296875 0.7760539599609375 0.2733567548828125 0.7865194970703125 0.30334186328125 0.7919501796875 0.31002754296875 0.7917714384765625 0.325359546875 0.7971519208984374 0.327245603515625 0.79988180859375 0.3467568681640625 0.8037777353515625 0.3572447470703125 0.808813736328125 0.3743866669921875 0.813915841796875 0.458637685546875 0.8260095400390625 0.5250535732421875 0.8314157724609375 0.5397973173828124 0.830727767578125 0.582670390625 0.832493970703125 0.5872584560546875 0.8313083408203125 0.5988185390625 0.8312274951171875 0.605216330078125 0.8297650390625 0.6121580703125 0.8311164091796875 0.618497048828125 0.830145763671875 0.64546380859375 0.831208859375 0.6729766171875 0.820593640625 0.6833455947265625 0.8193669072265625 0.6813546728515625 0.8138755302734375 0.6761482607421875 0.809237708984375 0.6923267705078126 0.8004800322265625 0.6971118935546875 0.801317875 0.6989963984375 0.804047572265625 0.7118538115234375 0.8078758447265625 0.7145862880859375 0.803712189453125 0.721604251953125 0.8008272099609375 0.7349173486328126 0.786469208984375 0.742014208984375 0.7648510849609375 0.7479223408203125 0.7203487666015626 0.7386959912109375 0.66524172265625 0.7352866298828125 0.6568275712890626 0.73214910546875 0.653443416015625 0.7319093720703125 0.6409208583984375 0.72854633984375 0.62851383984375 0.72821615625 0.6167279384765625 0.709480734375 0.573947662109375 0.70465266015625 0.569856900390625 0.7042619228515625 0.558564169921875 0.7010925712890625 0.5554264091796876 0.6948781611328125 0.5409203125 0.69193843359375 0.5250657470703125 0.68756192578125 0.5245283798828125 0.6855852294921875 0.522536697265625 0.6854661376953125 0.516275513671875 0.682236421875 0.5136293740234374 0.6806525634765626 0.5084382822265625 0.6745269677734375 0.5004399541015625 0.672084669921875 0.4913936328125 0.664419443359375 0.4887034873046875 0.6509755966796875 0.4715607529296875 0.648440642578125 0.4705001640625 0.645740458984375 0.46716970703125 0.6445034912109375 0.46276896875 0.640368626953125 0.460263568359375 0.6376083544921874 0.45017856640625 0.6341684423828124 0.449257166015625 0.6290989990234375 0.439888271484375 0.6247385419921875 0.435604623046875 0.6231548740234375 0.43041198046875 0.617949822265625 0.4257758994140625 0.617526982421875 0.42197573046875 0.606149921875 0.420578802734375 0.60451992578125 0.419379025390625 0.593580755859375 0.4035434658203125 0.58630855859375 0.3976523583984375 0.5822502998046875 0.390907505859375 0.577543142578125 0.385831953125 0.5696808583984375 0.3811183349609375 0.56847416796875 0.3764710107421875 0.5594060888671875 0.3743595263671875 0.5556483916015625 0.3723978935546875 0.55325040625 0.366606232421875 0.54783224609375 0.3636929599609375 0.5452832568359375 0.3591311259765625 0.53806987109375 0.3527482080078125 0.5367436240234374 0.3490874169921875 0.5323228037109375 0.345295388671875 0.5276298720703125 0.34371953125 0.5255164814453125 0.339212755859375 0.521111248046875 0.3389221640625 0.5180325361328125 0.335046197265625 0.51531630078125 0.335462021484375 0.5097184111328125 0.3340253515625 0.4994280546875 0.3237651064453125 0.4969076015625 0.318958046875 0.4916119091796875 0.3150601728515625 0.4902843017578125 0.311397640625 0.48326797265625 0.3070381962890625 0.481126046875 0.3027766455078125 0.3814764794921875 0.238816607421875 0.377960427734375 0.2348869423828125 0.368574564453125 0.2317352255859375 0.36616052734375 0.229689845703125 0.3553241220703125 0.2311079150390625 0.352758890625 0.230293912109375 0.342664041015625 0.22205694921875 0.337247431640625 0.2191438671875 0.33216348828125 0.2135214443359375 0.3241197333984375 0.2102857890625 0.3140248837890625 0.2020488271484375 0.302857830078125 0.1989287109375 0.29876901953125 0.1996766103515625 0.2943925107421875 0.1991392421875 0.1895766416015625 0.1627803251953125 0.1689494111328125 0.146254251953125 0.1576629912109375 0.144119119140625 0.1558214375 0.14464233984375 0.15396383203125 0.148911841796875 0.1503123623046875 0.149713439453125 0.144954755859375 0.1463069951171875 0.1275569658203125 0.139673228515625 0.1247645908203125 0.137080787109375 0.1099923955078125 0.1307694033203125 0.0872654501953125 0.12772858203125 0.0835072880859375 0.133014666015625 0.080851416015625 0.132938869140625 0.077847484375 0.1320694267578125 0.070575095703125 0.1261798701171875 0.0607821689453125 0.122727869140625 0.056270517578125 0.1196755986328125 0.0489201640625 0.11802375390625 0.0469592431640625 0.11953195703125 0.045945767578125 0.131401607421875 0.0435904580078125 0.1361090302734375 0.02640625390625 0.27967869921875 0.0269339599609375 0.286240357421875 0.0175198837890625 0.352052373046875 0.0168510078125 0.3792060703125 0.01392275 0.3885926083984375 0.004159873046875 0.4681048603515625 0.0034467685546875 0.4847592822265625 0.0037631923828125 0.4857977724609375 0.0063602509765625 0.4863653798828125 0.001121271484375 0.4964678359375 0 0.505057869140625 0 0.565533822265625 0.0005953544921875 0.565869490234375 0.001667283203125 0.5679988095703125 0.005574623046875 0.5687288740234375 0.0083509462890625 0.5750675947265625 0.0128483720703125 0.5746201708984375 0.0148856220703125 0.576118681640625 0.0183250693359375 0.584287798828125 0.0134791181640625 0.59118929296875 0.008167564453125 0.5910361484375 0.0065072919921875 0.59008295703125 0.0052193974609375 0.593340912109375 0.0013449169921875 0.5959459619140625 0 0.5958103330078125 0 0.626360751953125
0 1 0.2709972822265625 0.96633760546875 0.2534318759765625 0.9337696845703125 0.2494330380859375 0.8837065625 0.2212467822265625 0.871001353515625 0.2606168662109375 0.8344345947265625 0.2891859482421875 0.814736802734375 0.321400513671875 0.8051058134765625 0.34855419140625 0.80910663671875 0.4057178583984375 0.816154193359375 0.43806787109375 0.8470907861328125 0.4938161328125 0.8987597353515625 0.5473873046875 0.942619443359375 0.574811876953125 0.9912946474609375 0.588659611328125 1 0.517760203125 1 0.2709972822265625
2 0.9021323369140625 0.49427744921875 0.9180217119140625 0.4930799501953125 0.9222384580078125 0.4715584248046875 0.91021247265625 0.4669333505859375 0.901886943359375 0.470633806640625 0.9021323369140625 0.49427744921875
2 0.8272810625 0.385910119140625 0.8278798115234375 0.3938548076171875 0.84668047265625 0.39458900390625 0.835606591796875 0.3822096640625 0.8272810625 0.385910119140625
2 0.9693628076171875 0.4852157373046875 0.975974548828125 0.4954729619140625 0.994965630859375 0.4946563056640625 0.9937681328125 0.4787669296875 0.971865765625 0.4776518916015625 0.9693628076171875 0.4852157373046875
0 0 0.9028756416015625 0.085443275390625 0.9402598740234375 0.0980405234375 0.9402323876953125 0.1003805458984375 0.946816642578125 0.1145286474609375 0.9469795771484375 0.13969565625 0.9343273564453125 0.2331806875 0.87811380859375 0.288956435546875 0.8597744638671875 0.383503517578125 0.8461956396484375 0.427498673828125 0.84687486328125 0.4443401533203125 0.8379230986328124 0.4373475703125 0.8307675810546875 0.328569927734375 0.8063917275390625 0.25766648828125 0.8197251572265625 0.1634452744140625 0.8050077783203125 0.00218401171875 0.7978012578125 0 0.797026623046875 0 0.9028756416015625
2 0.0404115693359375 0.8198115869140625 0.0526279755859375 0.822885806640625 0.06114392578125 0.817634498046875 0.057253048828125 0.8108598212890625 0.0400032412109375 0.8103160458984375 0.0404115693359375 0.8198115869140625
2 0.043650708984375 0.8831786669921875 0.0374747822265625 0.8950142314453124 0.04484820703125 0.89906804296875 0.0510241337890625 0.887232478515625 0.043650708984375 0.8831786669921875