2 0.5445935634765625 0.6689006689453125 0.5411657685546875 0.6529488486328126 0.5353149501953125 0.6452488974609375 0.5317204912109375 0.6429116328125 0.523621626953125 0.639803828125 0.521819255859375 0.63750504296875 0.517468083984375 0.6385095908203124 0.5183052197265625 0.6410312177734375 0.5153744443359375 0.644874951171875 0.5136894375 0.655219115234375 0.5126951240234375 0.67626500390625 0.513004638671875 0.6798144765625 0.514609943359375 0.6812527236328125 0.5202675390625 0.6803987802734375 0.526196185546875 0.6763151484375 0.5378952265625 0.67406803125 0.5445935634765625 0.6689006689453125
2 0.4912972802734375 0.6662723603515625 0.4857269970703125 0.6652956826171875 0.4773673662109375 0.6676778701171875 0.4715988447265625 0.6658425283203125 0.4685251171875 0.6701714794921875 0.46735475390625 0.67722971875 0.470063228515625 0.6856551376953125 0.472547978515625 0.6887008134765625 0.47305725390625 0.69310859765625 0.47490345703125 0.69449283203125 0.4977801064453125 0.6833293359375 0.50115119140625 0.6802883798828125 0.5011378623046875 0.67802877734375 0.49737683984375 0.6716568232421875 0.4912972802734375 0.6662723603515625
2 0.376023662109375 0.6752377529296875 0.37794000390625 0.6802251201171875 0.3872156708984375 0.686228349609375 0.396014087890625 0.6846492900390625 0.399329884765625 0.6802644521484374 0.4058417900390625 0.676498380859375 0.403888505859375 0.664731501953125 0.3927838095703125 0.651910283203125 0.3899708486328125 0.6507492421875 0.3802476318359375 0.6516357744140625 0.376488033203125 0.66291271484375 0.376023662109375 0.6752377529296875
2 0.460179642578125 0.4929022802734375 0.467572515625 0.49074328515625 0.469654349609375 0.482117970703125 0.4659352841796875 0.4748302958984375 0.4584924912109375 0.46795169921875 0.45428579296875 0.4684706767578125 0.4522646142578125 0.4707461640625 0.4491489287109375 0.4759908359375 0.448163474609375 0.48164813671875 0.451344283203125 0.487701828125 0.460179642578125 0.4929022802734375
2 0.554014255859375 0.5531443349609375 0.55870509375 0.5525135849609375 0.564368056640625 0.543965931640625 0.567694138671875 0.5418413994140625 0.56551211328125 0.532390009765625 0.5601454345703125 0.5245782861328125 0.5506524814453125 0.5231489775390625 0.54443828515625 0.5282045673828125 0.5431554736328125 0.5325738720703125 0.5434859287109375 0.5483347353515625 0.554014255859375 0.5531443349609375
2 0.573886421875 0.4892777998046875 0.5743755771484375 0.4814707958984375 0.573340203125 0.4780905048828125 0.5680291640625 0.471624185546875 0.562544669921875 0.4688172353515625 0.55383204296875 0.4685660244140625 0.5476613271484375 0.4727055419921875 0.5414589365234375 0.4800210849609375 0.539550556640625 0.484987029296875 0.54044298046875 0.4888525380859375 0.5445467138671874 0.4955975859375 0.549659515625 0.5012052421875 0.55251630859375 0.5014517333984375 0.5621823642578125 0.4992201494140625 0.5653365146484375 0.5007546357421875 0.5705972822265625 0.4981818427734375 0.573886421875 0.4892777998046875
2 0.6012721865234375 0.79202196875 0.5978458154296875 0.79371904296875 0.5949836552734376 0.8011662607421876 0.5963590478515625 0.80492187109375 0.5995265263671875 0.8087159599609375 0.6051406416015624 0.8087780888671875 0.609142310546875 0.7974452626953125 0.6055360458984375 0.7928480439453125 0.6012721865234375 0.79202196875
2 0.5092463583984375 0.9082971513671875 0.512586939453125 0.90843034765625 0.513824748046875 0.904977466796875 0.5143749091796875 0.890822158203125 0.51255276953125 0.876310107421875 0.50699429296875 0.8775933828125 0.5032515166015625 0.8834350458984375 0.501684326171875 0.888774435546875 0.502442111328125 0.90307999609375 0.5044442431640624 0.9062370927734374 0.5092463583984375 0.9082971513671875
2 0.4661309736328125 0.7788758173828125 0.47030716796875 0.7815309921875 0.47489888671875 0.78047091015625 0.47209164453125 0.7716176826171876 0.468014216796875 0.7693903173828125 0.4661931494140625 0.772525638671875 0.4657341455078125 0.7771569677734375 0.4661309736328125 0.7788758173828125
2 0.3754330908203125 0.5260436416015625 0.3713121826171875 0.5247323486328125 0.370000390625 0.5322754541015625 0.37180276171875 0.5345742392578124 0.376264859375 0.536258978515625 0.377813353515625 0.5363536953125 0.378625705078125 0.5343572880859375 0.3778758818359375 0.5300050390625 0.3754330908203125 0.5260436416015625
2 0.5971018349609375 0.599760572265625 0.5983239912109375 0.6017410947265625 0.601806353515625 0.601390947265625 0.6037265400390625 0.59868495703125 0.602734646484375 0.59438859375 0.6001637548828125 0.593171666015625 0.5984284775390625 0.5944767177734375 0.5971018349609375 0.599760572265625
2 0.40830343359375 0.4423368359375 0.4095751103515625 0.447845072265625 0.412665689453125 0.4471315556640625 0.411394013671875 0.4416233193359375 0.40830343359375 0.4423368359375
2 0.42393714453125 0.4336344755859375 0.4253585537109375 0.4397912763671875 0.429341291015625 0.4388717890625 0.4279198818359375 0.43271498828125 0.42393714453125 0.4336344755859375
2 0.534764990234375 0.8073956083984375 0.5365305048828125 0.815042890625 0.541900197265625 0.81380319921875 0.54013468359375 0.8061559169921875 0.534764990234375 0.8073956083984375
2 0.5153663115234375 0.877418095703125 0.5176980693359375 0.88751805078125 0.52497691796875 0.885837595703125 0.52264516015625 0.8757376416015625 0.5153663115234375 0.877418095703125
2 0.43460474609375 0.9223608115234375 0.4370765185546875 0.9231484072265626 0.4394754775390625 0.9280243544921875 0.4429166025390625 0.94623577734375 0.444776134765625 0.9498796142578125 0.44801607421875 0.9495838310546875 0.4523539169921875 0.946319681640625 0.4532822099609375 0.939317328125 0.4557170390625 0.9333254130859375 0.45036753515625 0.9200799345703125 0.44619098828125 0.9174232373046876 0.4344488173828125 0.92058794921875 0.43460474609375 0.9223608115234375
2 0.505203927734375 0.7562790361328126 0.5007116796875 0.7577699716796875 0.499722380859375 0.7711206298828125 0.5003425830078125 0.7782177001953124 0.50190440625 0.78057201953125 0.507932171875 0.776917720703125 0.5118785537109375 0.76424101171875 0.5105035126953125 0.760486923828125 0.505203927734375 0.7562790361328126
2 0.632582259765625 0.565437001953125 0.634179060546875 0.5723535068359376 0.6358811630859375 0.5719605458984375 0.6342843623046875 0.565044041015625 0.632582259765625 0.565437001953125
2 0.63631346484375 0.5723049384765625 0.6372617744140625 0.5764125166015625 0.638644162109375 0.5760933681640625 0.6376958525390625 0.5719857890625 0.63631346484375 0.5723049384765625
2 0.5597876708984375 0.3926669482421875 0.561866359375 0.4016707373046875 0.563863818359375 0.401209587890625 0.5617851298828125 0.392205798828125 0.5597876708984375 0.3926669482421875
2 0.5552203603515625 0.3481214208984375 0.5571879794921875 0.3566441142578125 0.558838318359375 0.356263103515625 0.55687069921875 0.34774041015625 0.5552203603515625 0.3481214208984375
2 0.4757561630859375 0.33296796875 0.477109033203125 0.3388278916015625 0.4800458447265625 0.338149875 0.4786929755859375 0.3322899521484375 0.4757561630859375 0.33296796875
2 0.4903760966796875 0.5931283427734375 0.49274054296875 0.6033698857421875 0.49828683984375 0.6020894228515625 0.4959223935546875 0.5918478798828125 0.4903760966796875 0.5931283427734375
2 0.6529055830078125 0.635296365234375 0.6546911318359375 0.643030427734375 0.657858611328125 0.6468245166015625 0.6610127607421875 0.64835900390625 0.663701115234375 0.644569634765625 0.662788923828125 0.628490859375 0.66458485546875 0.6208359814453125 0.66434780078125 0.61319663671875 0.662463484375 0.6050347646484375 0.654843392578125 0.609508896484375 0.65235175390625 0.61415728125 0.6529055830078125 0.635296365234375
0 0.4946189375 1 0.5018108994140625 0.9720073408203125 0.504028794921875 0.970590869140625 0.5084829296875 0.962322296875 0.51062005078125 0.95504086328125 0.5182969521484375 0.95191026171875 0.535008251953125 0.93719257421875 0.5500449287109375 0.917430109375 0.5538566728515625 0.915193453125 0.559958421875 0.9074489296875 0.561357525390625 0.898075201171875 0.5711985576171875 0.89218389453125 0.57715735546875 0.8849245888671875 0.5819412236328125 0.8747710302734375 0.5942270185546875 0.865146591796875 0.598545091796875 0.84966917578125 0.6080617568359376 0.837969146484375 0.63683298046875 0.7729525322265625 0.65855788671875 0.7027746494140625 0.658339529296875 0.6897011982421875 0.6611273544921875 0.6863426826171874 0.6622424296875 0.6779405615234375 0.662296919921875 0.60100007421875 0.6609943408203125 0.59315611328125 0.6578283837890625 0.5893616728515625 0.656313884765625 0.5783979228515626 0.652341294921875 0.5689077021484376 0.647339869140625 0.5483416083984375 0.64438932421875 0.539972076171875 0.6433841015625 0.5334161103515624 0.6193229638671875 0.4710938740234375 0.588117912109375 0.4031806845703125 0.58014070703125 0.387374748046875 0.57741541015625 0.3843846064453125 0.5732865400390625 0.373120001953125 0.55854212890625 0.341227173828125 0.550690701171875 0.3303697744140625 0.5449203056640625 0.3285332607421875 0.5270375703125 0.3326618154296875 0.524169322265625 0.330156892578125 0.495931712890625 0.325816478515625 0.47110821875 0.3351667587890625 0.447259796875 0.3542486796875 0.4254504482421875 0.383267208984375 0.424552306640625 0.38709388671875 0.414497736328125 0.3975614560546875 0.4112943876953125 0.404635228515625 0.402458578125 0.4170825009765625 0.400136548828125 0.4257648720703125 0.3958978251953125 0.429458353515625 0.3913445712890625 0.4372975947265625 0.388092375 0.4529811484375 0.3856880478515625 0.45579891015625 0.3836500458984375 0.4635096748046875 0.3815312705078125 0.465355478515625 0.3814824228515625 0.4739652607421875 0.37344823046875 0.4998035439453125 0.3645648212890625 0.5814972431640625 0.36353553515625 0.5880690927734376 0.3619988466796875 0.590234330078125 0.3646650126953125 0.599573947265625 0.3652852138671875 0.6066710166015625 0.3666049677734375 0.60908122265625 0.3655642265625 0.6133946416015625 0.3659198173828125 0.6336750615234376 0.3768105263671875 0.6687202666015625 0.3785522431640625 0.67736887890625 0.3788442333984375 0.6863505830078125 0.3764532353515625 0.6914279482421875 0.37759988671875 0.697499046875 0.3763738857421875 0.7032118818359375 0.3788733876953125 0.7261660556640624 0.3774476259765625 0.731020578125 0.3785027685546875 0.746614134765625 0.3800779208984375 0.751228056640625 0.3800462470703125 0.7544040830078125 0.3833681328125 0.75997138671875 0.3864311259765625 0.771029853515625 0.3864257587890625 0.7787235625 0.3904539873046875 0.7895591865234375 0.3885761103515625 0.791350978515625 0.3887320390625 0.79312383984375 0.3911615009765625 0.794825634765625 0.391043685546875 0.7998304091796875 0.396696265625 0.806671697265625 0.397644328125 0.8118826103515625 0.4028098798828125 0.815516884765625 0.4042884501953125 0.82301873828125 0.403351927734375 0.8259498466796875 0.4007744140625 0.826544912109375 0.4002178134765625 0.83074655859375 0.4032541484375 0.8372858203125 0.4070906767578125 0.8395671982421875 0.40795142578125 0.8466087333984375 0.412304021484375 0.8632530810546875 0.4438833603515625 0.9460125830078125 0.4438951669921875 0.948272537109375 0.450599943359375 0.9530588388671875 0.4537437109375 0.969982265625 0.45716506640625 0.975980423828125 0.4594210751953125 0.981341587890625 0.4605677265625 0.9874126875 0.46398873046875 0.993409322265625 0.4646527646484375 0.999591841796875 0.46494580859375 1 0.4946189375 1
2 0.8882902080078126 0.408997892578125 0.889796744140625 0.4100083310546875 0.894388462890625 0.4089482490234375 0.894306517578125 0.403085162109375 0.8916784658203125 0.400523181640625 0.8883512138671875 0.402649587890625 0.8877946123046875 0.4068512333984375 0.8882902080078126 0.408997892578125
2 0.95342446484375 0.37359794921875 0.9512755380859375 0.3786194287109375 0.952025361328125 0.382971677734375 0.9573920390625 0.3907834013671875 0.9627770625 0.3931594970703125 0.9683355390625 0.3918762216796875 0.968811716796875 0.38181113671875 0.96171011328125 0.375305986328125 0.95342446484375 0.37359794921875
0 0.88271566015625 0.173166935546875 0.8797906025390625 0.169318482421875 0.834883029296875 0.143484939453125 0.824911302734375 0.1344736943359375 0.8151076630859375 0.1294967880859375 0.81145756640625 0.1258141201171875 0.794750560546875 0.1151907265625 0.7807284169921875 0.10847284375 0.7633588017578125 0.1093158251953125 0.7418141630859375 0.1075017568359375 0.726835544921875 0.103267373046875 0.71506941015625 0.1019106552734375 0.7018641826171875 0.103148857421875 0.6984812919921874 0.103929859375 0.69631903515625 0.1066917353515625 0.68581584375 0.106401693359375 0.683157640625 0.1070153876953125 0.6809515517578125 0.110691814453125 0.660837943359375 0.1139787607421875 0.6523925224609375 0.1181912197265625 0.636399470703125 0.1227879365234375 0.6293611162109375 0.1275799794921875 0.620122390625 0.12835626171875 0.599160912109375 0.1445089990234375 0.598832701171875 0.1463936337890625 0.60419937890625 0.1542053583984375 0.6069685078125 0.15628094921875 0.611802296875 0.1551649814453125 0.6128879423828125 0.167584384765625 0.6155846103515625 0.173749849609375 0.6277555361328125 0.1867787294921875 0.62758208203125 0.190438099609375 0.62258851953125 0.1974745634765625 0.6216030654296875 0.20313186328125 0.617675380859375 0.2103744658203125 0.6144415283203125 0.2206223896484375 0.613439251953125 0.2317149677734375 0.60966095703125 0.2484260146484375 0.61060901953125 0.253636927734375 0.6002247158203124 0.265989482421875 0.5943463408203125 0.2791122265625 0.58559784375 0.289728876953125 0.5817505810546875 0.3028349169921875 0.587582703125 0.3159689755859375 0.592100439453125 0.3189991181640625 0.6023260419921875 0.3302144306640625 0.6046998662109375 0.3305708212890625 0.6096948515625 0.341183251953125 0.6235873740234374 0.350645955078125 0.6304602373046875 0.3594665947265625 0.6396501142578125 0.3673000947265625 0.646343435546875 0.3698279638671875 0.6494670830078125 0.374536603515625 0.665479904296875 0.3821531513671875 0.6695081328125 0.3929887763671875 0.689771130859375 0.3991702744140625 0.70230194140625 0.4071384931640625 0.705059263671875 0.4069541298828125 0.7052880048828125 0.4046386416015625 0.7084303486328125 0.403913173828125 0.71188220703125 0.4067371787109375 0.7149791962890625 0.40692661328125 0.7181905078125 0.40980615234375 0.7179297412109376 0.4152961455078125 0.71871123828125 0.4164723681640625 0.7229735751953125 0.417298794921875 0.7356390234375 0.4148269609375 0.7384653134765625 0.41824760546875 0.7401513916015625 0.4255508134765625 0.7392349052734375 0.4348131201171875 0.7437275048828125 0.43332370703125 0.756486705078125 0.4389749140625 0.7615610419921875 0.4378034111328125 0.81500823828125 0.4498998125 0.8187746279296875 0.4485780576171875 0.820777111328125 0.451736677734375 0.829960548828125 0.449616513671875 0.8420808515625 0.4536047568359375 0.8446097841796875 0.45573740625 0.8560915400390625 0.4580642080078125 0.86022577734375 0.4616351044921875 0.86472983203125 0.4624041220703125 0.890017248046875 0.45837652734375 0.89322820703125 0.4612545439453125 0.8975896630859375 0.462510302734375 0.9089604931640625 0.4621478193359375 0.934875 0.4575232333984375 0.9445715576171875 0.45211749609375 0.9508848740234375 0.44749123828125 0.9534744609375 0.4432740595703125 0.964423328125 0.436673169921875 0.9677257958984375 0.4300287294921875 0.9708243076171875 0.4302178125 0.9721627568359374 0.427193912109375 0.9778928134765625 0.4222500947265625 0.9863385859375 0.4180391591796875 0.9904225517578125 0.41257094140625 0.9913162314453124 0.412364619140625 0.9514440087890625 0.2396590478515625 0.9452087861328125 0.2365732021484375 0.9421709287109375 0.2300342919921875 0.9305077578125 0.221413548828125 0.9057141435546875 0.1922945810546875 0.89002918359375 0.182791875 0.8842911640625 0.177782380859375 0.88271566015625 0.173166935546875
2 0.9461608798828125 0.411838568359375 0.9484142568359375 0.421599015625 0.9542254609375 0.4202573935546875 0.951972083984375 0.4104969453125 0.9461608798828125 0.411838568359375
2 0.915988845703125 0.288574357421875 0.9181750888671875 0.2980440166015625 0.923409283203125 0.296835607421875 0.9212230400390625 0.2873659482421875 0.915988845703125 0.288574357421875
2 0.761942197265625 0.2689797939453125 0.7634268740234375 0.2754106357421875 0.767749119140625 0.274412767578125 0.7662644423828125 0.2679819248046875 0.761942197265625 0.2689797939453125
2 0.7668990625 0.25776961328125 0.7682579072265625 0.2636554169921875 0.771820447265625 0.262832939453125 0.7704616025390625 0.2569471357421875 0.7668990625 0.25776961328125
2 0.882428455078125 0.5379608759765625 0.88187033203125 0.542162873046875 0.889698146484375 0.548500365234375 0.893960482421875 0.549326791015625 0.9003865986328125 0.547390990234375 0.904383251953125 0.5437533955078125 0.904754943359375 0.5409526884765625 0.8966477646484375 0.5278900498046875 0.8876564775390625 0.520916736328125 0.8836731533203125 0.52681393359375 0.8811140693359375 0.5278569599609375 0.882428455078125 0.5379608759765625
2 0.87882890625 0.4826803232421875 0.8866300615234375 0.4844986103515625 0.89122178125 0.4834385283203125 0.890731201171875 0.4735966376953125 0.8888163818359375 0.4686089189453125 0.8707655595703125 0.468703134765625 0.8722972314453125 0.4742331298828125 0.87882890625 0.4826803232421875
2 0.9285530947265624 0.512831654296875 0.926985904296875 0.51817104296875 0.9301296708984375 0.535094470703125 0.9327135400390625 0.538569478515625 0.94601099609375 0.5454546689453125 0.9504178056640625 0.5457955263671875 0.9531617998046875 0.543351560546875 0.9538613515625 0.5386646962890626 0.9522625849609375 0.5295308662109375 0.9481588515625 0.522785818359375 0.934395951171875 0.5105782939453125 0.932505916015625 0.5101086083984375 0.9285530947265624 0.512831654296875
2 0.9624991982421875 0.464721763671875 0.9583782900390625 0.463410470703125 0.954877583984375 0.4691962470703125 0.9544887177734375 0.477430708984375 0.9556220400390625 0.4812422060546875 0.9666542763671875 0.4981532978515625 0.970973421875 0.5003232548828125 0.9753787099609375 0.500664462890625 0.9760915908203125 0.4982372021484375 0.9740521650390624 0.4882990712890625 0.968188369140625 0.4783410400390625 0.966644890625 0.470551091796875 0.964884828125 0.4673381083984375 0.9624991982421875 0.464721763671875
0 1 0.449978150390625 0.9920104169921875 0.4153714638671875 0.9847039501953125 0.419773189453125 0.97026618359375 0.434419810546875 0.9624040224609375 0.438949828125 0.9619027080078125 0.44449535546875 0.937588490234375 0.4582534208984375 0.9270324697265625 0.46159650390625 0.9191663271484375 0.4611498662109375 0.8972751318359375 0.4666560625 0.89087951953125 0.4654177109375 0.8865298701171875 0.46642190625 0.878530125 0.46374343359375 0.8764117001953124 0.465590759765625 0.8659637958984375 0.4666445986328125 0.859314306640625 0.4632021796875 0.8495491318359375 0.4650044326171875 0.8294538681640625 0.46285575 0.821651189453125 0.4610378154296875 0.817760544921875 0.457410681640625 0.8131131875 0.457125359375 0.807472765625 0.4525455478515625 0.7994863486328125 0.452126677734375 0.7921979619140626 0.447021294921875 0.780388345703125 0.4465806494140625 0.7747056142578125 0.4429150361328125 0.766419966796875 0.4412069990234375 0.764375525390625 0.4389641005859375 0.7442234521484375 0.4354718876953125 0.737945302734375 0.4292272392578125 0.72569537890625 0.42798381640625 0.7264333955078125 0.430076111328125 0.7286642685546875 0.4309177197265625 0.7297419521484375 0.4333838125 0.7661872822265625 0.468865091796875 0.8035872119140625 0.5018617021484375 0.8073917158203125 0.507317583984375 0.81181033203125 0.50991839453125 0.8387543955078125 0.5340155322265625 0.86162675 0.5481931181640625 0.8643116123046874 0.5520986279296874 0.870972908203125 0.557801001953125 0.882597615234375 0.5596425859375 0.8938067978515625 0.565199427734375 0.898015369140625 0.56468162109375 0.900505486328125 0.560033587890625 0.91284307421875 0.5594479111328124 0.9679245546875 0.569808759765625 1 0.565007603515625 1 0.449978150390625
0 0 0.3999250458984375 0.0063540830078125 0.403895517578125 0.014082857421875 0.3956967890625 0.021578615234375 0.400380658203125 0.0755674501953125 0.3911235537109375 0.097815826171875 0.3555187080078125 0.1290824140625 0.3242462451171875 0.1419610947265625 0.2827865634765625 0.151670525390625 0.165085751953125 0.12613834765625 0.1517371181640625 0.10587454296875 0.11953258203125 0.07038620703125 0.09084290625 0 0.1056020625 0 0.3999250458984375
0 0.3257647802734375 0.828873400390625 0.3822159765625 0.851119818359375 0.39943095703125 0.842334626953125 0.3827965634765625 0.7980669736328125 0.3738909453125 0.745600591796875 0.373768560546875 0.6895028408203125 0.35794973046875 0.600146095703125 0.3155501416015625 0.55541240625 0.2739719921875 0.5281286748046875 0.265540244140625 0.5332824970703125 0.2633167783203125 0.5514354267578125 0.2537140634765625 0.5584631884765625 0.2480942041015625 0.5757966376953125 0.252671357421875 0.6789739296875 0.279733822265625 0.7753564775390624 0.3088993271484375 0.8183346953125 0.3257647802734375 0.828873400390625
0 0.272941037109375 0.773717515625 0.244002673828125 0.6553176494140625 0.234164982421875 0.6543816591796875 0.1957580419921875 0.72418540625 0.17655261328125 0.7382409306640625 0.1500883623046875 0.7764226875 0.10430021484375 0.8142549169921875 0.0620230107421875 0.825618978515625 0.095062697265625 0.96872958203125 0.1003330283203125 0.9707200302734375 0.1399168125 0.9615813935546875 0.19437168359375 0.92655909375 0.243437755859375 0.8751412939453125 0.256786390625 0.8496091171875 0.272941037109375 0.773717515625
0 0.17757769140625 0.4301130400390625 0.1198351025390625 0.37448916015625 0.0613973759765625 0.3992057734375 0.0681451240234375 0.4200983349609375 0.013383802734375 0.43434458203125 0.007528966796875 0.4437142783203125 0.0108088505859375 0.45097505859375 0.076981228515625 0.4805987666015625 0.148889974609375 0.4864477265625 0.18613182421875 0.48105696875 0.1977249873046875 0.468758875 0.1952645849609375 0.4581017021484375 0.17757769140625 0.4301130400390625
0 0.1331856953125 0.36980333203125 0.1487617138671875 0.36781092578125 0.1530960556640625 0.3796390654296875 0.1585994052734375 0.368746916015625 0.1470023251953125 0.3393523095703125 0.1286144189453125 0.3291650908203125 0.105896087890625 0.348842431640625 0.118778685546875 0.3490754501953125 0.1331856953125 0.36980333203125
0 0.69944920703125 0.5373407314453125 0.6723926181640625 0.503497232421875 0.6467478486328125 0.53828259765625 0.6637356865234375 0.604919052734375 0.66280753125 0.69814214453125 0.6390406181640625 0.7757911767578125 0.5999326640625 0.8633963671875 0.605321462890625 0.8797918671875 0.6402252958984375 0.9198416875 0.6511194033203125 0.94619138671875 0.671264740234375 0.9639908720703125 0.680985921875 0.9713681611328125 0.7403615986328125 0.9576602060546875 0.7507837939453125 0.9472360517578124 0.7751391279296875 0.899919576171875 0.7815725927734375 0.8166506845703125 0.770556099609375 0.7342032333984375 0.7439616298828124 0.63290183984375 0.69944920703125 0.5373407314453125
2 0.2051316552734375 0.7717329423828125 0.20876106640625 0.759669826171875 0.201379859375 0.72769830859375 0.188499220703125 0.7483116396484375 0.1952939638671875 0.7707969521484375 0.2051316552734375 0.7717329423828125
2 0.348595703125 0.7610620595703125 0.3535125908203125 0.740683705078125 0.33828805859375 0.7441985654296875 0.33547812890625 0.7528652890625 0.340631951171875 0.761297037109375 0.348595703125 0.7610620595703125
2 0.3707275712890625 0.7318985126953125 0.371428583984375 0.7140970693359375 0.3532756552734375 0.7118736025390625 0.34847527734375 0.7258106591796875 0.3544485810546875 0.730846013671875 0.3707275712890625 0.7318985126953125
2 0.3536212646484375 0.650857005859375 0.34554100390625 0.6575332822265625 0.35526414453125 0.6857569208984375 0.363227896484375 0.6855219443359375 0.369082732421875 0.676152248046875 0.36521638671875 0.6594052626953125 0.3536212646484375 0.650857005859375
2 0.318837859375 0.6460585869140625 0.311695546875 0.663743521484375 0.31439092578125 0.6823644462890625 0.3200127431640625 0.68587734765625 0.3280930048828125 0.6792010712890625 0.3284425322265625 0.6598771748046875 0.318837859375 0.6460585869140625
2 0.3036094091796875 0.6078807470703125 0.3166085166015625 0.6016724658203125 0.305481390625 0.5882053642578124 0.30044603515625 0.59417866796875 0.3036094091796875 0.6078807470703125
2 0.3368801552734375 0.71726240234375 0.3433214541015625 0.7173789111328125 0.3491762900390625 0.70800921484375 0.338400650390625 0.69606456640625 0.3368801552734375 0.71726240234375
2 0.1102225947265625 0.277285171875 0.118654341796875 0.2721313486328125 0.1109236083984375 0.259483728515625 0.101788888671875 0.26159264453125 0.10460077734375 0.27377226953125 0.1102225947265625 0.277285171875
2 0.1315369404296875 0.2723643671875 0.1417261171875 0.274822810546875 0.1431301025390625 0.2600662734375 0.13294092578125 0.257607830078125 0.1315369404296875 0.2723643671875
2 0.14359809765625 0.255147427734375 0.148281966796875 0.2476516708984375 0.1420736865234375 0.234652564453125 0.133290453125 0.23828393359375 0.135634345703125 0.2553824052734375 0.14359809765625 0.255147427734375
2 0.0712056875 0.087446513671875 0.0514137958984375 0.09201583203125 0.055750095703125 0.1246903212890625 0.0709746279296875 0.1211754609375 0.0707396513671875 0.113211708984375 0.0799908798828125 0.104661494140625 0.0712056875 0.087446513671875
2 0.0286005009765625 0.347444322265625 0.035509794921875 0.3426419853515625 0.02567014453125 0.3208596455078125 0.0172383974609375 0.3260134677734375 0.0229786826171875 0.3439314208984375 0.0286005009765625 0.347444322265625
2 0.0361001748046875 0.393820890625 0.047928314453125 0.3894865498046875 0.0462873935546875 0.375432984375 0.02989189453125 0.3808217841796875 0.0361001748046875 0.393820890625
2 0.0645548740234375 0.350368802734375 0.0658423505859375 0.342053564453125 0.057995107421875 0.3358472421875 0.0503828408203125 0.337604671875 0.0535462158203125 0.3513067509765625 0.0645548740234375 0.350368802734375
2 0.095339755859375 0.1780907353515625 0.102952021484375 0.1763333046875 0.09756322265625 0.1599378056640625 0.0905374189453125 0.17118144140625 0.095339755859375 0.1780907353515625
2 0.0152322802734375 0.164513 0.027295396484375 0.16814241015625 0.0340862236328125 0.1489350224609375 0.0158167841796875 0.1531528544921875 0.0152322802734375 0.164513
2 0.07766853125 0.316872873046875 0.0804784609375 0.3082061484375 0.07040579296875 0.29930640625 0.0653704375 0.3052797099609375 0.071227232421875 0.31675636328125 0.07766853125 0.316872873046875
2 0.046625169921875 0.2310309873046875 0.0599757626953125 0.22634516015625 0.0458037294921875 0.2135810302734375 0.0418228330078125 0.224121693359375 0.046625169921875 0.2310309873046875
2 0 0.3606829287109375 0.0075211328125 0.36032887890625 0.01115054296875 0.34826576171875 0 0.3500689453125 0 0.3606829287109375
2 0.1944098486328125 0.086263794921875 0.1946428671875 0.0733811962890625 0.1766064462890625 0.064716431640625 0.1767249140625 0.079121482421875 0.1864460966796875 0.086498771484375 0.1944098486328125 0.086263794921875
2 0.21162874609375 0.119171302734375 0.21912450390625 0.123855171875 0.221582947265625 0.113665994140625 0.213267708984375 0.112378517578125 0.21162874609375 0.119171302734375
2 0.44997815234375 0 0.4365944619140625 0.0030898681640625 0.4343709951171875 0.0212427978515625 0.4679912685546875 0.111300556640625 0.4778270009765625 0.0913901962890625 0.477238580078125 0.0610576416015625 0.4881287705078125 0.0457146416015625 0.4781706533203125 0.00952725 0.467592533203125 0 0.44997815234375 0
2 0.14970162109375 0.39966593359375 0.1566109150390625 0.39486359765625 0.1489966904296875 0.375774677734375 0.140564943359375 0.3809285 0.14970162109375 0.39966593359375
2 0.0732313916015625 0.4574104814453125 0.080140685546875 0.4526081455078125 0.074635376953125 0.4426539443359375 0.065032662109375 0.44968170703125 0.0732313916015625 0.4574104814453125
2 0.67570971484375 0.9068386630859375 0.654160392578125 0.90379571484375 0.655449828125 0.9163268271484375 0.67570971484375 0.9068386630859375
2 0.631675080078125 0.910590458984375 0.63940385546875 0.9023917294921875 0.630267177734375 0.8836542958984375 0.6172680703125 0.889862576171875 0.6241793232421875 0.90590658984375 0.631675080078125 0.910590458984375
2 0.6946880009765625 0.968204787109375 0.686957267578125 0.955557166015625 0.6799314638671875 0.9668008017578125 0.6946880009765625 0.968204787109375
2 0.728180013671875 0.9396257451171875 0.7268905791015625 0.9270946328125 0.7178723681640625 0.92276225 0.7157654111328124 0.934473880859375 0.723612654296875 0.940680203125 0.728180013671875 0.9396257451171875
2 0.678981763671875 0.83071404296875 0.6938548095703125 0.8256767294921875 0.6850696181640625 0.8084617490234375 0.67816032421875 0.8132640859375 0.678981763671875 0.83071404296875
0 0.259531685546875 0.1530128427734375 0.1853896796875 0.0610850615234375 0.1747325068359375 0.0635454638671875 0.1783658349609375 0.093175046875 0.2166680185546875 0.15489069921875 0.233416962890625 0.171870703125 0.252389373046875 0.17069777734375 0.259531685546875 0.1530128427734375
2 0.2179868330078125 0.480117060546875 0.19807647265625 0.470281328125 0.1825024130859375 0.4931200849609375 0.185430810546875 0.498858412109375 0.192808099609375 0.4891372294921875 0.2197442626953125 0.4877293271484375 0.2179868330078125 0.480117060546875
0 1 0.56822306640625 0.9861482021484375 0.570574263671875 0.861771115234375 0.5527845712890626 0.8422122412109375 0.5444712919921875 0.8333124990234375 0.5545439599609375 0.839520779296875 0.5675430673828125 0.83776530859375 0.5807771513671875 0.848072953125 0.5976406455078125 0.9338100810546875 0.6981166826171875 0.9707024033203125 0.7120498212890625 0.9832335146484374 0.71076038671875 1 0.697653009765625 1 0.56822306640625
2 0.9862725458984375 0.6475183642578125 0.990604927734375 0.638500154296875 0.98146825 0.619762720703125 0.973739474609375 0.62796144921875 0.97983124609375 0.64740185546875 0.9862725458984375 0.6475183642578125
2 0.9485607421875 0.6369816181640625 0.943756447265625 0.6092259736328125 0.9294679052734375 0.602903142578125 0.9327497470703126 0.6310102734375 0.9409484755859375 0.6387390478515625 0.9485607421875 0.6369816181640625
2 0.9521960283203125 0.6874575517578125 0.9606277763671875 0.682303728515625 0.9504366396484375 0.658998935546875 0.94563626171875 0.6729359912109375 0.9521960283203125 0.6874575517578125
2 1 0.5690851767578124 0.9879056318359375 0.578186529296875 0.9937624267578125 0.58966318359375 1 0.58552584375 1 0.5690851767578124
2 0.8399907333984376 0.5834705712890625 0.84842248046875 0.5783167490234375 0.8372953544921875 0.564849646484375 0.831908513671875 0.5693004970703125 0.834368916015625 0.579957669921875 0.8399907333984376 0.5834705712890625
2 0.8725487138671875 0.5855755703125 0.88320588671875 0.58311516796875 0.8883577509765626 0.5707005654296875 0.8621226015625 0.5543070244140625 0.8725487138671875 0.5855755703125