2 0.4386084814453125 0.45720071875 0.439417751953125 0.4438490849609375 0.44258822265625 0.4337053486328125 0.4437582216796875 0.4222338623046875 0.441161255859375 0.4153705048828125 0.437133876953125 0.410457044921875 0.42659915625 0.4158821806640625 0.4241141943359375 0.4144514501953125 0.4222587529296875 0.4172135400390625 0.4196500302734375 0.4175599775390625 0.4101761572265625 0.4430424130859375 0.4139983271484375 0.463237779296875 0.4163859619140625 0.468703638671875 0.4197759267578125 0.4730311435546875 0.427663734375 0.472904275390625 0.4386084814453125 0.45720071875
2 0.3772950048828125 0.3639303740234375 0.3782594697265625 0.3677423232421875 0.3800172587890625 0.369016890625 0.3816236513671875 0.36980880859375 0.3848755048828125 0.3664441943359375 0.3887416484375 0.3577997333984375 0.3901489384765625 0.3499840341796875 0.387091740234375 0.3452783896484375 0.3814798896484375 0.3454369599609375 0.3782231982421875 0.3524090888671875 0.3772950048828125 0.3639303740234375
2 0.3692916142578125 0.419477080078125 0.3691954912109375 0.4235140625 0.3712163564453125 0.4307054345703125 0.3729741455078125 0.431980001953125 0.3774383095703125 0.4288714755859375 0.3800530732421875 0.4249193779296875 0.3808778984375 0.4210388828125 0.3803718134765625 0.415070423828125 0.3790387265625 0.4129851923828125 0.37267326953125 0.4107296376953125 0.3692916142578125 0.419477080078125
2 0.458398189453125 0.4690699130859375 0.46237182421875 0.46946406640625 0.467025251953125 0.4618878857421875 0.4682547119140625 0.45133157421875 0.466206208984375 0.4418803857421875 0.4623518232421875 0.4433150517578125 0.46073971484375 0.4461272666015625 0.4574715908203125 0.4603076611328125 0.457250177734375 0.4661214853515625 0.458398189453125 0.4690699130859375
2 0.4979614208984375 0.6217252060546875 0.4948068955078125 0.6210546904296875 0.4908230322265625 0.62787065625 0.49144716015625 0.63566608203125 0.49572358984375 0.637025533203125 0.497728576171875 0.6347472958984375 0.49941069921875 0.625638607421875 0.4979614208984375 0.6217252060546875
2 0.3604366923828125 0.867911978515625 0.35932648046875 0.8802971103515626 0.3616486123046875 0.88845345703125 0.3669534814453125 0.890934044921875 0.3695958818359375 0.8892417626953125 0.3720913974609375 0.883460845703125 0.372712607421875 0.8745787197265625 0.3712417333984375 0.8647998408203125 0.3694566328125 0.8612639287109375 0.365057970703125 0.86168196875 0.3604366923828125 0.867911978515625
2 0.51754797265625 0.588023515625 0.519921255859375 0.58402008984375 0.5198398740234375 0.577240966796875 0.5180559755859375 0.5737069091796875 0.5140778291015625 0.5769187421875 0.5119739873046875 0.583231783203125 0.5134842548828125 0.58806068359375 0.5149987109375 0.589285126953125 0.51754797265625 0.588023515625
2 0.5042999248046875 0.3485548779296875 0.5078632744140625 0.3389451181640625 0.5078155703125 0.330820150390625 0.503783677734375 0.32951267578125 0.4994375576171875 0.334448169921875 0.4962406533203125 0.342333943359375 0.4967470625 0.3483008740234375 0.499475033203125 0.3497832568359375 0.5042999248046875 0.3485548779296875
2 0.5057646064453125 0.2641221572265625 0.5083096796875 0.2664650048828125 0.51216406640625 0.265030337890625 0.515216818359375 0.2530581064453125 0.5154961640625 0.2481591318359375 0.514256541015625 0.2456417001953125 0.5116796435546875 0.244643494140625 0.5083373828125 0.2484409580078125 0.50550153125 0.2582053515625 0.5057646064453125 0.2641221572265625
2 0.5638641806640625 0.473907935546875 0.5595896044921875 0.4725472802734375 0.5576107275390625 0.4770850087890625 0.55547022265625 0.48835020703125 0.55680145703125 0.490436642578125 0.5608390654296875 0.4881399833984375 0.563794490234375 0.480202880859375 0.5638641806640625 0.473907935546875
2 0.42184572265625 0.292713287109375 0.419020099609375 0.2952675625 0.4169174619140625 0.30158245703125 0.4178239931640625 0.304479556640625 0.4196733935546875 0.3053231279296875 0.42292371875 0.3019581884765625 0.4237549091796875 0.29447050390625 0.42184572265625 0.292713287109375
2 0.4293409208984375 0.7608499736328125 0.430187666015625 0.762833427734375 0.434468283203125 0.760588421875 0.4359671845703125 0.7523417265625 0.4335735087890625 0.7504815283203125 0.4316006728515625 0.751413595703125 0.4293409208984375 0.7608499736328125
2 0.5478196298828125 0.8360066875 0.5504250234375 0.823749275390625 0.542332380859375 0.822029130859375 0.5397269873046875 0.83428654296875 0.5478196298828125 0.8360066875
2 0.178948142578125 0.5336313662109375 0.1779337294921875 0.5419810439453125 0.180592009765625 0.5497583720703125 0.1841394130859375 0.5509628642578125 0.1892394638671875 0.54843996875 0.1947116748046875 0.5405889541015625 0.1963021875 0.53191126171875 0.193008021484375 0.523548302734375 0.1895525537109375 0.5219112861328125 0.185455158203125 0.523294298828125 0.178948142578125 0.5336313662109375
2 0.1864333662109375 0.479327525390625 0.186925099609375 0.4758266982421875 0.1846555087890625 0.4721878056640625 0.1789838720703125 0.47143273046875 0.1760080546875 0.473506208984375 0.1738781044921875 0.477559759765625 0.1707610537109375 0.49222433203125 0.1708745849609375 0.4976572841796875 0.172960953125 0.502158169921875 0.178238509765625 0.5023774140625 0.182491490234375 0.4978725927734375 0.1842871455078125 0.4941968564453125 0.1873062197265625 0.483570470703125 0.1864333662109375 0.479327525390625
2 0.178003203125 0.4581527001953125 0.1830389541015625 0.45832214453125 0.1868077705078125 0.4537128125 0.1879993642578125 0.4481068046875 0.1867378212890625 0.439725423828125 0.182797865234375 0.43798542578125 0.1784253115234375 0.4406629560546875 0.1758105478515625 0.4446150537109375 0.17512955078125 0.4525835341796875 0.178003203125 0.4581527001953125
2 0.5775087705078125 0.771159208984375 0.5774289169921875 0.7643804111328125 0.57418849609375 0.7605367587890625 0.5713965517578125 0.7617451884765625 0.569449498046875 0.7649382744140625 0.5702848115234375 0.774129994140625 0.57240300390625 0.77728623828125 0.5758909462890625 0.777575556640625 0.5775087705078125 0.771159208984375
2 0.5524099208984375 0.6423127607421875 0.549202853515625 0.6371247919921875 0.546285619140625 0.6401100625 0.544812826171875 0.6506162490234375 0.5454168876953125 0.652546521484375 0.5489961162109375 0.652406373046875 0.5520371103515626 0.647643935546875 0.5524099208984375 0.6423127607421875
2 0.5842418310546875 0.5963404443359375 0.5971002783203125 0.5787881171875 0.6047727802734375 0.56058555078125 0.6045358125 0.556928236328125 0.590011578125 0.5524896083984375 0.578512392578125 0.554102794921875 0.5739569423828125 0.5576407900390625 0.571579146484375 0.5652502021484375 0.57001506640625 0.576185857421875 0.5717944521484375 0.5833259013671875 0.5702679130859375 0.5893127822265625 0.5718246826171876 0.602264796875 0.5735764306640625 0.6071450263671875 0.5748497314453125 0.6083166123046875 0.5797401259765625 0.60439774609375 0.5842418310546875 0.5963404443359375
2 0.589881625 0.46005517578125 0.5861191748046874 0.4610573173828125 0.58426526171875 0.463819732421875 0.582615287109375 0.4715822509765625 0.5866191513671875 0.490915298828125 0.58731482421875 0.4924145751953125 0.59265755859375 0.4899448603515625 0.5960058603515626 0.482541736328125 0.5967829814453125 0.4705362724609375 0.5963942919921875 0.4663978369140625 0.5939150458984375 0.461362974609375 0.589881625 0.46005517578125
2 0.5784165087890625 0.4400371259765625 0.5742593271484375 0.440506494140625 0.5721903671875 0.4454755439453125 0.57148326171875 0.451184533203125 0.5719356015625 0.4526336845703125 0.57700921875 0.447852826171875 0.5785940146484375 0.4427792666015625 0.5784165087890625 0.4400371259765625
2 0.433501748046875 0.6792442783203125 0.4373357421875 0.67194598828125 0.438009494140625 0.6675813154296875 0.434069212890625 0.6658428447265625 0.4287525869140625 0.67057205078125 0.4260738486328125 0.6772149609375 0.4260023056640625 0.683511109375 0.4268812001953125 0.6841483935546875 0.433501748046875 0.6792442783203125
2 0.2852364814453125 0.8888900849609375 0.290966376953125 0.89055848046875 0.2970366083984375 0.888243400390625 0.3021802412109375 0.877166068359375 0.3032207626953125 0.8710758818359375 0.3025905927734375 0.8668861181640625 0.296348896484375 0.8628533974609375 0.2923094345703125 0.865151259765625 0.28429780078125 0.88733915625 0.2852364814453125 0.8888900849609375
2 0.6233056943359375 0.7763857626953125 0.6234033466796876 0.7723491044921875 0.6208324892578125 0.76774523828125 0.61798043359375 0.7680415498046875 0.6163085390625 0.769940119140625 0.6158777958984375 0.7743564453125 0.6180545712890625 0.77842448046875 0.622331 0.7797839326171875 0.6233056943359375 0.7763857626953125
2 0.7004353671875 0.3920482255859375 0.704690201171875 0.3875422001953125 0.705762546875 0.3801073720703125 0.7048299072265625 0.3749507822265625 0.703374912109375 0.3746415126953125 0.6960806123046875 0.38391030078125 0.6952497470703125 0.39139645703125 0.696246361328125 0.3938622353515625 0.7004353671875 0.3920482255859375
0 0 0.632879046875 0.0018571982421875 0.6307691572265625 0.0036468125 0.6306990830078125 0.0048546103515625 0.63456115625 0.0136792451171875 0.635986421875 0.0191778896484375 0.6303933701171875 0.0229679775390625 0.6316510439453125 0.0236576083984375 0.6367559814453125 0.028655818359375 0.641874201171875 0.0279222802734375 0.6453252275390625 0.0240285 0.651709873046875 0.023597755859375 0.6561261982421875 0.02122447265625 0.660129625 0.0212403515625 0.669599234375 0.0243236591796875 0.6765643701171875 0.035418208984375 0.681627 0.063166943359375 0.68707470703125 0.0671666865234375 0.6897283515625 0.066993302734375 0.703665615234375 0.073558185546875 0.7145272587890625 0.078857337890625 0.72061198046875 0.098049025390625 0.7269452412109375 0.0995596181640625 0.73177261328125 0.0978237490234375 0.7363619951171875 0.0984535947265625 0.740553287109375 0.105289123046875 0.7537263994140625 0.1246741962890625 0.7722714111328125 0.12635625390625 0.7834465849609376 0.1334650869140625 0.7953263837890625 0.145066046875 0.8063559443359375 0.15206891796875 0.8091974541015625 0.1547854560546875 0.817888103515625 0.1576909326171875 0.822112626953125 0.17304411328125 0.8393501640625 0.1797603935546875 0.85069445703125 0.1871201298828125 0.859019044921875 0.1873832060546875 0.8649358505859375 0.1844993251953125 0.8665768037109375 0.1845197177734375 0.872440427734375 0.1858524794921875 0.8745271884765625 0.185511818359375 0.8785121923828125 0.1887461982421875 0.885961505859375 0.200660181640625 0.8907462451171875 0.2146719658203125 0.8928236044921875 0.221194861328125 0.891956146484375 0.2242460185546875 0.900267453125 0.2237437314453125 0.9109799267578125 0.2327416845703125 0.9187517900390625 0.24026691015625 0.916745978515625 0.244509986328125 0.919449748046875 0.2570069892578125 0.9203041923828125 0.257668984375 0.923149314453125 0.256445240234375 0.9301014931640625 0.2575875361328125 0.9366540537109375 0.2607681708984375 0.9395840595703125 0.2995577099609375 0.9455750888671876 0.3013094580078125 0.950455318359375 0.300149689453125 0.9547166845703124 0.300845037109375 0.9562174892578125 0.3041172822265625 0.9587164990234375 0.3123658173828125 0.960469779296875 0.3449878642578125 0.95252715625 0.3490137158203125 0.9574402919921875 0.352561119140625 0.9586447841796875 0.35626563671875 0.9567277939453125 0.363910435546875 0.9565492734375 0.3737752666015625 0.951885880859375 0.38481035546875 0.9560333359375 0.392401083984375 0.951337037109375 0.406359447265625 0.948893560546875 0.417045240234375 0.9439526025390625 0.419864822265625 0.9450039892578125 0.4221929951171875 0.9495546748046875 0.428715890625 0.9486872177734375 0.431147107421875 0.945598640625 0.4344193525390625 0.948097650390625 0.435272138671875 0.946475443359375 0.449116970703125 0.9385990146484375 0.4508206904296875 0.935355802734375 0.4532461904296875 0.935871359375 0.458325849609375 0.9274848388671875 0.4613929521484375 0.924981892578125 0.470487029296875 0.9287167734375 0.4727944853515625 0.92740536328125 0.475776017578125 0.921727751953125 0.4889789228515625 0.916871353515625 0.493022572265625 0.910969033203125 0.4965756923828125 0.908569392578125 0.50409673046875 0.9101680390625 0.5173435419921875 0.89675567578125 0.525996712890625 0.8918331396484375 0.530767859375 0.8860854541015625 0.5449730947265625 0.880090701171875 0.5524464287109375 0.87356437890625 0.563072435546875 0.867709775390625 0.5694556904296875 0.8591498740234375 0.575008080078125 0.85807612890625 0.5826907451171875 0.8529473056640625 0.585705630859375 0.845925376953125 0.5942713779296875 0.83782937890625 0.6161554814453125 0.8100248701171875 0.6176161923828125 0.806730005859375 0.626550236328125 0.796908818359375 0.628561263671875 0.791024919921875 0.6490221962890625 0.7615665 0.6520370830078125 0.7545445712890625 0.6772793916015625 0.7121283466796875 0.6811773603515625 0.702139244140625 0.689993685546875 0.6904895625 0.703202697265625 0.661743640625 0.7122678134765625 0.6262576171875 0.714990458984375 0.6110587421875 0.71543867578125 0.5958284892578125 0.7119949658203125 0.586981677734375 0.70408523828125 0.5812445966796875 0.686909578125 0.577593796875 0.6919623154296874 0.5547769677734375 0.69438934375 0.5552928486328125 0.69784932421875 0.5533238798828125 0.709645263671875 0.5562816533203125 0.7149622138671875 0.5515509189453125 0.7165205771484375 0.544219396484375 0.7181311572265625 0.5414068564453125 0.7196373037109375 0.5295563525390625 0.7226567021484375 0.5189284384765624 0.7219670703125 0.5138235009765625 0.725078080078125 0.50276458984375 0.7323202958984375 0.448409095703125 0.731297638671875 0.4233999638671875 0.7273956142578125 0.3964257998046875 0.715009291015625 0.3640428935546875 0.672424609375 0.2828683056640625 0.66369609765625 0.27740605859375 0.6603758232421875 0.2667836083984375 0.6612706630859375 0.2566066396484375 0.6500046484375 0.2451962080078125 0.649287380859375 0.237831455078125 0.6442251962890625 0.2354040478515625 0.6411580927734375 0.237906994140625 0.6406781171875 0.2341980263671875 0.6344898408203125 0.234686140625 0.6305817099609375 0.2316015 0.628979830078125 0.227203595703125 0.6289533974609375 0.2249456337890625 0.630866771484375 0.223098392578125 0.63026303515625 0.221166591796875 0.6270184267578125 0.2209273974609375 0.609265853515625 0.205433794921875 0.6055352275390625 0.205091294921875 0.5911200126953124 0.20969160546875 0.579992109375 0.20597329296875 0.574089220703125 0.1979567705078125 0.5723533515625 0.20254615234375 0.568984982421875 0.204084125 0.5588011513671876 0.19831413671875 0.5389080751953125 0.1940857333984375 0.5352372353515625 0.1946568779296875 0.532562685546875 0.1976953310546875 0.5303350830078125 0.2057855390625 0.5300542080078126 0.210684189453125 0.528567064453125 0.2117210908203125 0.528168470703125 0.21479124609375 0.5238875283203125 0.2170377802734375 0.518674271484375 0.2141261953125 0.5152127626953125 0.21609483984375 0.50608533203125 0.213704275390625 0.5050292568359375 0.2103233232421875 0.4999992216796875 0.20654974609375 0.499967072265625 0.207895916015625 0.49629019140625 0.21207272265625 0.4938646904296875 0.2115571669921875 0.4907438427734375 0.209540806640625 0.489719591796875 0.2048152119140625 0.4848072763671875 0.2028701298828125 0.392035794921875 0.22777770703125 0.3871469287109375 0.2316968984375 0.383783072265625 0.229628884765625 0.38332469140625 0.23178539453125 0.3120249765625 0.27973733984375 0.2857107783203125 0.289019140625 0.2843413544921875 0.2918845361328125 0.26634989453125 0.293018685546875 0.263238884765625 0.3040775966796875 0.2619019345703125 0.3055952939453125 0.253924044921875 0.3061534833984375 0.2426621513671875 0.3114224560546875 0.23416456640625 0.31322318359375 0.2142771396484375 0.325674509765625 0.2067386279296875 0.334889791015625 0.2033524599609375 0.34724321875 0.20210712109375 0.348329919921875 0.1905439619140625 0.3526339189453125 0.1803105078125 0.359024029296875 0.172239478515625 0.360012888671875 0.169291623046875 0.3643446552734375 0.162346619140625 0.3827018564453125 0.1565451796875 0.387329609375 0.14965583984375 0.3899210517578125 0.1448846923828125 0.3956687373046875 0.13103833203125 0.403544841796875 0.1252648544921875 0.4104308818359375 0.122100099609375 0.416970486328125 0.1190909296875 0.42038828125 0.11832556640625 0.4251839501953125 0.119619259765625 0.4322191611328125 0.115936337890625 0.44000162890625 0.11225945703125 0.444178435546875 0.09880903125 0.4525891669921875 0.0893310361328125 0.4613921982421875 0.0867204599609375 0.461739837890625 0.0743528681640625 0.4757879560546875 0.0678734892578125 0.48838483984375 0.0652310888671875 0.4900771220703125 0.063915734375 0.497460296875 0.0644539677734375 0.5020825849609375 0.060894806640625 0.50808788671875 0.041760986328125 0.5229533369140625 0.026202205078125 0.5412830966796875 0.0216464296875 0.5448226201171875 0.017904046875 0.5516899140625 0.01433465625 0.5649053349609375 0.006430904296875 0.5758464541015625 0.0028077685546875 0.584542568359375 0 0.5882534560546875 0 0.632879046875
2 0 0.6463613095703125 0.01637606640625 0.6559825224609375 0.0254132470703125 0.6435267705078125 0.018842009765625 0.6293507529296875 0.0069400263671875 0.6252235009765625 0 0.6297304072265625 0 0.6463613095703125
2 0.5843486328125 0.8246310341796875 0.57596117578125 0.8340300751953125 0.58392781640625 0.834126029296875 0.5843486328125 0.8246310341796875
0 0.6777492705078125 1 0.6841056494140625 0.964043173828125 0.7020470576171876 0.924726744140625 0.7088102041015625 0.92296948046875 0.7051997236328125 0.9174098271484376 0.7116969638671875 0.88684271484375 0.7057754501953125 0.869609986328125 0.6621918994140625 0.9769567412109375 0.6627520458984375 1 0.6777492705078125 1
0 0.8299579130859375 1 0.8137349296875 0.8877652607421875 0.7885794755859376 0.7881712802734375 0.790299740234375 0.7725628623046875 0.7691536259765624 0.72174330859375 0.75318334765625 0.6991798349609375 0.74521670703125 0.699083880859375 0.745999384765625 0.71043209375 0.7389113759765625 0.713717712890625 0.734688169921875 0.7335863359375 0.74047673046875 0.7364141396484375 0.7181942041015625 0.8562756025390625 0.7204092822265625 0.875915318359375 0.707377802734375 0.914677978515625 0.715898212890625 0.919683861328125 0.715477396484375 0.929178857421875 0.6857782216796875 1 0.8299579130859375 1
0 0.7471057138671875 0.389588408203125 0.825331587890625 0.17938401171875 0.8183395341796875 0.174702990234375 0.8103578525390625 0.099525701171875 0.8008628564453125 0.099104884765625 0.7997553173828125 0.08928502734375 0.775168673828125 0.069682310546875 0.7702217470703125 0.0478645146484375 0.754421419921875 0.06207753125 0.7314960849609375 0.0572046005859375 0.7274277890625 0.03876837890625 0.7132668134765625 0.120420951171875 0.7121373173828125 0.16331086328125 0.71992708984375 0.2544214326171875 0.7471057138671875 0.389588408203125
2 0.752258380859375 0.13989071484375 0.7576850810546875 0.1218753095703125 0.751992474609375 0.111080865234375 0.7393448134765624 0.11797696484375 0.7385031806640625 0.1369669560546875 0.7421136611328125 0.142526609375 0.752258380859375 0.13989071484375