2 0.291200078125 0.109123498046875 0.284755533203125 0.1106113388671875 0.2808500224609375 0.1132962001953125 0.277971654296875 0.1165056376953125 0.271254123046875 0.1305293037109375 0.27248151171875 0.1358457099609375 0.2767545771484375 0.1386773671875 0.2947703232421875 0.1441894169921875 0.3040714609375 0.1433153388671875 0.315430783203125 0.137637974609375 0.3206141796875 0.12676998046875 0.317283681640625 0.1143027705078125 0.3110685732421875 0.11090118359375 0.3071860087890625 0.1097609716796875 0.291200078125 0.109123498046875
2 0.1929693818359375 0.071730978515625 0.18233517578125 0.0805491640625 0.1810409384765625 0.08670270703125 0.1834449013671875 0.091239138671875 0.1874962958984375 0.0931036865234375 0.1935658720703125 0.09195738671875 0.210399302734375 0.0845062802734375 0.2238745693359375 0.0742688701171875 0.2264179716796875 0.06960853515625 0.2258819384765625 0.063369203125 0.2212183720703125 0.0588461005859375 0.21552071875 0.0596515625 0.204423421875 0.0645051201171875 0.1929693818359375 0.071730978515625
2 0.185016958984375 0.2822899345703125 0.18385591796875 0.2851028955078125 0.1852894453125 0.28935342578125 0.194903421875 0.293751921875 0.2058830556640625 0.294271931640625 0.2101794189453125 0.2932800380859375 0.2149439443359375 0.2903984609375 0.2161993515625 0.2860354833984375 0.2140744677734375 0.2827078798828125 0.2105082919921875 0.2809862822265625 0.1986529384765625 0.2786318759765625 0.1895194599609375 0.2802321640625 0.185016958984375 0.2822899345703125
2 0.1658945546875 0.3386308671875 0.169029876953125 0.3404519345703125 0.186193552734375 0.3403075595703125 0.1949924169921875 0.3372578955078125 0.1986176767578125 0.333366080078125 0.19849072265625 0.3308504755859375 0.1943108525390625 0.32647067578125 0.185423513671875 0.3252126484375 0.1763459208984375 0.3270550078125 0.17055355078125 0.3294089638671875 0.1641431171875 0.3349620732421875 0.1658945546875 0.3386308671875
2 0.4644061416015625 0.22822408984375 0.4598306982421875 0.2280071552734375 0.4539843154296875 0.230120212890625 0.4482093525390625 0.234508326171875 0.436783181640625 0.2516556396484375 0.4381049365234375 0.2554220302734375 0.44129614453125 0.2574851669921875 0.446635533203125 0.2590523583984375 0.453788490234375 0.2586742265625 0.469740310546875 0.2552464306640625 0.47456037109375 0.2526054013671875 0.4777022861328125 0.2485718056640625 0.478528361328125 0.244307947265625 0.4774127451171875 0.2394756806640625 0.471536970703125 0.231667634765625 0.4644061416015625 0.22822408984375
2 0.476619927734375 0.267402603515625 0.46966721875 0.2725725654296875 0.464840564453125 0.2810682578125 0.4687972412109375 0.28448130078125 0.484407853515625 0.28545879296875 0.4886871611328125 0.2824342646484375 0.490689810546875 0.2773904306640625 0.4878568671875 0.272954640625 0.476619927734375 0.267402603515625
2 0.394171091796875 0.3434550244140625 0.407165359375 0.346818146484375 0.41071483203125 0.3465086318359375 0.4138719287109375 0.3445065 0.4208638203125 0.3375474951171875 0.421816849609375 0.335799240234375 0.4179175810546875 0.332627916015625 0.41058026171875 0.3302487255859375 0.4032599990234375 0.3299021689453125 0.396179984375 0.3325550048828125 0.390422076171875 0.33897575390625 0.394171091796875 0.3434550244140625
2 0.3619664462890625 0.372525826171875 0.3540495439453125 0.371553701171875 0.3493238486328125 0.3726447138671875 0.350774431640625 0.3789278779296875 0.3538709228515625 0.3825395107421875 0.3602921689453125 0.384875220703125 0.37099424609375 0.3841860517578125 0.3706814072265625 0.3789134765625 0.3619664462890625 0.372525826171875
2 0.2260769853515625 0.1524137841796875 0.23023827734375 0.15476130078125 0.2346460615234375 0.154252025390625 0.2399361591796875 0.149722482421875 0.2393054091796875 0.14503164453125 0.2359080625 0.1440343837890625 0.2260987607421875 0.1485905849609375 0.2260769853515625 0.1524137841796875
2 0.3803976240234375 0.2387093818359375 0.3779924892578125 0.2341748232421875 0.3727256904296875 0.2348808154296875 0.370985064453125 0.239100841796875 0.372719447265625 0.2407370009765625 0.378584408203125 0.2406562265625 0.3803976240234375 0.2387093818359375
2 0.2637643994140625 0.2274561669921875 0.2580127333984375 0.2280207294921875 0.2556580625 0.22958103125 0.2567740302734375 0.2344148203125 0.2594800205078125 0.236335005859375 0.2650255478515625 0.2368363203125 0.26693383203125 0.23334250390625 0.26674946875 0.2305851806640625 0.2637643994140625 0.2274561669921875
2 0.222270580078125 0.2064903935546875 0.22068020703125 0.2094024736328125 0.2223605771484375 0.2107977333984375 0.2287492353515625 0.209067822265625 0.2297022646484375 0.2073195673828125 0.2270521611328125 0.205641451171875 0.2255968583984375 0.2052141201171875 0.222270580078125 0.2064903935546875
2 0.0912929833984375 0.2565831279296875 0.089296576171875 0.2557707763671875 0.0850002138671875 0.256762669921875 0.0838006923828125 0.2613677177734375 0.086991900390625 0.26343085546875 0.0905394990234375 0.2631201689453125 0.092728033203125 0.260833306640625 0.0936814140625 0.25908657421875 0.0912929833984375 0.2565831279296875
2 0.391656466796875 0.16203978125 0.3921090966796875 0.158117111328125 0.387104322265625 0.1579992958984375 0.3844879775390625 0.1603849267578125 0.3849498984375 0.164351427734375 0.3887222119140625 0.1650071484375 0.391656466796875 0.16203978125
2 0.1344035615234375 0.4021538251953125 0.1263193515625 0.4004570126953125 0.1225637412109375 0.4018324052734375 0.1207116953125 0.405569814453125 0.1243896435546875 0.4077755517578125 0.1289243818359375 0.4097818798828125 0.13353865625 0.4082082490234375 0.13572566796875 0.4059217373046875 0.1344035615234375 0.4021538251953125
0 0 0.305354150390625 0.001642048828125 0.3073161083984375 0.0058545078125 0.315761529296875 0.0168631806640625 0.3262011201171875 0.0230735693359375 0.335458541015625 0.0339692998046875 0.3454158662109375 0.0553391923828125 0.35957309765625 0.0630048837890625 0.369257849609375 0.0921954404296875 0.3859360517578125 0.1110992412109375 0.401170966796875 0.124986283203125 0.4084011201171875 0.1405192333984375 0.4129597412109375 0.166976283203125 0.4177978251953125 0.1795582744140625 0.423292701171875 0.211204109375 0.4310043994140625 0.220466416015625 0.4319208857421875 0.2422533056640625 0.4380905302734375 0.2669200859375 0.441050384765625 0.292318224609375 0.4412948759765625 0.3350679521484375 0.438298353515625 0.367233265625 0.43061743359375 0.3949007978515625 0.4191384501953125 0.39955542578125 0.4157739033203125 0.3996330869140625 0.4121927744140625 0.4110871259765625 0.4049669150390625 0.418179125 0.410201025390625 0.4268603251953125 0.4125249287109375 0.4456125009765625 0.409467302734375 0.4538147265625 0.4057920703125 0.4611397099609375 0.40028279296875 0.4615307119140625 0.3823749208984375 0.466284423828125 0.3716045244140625 0.466831771484375 0.366133359375 0.474933537109375 0.350263490234375 0.5213655615234375 0.28481775 0.523129484375 0.276774171875 0.5115807080078125 0.2267509267578125 0.5090808564453125 0.22376486328125 0.50856776953125 0.21370045703125 0.50282741796875 0.2025545234375 0.496164900390625 0.177620455078125 0.49656164453125 0.1734557158203125 0.493799767578125 0.171293458984375 0.49574653125 0.1660075546875 0.491154384765625 0.1637595087890625 0.492728873046875 0.158812919921875 0.4892574140625 0.155542828125 0.489224826171875 0.1514772080078125 0.4858104248046875 0.1484473125 0.4800795126953125 0.1255897109375 0.477246216796875 0.1211523984375 0.47110252734375 0.1200258671875 0.466829462890625 0.1171942099609375 0.468887998046875 0.1123924462890625 0.4656238486328125 0.108054603515625 0.4645467119140625 0.10143025 0.46098830078125 0.0938521162109375 0.456713712890625 0.091020810546875 0.45199933203125 0.080401326171875 0.4430052919921875 0.07280484765625 0.443251783203125 0.0699480546875 0.4409918291015625 0.069959861328125 0.4385478642578125 0.0672158681640625 0.43441880859375 0.0689324501953125 0.4254029931640625 0.0651591708984375 0.4166709775390625 0.0567388857421875 0.40575194921875 0.050605111328125 0.3389001611328125 0.025644375 0.110343392578125 0.0784108623046875 0.035288095703125 0.13944326171875 0.0272547001953125 0.1438428310546875 0.02362791796875 0.147734998046875 0.0129599521484375 0.1524894365234375 0 0.162426380859375 0 0.305354150390625
2 0.878326501953125 0.2746955146484375 0.8864883740234375 0.2728111982421875 0.889162126953125 0.270667287109375 0.8868513583984375 0.2645827119140625 0.8803183388671875 0.261762861328125 0.873762373046875 0.262768083984375 0.86830496875 0.2665729384765625 0.8666031748046875 0.269002400390625 0.86749594921875 0.272869431640625 0.8711738974609375 0.2750751689453125 0.878326501953125 0.2746955146484375
2 0.593954671875 0.3248218681640625 0.6021165439453126 0.3229375517578125 0.6047328876953125 0.3205519208984375 0.6044382744140625 0.317310107421875 0.5961293486328125 0.314646888671875 0.5881565595703125 0.313432693359375 0.5835426376953124 0.3150078466796875 0.5817461259765625 0.318985802734375 0.5829564599609375 0.3222695751953125 0.58851904296875 0.3248035234375 0.593954671875 0.3248218681640625
2 0.807935458984375 0.377491265625 0.807287654296875 0.37076779296875 0.8047489716796875 0.3695722939453125 0.800827576171875 0.370222646484375 0.7962288359375 0.373829263671875 0.7962629462890625 0.3778945322265625 0.7996214619140625 0.380682357421875 0.80290738671875 0.3811970009765625 0.8069805556640625 0.379238349609375 0.807935458984375 0.377491265625
2 0.7614129375 0.4582289833984375 0.75749037109375 0.4588812099609375 0.7539191240234375 0.4630139248046875 0.755410060546875 0.4675061728515625 0.760318595703125 0.469172833984375 0.7635331005859375 0.4674124208984375 0.7653854990234376 0.4636765341796875 0.7634108671875 0.4590409833984375 0.7614129375 0.4582289833984375
2 0.6955375107421875 0.4492568369140625 0.696445466796875 0.45515533203125 0.7010767958984375 0.4556143359375 0.7048708857421875 0.4524468564453125 0.7053405703125 0.4505568212890625 0.703119798828125 0.4487795859375 0.6993471328125 0.44812234375 0.6955375107421875 0.4492568369140625
2 0.7881267900390625 0.4876984111328125 0.7892424072265625 0.492530677734375 0.79466098046875 0.4905163876953125 0.7932818173828124 0.486508279296875 0.7881267900390625 0.4876984111328125
2 0.9324731015625 0.4014289755859375 0.929148345703125 0.4027048974609375 0.9267536728515625 0.40605763671875 0.9215042802734374 0.4087977861328125 0.91584073828125 0.413668517578125 0.9141338720703125 0.421952291015625 0.9152498408203125 0.426786080078125 0.9276241708984375 0.4333471845703125 0.9382366025390625 0.4283521982421875 0.940685287109375 0.425240357421875 0.9411379169921875 0.4213176875 0.9368976904296875 0.4127519931640625 0.9390072919921875 0.4042469521484375 0.936563326171875 0.401502958984375 0.9324731015625 0.4014289755859375
2 0.8172372470703125 0.33741703125 0.8095587197265625 0.339443126953125 0.8068868408203125 0.3415882099609375 0.806474564453125 0.3437199638671875 0.809777193359375 0.34626571875 0.8177888134765625 0.345689349609375 0.8228320673828124 0.344015078125 0.8209692080078125 0.3398636669921875 0.8172372470703125 0.33741703125
2 0.1878467119140625 0.6591193037109375 0.1874946904296875 0.655635771484375 0.1847887001953125 0.6537155849609375 0.175861359375 0.65424999609375 0.1693453955078125 0.6534627802734375 0.1665602216796875 0.65512407421875 0.171019171875 0.660712703125 0.178841708984375 0.6632348447265625 0.18640658984375 0.6607234365234375 0.1878467119140625 0.6591193037109375
2 0.2178186416015625 0.7379795185546875 0.211335265625 0.741257923828125 0.21002397265625 0.74537883203125 0.215045451171875 0.7475277587890625 0.219224150390625 0.75190943359375 0.226192392578125 0.74877245703125 0.229373138671875 0.742948296875 0.22808986328125 0.7373898203125 0.2178186416015625 0.7379795185546875
0 0 0.5452083017578125 0.0028395087890625 0.55750756640625 0.0063202587890625 0.568666830078125 0.0094167490234375 0.5722784619140625 0.00812251171875 0.57843200390625 0.0068054267578125 0.579499390625 0.0246537861328125 0.6519955810546875 0.027042216796875 0.65449902734375 0.027108564453125 0.66262839453125 0.02616527734375 0.6633561142578125 0.0281177822265625 0.6718133427734375 0.029228728515625 0.6718118330078126 0.0310760546875 0.6739302568359375 0.0339368671875 0.688287501953125 0.0332508837890625 0.6940472490234375 0.041954029296875 0.7317447138671875 0.0435560009765625 0.7338700712890625 0.0448505244140625 0.7394772666015625 0.0444882431640625 0.7427216015625 0.059863296875 0.8093182724609375 0.06102977734375 0.809557310546875 0.062815326171875 0.817291373046875 0.0619834599609375 0.8185017109375 0.066223435546875 0.8368670634765625 0.069555154296875 0.8386427900390625 0.0713857763671875 0.8387301025390625 0.0786719287109375 0.835011388671875 0.0933745849609375 0.8300903857421875 0.1144861513671875 0.819616625 0.11699224609375 0.8167465029296875 0.1376185947265625 0.806129791015625 0.1852121806640625 0.7770693720703125 0.188575767578125 0.7740028857421875 0.2006838544921875 0.7676443134765625 0.2075236201171875 0.7619920849609375 0.220434484375 0.755193205078125 0.2227158623046875 0.7513566767578125 0.2286973154296875 0.745904208984375 0.2336306708984375 0.7437469677734375 0.237090146484375 0.73913011328125 0.2457046474609375 0.733323126953125 0.271458505859375 0.7115963505859375 0.276134556640625 0.7044070830078125 0.2847320029296875 0.6965674619140625 0.284202212890625 0.684471943359375 0.28150246484375 0.676695572265625 0.2876621884765625 0.6602557724609375 0.2866021064453125 0.6556640537109375 0.2953175673828125 0.64245238671875 0.29592044921875 0.6372217705078125 0.3019066220703125 0.62591346875 0.3024151376953125 0.6222328681640625 0.3247267265625 0.5875547421875 0.326507705078125 0.5815437998046875 0.344177353515625 0.5581202109375 0.348724927734375 0.5484156904296875 0.3548007470703125 0.541413205078125 0.3589853369140625 0.539937171875 0.3612282353515625 0.53789273046875 0.3732292705078125 0.5251941845703125 0.3695253271484375 0.5130681640625 0.3641518271484375 0.5074357041015625 0.3600616025390625 0.507361720703125 0.3374050869140625 0.513102333984375 0.32971609765625 0.5072411328125 0.3426269619140625 0.5004422529296875 0.353411419921875 0.49031612109375 0.3537696845703125 0.4879434677734375 0.3498359541015625 0.4807053525390625 0.3412327666015625 0.474801841796875 0.332885009765625 0.4739291875 0.327474201171875 0.4700869404296875 0.319237865234375 0.469696904296875 0.311081064453125 0.4657269091796875 0.260738587890625 0.4613133837890625 0.2528927529296875 0.46261479296875 0.234069158203125 0.4633973623046875 0.2168899482421875 0.4615087509765625 0.197691384765625 0.462632861328125 0.18762630078125 0.46215668359375 0.1806965380859375 0.4635015732421875 0.1401338232421875 0.4642115830078125 0.1292814951171875 0.46620869921875 0.1119687373046875 0.4676591474609375 0.072689298828125 0.473927634765625 0.0680753759765625 0.475502787109375 0.0565701708984375 0.4766307421875 0.048574083984375 0.4792400986328125 0.0444298466796875 0.4789252158203125 0.01590684765625 0.484746955078125 0.0036159208984375 0.488347853515625 0 0.4889712578125 0 0.5452083017578125
0 0.8994967587890625 0.127265560546875 0.8898054716796875 0.1264497158203125 0.866175474609375 0.131905130859375 0.8633918232421876 0.1335660732421875 0.8580691376953125 0.1340299951171875 0.8565734814453125 0.135393580078125 0.8531373046875 0.136186884765625 0.85119526171875 0.1356169541015625 0.8477187314453125 0.1382011748046875 0.83686640234375 0.140198291015625 0.8285760546875 0.1395673544921875 0.8099131728515625 0.146929275390625 0.79825806640625 0.14936669921875 0.7788856025390625 0.15562078515625 0.7716212255859375 0.155516298828125 0.7651766806640625 0.1570041396484375 0.744516220703125 0.16355558203125 0.730690806640625 0.1703106298828125 0.7275492421875 0.174345748046875 0.7061415400390625 0.181578046875 0.694111115234375 0.1843554892578125 0.682172208984375 0.191439919921875 0.6794829228515625 0.191550845703125 0.6735573564453124 0.1972453837890625 0.669595958984375 0.1996881748046875 0.665728927734375 0.20058094921875 0.66419444140625 0.203735099609375 0.648220845703125 0.2109860947265625 0.6439803681640625 0.2122200576171875 0.6398901435546875 0.21214607421875 0.6345289794921875 0.2144020830078125 0.6311083349609375 0.217228373046875 0.6219745048828125 0.2188271396484375 0.6149115458984376 0.2235126103515625 0.6131709208984375 0.2277326376953125 0.60203326953125 0.234377111328125 0.5991549013671875 0.2375865478515625 0.5929335498046875 0.240041146484375 0.591175869140625 0.2422285390625 0.587254474609375 0.2428788916015625 0.57886164453125 0.2496529873046875 0.57344459375 0.25166692578125 0.5664375205078125 0.256594466796875 0.5629221591796875 0.2609692509765625 0.553112857421875 0.2655254521484375 0.5457878740234375 0.2710347294921875 0.525601318359375 0.2894396201171875 0.523804806640625 0.2934175771484375 0.51957986328125 0.2966845263671875 0.519502201171875 0.30026565625 0.5168470263671875 0.3044418505859375 0.513147302734375 0.3060593134765625 0.5068486416015625 0.3120965625 0.477298669921875 0.356590486328125 0.4755744990234375 0.3726412841796875 0.473488546875 0.377324296875 0.4666872607421875 0.3811844384765625 0.4655199765625 0.3898535849609375 0.47256101171875 0.40859215234375 0.4771361025390625 0.408807564453125 0.479730671875 0.4102451328125 0.4839042998046875 0.4204811181640625 0.4931262529296875 0.4231885205078125 0.49364558203125 0.4273967412109375 0.4979419453125 0.42640484765625 0.502216181640625 0.429234630859375 0.505390685546875 0.42926665625 0.5090345224609375 0.4274071240234375 0.5133864208984374 0.4266557783203125 0.521610271484375 0.438758185546875 0.5169012802734375 0.441880310546875 0.51671067578125 0.4449791728515625 0.524226115234375 0.4559718720703125 0.5299560048828125 0.4592305078125 0.5376108837890625 0.461026439453125 0.5615908779296875 0.4786542265625 0.56920692578125 0.48224072265625 0.5742672353515625 0.4825990849609375 0.5984999638671875 0.4915138935546875 0.6135139365234376 0.49186581640625 0.613172728515625 0.4962711044921875 0.616610427734375 0.4954774482421875 0.6277744248046875 0.49875478125 0.6305921865234375 0.501159107421875 0.6387711142578125 0.50130742578125 0.6473079541015625 0.499081568359375 0.6525355703125 0.500164619140625 0.6535789482421875 0.5027252255859375 0.6589012822265625 0.5022597822265625 0.664034533203125 0.504892849609375 0.66903895703125 0.505009142578125 0.670830748046875 0.50688701953125 0.74394303515625 0.5060437197265625 0.747586873046875 0.5041841875 0.7518444052734375 0.5049828583984375 0.7831107021484375 0.4992910927734375 0.7883045595703125 0.496310396484375 0.7891698173828126 0.4902574951171875 0.7929250751953125 0.488880580078125 0.7992749033203125 0.488941234375 0.8054950830078125 0.4864885107421875 0.8164032978515625 0.4847334638671875 0.82093991015625 0.486740962890625 0.8327067880859375 0.4847876787109375 0.8360094169921874 0.48733343359375 0.840194359375 0.4858589228515625 0.84379784375 0.485790306640625 0.847815126953125 0.4835895849609375 0.85197829296875 0.4859382734375 0.8757181884765625 0.480965828125 0.8834910810546875 0.4773897138671875 0.8897838515625 0.477210171875 0.894174580078125 0.47466826171875 0.89746202734375 0.4751825537109375 0.901908642578125 0.472882712890625 0.904709349609375 0.473254404296875 0.9351561650390625 0.4659718349609375 0.9609561181640625 0.4561972744140625 0.968806322265625 0.4490385087890625 0.985750353515625 0.442073416015625 0.9923684482421875 0.435454078125 0.9946886572265625 0.4298269853515625 0.9967813037109375 0.4290904912109375 0.9553839833984376 0.2497789951171875 0.9531799150390625 0.25003287109375 0.9478903193359375 0.2349630966796875 0.947450525390625 0.22717491796875 0.9257306142578124 0.13113688671875 0.920508888671875 0.1241961279296875 0.8994967587890625 0.127265560546875
0 0.5570324912109375 0.4804699267578125 0.5452547998046875 0.474534390625 0.536535119140625 0.47400257421875 0.52557573828125 0.4696597158203125 0.5201416318359375 0.4696410205078125 0.5152874599609375 0.4682167802734375 0.5109352109375 0.468966603515625 0.5035035263671875 0.4681374296875 0.491530509765625 0.4711565908203125 0.484188470703125 0.474633234375 0.4430348583984375 0.4884608076171875 0.4140762861328125 0.5002378515625 0.3996154013671875 0.5081578955078125 0.385281470703125 0.51859354296875 0.3586844814453125 0.54255154296875 0.3457844306640625 0.5572392431640625 0.3298879951171875 0.58050842578125 0.3219538876953125 0.5971045048828125 0.3172790078125 0.6042918994140625 0.3138583642578125 0.607118189453125 0.310265341796875 0.615074103515625 0.3066385595703125 0.6189662705078125 0.30152693359375 0.6321108427734375 0.2999318408203125 0.6408787568359375 0.296940177734375 0.6436044052734375 0.2904132509765625 0.654529208984375 0.2905576123046875 0.6590789697265625 0.284827220703125 0.675419650390625 0.289569470703125 0.6959605888671875 0.29492084375 0.7054147255859375 0.3026471416015625 0.7094857138671875 0.30320530078125 0.7119033701171875 0.3087135205078125 0.714194896484375 0.3124780693359375 0.7207071533203125 0.3336911171875 0.7420269951171875 0.3401802333984375 0.7524917216796875 0.35283364453125 0.7602616533203125 0.3590052021484375 0.7713096396484375 0.3753687978515625 0.7853494072265625 0.3799442412109375 0.785566341796875 0.3899809560546875 0.7957203818359375 0.391360470703125 0.7997300126953125 0.3962860615234375 0.80342930859375 0.412735083984375 0.80803141015625 0.4234356376953125 0.807342591796875 0.430861080078125 0.814027951171875 0.44473258984375 0.819225119140625 0.4500331484375 0.8225828740234375 0.45682783984375 0.8245773955078125 0.46952632421875 0.824700578125 0.4722882001953125 0.826862833984375 0.4770309501953125 0.8278044560546876 0.48225384765625 0.8347433408203125 0.4870680166015625 0.83796001953125 0.4970942705078125 0.84022676171875 0.4999679189453125 0.842873158203125 0.5082194365234375 0.8452946591796875 0.5214601953125 0.84580098828125 0.5299737373046876 0.847398681640625 0.539693244140625 0.85813750390625 0.54858175390625 0.8593936572265625 0.5515435263671875 0.8663462216796874 0.5558351689453125 0.871210162109375 0.5612304453125 0.8730194228515625 0.563355328125 0.87634702734375 0.573677365234375 0.8818537099609375 0.57825280859375 0.88207064453125 0.5856736806640624 0.875010998046875 0.586616248046875 0.8653754453125 0.5903718583984375 0.864000052734375 0.5909902724609375 0.8608024228515625 0.6605333154296875 0.7856945693359375 0.662312771484375 0.779683978515625 0.6657163603515625 0.7748250537109375 0.666413958984375 0.7680459423828125 0.6729424072265625 0.757120787109375 0.681311939453125 0.7541702421875 0.6851448603515625 0.7492121982421875 0.6849096826171875 0.740358494140625 0.6802355537109375 0.7181469130859375 0.680826201171875 0.7148290087890625 0.6897753173828125 0.7104713984375 0.6928275869140625 0.7021319853515625 0.6835612099609375 0.6678711767578125 0.6743335146484375 0.6514206435546875 0.6600380439453125 0.6012666044921875 0.656256439453125 0.592721712890625 0.62472150390625 0.546294349609375 0.6202255966796875 0.54249745703125 0.5986112353515625 0.5115973505859375 0.5915747724609375 0.5066037880859375 0.5847289140625 0.49851136328125 0.5806790419921875 0.4966464638671875 0.5756789873046875 0.490672814453125 0.5599616748046875 0.48335687109375 0.5570324912109375 0.4804699267578125
2 0.1398208544921875 0.537337447265625 0.1422477646484375 0.5380488056640625 0.1456280556640625 0.537013431640625 0.1489372783203125 0.5337045244140625 0.14798896875 0.5295969453125 0.1401834873046875 0.5291074384765625 0.1375267900390625 0.533283984375 0.1398208544921875 0.537337447265625
2 0.5280287548828125 0.695887357421875 0.5300981044921875 0.6989744140625 0.5329558681640625 0.6995863017578124 0.537179640625 0.6963212255859375 0.53796536328125 0.693848283203125 0.5362142763671875 0.6901810126953125 0.5296020732421876 0.690942642578125 0.5280287548828125 0.695887357421875
2 0.441275396484375 0.647445427734375 0.4414089443359375 0.644106369140625 0.4390375693359375 0.6436355576171875 0.4319016689453125 0.64604632421875 0.4302169296875 0.6505084208984375 0.4365652353515625 0.6505694267578125 0.441275396484375 0.647445427734375
2 0.3763636826171875 0.72301228515625 0.381703072265625 0.7245794755859375 0.38508336328125 0.7235441015625 0.3867851572265625 0.7211146396484375 0.385111380859375 0.7138647177734375 0.3832252236328125 0.713536857421875 0.37599495703125 0.717497640625 0.3763636826171875 0.72301228515625
0 0.44997815234375 0 0.4350720087890625 0.0034413544921875 0.4239507587890625 0.0525133017578125 0.4520598466796875 0.070077810546875 0.4848528046875 0.0801465615234375 0.4879016279296875 0.1211362890625 0.5041845361328126 0.16388148828125 0.551732072265625 0.154507875 0.644599759765625 0.1122208779296875 0.7855975302734375 0.0283537724609375 0.8182384228515625 0 0.44997815234375 0
0 0.383964111328125 1 0.4434793017578125 0.98450728125 0.53447305078125 0.94104931640625 0.612349224609375 0.8893945810546875 0.624526892578125 0.8657363427734375 0.635184064453125 0.86327594140625 0.6433808349609375 0.8501583662109375 0.6393979794921875 0.8398526796875 0.612813302734375 0.84278303515625 0.5941943369140625 0.8663247646484376 0.590916412109375 0.8799103349609375 0.5779173046875 0.886118615234375 0.5232215810546875 0.85063811328125 0.4948794736328125 0.845956203125 0.470518263671875 0.83073362890625 0.443698609375 0.8257002333984375 0.2166161435546875 0.8492615478515625 0.0761989609375 0.88007580859375 0.1038856416015625 1 0.383964111328125 1
0 0.759650240234375 0.58277543359375 0.7014416142578125 0.5529167490234375 0.632109779296875 0.5512836630859375 0.6673670556640625 0.6137022861328125 0.684352935546875 0.659492392578125 0.6933711455078125 0.663824775390625 0.7230007294921875 0.660191447265625 0.7447830693359375 0.650351796875 0.7789800126953125 0.6456640107421875 0.7861223251953126 0.6279790771484375 0.7722998193359375 0.5958910498046875 0.759650240234375 0.58277543359375
0 0.9326273623046875 0.574912521484375 0.9222032080078125 0.564490326171875 0.86493253125 0.54564030078125 0.752034056640625 0.5428401640625 0.7224044736328125 0.5464734921875 0.7180720908203125 0.5554917021484375 0.74243330078125 0.570714275390625 0.780733525390625 0.6115835771484375 0.785889306640625 0.6408616748046875 0.8356642265625 0.65502783203125 0.8992557763671875 0.6387429658203125 0.92466752734375 0.61684019921875 0.9356742275390625 0.5950558994140625 0.9326273623046875 0.574912521484375
2 0.5786954833984375 0 0.58006046875 0.0132653349609375 0.5826373798828125 0.017481208984375 0.6047712060546875 0.00916401171875 0.6094550751953125 0.0016682548828125 0.609069927734375 0 0.5786954833984375 0
2 0.46892530078125 0.0806165146484375 0.46939525390625 0.09654401953125 0.4843867685546875 0.1059117568359375 0.4813399033203125 0.08576837890625 0.46892530078125 0.0806165146484375
2 0.602553615234375 0.0898559921875 0.606184984375 0.098639224609375 0.619535578125 0.0939533974609375 0.6159042080078125 0.0851701640625 0.602553615234375 0.0898559921875
2 0.20221696875 0.9119190654296875 0.227630677734375 0.9108626494140625 0.221305888671875 0.9043048408203125 0.20221696875 0.9119190654296875
2 0.176096369140625 0.8682378759765625 0.1839436123046875 0.8744441982421876 0.1999876259765625 0.8675329453125 0.1967077421875 0.8602721650390625 0.176096369140625 0.8682378759765625
2 0.420279265625 0.863179017578125 0.442764578125 0.8563842744140625 0.4432325732421875 0.8514654287109376 0.43269191015625 0.8474845322265625 0.413602990234375 0.8550987568359375 0.420279265625 0.863179017578125
2 0.36781680078125 0.9137773359375 0.372151142578125 0.9256054755859375 0.386321216796875 0.917523255859375 0.377771001953125 0.90827202734375 0.36781680078125 0.9137773359375
2 0.801696384765625 0.6051403193359375 0.8042732958984375 0.609356193359375 0.817623888671875 0.6046703662109375 0.817388912109375 0.5967066142578125 0.801696384765625 0.6051403193359375
2 0.7957191640625 0.5584122646484375 0.802395439453125 0.5664925263671875 0.8108271865234375 0.5613387041015625 0.8075473037109375 0.554077923828125 0.7957191640625 0.5584122646484375
2 0.7525138037109375 0.66299941796875 0.765864396484375 0.6583135908203125 0.765629419921875 0.6503498388671874 0.76071057421875 0.64988184375 0.7419731396484375 0.659018521484375 0.7525138037109375 0.66299941796875