2 0.3694141005859375 0.61462626171875 0.3689488994140625 0.610616857421875 0.3655742451171875 0.601982294921875 0.36210899609375 0.598204806640625 0.3583362734375 0.59882439453125 0.3538540712890625 0.6024894091796875 0.346469689453125 0.6192103447265624 0.34084419921875 0.628540658203125 0.339302568359375 0.6399249140625 0.3429253271484375 0.6521119990234375 0.349730939453125 0.6578914384765625 0.3557926181640625 0.6565469423828125 0.3612932216796875 0.645441091796875 0.363822900390625 0.6305891865234375 0.36907750390625 0.62300130859375 0.3694141005859375 0.61462626171875
2 0.340134974609375 0.4715838466796875 0.3337060732421875 0.4817413828125 0.331636044921875 0.4864584755859375 0.329568013671875 0.4982476220703125 0.3348608994140625 0.5114364619140624 0.3401211630859375 0.5179912421875 0.34847012890625 0.5159232861328125 0.3567863623046875 0.507222828125 0.360826826171875 0.481427779296875 0.361658978515625 0.4730889521484375 0.3592740947265625 0.4645236005859375 0.356490869140625 0.46167720703125 0.3479555439453125 0.462848728515625 0.340134974609375 0.4715838466796875
2 0.402027912109375 0.581990537109375 0.4051222744140625 0.5875104609375 0.4166324619140625 0.6006907900390624 0.4204034619140625 0.596534341796875 0.4242972431640625 0.5870829345703125 0.4249070224609375 0.5676782021484374 0.420138705078125 0.55054916796875 0.4160241083984375 0.5489347783203125 0.41104780078125 0.5525652421875 0.402022361328125 0.5678463203125 0.4010361455078125 0.5748492724609375 0.402027912109375 0.581990537109375
2 0.4004835693359375 0.66807062109375 0.399745185546875 0.67509090234375 0.4106981259765625 0.6891172333984374 0.41846094140625 0.6918701337890625 0.4216763623046875 0.6885582373046875 0.42417875 0.6812196064453125 0.4245170693359375 0.6763814208984374 0.42172856640625 0.6629260029296875 0.41782740234375 0.654697890625 0.4132800087890625 0.6486330947265625 0.4093516630859375 0.647916697265625 0.4004835693359375 0.66807062109375
2 0.3361961162109375 0.6843492470703125 0.33208151953125 0.6827348564453125 0.328341255859375 0.68645175390625 0.3272628310546875 0.694773359375 0.3313179501953125 0.7043389072265624 0.3354907373046875 0.7015372236328125 0.339849611328125 0.6960967802734375 0.3402495126953125 0.6903779326171875 0.3361961162109375 0.6843492470703125
2 0.5541470283203125 0.490084201171875 0.5606450576171875 0.5002622744140625 0.564604140625 0.5005391201171875 0.5692092880859375 0.4951158984375 0.5707852099609375 0.4903642548828125 0.571740689453125 0.4838008544921875 0.5708429638671875 0.478876236328125 0.5666647900390624 0.471070455078125 0.5550369345703124 0.47025735546875 0.551235470703125 0.478388548828125 0.550958625 0.482347630859375 0.5541470283203125 0.490084201171875
2 0.5486697607421875 0.319533548828125 0.542452294921875 0.3160053076171875 0.534597162109375 0.3145726220703125 0.5303306064453125 0.3186928505859375 0.52934255859375 0.3221605 0.5295001767578125 0.3305685390625 0.534514494140625 0.3441796015625 0.5389405009765625 0.352002712890625 0.5473237578125 0.356567369140625 0.55127955859375 0.3533072451171875 0.552269056640625 0.349841263671875 0.5529456943359375 0.340164892578125 0.5546431123046875 0.3336533740234375 0.5532171533203125 0.3255983447265625 0.5486697607421875 0.319533548828125
2 0.422504626953125 0.2713747763671875 0.426651900390625 0.2760833583984375 0.4327119111328125 0.2747403115234375 0.4367923251953125 0.26972053125 0.43901614453125 0.26280412109375 0.4395099775390625 0.2593034794921875 0.4357298720703125 0.2422435478515625 0.4309653828125 0.2357218701171875 0.4274674013671875 0.2253118798828125 0.4239409521484375 0.2259486884765625 0.42178415625 0.2461302119140625 0.422504626953125 0.2713747763671875
2 0.5132041787109375 0.1760585341796875 0.512650595703125 0.183975140625 0.5155928896484375 0.1952312412109375 0.5193674443359375 0.1981469560546875 0.5203843974609375 0.190704453125 0.51973278125 0.1822603037109375 0.5169462744140625 0.175876939453125 0.5132041787109375 0.1760585341796875
2 0.3219060361328125 0.5296004609375 0.3163742314453125 0.5292136396484375 0.3155484892578125 0.5410223037109375 0.3210802939453125 0.541409125 0.3219060361328125 0.5296004609375
2 0.382682984375 0.32176815234375 0.3747850830078125 0.321215876953125 0.3739026630859375 0.3338350625 0.3818005654296875 0.334387337890625 0.382682984375 0.32176815234375
2 0.5128545087890625 0.2735011953125 0.50334959375 0.272836546875 0.5020429677734375 0.2915221689453125 0.5115478828125 0.2921868173828125 0.5128545087890625 0.2735011953125
2 0.5767827587890625 0.5681330009765625 0.5720871240234375 0.57841173828125 0.5689062666015625 0.5918914384765624 0.5690328759765625 0.5972038359375 0.569651759765625 0.599015482421875 0.573301537109375 0.6001541025390625 0.5805396728515625 0.60684875390625 0.58477732421875 0.60670337890625 0.586816615234375 0.602425837890625 0.5871186474609374 0.5838829873046875 0.59422601953125 0.5675843818359375 0.588781337890625 0.563666912109375 0.5802767490234375 0.5643988828125 0.5767827587890625 0.5681330009765625
2 0.474726814453125 0.1788030498046875 0.469790431640625 0.1784578642578125 0.468969158203125 0.1902026220703125 0.473905541015625 0.1905478076171875 0.474726814453125 0.1788030498046875
2 0.570005408203125 0.313070166015625 0.5781696826171875 0.3101043271484375 0.5831438857421875 0.2994033681640625 0.5841301015625 0.2924004169921875 0.5832016396484375 0.2879153505859375 0.5679550166015624 0.2890592734375 0.56526610546875 0.2919647197265625 0.56430890234375 0.2949912587890625 0.5654254462890625 0.3039096201171875 0.568148921875 0.3111719775390625 0.570005408203125 0.313070166015625
0 0.5981371259765625 0.2840978984375 0.59155060546875 0.28584739453125 0.587436009765625 0.2842330048828125 0.5755946123046874 0.2900351875 0.5686354814453125 0.2899902587890625 0.563782228515625 0.29186095703125 0.560599375 0.298268603515625 0.55682681640625 0.302424943359375 0.5565500791015625 0.306382466796875 0.5541704736328125 0.3084261396484375 0.5509260380859375 0.3157144482421875 0.546163544921875 0.31626482421875 0.544276322265625 0.3148061875 0.543657330078125 0.312996099609375 0.5460349404296875 0.3038803720703125 0.5478226806640625 0.2889765869140625 0.548374541015625 0.2775231201171875 0.546856099609375 0.267251552734375 0.5482708486328125 0.24701970703125 0.5463490615234375 0.235393265625 0.5424495654296875 0.2271637041015625 0.5414867041015625 0.2160475849609375 0.5381735224609375 0.2065339189453125 0.5368398828125 0.1971586767578125 0.5318564658203125 0.186644814453125 0.5299329560546875 0.1714815126953125 0.530457634765625 0.1675397607421875 0.52395577734375 0.14675433203125 0.5225586689453126 0.131186138671875 0.5184076767578125 0.115868642578125 0.5146563125 0.09129710546875 0.512790556640625 0.0646457861328125 0.5106243837890625 0.060075736328125 0.508025958984375 0.058125666015625 0.4905825341796875 0.055137533203125 0.4765120400390625 0.0572471015625 0.461914873046875 0.0562263681640625 0.452577859375 0.06176197265625 0.4352593759765625 0.0640876865234375 0.4291703515625 0.0694071455078125 0.41797529296875 0.073044453125 0.4134930908203125 0.07670946875 0.41043329296875 0.081357349609375 0.4045272373046875 0.0840378310546875 0.401776744140625 0.087823939453125 0.3973545654296875 0.09060818359375 0.3941717119140625 0.097015830078125 0.3833509306640625 0.10244611328125 0.3794261396484375 0.10880187890625 0.3686056865234375 0.121305666015625 0.363877484375 0.12848865234375 0.362827962890625 0.1328354052734375 0.3602605478515625 0.1339809775390625 0.357231486328125 0.138189306640625 0.352134119140625 0.15065158984375 0.3459512177734375 0.1572911533203125 0.3437889814453125 0.1633269013671875 0.3368966005859375 0.173011892578125 0.334517267578125 0.1785907587890625 0.33260275390625 0.1846453955078125 0.331495587890625 0.200478607421875 0.330167498046875 0.2052475810546875 0.32472653515625 0.2119390263671875 0.317712931640625 0.2269190859375 0.3138880048828125 0.253170908203125 0.30628669140625 0.272971712890625 0.30452780078125 0.2803623349609375 0.3052099892578125 0.2848301806640625 0.304502779296875 0.29848285546875 0.294744615234375 0.334926873046875 0.29570919921875 0.349579853515625 0.2901235498046875 0.3796869951171875 0.29003877734375 0.4022234794921875 0.28784752734375 0.4122356396484375 0.2861831142578125 0.428914853515625 0.286619193359375 0.4369022294921875 0.2898418876953125 0.4512714111328125 0.286608935546875 0.490381787109375 0.287479478515625 0.5028181201171875 0.2894009921875 0.5109093681640625 0.2878997490234375 0.550140837890625 0.290687978515625 0.5600610625 0.295977146484375 0.56264098828125 0.2977721591796875 0.565418279296875 0.2995404287109375 0.58277923046875 0.2976297421875 0.5994412236328125 0.29661833984375 0.621027943359375 0.298599876953125 0.628238419921875 0.3016924072265625 0.630223041015625 0.302497650390625 0.63293112109375 0.2999064990234375 0.64866212890625 0.2984228955078125 0.6520935595703125 0.297838466796875 0.660451275390625 0.2986129736328125 0.6635989072265625 0.2938867666015625 0.6778539482421875 0.2884223408203125 0.7026660224609375 0.2851472783203125 0.71039232421875 0.277768337890625 0.74125903515625 0.276315470703125 0.7442509140625 0.2735688056640625 0.7586443779296875 0.273416736328125 0.7643805556640625 0.2799436162109375 0.76704546484375 0.2838393935546875 0.764666111328125 0.300220474609375 0.740175703125 0.3152120478515625 0.7248716826171875 0.32522925390625 0.716731869140625 0.33076253515625 0.7087202109375 0.3351524189453125 0.7063754091796876 0.3393593330078125 0.7066695849609375 0.34202305859375 0.7183479072265625 0.34573430859375 0.718607423828125 0.3645330048828125 0.7093148681640625 0.3778000869140625 0.708032521484375 0.3819747060546875 0.708766140625 0.3852571513671875 0.718719357421875 0.388103408203125 0.7206867578125 0.392525859375 0.72143770703125 0.4043998251953125 0.7187312744140625 0.4138018662109375 0.7193887294921875 0.419923458984375 0.7171650205078125 0.423513486328125 0.7227196044921875 0.4244126611328125 0.727645890625 0.4283720166015625 0.7314579296875 0.4477625234375 0.7314871767578125 0.4508566123046875 0.73347190625 0.453703142578125 0.7389744990234375 0.4619290537109375 0.7386663095703125 0.466906919921875 0.7350359541015625 0.4695053447265625 0.7369860234375 0.4698164814453125 0.739659552734375 0.4730337900390625 0.74342126953125 0.481999916015625 0.739628099609375 0.490222109375 0.7287109951171875 0.496158900390625 0.7255909619140625 0.501696009765625 0.7281866591796875 0.505591787109375 0.7258073056640625 0.51059855859375 0.71820209765625 0.518755615234375 0.7010934912109374 0.5200547998046875 0.70029937109375 0.526983357421875 0.704320603515625 0.5312807587890624 0.699759263671875 0.5399933388671875 0.6782677958984376 0.548465359375 0.6744400751953125 0.55344139453125 0.66727441796875 0.5560361005859376 0.6586155732421874 0.5579830732421875 0.6556582451171875 0.558075119140625 0.6508028388671875 0.5595264267578125 0.6478108505859375 0.55847491015625 0.6450855498046875 0.55439105078125 0.6430316083984375 0.5546986328125 0.638632974609375 0.557325798828125 0.6330714384765626 0.5600763740234375 0.6310537060546875 0.5641585927734375 0.6313391630859375 0.57081025 0.6357811669921875 0.5753229150390625 0.6281414072265625 0.57760465234375 0.6132737314453125 0.5795514609375 0.6067796513671875 0.58459107421875 0.60580538671875 0.5858268447265625 0.6023566259765625 0.5866860146484375 0.58296933203125 0.5886005283203125 0.5769146953125 0.5918141181640625 0.5700674970703125 0.5954927998046875 0.5672312626953125 0.600220837890625 0.5565115244140625 0.604693498046875 0.5245581845703124 0.6101310712890625 0.514331328125 0.6104386533203126 0.5099326943359375 0.6119223662109375 0.506499705078125 0.6133603046875 0.464612037109375 0.6137296328125 0.4628694921875 0.617409873046875 0.4600333671875 0.6189535 0.455721166015625 0.620429830078125 0.434608658203125 0.6204548525390625 0.4164881376953125 0.619246263671875 0.41242518359375 0.6235092646484375 0.401232791015625 0.6235995869140625 0.3928405234375 0.622081419921875 0.3861041494140625 0.622387169921875 0.3781702138671875 0.6203367783203125 0.3541593212890625 0.6187588603515625 0.3518389111328125 0.619437330078125 0.345697841796875 0.6216611494140625 0.3387814326171875 0.622214732421875 0.330864826171875 0.6215323798828125 0.3228602294921875 0.61645292578125 0.303057666015625 0.617871501953125 0.2934331767578125 0.6160709384765625 0.27651166796875 0.61130661328125 0.2735267421875 0.5981371259765625 0.2840978984375
2 0.956574646484375 0.0682755029296875 0.949094228515625 0.0757077373046875 0.9433456826171875 0.08679781640625 0.9420501611328125 0.094662541015625 0.9440314248046875 0.0983378251953125 0.9489497060546875 0.1026601865234375 0.9588151162109375 0.103791744140625 0.9692013779296875 0.090374193359375 0.9761226630859375 0.07671434765625 0.9764302451171875 0.0723157138671875 0.971046763671875 0.0639839482421875 0.963313126953125 0.0607913876953125 0.9593881708984375 0.063610400390625 0.956574646484375 0.0682755029296875
2 0.9051105595703125 0.217607126953125 0.9068135283203125 0.2252398251953125 0.9127847197265625 0.2287508447265625 0.93331312890625 0.212507328125 0.9430807802734374 0.20081332421875 0.941933390625 0.1923360732421875 0.940076904296875 0.1904378857421875 0.93048850390625 0.1888839970703125 0.926932876953125 0.1899604658203125 0.9099598212890625 0.2015923203125 0.9076726982421875 0.20585253125 0.9051105595703125 0.217607126953125
2 0.712598421875 0.1369613974609375 0.713311619140625 0.144524884765625 0.7178913076171874 0.15015023828125 0.727602763671875 0.1499443603515625 0.7326712802734375 0.1449952421875 0.7335993056640625 0.14240836328125 0.7323907158203125 0.1383454091796875 0.732636716796875 0.1348274375 0.7301920830078125 0.13067805078125 0.724005462890625 0.1267087001953125 0.7173266240234375 0.12977841015625 0.712598421875 0.1369613974609375
2 0.7898244951171876 0.3907619736328125 0.786949224609375 0.392770986328125 0.783735634765625 0.3996181845703125 0.785376857421875 0.40459479296875 0.7939159013671875 0.4140321865234375 0.80232661328125 0.4146203203125 0.8058533349609375 0.417518705078125 0.8093797841796875 0.416881896484375 0.8143560927734375 0.4132514326171875 0.81490967578125 0.405334826171875 0.807823498046875 0.3929055546875 0.804049052734375 0.3899882822265625 0.798636830078125 0.38916812109375 0.7898244951171876 0.3907619736328125
2 0.880230294921875 0.4169744033203125 0.88007294921875 0.4121015576171875 0.876638544921875 0.407882958984375 0.8714454140625 0.414591734375 0.871168568359375 0.41855081640625 0.875623587890625 0.4223975166015625 0.880230294921875 0.4169744033203125
2 0.861625650390625 0.288378982421875 0.861685400390625 0.283963017578125 0.857539958984375 0.28278973828125 0.852192873046875 0.2881610791015625 0.853182916015625 0.2917654833984375 0.857606818359375 0.2925181005859375 0.861625650390625 0.288378982421875
2 0.8651631591796874 0.08133076171875 0.8648863125 0.0852898447265625 0.8658146103515625 0.0862381591796875 0.8710727685546875 0.085722443359375 0.871626625 0.0813410302734375 0.8706058447265625 0.078176177734375 0.868440052734375 0.0771397626953125 0.8651631591796874 0.08133076171875
0 1 0.07183408203125 0.9964376396484375 0.0670845537109375 0.9868490751953125 0.0619939140625 0.9813445341796875 0.062493966796875 0.9779734345703125 0.0609315673828125 0.9740413701171875 0.049606255859375 0.965690572265625 0.0481389091796875 0.950192125 0.03512139453125 0.9308622431640625 0.031559646484375 0.9286480556640625 0.0303193583984375 0.9206251796875 0.031285501953125 0.700057533203125 0.0158619091796875 0.690315259765625 0.014738962890625 0.6898966865234375 0.013624236328125 0.688411251953125 0.0135203642578125 0.681316564453125 0.0154363818359375 0.6610286064453125 0.014017708984375 0.65840116796875 0.0160440517578125 0.6587505869140625 0.0394942998046875 0.6624928466796876 0.04284945703125 0.6661156064453125 0.05503654296875 0.6713450234375 0.0620324326171875 0.6721538212890625 0.07181267578125 0.679051751953125 0.0762719013671875 0.67902273828125 0.0802483134765625 0.6821188232421875 0.08930509765625 0.681438630859375 0.0919093056640625 0.683358421875 0.0964636923828125 0.6840408828125 0.1044667314453125 0.6892720234375 0.114999482421875 0.692122107421875 0.12757423828125 0.6912611064453125 0.1434262294921875 0.692871591796875 0.1488423896484375 0.6935556123046875 0.156845537109375 0.6907166279296875 0.17255921484375 0.690535927734375 0.185805439453125 0.6859672314453125 0.208470078125 0.6808374052734375 0.217835052734375 0.6757057470703125 0.223664724609375 0.6735434013671875 0.22970203125 0.6680715380859376 0.2332962763671875 0.664239064453125 0.2383318271484375 0.662105896484375 0.2439294736328125 0.6593862490234375 0.247274470703125 0.6578427861328126 0.255123423828125 0.658834388671875 0.2587279375 0.6738442802734375 0.2858551181640625 0.702096396484375 0.3333572236328125 0.7055001728515625 0.338013814453125 0.712120984375 0.3428969296875 0.721588490234375 0.356819388671875 0.72703328125 0.360735298828125 0.73068650390625 0.3689476396484375 0.741916291015625 0.379014888671875 0.7455354951171875 0.3841298115234375 0.7512588544921875 0.3876235009765625 0.7525582041015625 0.3903661318359375 0.758095203125 0.3929633876953125 0.7781872041015625 0.39481005859375 0.7831459287109375 0.397366876953125 0.7890575341796875 0.4088306123046875 0.808952974609375 0.4336476513671875 0.8193143232421874 0.4383490625 0.8495075341796875 0.4616761201171875 0.852847896484375 0.4636780712890625 0.8624654755859374 0.464792298828125 0.88659501171875 0.4823917998046875 0.899521943359375 0.4824123369140625 0.929092716796875 0.4968555849609375 0.9361100380859375 0.49248444140625 0.9413067236328125 0.492847828125 0.952100595703125 0.498464453125 0.968523513671875 0.50182292578125 0.975822794921875 0.5005649716796875 0.9805835654296875 0.496477734375 0.994069630859375 0.5027258828125 1 0.50314057421875 1 0.07183408203125
2 0.6820943291015625 0.4046575087890625 0.6734289033203125 0.4165820869140625 0.67389765234375 0.43227801953125 0.679587455078125 0.440507466796875 0.689157607421875 0.4380440458984375 0.6893428251953125 0.4129959501953125 0.6820943291015625 0.4046575087890625
2 0.7386432841796875 0.40234653515625 0.742556404296875 0.413584375 0.749227158203125 0.407785578125 0.749881125 0.3984334150390625 0.7386432841796875 0.40234653515625
0 0.693387029296875 0.511956623046875 0.72836503125 0.526933046875 0.74572865234375 0.5250145986328125 0.75475383203125 0.5303446474609375 0.7877043916015625 0.5295161435546875 0.7960428330078125 0.522267646484375 0.8175375634765625 0.5284696513671875 0.81993544140625 0.49417838671875 0.8302685556640625 0.480804109375 0.8336801552734375 0.45441530859375 0.811062708984375 0.44186953515625 0.7865268154296875 0.4119601396484375 0.7370518193359376 0.38030683203125 0.7010273251953125 0.3354972373046875 0.6591712626953125 0.2620861796875 0.648587388671875 0.25664713671875 0.6273434189453125 0.269258453125 0.618895982421875 0.2780656435546875 0.617588048828125 0.2967699697265625 0.6254363779296875 0.40852717578125 0.6641750537109375 0.481720244140625 0.6733092275390625 0.4854915986328125 0.693387029296875 0.511956623046875