2 0.2870375 0.96949375 0.2888 0.967509375 0.2888 0.962796875 0.2848328125 0.9580859375 0.2940921875 0.9486609375 0.297178125 0.9352671875 0.2949734375 0.9303078125 0.2896828125 0.9255953125 0.27336875 0.9201390625 0.2671953125 0.91245 0.2658734375 0.908234375 0.259259375 0.9057546875 0.2477953125 0.9045140625 0.236771875 0.9017859375 0.2244265625 0.9015375 0.2129625 0.904265625 0.20723125 0.907490625 0.20238125 0.9119546875 0.1997359375 0.9196421875 0.1992953125 0.92584375 0.2032625 0.935515625 0.2186953125 0.9603171875 0.2239859375 0.9630453125 0.241621875 0.966765625 0.2716046875 0.9682546875 0.2821875 0.969990625 0.2870375 0.96949375
2 0.2945328125 0.8745046875 0.3002640625 0.8747515625 0.3082015625 0.8735125 0.3143734375 0.875 0.3289234375 0.8735125 0.333775 0.87103125 0.339065625 0.8618546875 0.3377421875 0.8563984375 0.3333328125 0.852678125 0.3183421875 0.8474703125 0.2561734375 0.83506875 0.2473546875 0.8387890625 0.2438265625 0.8422625 0.2425046875 0.8494546875 0.2477953125 0.8556546875 0.2517640625 0.8591265625 0.259259375 0.8616078125 0.264109375 0.865328125 0.2751328125 0.8705359375 0.2861546875 0.871528125 0.2945328125 0.8745046875
2 0.1825390625 0.865575 0.1732796875 0.866071875 0.168871875 0.868303125 0.1671078125 0.870784375 0.1671078125 0.8767359375 0.17019375 0.879215625 0.1812171875 0.8821921875 0.189153125 0.88194375 0.193121875 0.8802078125 0.1953265625 0.876984375 0.194003125 0.8732640625 0.1825390625 0.865575
2 0 0.8829359375 0.01058125 0.887153125 0.01851875 0.8923609375 0.0255734375 0.8950890625 0.0410046875 0.898065625 0.052909375 0.8888890625 0.052028125 0.8856640625 0.046296875 0.87896875 0.0410046875 0.8745046875 0.0361546875 0.8740078125 0.0251328125 0.8697921875 0.0211640625 0.8618546875 0.0171953125 0.858134375 0.00396875 0.8596234375 0 0.8608625 0 0.8829359375
2 0.117284375 0.81944375 0.112434375 0.818453125 0.107584375 0.8189484375 0.1053796875 0.8204359375 0.10405625 0.8263890625 0.1071421875 0.8303578125 0.1111109375 0.8325890625 0.1194890625 0.8325890625 0.122575 0.830853125 0.1252203125 0.826140625 0.122134375 0.821925 0.117284375 0.81944375
2 0.4603171875 0.950396875 0.4559078125 0.95238125 0.4559078125 0.9575890625 0.4589953125 0.961309375 0.4700171875 0.9642859375 0.4744265625 0.9630453125 0.47663125 0.9595734375 0.4744265625 0.951884375 0.466490625 0.949653125 0.4603171875 0.950396875
2 0.665784375 0.834325 0.6618171875 0.835565625 0.656525 0.8392859375 0.65564375 0.8482140625 0.6587296875 0.85391875 0.6768078125 0.85391875 0.6935625 0.8494546875 0.6917984375 0.8422625 0.6807765625 0.8338296875 0.675484375 0.8333328125 0.665784375 0.834325
2 0.4775125 0.7688484375 0.4925046875 0.765625 0.5013234375 0.76165625 0.5035265625 0.748015625 0.4982359375 0.7435515625 0.4925046875 0.741815625 0.4806 0.7321421875 0.46693125 0.728421875 0.4581125 0.728175 0.4435625 0.7321421875 0.4351859375 0.730903125 0.4316578125 0.7313984375 0.4272484375 0.7341265625 0.419753125 0.73983125 0.4232796875 0.7584328125 0.4272484375 0.76165625 0.429453125 0.761409375 0.4351859375 0.7633921875 0.4373890625 0.762896875 0.4501765625 0.767609375 0.4775125 0.7688484375
2 0.57980625 0.7435515625 0.5881828125 0.7380953125 0.5921515625 0.7373515625 0.599646875 0.737846875 0.602734375 0.7366078125 0.603615625 0.7212296875 0.599646875 0.7130453125 0.5930328125 0.706596875 0.5877421875 0.6932046875 0.579365625 0.689484375 0.5709875 0.6877484375 0.55246875 0.6810515625 0.5370375 0.6775796875 0.5251328125 0.6783234375 0.5127859375 0.6775796875 0.4933859375 0.6813 0.485009375 0.6870046875 0.4783953125 0.6879953125 0.4744265625 0.6897328125 0.4726625 0.693453125 0.4792765625 0.7008921875 0.5013234375 0.7155265625 0.5163140625 0.7237109375 0.5308640625 0.7341265625 0.5370375 0.7366078125 0.57186875 0.745784375 0.57980625 0.7435515625
2 0.216490625 0.7088296875 0.2244265625 0.7080859375 0.23148125 0.7053578125 0.2328046875 0.6999015625 0.230159375 0.6852671875 0.2209 0.6763390625 0.212521875 0.67113125 0.207671875 0.6708828125 0.2001765625 0.6721234375 0.1962078125 0.67584375 0.18959375 0.6775796875 0.1869484375 0.6813 0.1900359375 0.6857640625 0.188271875 0.6892359375 0.1935625 0.6912203125 0.1962078125 0.7013890625 0.2045859375 0.7095734375 0.2107578125 0.7080859375 0.216490625 0.7088296875
2 0.2045859375 0.709325 0.1948859375 0.7013890625 0.189153125 0.7016375 0.18474375 0.7033734375 0.1790125 0.710565625 0.17813125 0.71329375 0.180334375 0.720734375 0.18474375 0.724703125 0.18959375 0.724703125 0.19753125 0.7217265625 0.2045859375 0.7165171875 0.2059078125 0.7130453125 0.2045859375 0.709325
2 0.0643734375 0.7547125 0.043209375 0.7452875 0.036596875 0.74454375 0.0255734375 0.747271875 0.0207234375 0.7532234375 0.0202828125 0.755953125 0.023809375 0.7631453125 0.03306875 0.768353125 0.0405640625 0.7688484375 0.0502640625 0.7678578125 0.0661375 0.762896875 0.06701875 0.759425 0.0643734375 0.7547125
2 0.46693125 0.6498015625 0.461640625 0.649553125 0.456790625 0.6505453125 0.452821875 0.652778125 0.4506171875 0.6564984375 0.4510578125 0.66245 0.4629625 0.665921875 0.4739859375 0.665921875 0.4783953125 0.6619546875 0.4788359375 0.657490625 0.47663125 0.654265625 0.4731046875 0.6517859375 0.46693125 0.6498015625
2 0.62654375 0.6428578125 0.6525578125 0.634671875 0.6574078125 0.6307046875 0.6578484375 0.6202875 0.6596125 0.6165671875 0.6644625 0.6150796875 0.666225 0.6165671875 0.6671078125 0.6130953125 0.67019375 0.6118546875 0.6728390625 0.6076390625 0.6719578125 0.602678125 0.67504375 0.5994546875 0.6732796875 0.5962296875 0.6759265625 0.5915171875 0.67504375 0.587796875 0.669753125 0.5811015625 0.6618171875 0.5776296875 0.64594375 0.5776296875 0.6380078125 0.5798609375 0.6344796875 0.5830859375 0.622575 0.58680625 0.6146390625 0.591765625 0.6000875 0.5969734375 0.594796875 0.60069375 0.5903875 0.6021828125 0.585978125 0.6061515625 0.574515625 0.62425625 0.575396875 0.634671875 0.5771609375 0.63516875 0.5868609375 0.6463296875 0.5908296875 0.6470734375 0.6009703125 0.648065625 0.613315625 0.646578125 0.617284375 0.64459375 0.62654375 0.6428578125
2 0.7014984375 0.571925 0.69753125 0.5763890625 0.694003125 0.587796875 0.694003125 0.595734375 0.697090625 0.597965625 0.708553125 0.601934375 0.725309375 0.580109375 0.7231046875 0.5751484375 0.7142859375 0.57118125 0.7050265625 0.570684375 0.7014984375 0.571925
2 0.815696875 0.68353125 0.8161375 0.6870046875 0.8209875 0.6904765625 0.8289234375 0.691715625 0.834215625 0.6897328125 0.83465625 0.6852671875 0.82980625 0.681546875 0.8192234375 0.681546875 0.815696875 0.68353125
2 0.7151671875 0.769096875 0.7235453125 0.7713296875 0.74603125 0.7713296875 0.7513234375 0.76959375 0.7676359375 0.7708328125 0.8002640625 0.759671875 0.7985015625 0.7514875 0.787478125 0.7400796875 0.773809375 0.732390625 0.763228125 0.73040625 0.755290625 0.73040625 0.7517640625 0.7318953125 0.7464734375 0.732390625 0.7323640625 0.7296625 0.7288359375 0.7299109375 0.71693125 0.737103125 0.7112 0.7390875 0.7089953125 0.7442953125 0.7050265625 0.7467765625 0.693121875 0.744046875 0.692240625 0.7462796875 0.689153125 0.7475203125 0.6904765625 0.7524796875 0.697090625 0.755953125 0.7014984375 0.7537203125 0.7054671875 0.7537203125 0.713403125 0.7619046875 0.7151671875 0.769096875
2 0 0.6287203125 0.005290625 0.6314484375 0.014109375 0.6307046875 0.01851875 0.626984375 0.0171953125 0.6225203125 0.0110234375 0.620784375 0.005290625 0.6205359375 0.0030859375 0.621528125 0 0.6235125 0 0.6287203125
2 0 0.7286703125 0.0061734375 0.728175 0.0110234375 0.724703125 0.009259375 0.7192453125 0.0017640625 0.7157734375 0 0.7157734375 0 0.7286703125
2 0.1856265625 0.6272328125 0.1869484375 0.628471875 0.189153125 0.6294640625 0.193121875 0.628471875 0.1948859375 0.623015625 0.1887125 0.6225203125 0.1865078125 0.62425625 0.1856265625 0.6272328125
2 0.418871875 0.5431546875 0.4193125 0.5463796875 0.4228390625 0.5486109375 0.4272484375 0.548859375 0.4307765625 0.5471234375 0.4320984375 0.543403125 0.42813125 0.53993125 0.4223984375 0.53993125 0.418871875 0.5431546875
2 0.50573125 0.523809375 0.5030859375 0.525296875 0.50573125 0.53050625 0.5123453125 0.5317453125 0.5158734375 0.5310015625 0.518078125 0.528521875 0.514990625 0.5240578125 0.5097 0.5228171875 0.50573125 0.523809375
2 0.8051140625 0.53199375 0.7993828125 0.5389390625 0.801146875 0.5486109375 0.8090828125 0.549603125 0.8134921875 0.548859375 0.819665625 0.542659375 0.819665625 0.537203125 0.815696875 0.53199375 0.8139328125 0.5310015625 0.8051140625 0.53199375
2 0.8377421875 0.5004953125 0.8456796875 0.4947921875 0.847884375 0.4893359375 0.8430328125 0.4821421875 0.8403875 0.474703125 0.8373015625 0.47271875 0.825396875 0.4689984375 0.8130515625 0.4685015625 0.8064375 0.466021875 0.7945328125 0.4650296875 0.783509375 0.4677578125 0.7711640625 0.4826390625 0.76851875 0.4880953125 0.763228125 0.490575 0.75088125 0.4938 0.7477953125 0.49603125 0.7477953125 0.509425 0.755290625 0.5240578125 0.7702828125 0.5262890625 0.791446875 0.5260421875 0.7954140625 0.5255453125 0.8187828125 0.51488125 0.831128125 0.503471875 0.8377421875 0.5004953125
2 0.7870375 0.4533734375 0.7817453125 0.454365625 0.7768953125 0.46006875 0.777778125 0.4650296875 0.7857140625 0.4682546875 0.798059375 0.4662703125 0.8015875 0.46478125 0.802909375 0.462796875 0.8002640625 0.455853125 0.7945328125 0.4536203125 0.7870375 0.4533734375
2 0.9497359375 0.5057046875 0.9607578125 0.5052078125 0.966490625 0.5017359375 0.96605 0.4950390625 0.9589953125 0.49305625 0.9532625 0.49603125 0.9501765625 0.4997515625 0.9497359375 0.5057046875
2 0.3064375 0.7775296875 0.310846875 0.778521875 0.3134921875 0.77579375 0.31216875 0.773809375 0.3095234375 0.77256875 0.306878125 0.7728171875 0.3051140625 0.77430625 0.3064375 0.7775296875
2 0.65079375 0.3928578125 0.650353125 0.3896328125 0.6485890625 0.3883921875 0.622575 0.387153125 0.609346875 0.3874015625 0.5974421875 0.3891375 0.5921515625 0.3923609375 0.5970015625 0.400296875 0.6097890625 0.4047625 0.622575 0.4064984375 0.6289234375 0.405009375 0.6384484375 0.405009375 0.6485890625 0.39930625 0.65079375 0.3928578125
0 0 0.88194375 0.0017640625 0.88194375 0.00396875 0.883928125 0.00485 0.887153125 0.0030859375 0.8985609375 0.0035265625 0.9513890625 0.00573125 0.9546125 0.01366875 0.9603171875 0.0158734375 0.959821875 0.027778125 0.964534375 0.0445328125 0.9685015625 0.057759375 0.9702375 0.1049375 0.9846234375 0.141534375 0.9858625 0.1618171875 0.992559375 0.1851859375 0.99603125 0.22575 0.9997515625 0.391534375 0.9997515625 0.396384375 0.9975203125 0.4514984375 0.9952875 0.458553125 0.994046875 0.462521875 0.99131875 0.47178125 0.990328125 0.4806 0.9853671875 0.489859375 0.983134375 0.50396875 0.98363125 0.509259375 0.9866078125 0.513228125 0.9873515625 0.5299828125 0.985615625 0.53395 0.9861109375 0.5454140625 0.982390625 0.548059375 0.97569375 0.5599640625 0.97271875 0.5643734375 0.9732140625 0.5740734375 0.969990625 0.580246875 0.9702375 0.5917109375 0.9682546875 0.594796875 0.9665171875 0.6106703125 0.962796875 0.6155203125 0.962796875 0.6212515625 0.95858125 0.626984375 0.9610609375 0.6335984375 0.95386875 0.6402109375 0.9516375 0.65564375 0.949653125 0.6776890625 0.9486609375 0.694003125 0.9451890625 0.7050265625 0.9397328125 0.7050265625 0.9345234375 0.7420640625 0.923859375 0.7570546875 0.9171625 0.7627859375 0.9077375 0.769840625 0.903521875 0.7857140625 0.899553125 0.8033515625 0.8923609375 0.80555625 0.888640625 0.8037921875 0.8829359375 0.805996875 0.8797125 0.834215625 0.8688 0.853175 0.8630953125 0.8606703125 0.86011875 0.8650796875 0.856646875 0.869046875 0.856646875 0.8805109375 0.84920625 0.8844796875 0.8432546875 0.8884484375 0.841765625 0.891534375 0.837053125 0.902115625 0.8318453125 0.9118171875 0.8298609375 0.918871875 0.8249015625 0.9263671875 0.8224203125 0.9312171875 0.8187 0.933421875 0.814484375 0.943121875 0.8107640625 0.942240625 0.8087796875 0.99515 0.7557046875 0.9969140625 0.7522328125 0.995590625 0.590278125 0.9973546875 0.5181046875 0.995590625 0.492559375 0.9929453125 0.491071875 0.986771875 0.490328125 0.9828046875 0.491071875 0.9783953125 0.4900796875 0.9700171875 0.490575 0.963403125 0.491815625 0.9545859375 0.4900796875 0.9484125 0.484375 0.947971875 0.482390625 0.9448859375 0.4806546875 0.9360671875 0.478175 0.923721875 0.4771828125 0.920634375 0.47569375 0.9131390625 0.466021875 0.891975 0.4583328125 0.8747796875 0.4536203125 0.8703703125 0.4508921875 0.868165625 0.4474203125 0.869046875 0.4432046875 0.8659609375 0.4392359375 0.853615625 0.4352671875 0.8355375 0.431546875 0.8015875 0.428571875 0.7967375 0.426090625 0.7989421875 0.4196421875 0.793209375 0.415921875 0.787478125 0.4146828125 0.7627859375 0.412946875 0.75573125 0.4114578125 0.73545 0.4112109375 0.7098765625 0.3963296875 0.7050265625 0.394840625 0.6935625 0.3936015625 0.6812171875 0.3936015625 0.6776890625 0.392609375 0.66534375 0.39459375 0.6349203125 0.387896875 0.614196875 0.388640625 0.60405625 0.3908734375 0.588625 0.3923609375 0.5828921875 0.391865625 0.57980625 0.3931046875 0.5731921875 0.3931046875 0.5679015625 0.38988125 0.555996875 0.387153125 0.5498234375 0.3869046875 0.5405640625 0.3874015625 0.5176359375 0.39136875 0.5061734375 0.38665625 0.4986765625 0.3854171875 0.45238125 0.3923609375 0.43959375 0.39608125 0.434303125 0.3953375 0.4325390625 0.391865625 0.4290125 0.389384375 0.4166671875 0.3883921875 0.39109375 0.3958328125 0.369046875 0.400296875 0.3650796875 0.40079375 0.3611109375 0.398809375 0.3421515625 0.400296875 0.3324515625 0.4040171875 0.3183421875 0.4072421875 0.310846875 0.40550625 0.302909375 0.4057546875 0.2945328125 0.4092265625 0.2627859375 0.4174109375 0.25573125 0.4203875 0.245590625 0.417659375 0.231921875 0.419146875 0.221340625 0.42261875 0.21693125 0.4263390625 0.1997359375 0.431546875 0.1904765625 0.436259375 0.183421875 0.4375 0.165784375 0.4379953125 0.1622578125 0.4389875 0.1534390625 0.44444375 0.1450625 0.446925 0.11860625 0.460565625 0.1071421875 0.4640375 0.1009703125 0.4677578125 0.0956796875 0.4692453125 0.083775 0.46949375 0.080246875 0.4704859375 0.0590828125 0.482390625 0.056878125 0.48511875 0.048059375 0.4895828125 0.0467375 0.4915671875 0.037478125 0.4955359375 0.0207234375 0.505953125 0.005290625 0.5091765625 0.0022046875 0.5248015625 0.00396875 0.563740625 0.0022046875 0.638640625 0.00396875 0.644840625 0.004409375 0.67881875 0.0035265625 0.7172625 0.0022046875 0.71949375 0 0.7197421875 0 0.7266859375 0.0026453125 0.7294140625 0.0022046875 0.7306546875 0 0.730903125 0 0.7326390625 0.0022046875 0.733134375 0.00396875 0.7361109375 0.0026453125 0.769840625 0.00396875 0.7748015625 0.00396875 0.8616078125 0.0026453125 0.86954375 0 0.87103125 0 0.88194375
2 0.6058203125 0.956596875 0.6146390625 0.953125 0.6155203125 0.9516375 0.6071421875 0.94915625 0.6009703125 0.9508921875 0.6005296875 0.955109375 0.6058203125 0.956596875