2 0.3656300654296875 0.5536643212890625 0.371887798828125 0.55520937109375 0.374026931640625 0.55248774609375 0.3799636533203125 0.5377215625 0.3816899189453125 0.508984435546875 0.3803290546875 0.4984442578125 0.37840948046875 0.4932158779296875 0.373035578125 0.48855058203125 0.366373591796875 0.48966657421875 0.36186398046875 0.495558796875 0.358919466796875 0.503602396484375 0.35150533984375 0.5400395927734375 0.3554521328125 0.5535788486328125 0.359231689453125 0.5552104384765625 0.3656300654296875 0.5536643212890625
2 0.4796930966796875 0.4230602685546875 0.488338302734375 0.421876583984375 0.4996796826171875 0.4126564091796875 0.50175725 0.4081717958984375 0.4940293388671875 0.3930010048828125 0.49039031640625 0.3882751259765625 0.48196472265625 0.3815103662109375 0.4784620712890625 0.387808318359375 0.476368607421875 0.3989115810546875 0.479136521484375 0.42131456640625 0.4796930966796875 0.4230602685546875
2 0.37118282421875 0.456850619140625 0.3758001328125 0.4540424541015625 0.377939265625 0.4513208291015625 0.3780336669921875 0.4469054697265625 0.3723042451171875 0.4321042197265625 0.3674561630859375 0.4283039130859375 0.3624689990234375 0.4275947177734375 0.3587488720703125 0.434783615234375 0.3587160361328125 0.4409619619140625 0.3635790302734375 0.452263193359375 0.37118282421875 0.456850619140625
2 0.4687716376953125 0.48697254296875 0.4760225703125 0.48848447265625 0.478144708984375 0.485320984375 0.4780544697265625 0.47561822265625 0.4751608251953125 0.4638073271484375 0.471304326171875 0.4599723935546875 0.465370205078125 0.4606205107421875 0.4630304814453125 0.4646718212890625 0.4629339990234375 0.4761462412109375 0.4687716376953125 0.48697254296875
2 0.57358248046875 0.5746384140625 0.586642841796875 0.5719763046875 0.5897411865234375 0.56833783203125 0.591880837890625 0.558557201171875 0.591047302734375 0.548880396484375 0.58795155859375 0.538400802734375 0.5830111025390625 0.5319552333984375 0.569458330078125 0.5205165625 0.5650123642578125 0.521112712890625 0.5602252734375 0.526132837890625 0.5568303740234375 0.5355164091796875 0.5575869677734375 0.542989869140625 0.5613486005859375 0.5583007294921875 0.566737880859375 0.5634063818359375 0.5681300732421874 0.567769828125 0.5678504580078125 0.5739552294921875 0.57358248046875 0.5746384140625
2 0.567003916015625 0.61369179296875 0.57069120703125 0.6126812421875 0.5725512431640625 0.6090860126953125 0.57325048828125 0.6006799267578125 0.5690225732421875 0.5933276875 0.56394308984375 0.589974791015625 0.56250268359375 0.5913493349609374 0.55814695703125 0.6016482470703125 0.558734287109375 0.604274662109375 0.567003916015625 0.61369179296875
2 0.462149833984375 0.588676533203125 0.463590240234375 0.5873019892578125 0.4663495947265625 0.5810299931640625 0.4663654921875 0.5744113447265625 0.4641992470703125 0.5691931416015625 0.461178310546875 0.567974390625 0.45618755859375 0.5743258720703125 0.45375343359375 0.5827925419921876 0.4579044599609375 0.587942998046875 0.462149833984375 0.588676533203125
2 0.3777093115234375 0.6366261123046875 0.38215527734375 0.6360299619140625 0.3849915185546875 0.6319597490234375 0.386915201171875 0.623068447265625 0.3846704521484375 0.615646955078125 0.3806117998046875 0.6131417607421875 0.37772937109375 0.6158893427734375 0.374303716796875 0.624392201171875 0.3777093115234375 0.6366261123046875
2 0.2397513984375 0.6017367080078125 0.242091123046875 0.5976853974609375 0.2405301865234375 0.5814158994140625 0.2388897080078125 0.5770611240234375 0.232539599609375 0.5728708115234376 0.230959125 0.570279078125 0.2284655703125 0.56992526171875 0.223028021484375 0.5705560380859375 0.2192001416015625 0.57465931640625 0.220158369140625 0.58786204296875 0.2212576494140625 0.5909114736328125 0.2369941806640625 0.600951205078125 0.2397513984375 0.6017367080078125
2 0.281758197265625 0.3620293564453125 0.2844692822265625 0.3614937890625 0.28688589453125 0.35964426171875 0.289908912109375 0.3538039521484375 0.29018847265625 0.3476169892578125 0.2946847880859375 0.334225349609375 0.29301401953125 0.32192929296875 0.29095396484375 0.319796763671875 0.2882141513671875 0.31239099609375 0.2849311669921875 0.3107420654296875 0.2813361953125 0.3143963173828125 0.281720908203125 0.3254130390625 0.2806656787109375 0.33074373828125 0.2728996767578125 0.349985865234375 0.2751906123046875 0.3587299892578125 0.281758197265625 0.3620293564453125
2 0.427951279296875 0.2916297177734375 0.4336832470703125 0.2923113408203125 0.435325806640625 0.2896070556640625 0.435281701171875 0.2812253642578125 0.43167348828125 0.2773817607421875 0.4267770830078125 0.2793163212890625 0.4258778740234375 0.2819962099609375 0.427951279296875 0.2916297177734375
2 0.473713072265625 0.3584155263671875 0.4779122587890625 0.3578264306640625 0.4772946923828125 0.347260296875 0.473266794921875 0.3456358154296875 0.47219775 0.3505261044921875 0.472644546875 0.35624680859375 0.473713072265625 0.3584155263671875
2 0.454044203125 0.47028104296875 0.4557637060546875 0.4697801025390625 0.4577006845703125 0.4683882177734375 0.4577797080078125 0.463532501953125 0.4565572978515625 0.456957095703125 0.4531496220703125 0.451782244140625 0.449105828125 0.4567764130859375 0.4498931767578125 0.4651305859375 0.454044203125 0.47028104296875
2 0.531625498046875 0.339628279296875 0.532553955078125 0.33783071875 0.5340288134765625 0.3302793349609375 0.53303775 0.3232549560546875 0.5309022607421875 0.3189174658203125 0.5268436083984375 0.3164122724609375 0.52478141796875 0.3213372421875 0.5240667958984375 0.3293029716796875 0.5247633857421875 0.3350133896484375 0.527659166015625 0.339766787109375 0.531625498046875 0.339628279296875
2 0.5021641025390625 0.3913926884765625 0.5045499599609375 0.388662447265625 0.5044114521484375 0.384696115234375 0.5016716923828125 0.377291908203125 0.4999347314453125 0.3844115517578125 0.500057861328125 0.38793752734375 0.5021641025390625 0.3913926884765625
2 0.4702788740234375 0.601186392578125 0.4749885029296875 0.6010219287109375 0.4752681181640625 0.59483652734375 0.474108833984375 0.5900240537109375 0.4693222626953125 0.5879851728515625 0.4680033701171875 0.5928841865234376 0.4681572548828125 0.597290875 0.4702788740234375 0.601186392578125
2 0.5869946640625 0.5891698125 0.5896903720703125 0.588193888671875 0.5918125107421875 0.585030400390625 0.5910405390625 0.5771165830078125 0.5858974638671876 0.5790613212890625 0.58375833203125 0.5817829462890625 0.58363312109375 0.58531603125 0.5849499326171875 0.587476078125 0.5869946640625 0.5891698125
2 0.1829163427734375 0.5873974248046875 0.197757771484375 0.5859973642578125 0.204870716796875 0.576483955078125 0.2061880478515625 0.5715849970703125 0.1996994326171875 0.5634283525390625 0.19139488671875 0.56724862890625 0.182997447265625 0.5754826494140625 0.1809198798828125 0.57996726171875 0.18110451953125 0.5852546640625 0.1829163427734375 0.5873974248046875
2 0.5241580126953125 0.204003146484375 0.5286670498046875 0.2051683681640625 0.534445724609375 0.2001136162109375 0.53158080859375 0.1962440556640625 0.5275682890625 0.195059931640625 0.525120921875 0.19602874609375 0.5230294833984375 0.20007138671875 0.5241580126953125 0.204003146484375
2 0.570035369140625 0.3735803515625 0.5735205615234376 0.373901103515625 0.576185458984375 0.3720429052734375 0.5784805576171875 0.3666689091796875 0.576730765625 0.359228568359375 0.575430947265625 0.357510384765625 0.5712624609375 0.3589786318359375 0.5691557001953125 0.3625824775390625 0.570035369140625 0.3735803515625
2 0.4969381953125 0.6112855849609375 0.498688453125 0.6116653583984375 0.5005331669921875 0.607631333984375 0.50065676171875 0.6040967421875 0.4938270205078125 0.6003640732421875 0.4943199501953125 0.6074058466796876 0.4969381953125 0.6112855849609375
2 0.2490336474609375 0.45537985546875 0.2515426337890625 0.4561755908203125 0.2551221728515625 0.4520794208984375 0.2578199619140625 0.4440444375 0.25092657421875 0.4456078408203125 0.24853915625 0.4483381357421875 0.2481980302734375 0.452762111328125 0.2490336474609375 0.45537985546875
2 0.638890990234375 0.391030142578125 0.64036220703125 0.390537873046875 0.6419893349609375 0.3873916708984375 0.639852337890625 0.383055796875 0.638583220703125 0.3822167646484375 0.635918322265625 0.384074962890625 0.6358085439453125 0.3880499658203125 0.638890990234375 0.391030142578125
2 0.6004314638671875 0.2988412021484375 0.6041341328125 0.2982710087890625 0.604785109375 0.2956013505859375 0.6041824013671875 0.2925345791015625 0.59972105859375 0.292690373046875 0.5993475615234375 0.2962321279296875 0.6004314638671875 0.2988412021484375
2 0.3416084052734375 0.270820990234375 0.34631647265625 0.270656580078125 0.3472464912109375 0.2688589658203125 0.346845880859375 0.264460892578125 0.3445682421875 0.263216185546875 0.3401684638671875 0.265134966796875 0.3416084052734375 0.270820990234375
0 0.5036286806640625 0.6820827177734375 0.5196776083984375 0.6797571396484375 0.52158388671875 0.6774861025390625 0.5506029375 0.6627956533203125 0.56220798046875 0.6540071650390625 0.5667329697265625 0.648555298828125 0.569369193359375 0.6387573271484375 0.5746682353515625 0.6341602177734375 0.579798013671875 0.6247160634765625 0.58296000390625 0.6157815185546875 0.5879508095703125 0.6094315986328125 0.595095029296875 0.5937398974609375 0.5977620087890625 0.5848226396484375 0.602194677734375 0.576727072265625 0.6117730224609375 0.552568701171875 0.616748396484375 0.54577686328125 0.638771619140625 0.5013311884765626 0.6542420595703125 0.4610839482421875 0.6601855439453125 0.418081578125 0.6585958798828125 0.3938707451171875 0.654326513671875 0.3640203095703125 0.6496056142578125 0.349624734375 0.6449888798828125 0.345375455078125 0.6356441376953125 0.29805244140625 0.6338477470703126 0.2963515986328125 0.6292330390625 0.285041697265625 0.62451011328125 0.2777067451171875 0.608186771484375 0.2579815927734375 0.5904230234375 0.239630984375 0.5781563076171875 0.2294716484375 0.5750122412109375 0.224726921875 0.5561317529296875 0.2099455869140625 0.5252614560546875 0.19293445703125 0.5185092314453125 0.1843476875 0.5105319404296875 0.1833020166015625 0.498929498046875 0.177972439453125 0.487713794921875 0.176598962890625 0.4751520859375 0.1721846708984375 0.461735685546875 0.1717698310546875 0.4472369970703125 0.1687474248046875 0.439677775390625 0.165481123046875 0.4323648125 0.1692667724609375 0.4198938623046875 0.167496236328125 0.4095132568359375 0.175799509765625 0.3950432431640625 0.180716876953125 0.3886120302734375 0.1884413408203125 0.3812067470703125 0.1895832900390625 0.381021533203125 0.19135333203125 0.3766371328125 0.1937124697265625 0.3730883486328125 0.1986893525390625 0.36481455859375 0.203390341796875 0.3636516318359375 0.205636984375 0.3589573798828125 0.2062418046875 0.348994896484375 0.2123260087890625 0.325938640625 0.2343081142578125 0.319166302734375 0.246456552734375 0.31211700390625 0.2506738896484375 0.307684333984375 0.2587694560546875 0.3068773916015625 0.2640914853515625 0.3022118681640625 0.272637640625 0.29877286328125 0.2736395205078125 0.295441611328125 0.27772701953125 0.2933794208984375 0.2826519892578125 0.291736341796875 0.292415279296875 0.2900306552734375 0.293356630859375 0.2863428994140625 0.301427748046875 0.2841422021484375 0.302386384765625 0.1921509609375 0.581781095703125 0.192212525390625 0.5835440830078125 0.196456337890625 0.5842776728515625 0.2000666865234375 0.5810637783203125 0.202916224609375 0.584492982421875 0.2079510830078125 0.5865231923828125 0.221552642578125 0.5851664287109375 0.2238302822265625 0.5864111357421875 0.235835935546875 0.5820207197265626 0.2379247177734375 0.5920945849609375 0.238247865234375 0.6013483193359375 0.2439331806640625 0.607767876953125 0.25647951171875 0.6117418125 0.25836827734375 0.61608791796875 0.2611716826171875 0.618196052734375 0.2761823203125 0.621641474609375 0.287736548828125 0.63270904296875 0.294288755859375 0.6355680537109375 0.2961313876953125 0.6385930888671875 0.3036597998046875 0.6409771162109374 0.312846150390625 0.64109721484375 0.3167027041015625 0.6449337109375 0.327777818359375 0.6493999150390625 0.340059912109375 0.6599996083984375 0.342196962890625 0.6643370439453125 0.3524805673828125 0.6745671953125 0.3587378359375 0.6831728125 0.3640809287109375 0.6869558330078125 0.36826323046875 0.6859279970703125 0.38307176953125 0.690704720703125 0.38904246484375 0.68873108203125 0.4019564736328125 0.6913694970703125 0.4091134697265625 0.69023621875 0.4134824931640625 0.6874367236328125 0.4255974599609375 0.686131873046875 0.434381119140625 0.688912958984375 0.4934486669921875 0.689056306640625 0.5036286806640625 0.6820827177734375
2 0.8914278173828125 0.3455921796875 0.897142900390625 0.3458350625 0.9015118681640625 0.343034005859375 0.9043810009765625 0.3327870078125 0.9025866376953126 0.32402554296875 0.899906880859375 0.3183843779296875 0.8983459453125 0.302114880859375 0.8891945126953125 0.2887573740234375 0.88615819921875 0.2870982666015625 0.8817122880859375 0.287695978515625 0.87651886328125 0.3024362060546875 0.8756944619140625 0.3143769384765625 0.878046388671875 0.331941494140625 0.883558798828125 0.3405731220703125 0.8914278173828125 0.3455921796875
2 0.9299282109375 0.32527678515625 0.9359223349609375 0.3263917099609375 0.941858537109375 0.3186845322265625 0.9449589619140625 0.307987 0.9431645986328125 0.29922553515625 0.936104603515625 0.2818253876953125 0.930216669921875 0.28379613671875 0.921540189453125 0.29115811328125 0.919710908203125 0.295634056640625 0.9193061357421874 0.305354103515625 0.9195984736328126 0.3137255634765625 0.9215026162109375 0.318512025390625 0.9299282109375 0.32527678515625
2 0.884980353515625 0.160960970703125 0.886203283203125 0.1604773720703125 0.8917813662109375 0.1567523056640625 0.8936589150390625 0.14653993359375 0.89200566015625 0.1276267353515625 0.887916251953125 0.124240828125 0.885468830078125 0.1252080810546875 0.883624171875 0.1292436669921875 0.8766979482421875 0.13698541796875 0.8758294404296875 0.140544458984375 0.87757553515625 0.1550423525390625 0.884980353515625 0.160960970703125
0 0.913014310546875 0 0.911707884765625 0.002523865234375 0.8978729501953125 0.0113902236328125 0.8692210986328125 0.0437145380859375 0.8673918173828125 0.04819048046875 0.85428266796875 0.0636480244140625 0.8498654306640625 0.072185509765625 0.84673627734375 0.07494170703125 0.8128597255859376 0.128184541015625 0.795085052734375 0.152188240234375 0.783616380859375 0.172000560546875 0.768845130859375 0.20384015234375 0.7668460673828125 0.2105280556640625 0.7581983154296875 0.2258313671875 0.755795 0.2351803125 0.7573405029296875 0.2510078916015625 0.761243244140625 0.2561670185546875 0.7904446240234375 0.317794822265625 0.7958949501953125 0.3317224677734375 0.801438115234375 0.34123480859375 0.82984561328125 0.3587728349609375 0.84361435546875 0.3693221767578125 0.852707865234375 0.373857580078125 0.8565643642578125 0.3776925146484375 0.860823609375 0.3788680224609375 0.86845971875 0.3843361064453125 0.8738951865234375 0.390764390625 0.8943721015625 0.40152037109375 0.89751611328125 0.4062635361328125 0.900506240234375 0.40660001171875 0.905090712890625 0.4099701943359375 0.9074606728515625 0.4138586025390625 0.9173112958984375 0.4188084609375 0.9217105546875 0.423948685546875 0.925706080078125 0.4246909462890625 0.9290830009765625 0.428985083984375 0.9456243388671876 0.44076028515625 0.9531989384765625 0.444466943359375 0.965669888671875 0.4462374794921875 0.9675894091796875 0.4514642978515625 0.9754107333984375 0.4551623408203125 0.9762632890625 0.4582203876953125 0.982226658203125 0.4584545986328125 0.985030009765625 0.460561171875 0.9988952333984376 0.45963609375 0.9828443876953125 0 0.913014310546875 0
2 0.9903011259765625 0.3769934931640625 0.9938806640625 0.3728973232421875 0.995863830078125 0.3728280693359375 0.9957561328125 0.36974401171875 0.9884298193359375 0.36602868359375 0.9844789189453125 0.366609109375 0.9821700048828125 0.3715426943359375 0.98405876953125 0.3758887998046875 0.9858244052734375 0.3767089296875 0.9903011259765625 0.3769934931640625
2 0.9759581748046875 0.4352905048828125 0.98091608984375 0.43511737109375 0.9787790390625 0.430779935546875 0.9740694091796875 0.4309443994140625 0.9759581748046875 0.4352905048828125
2 0.8597288310546874 0.091693791015625 0.86381829296875 0.0950812587890625 0.86713416796875 0.0905534033203125 0.867026470703125 0.087469345703125 0.8659425673828125 0.084860271484375 0.8626595283203125 0.0832097802734375 0.858598794921875 0.087763646484375 0.8597288310546874 0.091693791015625
2 0.9761756513671875 0.4343995595703125 0.9814572333984375 0.436421154296875 0.9806062392578125 0.433363052734375 0.9761756513671875 0.4343995595703125
2 0.8736161953125 0.0629728828125 0.877567150390625 0.0623940185546875 0.88041882421875 0.0587657236328125 0.877461533203125 0.052250900390625 0.8739902119140625 0.0523721220703125 0.8709995654296875 0.0590946513671875 0.8736161953125 0.0629728828125
2 0.87343363671875 0.050626419921875 0.874146177734375 0.0497197509765625 0.8745658076171875 0.0474990654296875 0.8718393447265625 0.047594275390625 0.87343363671875 0.050626419921875
0 0.8681287939453125 0.5653172802734375 0.808403275390625 0.4220018662109375 0.7853964609375 0.38997278125 0.765696169921875 0.40785870703125 0.74821179296875 0.4444286806640625 0.7193603349609375 0.468887982421875 0.697389599609375 0.4665283125 0.6897107548828125 0.51526348828125 0.6908410341796875 0.637173306640625 0.7022477861328125 0.7399628330078125 0.7429273798828125 0.91990275 0.7704205517578125 0.990861478515625 0.8719211826171875 0.987316998046875 0.882470306640625 0.9760044482421875 0.903930431640625 0.9189707568359375 0.90741540625 0.88445310546875 0.911698501953125 0.82801925 0.9050854560546875 0.728189228515625 0.8681287939453125 0.5653172802734375
0 0.3884954833984375 0.0379850048828125 0.40191488671875 0.0640950791015625 0.4198008125 0.08379537109375 0.43327474609375 0.111466994140625 0.4379048603515625 0.1097418544921875 0.443566078125 0.003229396484375 0.38266569921875 0.005356083984375 0.3884954833984375 0.0379850048828125
0 0.1744345546875 0.489480662109375 0.1799173212890625 0.4674008662109375 0.2119811015625 0.4006161728515625 0.221295859375 0.39872744140625 0.2209686767578125 0.38935815234375 0.24475377734375 0.35413160546875 0.2605675458984375 0.31449306640625 0.28449640234375 0.238611736328125 0.2767233564453125 0.195106509765625 0.285492810546875 0.177602296875 0.279137556640625 0.174697322265625 0.2322365810546875 0.1747716884765625 0.206126505859375 0.188191091796875 0.1465546943359375 0.27313436328125 0.135043857421875 0.3016784736328125 0.123171142578125 0.3646311748046875 0.1166027421875 0.4899367412109375 0.12210534375 0.5131963720703125 0.1314746328125 0.512869189453125 0.1602913955078125 0.532187767578125 0.188344732421875 0.5296446708984375 0.187799427734375 0.514029189453125 0.178157486328125 0.506548630859375 0.1744345546875 0.489480662109375
0 0.1451666884765625 0.546787005859375 0.1339631982421875 0.5393609775390625 0.1072532880859375 0.5356033515625 0.12525816015625 0.3348526982421875 0.0824766884765625 0.2738085634765625 0.0681501025390625 0.2664915966796875 0.0202180244140625 0.37135328125 0.0201833291015625 0.41513116015625 0.0035714384765625 0.476685904296875 0.0046620478515625 0.5079168681640625 0.0236931142578125 0.5604096708984375 0.0451383798828125 0.5924932861328125 0.0774599521484375 0.6226336396484375 0.0966347744140625 0.63447166015625 0.104387984375 0.632637458984375 0.134037564453125 0.586261953125 0.14549387109375 0.5561562939453125 0.1451666884765625 0.546787005859375
0 0.5034205595703125 0.6874948408203125 0.3847428984375 0.69163915625 0.37403018359375 0.6982670625 0.3775895234375 0.71065038671875 0.4163208798828125 0.745257263671875 0.43371603125 0.75090362109375 0.4664540126953125 0.7481969326171874 0.4893864609375 0.7333250419921875 0.5119371962890625 0.707522314453125 0.5034205595703125 0.6874948408203125
2 0.823513189453125 0.9890074423828125 0.837512591796875 0.9869551201171874 0.830939216796875 0.977803953125 0.823186005859375 0.9796381533203125 0.823513189453125 0.9890074423828125
2 0.8396144697265625 0.868059337890625 0.8416667919921875 0.8820587412109375 0.852761220703125 0.886361671875 0.8537774638671874 0.87069166015625 0.8456425400390625 0.8615950234375 0.8396144697265625 0.868059337890625
2 0.8496232646484375 0.9755880390625 0.863731728515625 0.9766588134765625 0.865075154296875 0.97035808984375 0.861624875 0.9610978623046875 0.846118455078125 0.9647662626953125 0.8496232646484375 0.9755880390625
2 0.1645893515625 0.3866366044921875 0.1596518896484375 0.4243318828125 0.1738694150390625 0.4285257529296875 0.1774634501953125 0.3971311982421875 0.1708355439453125 0.3864184833984375 0.1645893515625 0.3866366044921875
2 0.134121814453125 0.409588888671875 0.148175748046875 0.4090981142578125 0.14445281640625 0.3920301455078125 0.13486540625 0.3861111357421875 0.134121814453125 0.409588888671875
2 0.1341614853515625 0.5002677431640625 0.1376117646484375 0.5095279716796876 0.150049619140625 0.5075301796875 0.154461611328125 0.4995588466796875 0.1509568017578125 0.4887370712890625 0.1341614853515625 0.5002677431640625
2 0.1787325107421875 0.3439295 0.1807848330078125 0.35792890234375 0.1949478271484375 0.360561224609375 0.1927319140625 0.341877177734375 0.1863221298828125 0.337410654296875 0.1787325107421875 0.3439295
2 0.18583135546875 0.3233567216796875 0.1967621923828125 0.3229750078125 0.196435009765625 0.31360571875 0.18695666015625 0.3108098056640625 0.18583135546875 0.3233567216796875
2 0.225068345703125 0.282900224609375 0.227011607421875 0.29377653125 0.239394931640625 0.29021719140625 0.2423544365234375 0.285423486328125 0.2357810615234375 0.2762723193359375 0.225068345703125 0.282900224609375
2 0.2667740673828125 0.22359608984375 0.2600371005859375 0.2097602783203125 0.2447488017578125 0.2196748720703125 0.2667740673828125 0.22359608984375
2 0.06682651171875 0.3181317470703125 0.0732362958984375 0.3225982705078125 0.0824965244140625 0.3191479912109375 0.0804442021484375 0.305148587890625 0.062885458984375 0.2948175859375 0.06682651171875 0.3181317470703125
2 0.0179674150390625 0.39644711328125 0.0274457646484375 0.3992430263671875 0.0339993056640625 0.3630547666015625 0.022904876953125 0.3587518349609375 0.0179674150390625 0.39644711328125
2 0.0048603349609375 0.4688236337890625 0.0055147001953125 0.4875622109375 0.0104719970703125 0.4952063603515625 0.0182252080078125 0.49337216015625 0.018968798828125 0.4698944072265625 0.0122863623046875 0.4576201435546875 0.0048603349609375 0.4688236337890625
2 0.0582107646484375 0.56389464453125 0.072319228515625 0.5649654189453125 0.068759888671875 0.5525820947265625 0.05626750390625 0.553018337890625 0.0582107646484375 0.56389464453125
2 0.115462578125 0.591600962890625 0.1112141767578125 0.6042569404296875 0.1131574384765625 0.6151332470703125 0.1223631357421875 0.610121419921875 0.1296801025390625 0.595794833984375 0.126284353515625 0.5880961533203125 0.115462578125 0.591600962890625
2 0.4275341875 0.0366217431640625 0.4355055205078125 0.0410337353515625 0.438410494140625 0.0346784814453125 0.4404429814453125 0.00333845703125 0.42951214453125 0.0037201708984375 0.4275341875 0.0366217431640625
2 0.386933935546875 0.03803953515625 0.39528698046875 0.0533823642578125 0.4030947216796875 0.0531097119140625 0.4010969296875 0.040671857421875 0.38983891015625 0.03168428125 0.386933935546875 0.03803953515625
2 0.3832655341796875 0.0225331142578125 0.3895117275390625 0.0223149921875 0.3889118916015625 0.005137962890625 0.379542603515625 0.0054651455078125 0.3832655341796875 0.0225331142578125
2 0.4046266162109375 0.7237773017578125 0.418735080078125 0.724848076171875 0.41975132421875 0.709178064453125 0.4042449033203125 0.71284646484375 0.4046266162109375 0.7237773017578125
2 0.3820560458984375 0.7042406025390625 0.3960009189453125 0.700626732421875 0.3893730126953125 0.6899140166015625 0.3755917314453125 0.69821253125 0.3820560458984375 0.7042406025390625
2 0.4216400546875 0.718492822265625 0.42385596875 0.7371768701171875 0.4379644326171875 0.73824764453125 0.442430955078125 0.7318378603515625 0.4389261455078125 0.721016083984375 0.4216400546875 0.718492822265625
2 0.4886230341796875 0.7114633681640625 0.4931986181640625 0.7081766806640625 0.494214861328125 0.69250666796875 0.48528181640625 0.705326236328125 0.4886230341796875 0.7114633681640625
2 0.62668375390625 0.9489773056640625 0.6359985126953125 0.94708857421875 0.6401378525390625 0.931309501953125 0.63060497265625 0.9269520400390625 0.62668375390625 0.9489773056640625
2 0.639250505859375 0.995442037109375 0.6403758095703125 0.98289512109375 0.63659834765625 0.9642656044921875 0.631913703125 0.9644291962890625 0.6261037548828124 0.977139703125 0.6314427646484375 0.995714689453125 0.639250505859375 0.995442037109375
2 0.642348791015625 0.8155368154296875 0.638209451171875 0.831315888671875 0.64333033984375 0.8436446826171875 0.6510835498046875 0.8418104814453125 0.6584005166015625 0.827483896484375 0.6546775849609375 0.8104159267578125 0.642348791015625 0.8155368154296875
2 0.6705458837890625 0.772338935546875 0.6695841708984375 0.78957049609375 0.6744869375 0.79565309765625 0.6869247919921875 0.7936553056640625 0.6892844619140625 0.7716845703125 0.6765739541015625 0.76587462109375 0.6705458837890625 0.772338935546875
2 0.7023469619140625 0.9666599697265625 0.707522380859375 0.9805503115234375 0.722974271484375 0.9753203623046875 0.7223199052734375 0.9565817841796875 0.7065408330078125 0.9524424443359375 0.7023469619140625 0.9666599697265625
0 0.6640220634765625 0.6302925830078125 0.65876239453125 0.7930753056640625 0.6637048310546875 0.88983676171875 0.68453540234375 0.993860654296875 0.7235741064453125 0.992497392578125 0.7249720634765625 0.9877582177734375 0.7409841181640625 0.909026443359375 0.7080775703125 0.7725917529296875 0.6885854501953125 0.527810404296875 0.6822847275390626 0.5264669775390625 0.6640220634765625 0.6302925830078125
0 0.3615031025390625 0.7424811845703125 0.35529160546875 0.698921427734375 0.339413388671875 0.714328705078125 0.2933749833984375 0.7167181279296875 0.2738184482421875 0.6939492705078125 0.2661197685546875 0.69734501953125 0.25112395703125 0.76040678125 0.2569190458984375 0.8368135810546875 0.2621489951171875 0.852265470703125 0.2899296796875 0.8419146337890625 0.3097935615234375 0.8287133525390625 0.355911275390625 0.761437884765625 0.3615031025390625 0.7424811845703125
2 0.32382766015625 0.782883150390625 0.31284229296875 0.7817033154296875 0.3055798564453125 0.7975914501953125 0.3042909609375 0.805453720703125 0.3142055537109375 0.8207420205078125 0.3411137509765625 0.785406412109375 0.3329788271484375 0.776309775390625 0.32382766015625 0.782883150390625
2 0.311008091796875 0.77395010546875 0.31887036328125 0.7752390009765625 0.3258056171875 0.749981578125 0.3130405791015625 0.7426100810546875 0.311008091796875 0.77395010546875
2 0.3265492080078125 0.7265038251953125 0.32714904296875 0.74368085546875 0.3365728623046875 0.744915220703125 0.3406031416015625 0.72601305078125 0.3326318095703125 0.72160105859375 0.3265492080078125 0.7265038251953125
2 0.265177890625 0.7599160068359375 0.2745471796875 0.75958882421875 0.27701591015625 0.740741185546875 0.2648507080078125 0.7505467177734375 0.265177890625 0.7599160068359375
2 0.2746364052734375 0.7173724931640625 0.2710770654296875 0.7049891689453125 0.2669377255859375 0.7207682421875 0.2746364052734375 0.7173724931640625
2 0.3359928623046875 0.7730776181640625 0.342129994140625 0.7697363994140625 0.3416937509765625 0.7572440146484375 0.3353384970703125 0.7543390400390625 0.3359928623046875 0.7730776181640625
2 0.14513690234375 0.2325341103515625 0.15171027734375 0.24168527734375 0.16107956640625 0.2413580947265625 0.15557696484375 0.2180984638671875 0.1476601630859375 0.21524801953125 0.14513690234375 0.2325341103515625