0 0.4531219296875 0 0.4451826171875 0.011069634765625 0.420050736328125 0.011485517578125 0.4033713955078125 0.02152784375 0.3092811044921875 0.108972587890625 0.24449584765625 0.1801595693359375 0.237085994140625 0.1904905703125 0.2330928134765625 0.2042574287109375 0.219559203125 0.2208504130859375 0.20702278515625 0.2260274921875 0.2008522587890625 0.232806115234375 0.1931398154296875 0.2572268603515625 0.17462951953125 0.2775659775390625 0.1717242373046875 0.310773505859375 0.16578214453125 0.314959044921875 0.1633006513671875 0.3220604169921875 0.16231715625 0.3439329306640625 0.165234453125 0.3530766728515625 0.1617543544921875 0.4034854951171875 0.17055328515625 0.4303969658203125 0.1802828759765625 0.4466709462890625 0.178521568359375 0.4561895966796875 0.18471935546875 0.4703257490234375 0.2020479599609375 0.4953688330078125 0.2035898857421875 0.5096199501953125 0.20913869140625 0.5205608193359375 0.2233214296875 0.5390548017578125 0.2692726162109375 0.58751599609375 0.31815790234375 0.62368457421875 0.3306625341796875 0.6294839931640624 0.3417463095703125 0.640910677734375 0.3684201162109375 0.654745912109375 0.3761311484375 0.6622167138671875 0.4246244228515625 0.6816217109375 0.474721638671875 0.6933246923828125 0.5339259736328125 0.7000728681640624 0.569138966796875 0.7083813115234375 0.6124921142578125 0.712174220703125 0.6331934541015625 0.7092799482421875 0.6367916552734375 0.71064091796875 0.675154419921875 0.7077233515625 0.6984266650390625 0.6966877919921876 0.704657794921875 0.6998475830078125 0.7203838701171875 0.7007011357421875 0.72634121875 0.706972341796875 0.7527727568359375 0.712945607421875 0.84827953125 0.71554979296875 0.90531758984375 0.7116514658203125 0.967090201171875 0.696143478515625 0.96947944140625 0.6900786357421875 0.9773584404296874 0.685016384765625 0.9739855595703125 0.6810620595703125 0.9797476796875 0.67895154296875 0.9840721337890626 0.6720114091796875 0.9929224765625 0.602726931640625 0.992242984375 0.57861815625 0.9957822744140625 0.57003929296875 0.99319625 0.5677222763671875 0.99650852734375 0.561738189453125 0.99989948046875 0.4911040087890625 1 0.4908024228515625 1 0.1649932509765625 0.9942019013671874 0.1631453876953125 0.9856586650390625 0.154555609375 0.9780233466796875 0.135588283203125 0.9464061982421875 0.1145228193359375 0.9410390576171875 0.1015055068359375 0.9297282685546875 0.0926735986328125 0.9119608916015625 0.0832768125 0.8982624189453124 0.0805098828125 0.8839872919921875 0.063053986328125 0.8636354482421875 0.0513403193359375 0.85625582421875 0.0506946865234375 0.8520069482421875 0.0461398525390625 0.8411198203125 0.0430965830078125 0.8257871689453125 0.0271150654296875 0.51586055078125 0 0.4531219296875 0
2 0.6911204736328125 0.2171433916015625 0.690757279296875 0.2212947216796875 0.6986044921875 0.2272089697265625 0.7068618046875 0.22845369140625 0.7138176298828125 0.2233122412109375 0.7152384853515625 0.2176849765625 0.708087431640625 0.214444703125 0.699784771484375 0.213718314453125 0.6911204736328125 0.2171433916015625
2 0.6928830458984375 0.058882279296875 0.6812243173828125 0.0646584462890625 0.67966728125 0.071842265625 0.685352130859375 0.08122813671875 0.70366423046875 0.0843987060546875 0.7104386640625 0.0813305869140625 0.70723375 0.0648432080078125 0.7011857060546876 0.05960866796875 0.6928830458984375 0.058882279296875
2 0.85352049609375 0.305069572265625 0.8584487197265624 0.3018414990234375 0.860612638671875 0.29837001171875 0.8572851064453125 0.293897353515625 0.8406375517578125 0.292963181640625 0.83543541015625 0.2993042265625 0.8423141015625 0.3056576083984375 0.85352049609375 0.305069572265625
2 0.9637697060546875 0.2985081435546875 0.9569500615234375 0.3020930390625 0.95838603515625 0.306924076171875 0.9630434541015624 0.3068092470703125 0.9662195498046875 0.3023817138671875 0.967369599609375 0.299867693359375 0.9637697060546875 0.2985081435546875
2 0.6343080166015626 0.250338490234375 0.6296504619140625 0.250454875 0.623434451171875 0.2577533876953125 0.6304510166015626 0.2625487939453125 0.6369982998046875 0.2620770068359375 0.6377246884765625 0.2537743466796875 0.6343080166015626 0.250338490234375
2 0.448360564453125 0.2403440703125 0.4487691064453125 0.2356744072265625 0.4418433740234375 0.2298407783203125 0.433737498046875 0.2374962490234375 0.4380772060546875 0.241012861328125 0.448360564453125 0.2403440703125
2 0.71350658203125 0.63056296875 0.697644189453125 0.6312675263671875 0.7007447080078125 0.6383349599609375 0.713521701171875 0.6410212705078125 0.7238504072265625 0.6398341474609375 0.7251350810546875 0.6357634365234375 0.71350658203125 0.63056296875
2 0.6224786650390625 0.5980274306640625 0.627317748046875 0.595836158203125 0.6268486025390625 0.590567408203125 0.6186383310546875 0.58880293359375 0.6129216953125 0.5903935615234375 0.61163546484375 0.59446413671875 0.615099041015625 0.597381796875 0.6224786650390625 0.5980274306640625
2 0.5985240947265625 0.6168440673828125 0.594199505859375 0.6237857578125 0.59752548046875 0.628258279296875 0.61307002734375 0.6311867197265625 0.619845880859375 0.62812029296875 0.6159600625 0.619415685546875 0.5985240947265625 0.6168440673828125
2 0.9860680859375 0.681072974609375 0.973109427734375 0.680463107421875 0.961677712890625 0.6836444990234375 0.97118777734375 0.691796564453125 0.97967041015625 0.6904479306640625 0.9854325302734375 0.6883374130859375 0.9860680859375 0.681072974609375