2 0.5471045087890625 0.3245724365234375 0.5588313359375 0.3484186845703125 0.5666610986328126 0.3554994462890625 0.5763224541015625 0.3569690966796875 0.6065051083984375 0.352177005859375 0.6140780537109375 0.3471385576171875 0.62129748046875 0.334759349609375 0.6232405517578125 0.3137908798828125 0.61887033203125 0.3103315810546875 0.610121462890625 0.30870103515625 0.5918160986328125 0.2955327978515625 0.5703907431640625 0.2966673837890625 0.554428794921875 0.3021251884765625 0.5471045087890625 0.3245724365234375
2 0.51395359375 0.3018589638671875 0.51549754296875 0.305288271484375 0.520050275390625 0.3097736533203125 0.527888197265625 0.31156482421875 0.5407507392578125 0.3045369990234375 0.54093987109375 0.3002737626953125 0.533381162109375 0.2947302255859375 0.52316926953125 0.2954741796875 0.51395359375 0.3018589638671875
2 0.5371413173828125 0.27873109375 0.5407815634765625 0.28337737109375 0.5473453232421875 0.2832782685546875 0.56011878125 0.275736224609375 0.576259892578125 0.2713035078125 0.5866675380859375 0.2610069990234375 0.5870439931640625 0.2524792607421875 0.595356609375 0.2409639716796875 0.5960947412109375 0.23448740234375 0.61472311328125 0.2121634697265625 0.615099568359375 0.20363573046875 0.6235109658203125 0.187344798828125 0.620962369140625 0.1835627119140625 0.6080158251953125 0.184787271484375 0.5986194462890625 0.190147240234375 0.5930490986328125 0.195889255859375 0.59386307421875 0.2005055419921875 0.5684981279296875 0.2166126337890625 0.5399210302734375 0.246508873046875 0.5402534208984375 0.2697193994140625 0.5371413173828125 0.27873109375
2 0.562893056640625 0.37678970703125 0.5601507890625 0.38256298046875 0.5649814658203125 0.3832978056640625 0.5674460595703125 0.381276626953125 0.566812787109375 0.37768515625 0.562893056640625 0.37678970703125
2 0.8068062509765624 0.4057083388671875 0.80916417578125 0.4137539326171875 0.8480809208984375 0.421171296875 0.8615780029296874 0.4177331328125 0.865594705078125 0.413851671875 0.865060212890625 0.4054845576171875 0.8585934248046875 0.4008067490234375 0.8513966640625 0.397315919921875 0.8361731201171875 0.3962986943359375 0.8249596572265625 0.396689326171875 0.8105516279296875 0.4002881162109375 0.8068062509765624 0.4057083388671875
2 0.93084205859375 0.43196394140625 0.9388527958984375 0.440071056640625 0.9531575048828125 0.44654003515625 0.961635048828125 0.4466318203125 0.9785158310546875 0.43572226171875 0.9879203681640625 0.425072703125 0.988839474609375 0.41962248828125 0.9579495126953125 0.4097315205078125 0.9399900498046875 0.4091967109375 0.933697615234375 0.410834576171875 0.93084205859375 0.43196394140625
2 1 0.467601615234375 0.974476462890625 0.4554737607421875 0.9658179453125 0.4543556220703125 0.96015878515625 0.4595849580078125 0.9601506259765625 0.4648745478515625 0.9645211171875 0.4683353857421875 0.9803776630859375 0.47294254296875 1 0.4734234970703125 1 0.467601615234375
2 0.750950109375 0.5155133408203125 0.7525859482421875 0.51945478515625 0.7603335185546874 0.5207335478515625 0.768358763671875 0.5182602158203125 0.766814814453125 0.514830908203125 0.7579740556640625 0.5126882255859375 0.750950109375 0.5155133408203125
2 0.7024267265625 0.533588947265625 0.70388032421875 0.5365058466796875 0.7078904052734375 0.5379137041015625 0.715004703125 0.5356009970703125 0.7085381865234375 0.5309247275390625 0.7024267265625 0.533588947265625
2 0.8249560244140625 0.14071837109375 0.8153768623046875 0.1450507177734375 0.8211055185546875 0.1562050947265625 0.830035361328125 0.15886199609375 0.85327626171875 0.1626970185546875 0.870329859375 0.158103404296875 0.8839254521484375 0.1498880576171875 0.8946334375 0.1199694169921875 0.8986501396484375 0.1160879560546875 0.8972856259765625 0.1136852734375 0.8871653515625 0.1149398251953125 0.880427509765625 0.1087247939453125 0.8910158583984376 0.0994531015625 0.902418181640625 0.0947976953125 0.904609912109375 0.091238025390625 0.898550404296875 0.0568728515625 0.887164126953125 0.0509475390625 0.888905095703125 0.044822482421875 0.8846236884765625 0.0418758623046875 0.87942471484375 0.044379185546875 0.84824076171875 0.0488194931640625 0.848617216796875 0.04029175390625 0.8427837021484375 0.0392054169921875 0.839408162109375 0.0413872197265625 0.8401170078125 0.0560700078125 0.835271822265625 0.0659156298828125 0.79493833984375 0.0931234384765625 0.8071467529296875 0.0983754462890625 0.8133485634765625 0.096223634765625 0.8348645419921875 0.09560299609375 0.839144681640625 0.09855142578125 0.8409469873046875 0.114099671875 0.8283542314453125 0.1226665302734375 0.8249560244140625 0.14071837109375
2 0.648771740234375 0.6345428798828125 0.652034263671875 0.6477187060546875 0.65495115625 0.64826264453125 0.6652600205078125 0.642741779296875 0.6823151572265626 0.63814789453125 0.7107550322265626 0.63947959375 0.714138732421875 0.6320082001953125 0.7110571826171875 0.619858728515625 0.6864436083984375 0.6189106142578125 0.65562133203125 0.6254020908203125 0.648771740234375 0.6345428798828125
2 0.4448608623046875 0.61919819921875 0.44421308203125 0.62618717578125 0.452503302734375 0.6305434638671875 0.4590670625 0.6304443603515625 0.4916221494140625 0.623117416015625 0.4939057685546875 0.6200698837890625 0.4895418984375 0.6113197275390625 0.476963650390625 0.609306138671875 0.453075240234375 0.6124616318359375 0.4448608623046875 0.61919819921875
2 0.5638254921875 0.6220205859375 0.56783403515625 0.6234287158203125 0.5715715244140624 0.62329962109375 0.57376479296875 0.6197396806640625 0.56592687109375 0.617948509765625 0.5638254921875 0.6220205859375
2 0.7608308369140625 0.5555511474609375 0.76309994921875 0.5630840615234375 0.7811337177734375 0.574711998046875 0.7959036953125 0.5731659169921876 0.80721566796875 0.567998103515625 0.8054067421875 0.55773917578125 0.79711679296875 0.553384427734375 0.77341697265625 0.552273607421875 0.7633857822265625 0.554042376953125 0.7608308369140625 0.5555511474609375
2 0.2122705205078125 0.7078082744140625 0.215450580078125 0.715180564453125 0.22593253125 0.7159771826171875 0.2374252060546875 0.7118341845703124 0.2404390703125 0.7076012109375 0.237801662109375 0.7033064453125 0.2251330625 0.70078044921875 0.2155557099609375 0.7051140634765625 0.2122705205078125 0.7078082744140625
2 0.362330888671875 0.8976550771484375 0.361222921875 0.90737006640625 0.3786318466796875 0.9101184794921875 0.3986926884765625 0.9065812119140625 0.4252348251953125 0.8971413046875 0.44129347265625 0.88690505078125 0.4448660341796875 0.8751688837890625 0.439408974609375 0.8655548076171875 0.433396025390625 0.8634418447265625 0.4324914267578125 0.858311611328125 0.4514735869140625 0.8433299765625 0.4511197978515625 0.8359876787109375 0.4347139814453125 0.8335923154296875 0.4152861416015625 0.8407195146484375 0.4022265791015625 0.8573017041015625 0.40029012890625 0.8729808544921875 0.375474453125 0.88687615234375 0.362330888671875 0.8976550771484375
2 0.273947427734375 1 0.2822470546875 0.992692826171875 0.28325651171875 0.9877550185546875 0.2583731513671875 0.98526787109375 0.2376711494140625 0.990504796875 0.2315148037109375 1 0.273947427734375 1
2 0.35780618359375 1 0.357811431640625 0.999994640625 0.3579165615234375 0.9899281396484375 0.3456177978515625 0.98416372265625 0.3180807109375 0.9879609892578125 0.3070400634765625 0.9946675654296875 0.306580619140625 1 0.35780618359375 1
2 0.471955462890625 1 0.47013673046875 0.9918248134765625 0.466036025390625 0.989903009765625 0.4579201591796875 0.9918623955078125 0.448063322265625 0.999946837890625 0.4480554375 1 0.471955462890625 1
0 0.840357716796875 0 0.8413591201171875 0.0151276220703125 0.8345400390625 0.0671013408203125 0.8089025009765625 0.0816714814453125 0.8048791787109375 0.0908422607421875 0.798313880859375 0.090941634765625 0.78984449609375 0.0855602607421875 0.7800927900390625 0.0835782021484375 0.76440216796875 0.0905747685546875 0.7437760087890625 0.1069045498046875 0.7333765224609375 0.1119114677734375 0.718516193359375 0.112945140625 0.68996176171875 0.1269713427734375 0.6688833046875 0.1407360068359375 0.658401625 0.139940927734375 0.6409781923828125 0.1477729609375 0.615235251953125 0.1724080634765625 0.6031933056640625 0.1787628564453125 0.589575046875 0.2028482412109375 0.5759807216796875 0.21106177734375 0.5624691318359375 0.2250803896484375 0.5487829169921875 0.2327817900390625 0.5413082109375 0.233041517578125 0.525519349609375 0.2448168056640625 0.5059718720703125 0.272590953125 0.4952025498046875 0.2808362919921875 0.4835981240234375 0.3003351103515625 0.4684438037109375 0.31570005859375 0.454547599609375 0.3435359990234375 0.4386683876953125 0.35479887890625 0.43672531640625 0.37576734765625 0.41973124609375 0.40203299609375 0.412686171875 0.4207278779296875 0.4069285009765625 0.4307343955078125 0.3796400732421875 0.4519404619140625 0.3704923544921875 0.47470923046875 0.37200066796875 0.504588751953125 0.3662427265625 0.51459373046875 0.369549095703125 0.5333450859375 0.367200501953125 0.5466868564453125 0.386547103515625 0.59774840625 0.420602345703125 0.6255905732421875 0.4798285908203125 0.6468794697265625 0.50680851953125 0.650585126953125 0.51401162890625 0.6487850986328125 0.532972662109375 0.6496732294921875 0.5748966513671875 0.6581469404296875 0.592854576171875 0.658682021484375 0.6233973681640625 0.6559413720703124 0.645192830078125 0.651569904296875 0.66425872265625 0.64238999609375 0.685049537109375 0.63766575 0.7240647919921875 0.640305931640625 0.7467696630859375 0.635774111328125 0.7924616943359375 0.6229575615234375 0.8232903193359375 0.6111752265625 0.8518447509765625 0.5971490244140625 0.9003696728515626 0.5790731474609375 0.95128996484375 0.5425939169921875 0.97080815625 0.535979125 0.9818472646484375 0.5292728203125 0.9884189111328125 0.5238825888671875 0.9946370400390625 0.51115159765625 1 0.50743604296875 1 0.47807157421875 0.999610021484375 0.4753694365234375 1 0.474963810546875 1 0.47176033203125 0.9987056943359375 0.4702407421875 0.9987335478515625 0.458071337890625 0.9214749619140625 0.02691662890625 0.9157478447265625 0.01576198046875 0.896258939453125 0.0012174169921875 0.8955316142578125 0 0.840357716796875 0
0 0.5240521748046875 1 0.548390197265625 0.9663904619140625 0.5398515888671875 0.9446269140625 0.5496178017578125 0.9360285244140625 0.555758548828125 0.91220494921875 0.5407773564453126 0.8698932841796875 0.51523683203125 0.8156924169921875 0.485023666015625 0.7776515771484375 0.4894086640625 0.770531966796875 0.492189916015625 0.7383094755859375 0.4833573154296875 0.730877203125 0.4786088310546875 0.735944375 0.4804032490234375 0.75678375 0.453387685546875 0.779528306640625 0.4421660634765625 0.7852085283203125 0.4362421982421875 0.783609783203125 0.4258427109375 0.7886167021484375 0.396000876953125 0.811331267578125 0.213358703125 1 0.5240521748046875 1
0 0.025473892578125 0.6722153701171875 0.054549904296875 0.8424494873046875 0.0666613447265625 0.8524784072265625 0.0756896982421875 0.850358125 0.183544185546875 0.8435033759765626 0.3455845654296875 0.8133446806640625 0.38616670703125 0.803545671875 0.4392573291015625 0.7793750009765625 0.468729328125 0.75989885546875 0.4732209951171875 0.7427124736328125 0.4699584716796875 0.729536646484375 0.4897546083984375 0.7191712978515625 0.49232433203125 0.707083619140625 0.470914751953125 0.697635947265625 0.443392443359375 0.6908543046875 0.3953651533203125 0.6797552236328125 0.3754931728515625 0.679027716796875 0.3702101962890625 0.675727775390625 0.3239078291015625 0.66908435546875 0.3126119033203125 0.663671451171875 0.2917370859375 0.6625924326171875 0.27989062109375 0.6593931328125 0.2114326533203125 0.6550697392578125 0.2070621630859375 0.6516089013671875 0.1984021064453125 0.6504910341796875 0.17889207421875 0.651816236328125 0.1505491708984375 0.6457076259765625 0.121556947265625 0.646588263671875 0.0225643466796875 0.6397159296875 0.0175448076171875 0.64324587890625 0.025473892578125 0.6722153701171875
2 0.35855255078125 0.732257796875 0.361099337890625 0.7360386162109375 0.372584125 0.73718674609375 0.3733237958984375 0.73070990625 0.3618374697265625 0.7295620478515625 0.35855255078125 0.732257796875
2 0.27893402734375 0.7552863896484375 0.2806604892578125 0.7597417802734375 0.2862214111328125 0.7592911650390625 0.28850503125 0.7562436328125 0.2857772705078125 0.751436458984375 0.27893402734375 0.7552863896484375
0 0.4652537490234375 0 0.3257377958984375 0.0246004267578125 0.2670827001953125 0.0428759228515625 0.1942182294921875 0.0525506865234375 0.151222080078125 0.0696516923828125 0.0899429208984375 0.0820434658203125 0.0383460390625 0.1133538447265625 0 0.1230828056640625 0 0.1430524990234375 0.0141755498046875 0.138241607421875 0.1147377373046875 0.1236829892578125 0.139811392578125 0.1129154111328125 0.3716218212890625 0.06886776953125 0.451183990234375 0.061185228515625 0.4805096591796875 0.0655339462890625 0.5400679208984375 0.061378634765625 0.61184708984375 0.045548822265625 0.6548432392578125 0.02844781640625 0.7083364267578125 0 0.4652537490234375 0
2 0.5294862353515625 0.001366912109375 0.5213389638671875 0.009149912109375 0.5229669150390625 0.018382484375 0.5417033857421875 0.01666534375 0.5477692451171875 0.00607614453125 0.5294862353515625 0.001366912109375
2 0.4197806640625 0.027057380859375 0.4079240283203125 0.022801609375 0.383303833984375 0.0271428134765625 0.3748852373046875 0.0333870517578125 0.3777806259765625 0.040809537109375 0.4050248828125 0.0423520556640625 0.418331091796875 0.036832603515625 0.4197806640625 0.027057380859375
2 0.53437008984375 0.0290646298828125 0.5259514931640625 0.0353088681640625 0.5273081201171875 0.0430026787109375 0.54604458984375 0.041285537109375 0.5539205361328124 0.031963775390625 0.53437008984375 0.0290646298828125
2 0.28780763671875 0.0614340146484375 0.2678037294921875 0.0649612431640625 0.264272744140625 0.071930267578125 0.2807456669921875 0.0753720625 0.300206923828125 0.068767310546875 0.28780763671875 0.0614340146484375
0 0 0.473943333984375 0.0279830859375 0.4325019296875 0.030161201171875 0.3908661630859375 0.0192114873046875 0.37375764453125 0 0.366217306640625 0 0.473943333984375
2 0.01377746875 0.396928265625 0.01395584765625 0.4159360615234375 0.020382220703125 0.4163895224609375 0.026901541015625 0.39937394921875 0.01377746875 0.396928265625
0 0.7567347880859375 0.867247791015625 0.7621612939453125 0.898023033203125 0.79021576953125 0.9311547705078125 0.7856886728515625 0.9414726435546875 0.7914794501953125 0.9563176142578125 0.8622625068359375 0.9438366513671875 0.9206462783203125 0.9240223935546875 0.9512431416015625 0.899588091796875 0.9918011201171875 0.841665294921875 0.7719440302734375 0.8455267421875 0.760719234375 0.853852392578125 0.7567347880859375 0.867247791015625
2 0.907618908203125 0.8771347431640625 0.883994826171875 0.8781270986328125 0.8685142587890625 0.898309384765625 0.88380893359375 0.913065166015625 0.921824525390625 0.912708408203125 0.93196401953125 0.898227708984375 0.907618908203125 0.8771347431640625
2 0.84172721875 0.863367560546875 0.82715357421875 0.870697099609375 0.831587724609375 0.877848259765625 0.8564792431640625 0.8750458173828125 0.8646265146484375 0.8672628173828125 0.84172721875 0.863367560546875
2 0.812033521484375 0.901922046875 0.7984559873046875 0.905902736328125 0.7973669296875 0.926720619140625 0.8027971923828126 0.9305229296875 0.8312196962890624 0.9207514638671875 0.8321266181640625 0.9078987158203125 0.812033521484375 0.901922046875
2 0.79819217578125 0.8504181103515625 0.7990953408203125 0.864538294921875 0.8172891611328125 0.8597436298828125 0.8153898837890625 0.848972294921875 0.79819217578125 0.8504181103515625
2 0.5322501416015625 0.952842009765625 0.5245563310546875 0.9541986357421876 0.5174943603515625 0.9681366845703125 0.5233743271484375 0.992485552734375 0.5364092109375 0.9854273388671875 0.545009943359375 0.97121796484375 0.5322501416015625 0.952842009765625
2 0.4814935322265625 0.79995815234375 0.484388919921875 0.8073806376953125 0.4974238037109375 0.800322423828125 0.48909815234375 0.78909762890625 0.4814935322265625 0.79995815234375
2 0.5426609619140625 0.939900072265625 0.547277248046875 0.9390860966796875 0.55198648046875 0.9208030869140625 0.543839208984375 0.9285860869140625 0.5426609619140625 0.939900072265625
2 0.9408811572265625 0.561881916015625 0.92241601171875 0.5651378193359375 0.90331526953125 0.582785232421875 0.9082920712890625 0.593013916015625 0.94033475 0.5857773232421875 0.954547880859375 0.5674051240234375 0.9408811572265625 0.561881916015625
2 1 0.5203238251953125 0.9985438984375 0.5199823369140625 0.9817029482421875 0.5594437451171875 0.971020802734375 0.570846919921875 0.9849588515625 0.577908890625 0.992288390625 0.59248253515625 1 0.596697490234375 1 0.5203238251953125
2 0.809896728515625 0.6468555634765625 0.8085401025390625 0.6391617529296875 0.787633029296875 0.6285687978515625 0.7373965302734375 0.6406000556640625 0.7392958076171875 0.651371390625 0.7866331611328125 0.6588905791015625 0.8020207822265625 0.656177326171875 0.809896728515625 0.6468555634765625
0 1 0.54810173828125 0.985144744140625 0.542970822265625 0.9599818994140625 0.5442345029296874 0.9048540322265625 0.5825139072265625 0.7907105537109375 0.6280261474609375 0.729974044921875 0.6434954443359375 0.6686056962890625 0.6463833193359375 0.6514971767578125 0.657333033203125 0.590671478515625 0.6632984326171875 0.5932955419921875 0.66918215625 0.6496833330078124 0.6830385283203125 0.8010246708984375 0.65952617578125 0.9959010517578125 0.6489632724609375 1 0.6453586201171875 1 0.54810173828125
2 0.54098138671875 0.6514342841796875 0.532834115234375 0.6592172841796875 0.5470434892578125 0.6678180166015625 0.5618884599609375 0.6620272392578125 0.54098138671875 0.6514342841796875
0 0.1439582216796875 0.8832737958984375 0.1466752314453125 0.8716884853515625 0.127760380859375 0.8543978310546875 0.0553493720703125 0.857646220703125 0.0761522294921875 0.966627005859375 0.111187 0.9223709326171875 0.129562955078125 0.909611130859375 0.1439582216796875 0.8832737958984375
2 0.10467894921875 0.8584677099609375 0.065124595703125 0.8590957939453125 0.062496775390625 0.880185001953125 0.0680162275390625 0.8934912109375 0.0977953583984375 0.8914135546875 0.109473615234375 0.8766615302734375 0.10467894921875 0.8584677099609375
2 0.1458612548828125 0.86707219921875 0.126853458984375 0.867250578125 0.1217837119140625 0.874490927734375 0.11879162109375 0.911510408203125 0.141059076171875 0.9028242421875 0.14902796875 0.8760334462890625 0.1458612548828125 0.86707219921875
2 0.086838130859375 0.9282508994140625 0.069458287109375 0.9376618505859375 0.0764235546875 0.968165767578125 0.0939855341796875 0.9507896806640626 0.09969087890625 0.9291578212890625 0.086838130859375 0.9282508994140625
2 0.100136826171875 0.976677310546875 0.082756982421875 0.9860882626953125 0.08003997265625 0.9976735732421875 0.084927583984375 0.998398359375 0.1043888408203125 0.9917936064453124 0.1114508115234375 0.97785555859375 0.100136826171875 0.976677310546875