2 0.5107313603515625 0.445935677734375 0.52125432421875 0.4477203359375 0.527940048828125 0.4401272626953125 0.5314776142578125 0.4282564833984375 0.5292455654296875 0.4196688154296875 0.523003544921875 0.415637623046875 0.5202097470703125 0.416847255859375 0.516684263671875 0.4215067119140625 0.5085852060546875 0.440521146484375 0.509216904296875 0.4447112353515625 0.5107313603515625 0.445935677734375
2 0.5234474326171875 0.7547097646484375 0.528844236328125 0.756757828125 0.5316103974609375 0.7532883798828125 0.53407948046875 0.7452495 0.5333580244140625 0.7414892041015625 0.530629728515625 0.740008349609375 0.52306663671875 0.74696446484375 0.5234474326171875 0.7547097646484375
2 0.5607983134765625 0.7292918828125 0.5634088896484375 0.7289442431640625 0.56580828125 0.7272003076171875 0.5676997353515625 0.7194891181640625 0.5653718876953125 0.714936904296875 0.562033814453125 0.71512991015625 0.5598456064453124 0.7182701396484374 0.5592577490234375 0.72580794921875 0.5607983134765625 0.7292918828125
2 0.5094439111328125 0.9243762001953125 0.5126563701171875 0.925961564453125 0.5145712734375 0.9241146484375 0.516399078125 0.9190927421875 0.5160701748046875 0.9158679521484375 0.5141030556640624 0.91319588671875 0.5103069267578125 0.9155438740234375 0.509055546875 0.920236236328125 0.5094439111328125 0.9243762001953125
2 0.5487420361328125 1 0.549005072265625 0.9994992978515626 0.5486485322265625 0.9940146923828125 0.5453778154296876 0.9915160068359375 0.5428868115234375 0.9936909384765625 0.5419700517578125 0.9980039580078125 0.5423310634765625 1 0.5487420361328125 1
2 0.69499425 0.8303895126953125 0.69799737890625 0.83057737890625 0.699366802734375 0.827711982421875 0.698007607421875 0.823367259765625 0.692973384765625 0.8231981396484375 0.6923897158203125 0.8271314912109375 0.69499425 0.8303895126953125
2 0.429104529296875 0.56156151953125 0.431109515625 0.5592832822265625 0.4324528310546875 0.55415839453125 0.4313964306640625 0.550778970703125 0.4276060185546875 0.5495228251953125 0.424656634765625 0.553854265625 0.4234968662109375 0.5581156328125 0.424828099609375 0.5602020673828125 0.429104529296875 0.56156151953125
2 0.371607724609375 0.5696240732421874 0.3728530634765625 0.56853737109375 0.3754083662109375 0.563670099609375 0.376356951171875 0.5580124384765625 0.3750590703125 0.554581685546875 0.3709938251953125 0.554618529296875 0.3679846552734375 0.55803632421875 0.366577689453125 0.56585049609375 0.3678173125 0.5683679267578124 0.371607724609375 0.5696240732421874
2 0.316777443359375 0.618822763671875 0.318324048828125 0.6187010361328125 0.3216356884765625 0.6162500673828125 0.3240392685546875 0.6109016748046875 0.3238023017578125 0.6072443603515625 0.320320400390625 0.6033493798828125 0.314114650390625 0.6146514208984375 0.316777443359375 0.618822763671875
2 0.341713822265625 0.4812302900390625 0.34423093359375 0.481314849609375 0.3479676005859375 0.4780516884765625 0.348549416015625 0.4741195400390625 0.34464128515625 0.4710348994140625 0.3407490322265625 0.477419869140625 0.341713822265625 0.4812302900390625
2 0.2534420458984375 0.9501974892578126 0.2558675458984375 0.950713044921875 0.2601205263671875 0.9462082236328125 0.259974845703125 0.94212144140625 0.2567942109375 0.9391914345703125 0.2535757109375 0.9412117314453124 0.251931453125 0.9453701171875 0.2534420458984375 0.9501974892578126
2 0.5487482919921876 0.4603261845703125 0.5544797158203125 0.4619949052734375 0.5563988076171875 0.4565435302734375 0.556253451171875 0.4524552197265625 0.5525867998046875 0.449421908203125 0.550430416015625 0.45121749609375 0.5477835029296875 0.456515763671875 0.5487482919921876 0.4603261845703125
0 0.7199202919921875 1 0.72214033203125 0.9889691591796875 0.7209821572265624 0.97294698828125 0.719440064453125 0.9694627294921875 0.718831880859375 0.950853052734375 0.717355291015625 0.944678306640625 0.7193020185546875 0.941486748046875 0.723943689453125 0.9411203623046875 0.7250379560546875 0.939549482421875 0.726693646484375 0.9281828310546875 0.7177835068359375 0.9032990390625 0.7175301845703125 0.7923563818359375 0.7184469453125 0.7880433623046875 0.7204852841796875 0.7844208076171875 0.72117079296875 0.7728463408203124 0.716669154296875 0.7606197802734375 0.716228572265625 0.751960833984375 0.7125676376953125 0.745323388671875 0.7115767392578125 0.7392534775390625 0.707075099609375 0.7270269169921875 0.7071406025390625 0.7243364296875 0.71200940234375 0.7145520859375 0.710861390625 0.711603658203125 0.7109371220703125 0.7017030517578124 0.708366265625 0.697099185546875 0.6803335869140625 0.58205531640625 0.6770015546875 0.5786426611328125 0.675163912109375 0.5705892958984375 0.672133146484375 0.5681416142578125 0.6701717431640625 0.5618654150390625 0.666447158203125 0.55791725390625 0.6600961181640626 0.5448471220703125 0.66056021484375 0.5390864794921875 0.6618377041015625 0.536653607421875 0.659175236328125 0.5324807373046875 0.6603346796875 0.5282208984375 0.6567614931640625 0.52475538671875 0.6567993583984375 0.5198050830078125 0.6546532041015625 0.514390552734375 0.651623642578125 0.5119447236328125 0.647936923828125 0.5030462587890625 0.644453494140625 0.4991509541015625 0.643462921875 0.4930795146484375 0.638767505859375 0.48892659375 0.6381361328125 0.4847349765625 0.639091962890625 0.4754735078125 0.63509069140625 0.4728195380859375 0.6331935869140625 0.4638509990234375 0.6299270576171875 0.4577478564453125 0.6248709140625 0.4517147880859375 0.621668359375 0.4429208330078125 0.61025698828125 0.4274220908203125 0.609653251953125 0.4254902890625 0.612036439453125 0.4142782724609375 0.6085809716796875 0.4126412548828125 0.6058920703125 0.406210421875 0.601497921875 0.4030224755859375 0.5988672783203125 0.397504962890625 0.5916592646484375 0.3896614970703125 0.5919079892578125 0.3861090166015625 0.5832710888671875 0.3802157724609375 0.5822483662109375 0.3754905029296875 0.5784901044921875 0.3728881875 0.576220189453125 0.369250822265625 0.57604268359375 0.3665086826171875 0.5642107978515625 0.348216146484375 0.5641627685546875 0.34009270703125 0.5564044384765625 0.3348382744140625 0.550836169921875 0.3264424091796875 0.546443548828125 0.323254787109375 0.5449930673828125 0.3193395322265625 0.5391117744140626 0.3171884873046875 0.5378721513671875 0.3146710556640625 0.538788912109375 0.3103580361328125 0.5247552080078125 0.302416728515625 0.5130626376953125 0.2918181650390625 0.5111276669921875 0.2877999287109375 0.5005773916015624 0.28375392578125 0.4982813681640625 0.2778570703125 0.4639314794921875 0.2462144853515625 0.4528951875 0.2420651767578125 0.442259017578125 0.234846037109375 0.430496755859375 0.23054241796875 0.4283184521484375 0.2264740576171875 0.4214726943359375 0.2205110634765625 0.3723717666015625 0.1938462802734375 0.3283704990234375 0.184943990234375 0.3056196494140625 0.18461603125 0.287709572265625 0.1925293037109375 0.2826969453125 0.1982256611328125 0.2778705244140625 0.19945371484375 0.2773042626953125 0.212857001953125 0.2792717080078125 0.2155275390625 0.27850601953125 0.220324736328125 0.2649582666015625 0.2327705966796875 0.262268162109375 0.2263379111328125 0.2577241435546875 0.2226676396484375 0.253188435546875 0.2320723154296875 0.2341942548828125 0.254630208984375 0.2264199130859375 0.2804738916015625 0.2234383798828125 0.2861515029296875 0.2224561171875 0.293155009765625 0.218990419921875 0.2987281123046875 0.215150384765625 0.3096320634765625 0.21253562109375 0.3135841611328125 0.2002474912109375 0.35469646875 0.1947968759765625 0.3684129599609375 0.178285671875 0.4329705126953125 0.1622910400390625 0.51656873828125 0.1615343115234375 0.5344378251953125 0.1628814248046875 0.54599387109375 0.160212849609375 0.5657105244140626 0.1621799697265625 0.56838258984375 0.1622757021484375 0.584630998046875 0.1599300556640625 0.590894240234375 0.1553026708984375 0.6210137744140625 0.159976099609375 0.6395866083984375 0.1607394775390625 0.6753598671875 0.167036771484375 0.6839106923828125 0.1686753134765625 0.683356439453125 0.1704706435546875 0.679682232421875 0.1725952021484375 0.6792312861328125 0.1737371728515625 0.685785375 0.1714395546875 0.700172056640625 0.1684580224609375 0.7058496689453125 0.1668356845703125 0.7158720029296874 0.168811048828125 0.751902876953125 0.171232361328125 0.7560228916015626 0.177897033203125 0.8200962099609375 0.1774662890625 0.8245125361328125 0.18361669921875 0.828974724609375 0.1954087333984375 0.8927864921875 0.1963197783203125 0.89207760546875 0.1994084765625 0.89544013671875 0.201495169921875 0.8999394931640625 0.2057118125 0.9003852998046875 0.2099749560546875 0.908954220703125 0.2089404755859375 0.91143874609375 0.2132691220703125 0.9173171796875 0.2197582734375 0.9380794306640625 0.22308998046875 0.9414936142578125 0.22280910546875 0.9463922646484375 0.226966287109375 0.945922896484375 0.23821070703125 0.9514678515625 0.2443085751953125 0.9514125869140625 0.246935095703125 0.9402506943359376 0.2506596259765625 0.937435421875 0.2541593798828125 0.9372783798828125 0.25379865234375 0.935398232421875 0.2553831240234375 0.930326201171875 0.263486302734375 0.9279911708984375 0.270090580078125 0.9339028369140625 0.270844185546875 0.9363169619140626 0.2689569189453125 0.9404236943359375 0.274046416015625 0.9451124453125 0.273464599609375 0.94904459375 0.2751289248046875 0.9507513603515625 0.27642229296875 0.957788099609375 0.2843043837890625 0.9612653642578125 0.34092069921875 0.9728490654296875 0.352178404296875 0.9711845498046875 0.351869568359375 0.9738249130859375 0.352748462890625 0.9744621962890625 0.3687276923828125 0.9792100927734375 0.4470864853515625 0.9958657685546874 0.456914978515625 0.99615300390625 0.469050388671875 1 0.7199202919921875 1
0 0.888488982421875 0.22795148828125 0.8781373125 0.1714393291015625 0.8849594140625 0.1393438603515625 0.87900090234375 0.0997395673828125 0.8682654140625 0.07509396875 0.858866373046875 0.06670651171875 0.57612058203125 0.0066070390625 0.573366775390625 0.0571387294921875 0.5850178935546875 0.1075374658203125 0.61884866796875 0.173832484375 0.6614877158203125 0.221233466796875 0.6897807939453126 0.2384291962890625 0.7425275625 0.2608227177734375 0.7713374111328125 0.2605568115234375 0.80820985546875 0.2524202197265625 0.84712742578125 0.2271468544921875 0.888488982421875 0.22795148828125
2 0.870576447265625 0.0867670439453125 0.88095007421875 0.09056943359375 0.8894334853515625 0.073203751953125 0.8726215732421875 0.0696302705078125 0.870576447265625 0.0867670439453125
2 0.6426375927734375 0.1070056533203125 0.6363322607421875 0.121639486328125 0.6586078720703125 0.129569126953125 0.6648172490234375 0.122901935546875 0.66435943359375 0.1100253662109375 0.6426375927734375 0.1070056533203125
2 0.7071094765625 0.2245410419921875 0.714426392578125 0.2276937080078125 0.72063576953125 0.221026515625 0.7125361767578124 0.20652563671875 0.7071094765625 0.2245410419921875
2 0.6592425537109375 0.05143108203125 0.6667883779296875 0.0610220322265625 0.674755017578125 0.061117986328125 0.68083144140625 0.040045869140625 0.666197609375 0.0337405380859375 0.6592425537109375 0.05143108203125
0 0 0.9038751484375 0.0650407080078125 0.91552203125 0.0710211767578125 0.9024165546875 0.0564832998046875 0.8881445830078125 0.0563503466796875 0.873739658203125 0.1020379794921875 0.7189179248046875 0.1187978505859375 0.6250385078125 0.1544887587890625 0.5623389287109375 0.1668554716796875 0.4515516455078125 0.162366359375 0.4426104189453125 0.14841925 0.45561994140625 0.134738046875 0.4974393125 0.091117498046875 0.582414501953125 0.0556184990234375 0.62918080078125 0 0.6758189365234375 0 0.9038751484375
2 0.0490553876953125 0.81787722265625 0.0479848466796875 0.8304289296875 0.0568301181640625 0.8339064580078125 0.0619319560546875 0.817419408203125 0.0567931201171875 0.811534892578125 0.0490553876953125 0.81787722265625