0 0.21693125 0.517609375 0.2186953125 0.52256875 0.2244265625 0.5287703125 0.25573125 0.551090625 0.263228125 0.5548109375 0.272928125 0.5575390625 0.2901234375 0.5580359375 0.298059375 0.5595234375 0.30731875 0.5587796875 0.3143734375 0.5610125 0.3280421875 0.5625 0.339946875 0.566715625 0.349646875 0.5731640625 0.3518515625 0.57266875 0.35405625 0.57415625 0.353175 0.5758921875 0.3615515625 0.5791171875 0.3650796875 0.5763890625 0.36684375 0.5689484375 0.3659609375 0.5563 0.36860625 0.5498515625 0.3708109375 0.509425 0.37345625 0.5029765625 0.3708109375 0.4947921875 0.372134375 0.4928078125 0.377425 0.490328125 0.37830625 0.478421875 0.381834375 0.470734375 0.3800703125 0.4672625 0.38139375 0.4528765625 0.3796296875 0.446925 0.3849203125 0.43675625 0.385803125 0.4311578125 0.396384375 0.4317953125 0.397265625 0.4303078125 0.4038796875 0.43204375 0.406084375 0.428571875 0.4122578125 0.4290671875 0.415784375 0.4275796875 0.416225 0.426090625 0.4215171875 0.4243546875 0.4276890625 0.4243546875 0.430334375 0.4213796875 0.4351859375 0.4188984375 0.438271875 0.4119546875 0.443121875 0.412203125 0.447090625 0.4087296875 0.4510578125 0.408234375 0.4532625 0.4010421875 0.462521875 0.396825 0.466490625 0.397321875 0.4691359375 0.384425 0.47663125 0.3799609375 0.4938265625 0.3501984375 0.4964734375 0.3494546875 0.4977953125 0.3474703125 0.49911875 0.3390375 0.5074953125 0.3286203125 0.509259375 0.3172125 0.5066140625 0.314484375 0.5079359375 0.3095234375 0.5061734375 0.298859375 0.510140625 0.2919140625 0.514109375 0.2911703125 0.5158734375 0.288690625 0.513228125 0.282490625 0.509259375 0.28125 0.5017640625 0.2814984375 0.49911875 0.280009375 0.4977953125 0.27430625 0.494709375 0.274553125 0.4872140625 0.269840625 0.481921875 0.2633921875 0.4744265625 0.257440625 0.471340625 0.256696875 0.472221875 0.2557046875 0.4276890625 0.2209828125 0.4219578125 0.212796875 0.414021875 0.2061015625 0.4087296875 0.1892359375 0.4038796875 0.185515625 0.4038796875 0.1810515625 0.3981484375 0.184771875 0.392415625 0.1857640625 0.3884484375 0.1904765625 0.2239859375 0.3025796875 0.21693125 0.3063 0.2156078125 0.314484375 0.21208125 0.31646875 0.2010578125 0.319196875 0.197090625 0.3244046875 0.1948859375 0.3345734375 0.1851859375 0.337796875 0.17019375 0.3688 0.1618171875 0.3735125 0.1582890625 0.3970734375 0.1578484375 0.4126984375 0.1618171875 0.4407234375 0.16534375 0.451884375 0.1693125 0.455853125 0.174603125 0.466765625 0.180334375 0.472221875 0.21208125 0.514384375 0.21693125 0.517609375
0 0.5158734375 0.334325 0.513228125 0.334078125 0.510140625 0.33680625 0.5097 0.34449375 0.4629625 0.41245 0.458553125 0.415921875 0.4603171875 0.428075 0.4532625 0.430803125 0.447090625 0.4265875 0.4435625 0.4298109375 0.439153125 0.4313 0.434303125 0.4310515625 0.430334375 0.4350203125 0.43298125 0.435515625 0.4365078125 0.434028125 0.43959375 0.434028125 0.4435625 0.4365078125 0.4532625 0.4360125 0.46208125 0.440971875 0.46208125 0.444196875 0.466490625 0.4446921875 0.4678125 0.4432046875 0.4731046875 0.4427078125 0.4744265625 0.4466765625 0.481921875 0.444940625 0.4977953125 0.4357640625 0.5291 0.4107140625 0.55246875 0.3807046875 0.5537921875 0.3625984375 0.555996875 0.357390625 0.5533515625 0.35391875 0.5564375 0.3501984375 0.5533515625 0.3439984375 0.552909375 0.3400296875 0.5551140625 0.3338296875 0.5537921875 0.3291171875 0.5507046875 0.3276296875 0.541446875 0.314484375 0.5361546875 0.3013390625 0.5251328125 0.294890625 0.5211640625 0.2983625 0.5220453125 0.302828125 0.5202828125 0.3072921875 0.5216046875 0.309771875 0.5171953125 0.31324375 0.5158734375 0.31795625 0.518959375 0.3258921875 0.51851875 0.332490625 0.5158734375 0.334325
2 0.3655203125 0.4704859375 0.357584375 0.4685015625 0.3373015625 0.4692453125 0.333775 0.4704859375 0.3289234375 0.48040625 0.3284828125 0.482390625 0.3333328125 0.4853671875 0.3373015625 0.486359375 0.3412703125 0.4858625 0.348325 0.4833828125 0.352734375 0.4791671875 0.3602296875 0.4764390625 0.3655203125 0.4704859375
2 0.3452375 0.4494046875 0.3461203125 0.455853125 0.348765625 0.45858125 0.358025 0.4583328125 0.36860625 0.4553578125 0.3650796875 0.451140625 0.3571421875 0.4479171875 0.34920625 0.4466765625 0.3452375 0.4494046875
2 0.21208125 0.4352671875 0.193121875 0.433284375 0.1865078125 0.435515625 0.1851859375 0.4389875 0.1860671875 0.443453125 0.197090625 0.447171875 0.21208125 0.4466765625 0.21605 0.4439484375 0.2195765625 0.4432046875 0.217371875 0.4424609375 0.21208125 0.4352671875
2 0.31216875 0.4970234375 0.3086421875 0.495784375 0.287478125 0.4947921875 0.2817453125 0.496528125 0.278659375 0.4977671875 0.2791 0.5017359375 0.2910046875 0.5091765625 0.3015875 0.5106640625 0.3051140625 0.51016875 0.31040625 0.5076890625 0.3161375 0.5022328125 0.31216875 0.4970234375
2 0.3849203125 0.4719734375 0.380953125 0.4737109375 0.380953125 0.47891875 0.392415625 0.4833828125 0.396384375 0.4833828125 0.411375 0.4794140625 0.414021875 0.474703125 0.4082890625 0.4709828125 0.3977078125 0.4702375 0.3849203125 0.4719734375
2 0.2799828125 0.3013390625 0.2676359375 0.3000984375 0.264109375 0.30084375 0.25881875 0.3077875 0.25881875 0.314484375 0.263228125 0.31795625 0.2760140625 0.31944375 0.2870375 0.31646875 0.2888 0.3120046875 0.2870375 0.3053078125 0.2852734375 0.3033234375 0.2799828125 0.3013390625
2 0.3064375 0.287203125 0.3046734375 0.2936515625 0.305996875 0.2958828125 0.3148140625 0.300346875 0.3240734375 0.300346875 0.3280421875 0.2943953125 0.3223109375 0.2857140625 0.3174609375 0.28521875 0.3064375 0.287203125
2 0.3650796875 0.23040625 0.3602296875 0.2286703125 0.363315625 0.2244546875 0.3602296875 0.22271875 0.3571421875 0.21800625 0.348765625 0.230159375 0.3421515625 0.232390625 0.3465609375 0.2353671875 0.333775 0.2522328125 0.3276015625 0.2686015625 0.3276015625 0.27728125 0.349646875 0.2780265625 0.353615625 0.27579375 0.3650796875 0.2599203125 0.3646390625 0.247271875 0.36684375 0.244046875 0.36684375 0.2373515625 0.3650796875 0.23040625
2 0.4603171875 0.353175 0.453703125 0.34920625 0.4514984375 0.3484625 0.4417984375 0.3487109375 0.4338625 0.3509421875 0.429453125 0.353421875 0.429453125 0.357390625 0.4351859375 0.3625984375 0.44268125 0.3640875 0.4514984375 0.3638390625 0.4550265625 0.3616078125 0.4594359375 0.3611109375 0.4603171875 0.353175
2 0.5079359375 0.32118125 0.5061734375 0.31795625 0.5017640625 0.316715625 0.48545 0.31795625 0.472221875 0.322171875 0.462521875 0.326140625 0.462521875 0.3311015625 0.4642859375 0.3330859375 0.4744265625 0.337796875 0.4889765625 0.3387890625 0.4977953125 0.33829375 0.5070546875 0.326884375 0.5079359375 0.32118125
2 0.4043203125 0.31944375 0.3985890625 0.32118125 0.396825 0.322171875 0.396825 0.3258921875 0.3994703125 0.3286203125 0.4038796875 0.3303578125 0.4118171875 0.329365625 0.4144625 0.3256453125 0.4091703125 0.32118125 0.4043203125 0.31944375
2 0.3999125 0.3799609375 0.396825 0.382440625 0.397265625 0.3861609375 0.4043203125 0.3888890625 0.4082890625 0.3891375 0.411375 0.3881453125 0.4144625 0.38516875 0.4131390625 0.3821921875 0.4074078125 0.3799609375 0.3999125 0.3799609375
2 0.4193125 0.292659375 0.4166671875 0.2946421875 0.4166671875 0.2963796875 0.4171078125 0.2993546875 0.42019375 0.30084375 0.42504375 0.2993546875 0.4312171875 0.2946421875 0.4276890625 0.2924109375 0.4193125 0.292659375
2 0.4589953125 0.362846875 0.4541453125 0.3650796875 0.4532625 0.366815625 0.4545859375 0.373015625 0.46208125 0.3745046875 0.4686953125 0.373759375 0.4744265625 0.3712796875 0.476190625 0.3692953125 0.4744265625 0.3650796875 0.4638453125 0.3623515625 0.4589953125 0.362846875
2 0.5740734375 0.3735125 0.5648140625 0.3725203125 0.5564375 0.3732640625 0.55246875 0.3767359375 0.548059375 0.3849203125 0.5467375 0.3888890625 0.5502640625 0.390625 0.5586421875 0.3911203125 0.56525625 0.3901296875 0.5758375 0.3856640625 0.585978125 0.3764875 0.583775 0.3752484375 0.5740734375 0.3735125
2 0.5727515625 0.4352671875 0.5692234375 0.43055625 0.5612875 0.4268359375 0.560846875 0.42113125 0.5564375 0.4213796875 0.55555625 0.4255953125 0.5449734375 0.43675625 0.5445328125 0.4432046875 0.54761875 0.444940625 0.55555625 0.4466765625 0.56040625 0.4459328125 0.5643734375 0.443453125 0.5679015625 0.44295625 0.5727515625 0.4392359375 0.5727515625 0.4352671875
2 0.5648140625 0.415921875 0.56216875 0.420634375 0.5687828125 0.419890625 0.575396875 0.4223703125 0.583775 0.421875 0.585096875 0.4188984375 0.5820109375 0.415921875 0.5692234375 0.415178125 0.5648140625 0.415921875
2 0.476190625 0.447171875 0.4594359375 0.43824375 0.4554671875 0.4389875 0.439153125 0.4384921875 0.4268078125 0.4412203125 0.42504375 0.4432046875 0.4259265625 0.446428125 0.4325390625 0.4508921875 0.45238125 0.4499015625 0.4594359375 0.4501484375 0.462521875 0.451884375 0.4704578125 0.451884375 0.476190625 0.447171875
2 0.419753125 0.4942953125 0.4171078125 0.495784375 0.4166671875 0.498759375 0.419753125 0.5017359375 0.42813125 0.501240625 0.4351859375 0.4995046875 0.4369484375 0.498015625 0.4351859375 0.4962796875 0.4272484375 0.4942953125 0.419753125 0.4942953125
2 0.4497359375 0.495784375 0.448853125 0.4997515625 0.4510578125 0.5014875 0.4607578125 0.4995046875 0.4629625 0.498015625 0.46208125 0.494046875 0.4598765625 0.4935515625 0.4550265625 0.4935515625 0.4497359375 0.495784375
2 0.2059078125 0.491815625 0.2050265625 0.49454375 0.2081125 0.4967765625 0.2129625 0.496528125 0.216490625 0.4942953125 0.2156078125 0.4900796875 0.2129625 0.4890875 0.2089953125 0.48983125 0.2059078125 0.491815625
2 0.3240734375 0.513640625 0.3240734375 0.5173609375 0.32980625 0.522321875 0.333775 0.5220734375 0.334215625 0.5171125 0.32980625 0.512896875 0.3258375 0.5126484375 0.3240734375 0.513640625
2 0.415784375 0.5560515625 0.4263671875 0.555059375 0.4268078125 0.5525796875 0.423721875 0.55084375 0.414903125 0.5518359375 0.4135796875 0.55381875 0.415784375 0.5560515625
2 0.3280421875 0.43055625 0.3276015625 0.431546875 0.334215625 0.4350203125 0.3412703125 0.4365078125 0.34920625 0.431546875 0.3474421875 0.4275796875 0.339946875 0.4263390625 0.331128125 0.4275796875 0.3280421875 0.43055625
0 0.4184296875 0.8005953125 0.419753125 0.806546875 0.4290125 0.80704375 0.42989375 0.8115078125 0.428571875 0.8142359375 0.4351859375 0.822171875 0.43783125 0.818453125 0.444003125 0.819196875 0.4466484375 0.8256453125 0.4453265625 0.830109375 0.4506171875 0.837796875 0.453703125 0.835565625 0.4581125 0.8360609375 0.4682546875 0.8509421875 0.4739859375 0.8536703125 0.477071875 0.8571421875 0.4744265625 0.861359375 0.4788359375 0.8640875 0.481921875 0.869046875 0.513228125 0.888640625 0.51851875 0.888640625 0.523809375 0.8841765625 0.52821875 0.8854171875 0.5317453125 0.888640625 0.5313046875 0.89136875 0.5295421875 0.8923609375 0.5317453125 0.8963296875 0.5357140625 0.8970734375 0.548059375 0.9045140625 0.5595234375 0.908234375 0.5630515625 0.91170625 0.57186875 0.91493125 0.5806875 0.9203875 0.5903875 0.923115625 0.6071421875 0.931546875 0.6115515625 0.931546875 0.6287484375 0.9360125 0.6384484375 0.9407234375 0.6428578125 0.94444375 0.6547625 0.9486609375 0.6582890625 0.953125 0.673721875 0.9546125 0.6851859375 0.95709375 0.68783125 0.959078125 0.7001765625 0.96255 0.712521875 0.9685015625 0.716490625 0.9692453125 0.7244265625 0.9685015625 0.73545 0.9662703125 0.759259375 0.9697421875 0.774690625 0.9702375 0.77821875 0.9709828125 0.7808640625 0.975446875 0.78791875 0.977678125 0.7910046875 0.9821421875 0.806878125 0.98511875 0.8143734375 0.9853671875 0.8174609375 0.9838796875 0.8328921875 0.9846234375 0.8377421875 0.987846875 0.8403875 0.9873515625 0.8425921875 0.98834375 0.8452375 0.991071875 0.8514109375 0.990575 0.867725 0.9942953125 0.869046875 0.995784375 0.876984375 0.99603125 0.8844796875 0.991071875 0.8950625 0.991815625 0.9038796875 0.9947921875 0.9038796875 0.9984375 0.9131390625 0.9984375 0.9131390625 0.9975203125 0.9223984375 0.982390625 0.9232796875 0.9751984375 0.93783125 0.9275796875 0.939153125 0.9196421875 0.9360671875 0.91170625 0.938271875 0.9077375 0.943121875 0.9067453125 0.9457671875 0.9037703125 0.9462078125 0.8936015625 0.9400359375 0.8799609375 0.9387125 0.8717765625 0.9400359375 0.8685515625 0.943121875 0.867559375 0.94444375 0.865575 0.9435625 0.857390625 0.939153125 0.8487109375 0.9435625 0.842509375 0.943121875 0.83209375 0.9290125 0.8032609375 0.9276890625 0.7966265625 0.918871875 0.787203125 0.91049375 0.7814984375 0.9038796875 0.774553125 0.901675 0.77430625 0.8981484375 0.771578125 0.897265625 0.7673609375 0.8937390625 0.7673609375 0.8884484375 0.76165625 0.8844796875 0.7604171875 0.852734375 0.729828125 0.852734375 0.728421875 0.833775 0.71180625 0.82980625 0.710565625 0.8227515625 0.712796875 0.816578125 0.71006875 0.819665625 0.7075890625 0.82010625 0.705109375 0.8183421875 0.7041171875 0.8161375 0.704365625 0.7954140625 0.6892359375 0.7804234375 0.6877484375 0.774690625 0.688740625 0.7711640625 0.6875 0.7671953125 0.68824375 0.764109375 0.6860125 0.7663140625 0.6813 0.76366875 0.6733625 0.7482359375 0.6716265625 0.731921875 0.67113125 0.7283953125 0.673115625 0.7244265625 0.6728671875 0.72178125 0.673859375 0.7186953125 0.673115625 0.716490625 0.670634375 0.7107578125 0.67261875 0.7089953125 0.671875 0.7059078125 0.6736109375 0.7081125 0.6763390625 0.702821875 0.678571875 0.689153125 0.6795640625 0.6856265625 0.677828125 0.6807765625 0.67881875 0.6772484375 0.678075 0.6675484375 0.681546875 0.6582890625 0.6813 0.6543203125 0.678571875 0.6428578125 0.6795640625 0.6380078125 0.6783234375 0.6349203125 0.679315625 0.6062609375 0.6795640625 0.5974421875 0.680803125 0.5917109375 0.6790671875 0.5806875 0.680803125 0.575396875 0.679315625 0.5643734375 0.6813 0.56040625 0.6798109375 0.551146875 0.6813 0.5445328125 0.680059375 0.5343921875 0.6827875 0.5291 0.68204375 0.518078125 0.6837796875 0.513228125 0.6822921875 0.5097 0.6837796875 0.50573125 0.6837796875 0.499559375 0.6827875 0.4977953125 0.6795640625 0.4938265625 0.680803125 0.4876546875 0.6810515625 0.4700171875 0.6877484375 0.467371875 0.6870046875 0.4642859375 0.68353125 0.4612 0.6827875 0.4589953125 0.6798109375 0.4581125 0.6803078125 0.4457671875 0.6755953125 0.443121875 0.66790625 0.44268125 0.6736109375 0.438271875 0.6748515625 0.43783125 0.67881875 0.4241625 0.6825390625 0.419753125 0.678571875 0.415784375 0.6775796875 0.4118171875 0.684771875 0.395503125 0.6884921875 0.391975 0.696428125 0.391975 0.716765625 0.4038796875 0.7438 0.401234375 0.7477671875 0.4069671875 0.7517359375 0.406525 0.7557046875 0.4034390625 0.7604171875 0.4082890625 0.7790171875 0.4184296875 0.8005953125
2 0.6622578125 0.8549109375 0.6578484375 0.8501984375 0.6543203125 0.8487109375 0.6432984375 0.8482140625 0.6380078125 0.8489578125 0.630953125 0.853175 0.6256609375 0.859375 0.6256609375 0.869046875 0.6349203125 0.8782234375 0.6428578125 0.8774796875 0.6470453125 0.8748765625 0.6534390625 0.873015625 0.6578484375 0.873015625 0.6675484375 0.865575 0.6622578125 0.8549109375
2 0.7799828125 0.8325890625 0.77425 0.8328375 0.769840625 0.8318453125 0.7561734375 0.832340625 0.750440625 0.834078125 0.74911875 0.8365578125 0.75088125 0.8412703125 0.75573125 0.8454859375 0.760140625 0.847221875 0.777778125 0.84771875 0.788359375 0.8432546875 0.78791875 0.837796875 0.78306875 0.8333328125 0.7799828125 0.8325890625
2 0.6887125 0.83506875 0.68783125 0.8387890625 0.693121875 0.8422625 0.69753125 0.8422625 0.702821875 0.8405265625 0.7041453125 0.8373015625 0.7010578125 0.83358125 0.69268125 0.8333328125 0.6887125 0.83506875
2 0.7486765625 0.7896828125 0.7438265625 0.787203125 0.7380953125 0.7864578125 0.7279546875 0.7869546875 0.7142859375 0.7931546875 0.713403125 0.7951390625 0.71693125 0.798115625 0.731921875 0.8015875 0.744709375 0.8033234375 0.7486765625 0.8025796875 0.7513234375 0.8005953125 0.7517640625 0.794146875 0.7486765625 0.7896828125
2 0.853175 0.751240625 0.8452375 0.751240625 0.8368609375 0.756696875 0.8355375 0.759425 0.8364203125 0.7638890625 0.8381828125 0.766865625 0.8417109375 0.768353125 0.8571421875 0.7678578125 0.867284375 0.763640625 0.8650796875 0.75868125 0.853175 0.751240625
2 0.4977953125 0.719990625 0.49426875 0.716765625 0.4823640625 0.71329375 0.477071875 0.7130453125 0.4704578125 0.7142859375 0.466490625 0.716765625 0.4647265625 0.720734375 0.463403125 0.7244546875 0.4642859375 0.7318953125 0.4748671875 0.7338796875 0.4828046875 0.7341265625 0.489859375 0.732390625 0.49426875 0.7296625 0.4982359375 0.7244546875 0.4977953125 0.719990625
2 0.462521875 0.7028765625 0.4704578125 0.706596875 0.4744265625 0.7048609375 0.4823640625 0.697171875 0.4726625 0.69444375 0.46605 0.69618125 0.462521875 0.698909375 0.462521875 0.7028765625
2 0.51851875 0.6877484375 0.518959375 0.6919640625 0.52336875 0.6939484375 0.5313046875 0.6919640625 0.5343921875 0.689484375 0.53395 0.6857640625 0.5304234375 0.684771875 0.5216046875 0.685515625 0.51851875 0.6877484375
2 0.5599640625 0.6614578125 0.56040625 0.66790625 0.5674609375 0.6696421875 0.5767203125 0.665675 0.5789234375 0.6626984375 0.5758375 0.657490625 0.5683421875 0.65625 0.5639328125 0.657490625 0.5599640625 0.6614578125
2 0.637125 0.662946875 0.637125 0.669890625 0.642415625 0.6736109375 0.646384375 0.673859375 0.6543203125 0.6708828125 0.656525 0.665921875 0.6538796875 0.6614578125 0.641975 0.66021875 0.637125 0.662946875
2 0.593915625 0.67261875 0.5930328125 0.6775796875 0.5952375 0.678571875 0.603615625 0.679315625 0.6102296875 0.6775796875 0.6111109375 0.6728671875 0.60890625 0.6703875 0.59920625 0.6696421875 0.593915625 0.67261875
2 0.6957671875 0.9146828125 0.6900359375 0.9114578125 0.6812171875 0.910465625 0.6772484375 0.9087296875 0.6719578125 0.9094734375 0.6679890625 0.912203125 0.6635796875 0.9243546875 0.6626984375 0.927828125 0.664021875 0.930803125 0.673721875 0.9389875 0.6887125 0.9432046875 0.6984125 0.9422125 0.7006171875 0.939484375 0.698853125 0.9181546875 0.6957671875 0.9146828125
2 0.7345671875 0.9040171875 0.73941875 0.9060015625 0.7438265625 0.90625 0.745590625 0.9047625 0.7438265625 0.898065625 0.739859375 0.89756875 0.7345671875 0.899553125 0.7345671875 0.9040171875
2 0.750440625 0.860615625 0.7535265625 0.8650796875 0.760140625 0.869046875 0.76366875 0.8697921875 0.7671953125 0.868303125 0.76851875 0.8638390625 0.76455 0.8596234375 0.755290625 0.859375 0.750440625 0.860615625
2 0.8619921875 0.953125 0.8611109375 0.9553578125 0.8646390625 0.96006875 0.86860625 0.961309375 0.872134375 0.9608140625 0.8743390625 0.959078125 0.873015625 0.9536203125 0.86684375 0.951884375 0.8619921875 0.953125
2 0.8888890625 0.8752484375 0.8884484375 0.879215625 0.890653125 0.8826890625 0.89594375 0.88516875 0.900353125 0.88516875 0.901675 0.88045625 0.8985890625 0.8752484375 0.8932984375 0.8735125 0.8888890625 0.8752484375
2 0.8646390625 0.9268359375 0.863315625 0.927828125 0.8655203125 0.93204375 0.873015625 0.934028125 0.877865625 0.9327875 0.87830625 0.927828125 0.8756609375 0.9255953125 0.8703703125 0.9250984375 0.8646390625 0.9268359375
2 0.7848328125 0.96180625 0.7791 0.96006875 0.7751328125 0.96006875 0.773809375 0.9615578125 0.77336875 0.966765625 0.7751328125 0.9689984375 0.7791 0.9702375 0.783509375 0.96875 0.7870375 0.96949375 0.7918875 0.96800625 0.7918875 0.9662703125 0.7848328125 0.96180625
2 0.480159375 0.85863125 0.4792765625 0.8618546875 0.481921875 0.866071875 0.4845671875 0.8670640625 0.489859375 0.8670640625 0.491621875 0.8640875 0.49118125 0.86011875 0.4832453125 0.857390625 0.480159375 0.85863125
2 0.943121875 0.8747515625 0.9466484375 0.873759375 0.9497359375 0.8692953125 0.94753125 0.866071875 0.93959375 0.869046875 0.93959375 0.8732640625 0.943121875 0.8747515625
2 0.9272484375 0.8209328125 0.9276890625 0.826140625 0.9320984375 0.8296125 0.9369484375 0.8313484375 0.9387125 0.8298609375 0.939153125 0.8258921875 0.9351859375 0.81944375 0.9312171875 0.8174609375 0.9272484375 0.8209328125
2 0.532628125 0.8970734375 0.536596875 0.896825 0.538359375 0.8921125 0.533509375 0.88665625 0.524690625 0.8883921875 0.5251328125 0.8938484375 0.532628125 0.8970734375
2 0.63139375 0.8102671875 0.6305109375 0.8095234375 0.626984375 0.809771875 0.626984375 0.8134921875 0.6305109375 0.8139875 0.63139375 0.8102671875
0 0.583775 0.97420625 0.5789234375 0.972965625 0.5758375 0.9697421875 0.5630515625 0.9672625 0.5590828125 0.962796875 0.5532046875 0.960234375 0.5440921875 0.9533734375 0.5268953125 0.947171875 0.51455 0.9446921875 0.4977953125 0.939484375 0.481921875 0.93675625 0.4700171875 0.9290671875 0.4647265625 0.9233625 0.4506171875 0.9161703125 0.438271875 0.9139390625 0.406084375 0.9010421875 0.3999125 0.9005453125 0.3694890625 0.887153125 0.320546875 0.87896875 0.28306875 0.875 0.2711640625 0.87574375 0.264109375 0.8797125 0.2513234375 0.8799609375 0.249559375 0.8807046875 0.25088125 0.884671875 0.2486765625 0.887153125 0.2425046875 0.888640625 0.239859375 0.88665625 0.23545 0.8881453125 0.2345671875 0.8963296875 0.2420640625 0.8978171875 0.24426875 0.904265625 0.2561734375 0.9094734375 0.2597 0.9139390625 0.2597 0.9201390625 0.25573125 0.921875 0.2513234375 0.921875 0.2477953125 0.923115625 0.2420640625 0.9270828125 0.23633125 0.9268359375 0.2297171875 0.9313 0.22575 0.93824375 0.2204578125 0.9404765625 0.21208125 0.946925 0.2081125 0.947171875 0.2094359375 0.9494046875 0.2045859375 0.951884375 0.197090625 0.9533734375 0.1869484375 0.96875 0.1816578125 0.96875 0.178571875 0.9712296875 0.1763671875 0.977678125 0.1772484375 0.982390625 0.1710765625 0.9861109375 0.1693125 0.994046875 0.168871875 0.9984375 0.6018515625 0.9984375 0.6009703125 0.994046875 0.59920625 0.99131875 0.594796875 0.9893359375 0.5930328125 0.987103125 0.5912703125 0.9799109375 0.583775 0.97420625
2 0.4118171875 0.9499015625 0.392415625 0.9506453125 0.3800703125 0.95709375 0.3805109375 0.9635421875 0.3893296875 0.9650296875 0.4038796875 0.96329375 0.4122578125 0.960565625 0.4179890625 0.9580859375 0.42019375 0.954365625 0.4171078125 0.951140625 0.4118171875 0.9499015625
2 0.3271609375 0.926090625 0.3289234375 0.9228671875 0.3258375 0.9174109375 0.3179015625 0.9141859375 0.30731875 0.91790625 0.2910046875 0.9208828125 0.278659375 0.925346875 0.2702828125 0.9268359375 0.2694 0.9275796875 0.273809375 0.928571875 0.2773375 0.931546875 0.3015875 0.93675625 0.30555625 0.93675625 0.311728125 0.9342765625 0.316578125 0.930059375 0.3271609375 0.926090625
2 0.3571421875 0.956596875 0.3500875 0.9541171875 0.3452375 0.9553578125 0.32980625 0.955853125 0.3183421875 0.957340625 0.31040625 0.9630453125 0.31040625 0.96949375 0.3126109375 0.9709828125 0.32186875 0.97271875 0.3500875 0.9712296875 0.3571421875 0.96949375 0.3606703125 0.9670140625 0.3606703125 0.962796875 0.3571421875 0.956596875
2 0.372134375 0.977678125 0.36860625 0.974703125 0.358465625 0.97420625 0.3470015625 0.9764390625 0.3373015625 0.984375 0.3377421875 0.9888390625 0.3452375 0.994046875 0.3619921875 0.9975203125 0.362875 0.9984375 0.377425 0.9984375 0.377865625 0.9935515625 0.3747796875 0.9828875 0.372134375 0.977678125
2 0.4889765625 0.972221875 0.466490625 0.969990625 0.462521875 0.9712296875 0.4589953125 0.9771828125 0.4589953125 0.9890875 0.46693125 0.9938 0.4735453125 0.99454375 0.481921875 0.992559375 0.49118125 0.98511875 0.4964734375 0.9786703125 0.4969140625 0.9744546875 0.4889765625 0.972221875
2 0.4629625 0.9370046875 0.4598765625 0.9412203125 0.4598765625 0.944196875 0.4629625 0.9474203125 0.4735453125 0.949653125 0.4783953125 0.949653125 0.4880953125 0.943453125 0.481040625 0.938740625 0.4678125 0.9370046875 0.4629625 0.9370046875
2 0.5639328125 0.969990625 0.5410046875 0.967509375 0.53306875 0.9677578125 0.5251328125 0.969990625 0.5255734375 0.9833828125 0.5273375 0.986359375 0.5308640625 0.9875984375 0.5405640625 0.987103125 0.5551140625 0.9821421875 0.5612875 0.97891875 0.5643734375 0.974703125 0.5639328125 0.969990625
2 0.4122578125 0.97495 0.415784375 0.97891875 0.4193125 0.9779265625 0.4228390625 0.97495 0.4228390625 0.970734375 0.4166671875 0.9709828125 0.4131390625 0.97271875 0.4122578125 0.97495
2 0.44444375 0.9984375 0.4453265625 0.9938 0.443121875 0.9908234375 0.4351859375 0.9908234375 0.42989375 0.99454375 0.4290125 0.9984375 0.44444375 0.9984375
2 0.3381828125 0.90005 0.3408296875 0.896825 0.3403875 0.8923609375 0.3373015625 0.889384375 0.326278125 0.887896875 0.3187828125 0.8903765625 0.3139328125 0.8903765625 0.3064375 0.894096875 0.3037921875 0.898065625 0.3002640625 0.900296875 0.3007046875 0.904265625 0.3042328125 0.9119546875 0.30731875 0.913690625 0.310846875 0.913690625 0.3240734375 0.9084828125 0.3381828125 0.90005
2 0.2482359375 0.883184375 0.2403 0.884425 0.235009375 0.8876484375 0.235009375 0.8923609375 0.2477953125 0.8985609375 0.2561734375 0.90079375 0.272928125 0.900296875 0.2799828125 0.896578125 0.2791 0.8916171875 0.263228125 0.884425 0.2482359375 0.883184375
2 0.31701875 0.9290671875 0.3258375 0.9265875 0.3284828125 0.9243546875 0.3271609375 0.918403125 0.3183421875 0.91245 0.3042328125 0.914434375 0.2985015625 0.9166671875 0.2910046875 0.9112109375 0.2707234375 0.912203125 0.2667546875 0.915921875 0.2654328125 0.924603125 0.2676359375 0.92733125 0.278659375 0.931546875 0.2905640625 0.9345234375 0.296296875 0.934771875 0.2989421875 0.936259375 0.3086421875 0.935515625 0.31701875 0.9290671875
2 0.2949734375 0.9424609375 0.2949734375 0.946925 0.30246875 0.949653125 0.306878125 0.9501484375 0.3134921875 0.947171875 0.31216875 0.943453125 0.3064375 0.9412203125 0.2985015625 0.9407234375 0.2949734375 0.9424609375
2 0.1820984375 0.9868546875 0.1776890625 0.9848703125 0.1768078125 0.987475 0.1728390625 0.9893359375 0.1693125 0.98834375 0.168871875 0.9984375 0.1741625 0.9984375 0.1820984375 0.9952875 0.1865078125 0.9962796875 0.19268125 0.994046875 0.1935625 0.98983125 0.189153125 0.9866078125 0.1820984375 0.9868546875
2 0.216490625 0.9548609375 0.2200171875 0.951140625 0.217371875 0.9479171875 0.212521875 0.9484125 0.2094359375 0.950396875 0.2129625 0.955109375 0.216490625 0.9548609375
0 0.146384375 0.6790671875 0.1538796875 0.68055625 0.1578484375 0.6830359375 0.1684296875 0.6860125 0.1807765625 0.6912203125 0.188271875 0.691715625 0.2204578125 0.6979171875 0.2275125 0.6984125 0.23633125 0.701140625 0.24426875 0.7008921875 0.2526453125 0.69915625 0.255290625 0.699653125 0.2597 0.7028765625 0.2755734375 0.7026296875 0.2843921875 0.7036203125 0.3046734375 0.7008921875 0.3174609375 0.700396875 0.32186875 0.69915625 0.333775 0.701140625 0.33950625 0.699653125 0.34920625 0.698909375 0.3646390625 0.693453125 0.36684375 0.689484375 0.38139375 0.6860125 0.39594375 0.67733125 0.3977078125 0.6736109375 0.4025578125 0.67113125 0.405203125 0.665178125 0.4126984375 0.65550625 0.4118171875 0.6443453125 0.4043203125 0.64136875 0.4038796875 0.634671875 0.3994703125 0.633928125 0.3981484375 0.63194375 0.3888890625 0.6272328125 0.38624375 0.6227671875 0.3893296875 0.6111109375 0.380953125 0.6009421875 0.3761015625 0.5984625 0.372134375 0.59449375 0.3619921875 0.5920140625 0.3571421875 0.5830859375 0.34920625 0.5778765625 0.34435625 0.576884375 0.3417109375 0.572171875 0.3258375 0.5647328125 0.3148140625 0.5622515625 0.2716046875 0.5622515625 0.255290625 0.5647328125 0.2464734375 0.5696921875 0.235890625 0.5687 0.213403125 0.5776296875 0.197090625 0.5778765625 0.18474375 0.5811015625 0.1693125 0.57886875 0.1578484375 0.5796125 0.151675 0.584325 0.13624375 0.587796875 0.127425 0.5912703125 0.122134375 0.595734375 0.1111109375 0.5984625 0.10890625 0.6014390625 0.05246875 0.625 0.047178125 0.626240625 0.0458546875 0.626984375 0.046296875 0.630953125 0.0485015625 0.632440625 0.05246875 0.633184375 0.1150796875 0.66493125 0.1296296875 0.67113125 0.1384484375 0.6733625 0.146384375 0.6790671875
2 0.2142859375 0.677828125 0.2103171875 0.6825390625 0.2098765625 0.6860125 0.2147265625 0.6897328125 0.2244265625 0.6904765625 0.2288359375 0.688740625 0.2306 0.6852671875 0.2283953125 0.68204375 0.2182546875 0.6775796875 0.2142859375 0.677828125
2 0.19444375 0.5947421875 0.1957671875 0.595734375 0.2010578125 0.594990625 0.2054671875 0.591765625 0.2032625 0.5885421875 0.2006171875 0.5885421875 0.1948859375 0.591021875 0.19444375 0.5947421875
2 0.2147265625 0.584078125 0.212521875 0.5873015625 0.212521875 0.5915171875 0.2231046875 0.5900296875 0.2283953125 0.58755 0.2297171875 0.5838296875 0.2226625 0.5811015625 0.2204578125 0.580853125 0.2147265625 0.584078125
0 0.45238125 0.6232640625 0.447090625 0.62425625 0.44444375 0.6272328125 0.447971875 0.6307046875 0.4629625 0.6356640625 0.4783953125 0.637896875 0.518078125 0.6401296875 0.528659375 0.643353125 0.53306875 0.6458328125 0.5405640625 0.64756875 0.5564375 0.6505453125 0.5643734375 0.6505453125 0.579365625 0.652778125 0.6194890625 0.6540171875 0.623015625 0.6530265625 0.6494703125 0.6525296875 0.6622578125 0.6478171875 0.678571875 0.64608125 0.6816578125 0.646825 0.71208125 0.6403765625 0.7200171875 0.63988125 0.745590625 0.63368125 0.7477953125 0.6341765625 0.75573125 0.6314484375 0.7579359375 0.6272328125 0.78306875 0.6205359375 0.7852734375 0.618303125 0.8099640625 0.609375 0.8134921875 0.605159375 0.8183421875 0.60391875 0.8240734375 0.6001984375 0.8276015625 0.59375 0.8364203125 0.587053125 0.8456796875 0.584078125 0.8558203125 0.5783734375 0.907628125 0.5286453125 0.919753125 0.52108125 0.9232796875 0.5153765625 0.9290125 0.5133921875 0.9276890625 0.5126484375 0.9193125 0.5131453125 0.90079375 0.516865625 0.892415625 0.5173609375 0.8853609375 0.51959375 0.8805109375 0.5193453125 0.876984375 0.517609375 0.872134375 0.5181046875 0.864196875 0.51488125 0.8456796875 0.5111609375 0.839065625 0.5079359375 0.833775 0.501984375 0.8284828125 0.5017359375 0.8258375 0.502728125 0.8099640625 0.501240625 0.80246875 0.4967765625 0.7993828125 0.4962796875 0.7654328125 0.497271875 0.7619046875 0.496528125 0.75573125 0.492559375 0.7345671875 0.49131875 0.7283953125 0.4895828125 0.68959375 0.4895828125 0.67813125 0.48834375 0.67019375 0.4893359375 0.645503125 0.4895828125 0.641975 0.48834375 0.6397703125 0.4893359375 0.6296296875 0.4890875 0.6203703125 0.4908234375 0.6111109375 0.4900796875 0.583775 0.493303125 0.5388 0.5024796875 0.5370375 0.501984375 0.5216046875 0.5091765625 0.5171953125 0.51016875 0.5127859375 0.509671875 0.4885359375 0.5213296875 0.4550265625 0.5463796875 0.4453265625 0.5560515625 0.43783125 0.56944375 0.424603125 0.585565625 0.419753125 0.5989578125 0.4179890625 0.6068953125 0.4193125 0.609375 0.4263671875 0.610615625 0.4316578125 0.61011875 0.447971875 0.61805625 0.44753125 0.619046875 0.45238125 0.621528125 0.45238125 0.6232640625
2 0.68474375 0.59300625 0.68783125 0.5922625 0.68783125 0.586309375 0.684303125 0.5853171875 0.6812171875 0.58755 0.6807765625 0.5915171875 0.68474375 0.59300625
2 0.740740625 0.56324375 0.7438265625 0.5615078125 0.744709375 0.556546875 0.739859375 0.5540671875 0.7372140625 0.555803125 0.736771875 0.5607640625 0.740740625 0.56324375
2 0.7954140625 0.548859375 0.7985015625 0.54613125 0.7985015625 0.544146875 0.7949734375 0.54141875 0.7901234375 0.5431546875 0.7905640625 0.5486109375 0.7954140625 0.548859375
2 0.8571421875 0.5091765625 0.8553796875 0.5104171875 0.857584375 0.5141375 0.87654375 0.5188484375 0.8849203125 0.5188484375 0.8884484375 0.517609375 0.8849203125 0.513640625 0.8805109375 0.5119046875 0.8571421875 0.5091765625
0 0 0.753125 0.0859375 0.74375 0.11875 0.7328125 0.1734375 0.7 0.171875 0.6890625 0.1234375 0.671875 0.0671875 0.6390625 0.065625 0.6 0.0734375 0.6 0.075 0.59375 0.0046875 0.575 0 0.575 0 0.753125
0 0 0.565625 0.00625 0.5703125 0.065625 0.5828125 0.0890625 0.59375 0.10625 0.59375 0.15625 0.575 0.1875 0.575 0.259375 0.559375 0.21875 0.528125 0.19375 0.496875 0.159375 0.45 0.1546875 0.4234375 0.1453125 0.4078125 0.1 0.390625 0.071875 0.3671875 0.0578125 0.390625 0.015625 0.4125 0 0.4328125 0 0.4875 0.0421875 0.484375 0.05625 0.490625 0.053125 0.50625 0.015625 0.525 0 0.540625 0 0.565625
2 0.0640625 0.509375 0.0453125 0.5109375 0.0421875 0.51875 0.0484375 0.5234375 0.06875 0.51875 0.0640625 0.509375
2 0.0671875 0.45 0.06875 0.459375 0.0796875 0.459375 0.0796875 0.4484375 0.0671875 0.45
2 0.075 0.403125 0.071875 0.4109375 0.0796875 0.4140625 0.0796875 0.403125 0.075 0.403125
2 0.1453125 0.44375 0.1453125 0.45625 0.159375 0.453125 0.1546875 0.4421875 0.1453125 0.44375
2 0.0421875 0.5609375 0.0390625 0.56875 0.0546875 0.56875 0.053125 0.5625 0.0421875 0.5609375
2 0.053125 0.553125 0.0546875 0.5640625 0.06875 0.5578125 0.0671875 0.5515625 0.053125 0.553125
2 0.1140625 0.5671875 0.1125 0.5828125 0.1265625 0.584375 0.1296875 0.5703125 0.1140625 0.5671875
2 0.003125 0.6953125 0 0.7125 0.0390625 0.7015625 0.0328125 0.6953125 0.003125 0.6953125
2 0.084375 0.7140625 0.08125 0.70625 0.0546875 0.70625 0.05 0.7109375 0.0546875 0.7234375 0.0734375 0.721875 0.084375 0.7140625
2 0.0640625 0.671875 0.071875 0.646875 0.0484375 0.6359375 0.0265625 0.6359375 0.0109375 0.64375 0.0125 0.6578125 0.021875 0.6671875 0.0484375 0.6734375 0.0640625 0.671875
2 0.14375 0.7046875 0.1484375 0.715625 0.159375 0.7125 0.159375 0.70625 0.14375 0.7046875
2 0.1453125 0.68125 0.15 0.6953125 0.165625 0.69375 0.1609375 0.684375 0.1453125 0.68125
2 0 0.634375 0.0328125 0.6265625 0.040625 0.615625 0.0359375 0.6078125 0.00625 0.5984375 0 0.5984375 0 0.634375
2 0.0578125 0.584375 0.0546875 0.590625 0.059375 0.5953125 0.075 0.5921875 0.0578125 0.584375
2 0.203125 0.925 0.190625 0.928125 0.190625 0.9375 0.2 0.94375 0.2203125 0.9375 0.203125 0.925
2 0.1 0.9328125 0.103125 0.9546875 0.1171875 0.94375 0.11875 0.934375 0.1 0.9328125
2 0.896875 0.5578125 0.878125 0.5578125 0.86875 0.5640625 0.86875 0.5703125 0.878125 0.5734375 0.9015625 0.5703125 0.896875 0.5578125
2 0.9765625 0.5375 0.9578125 0.5453125 0.95625 0.5546875 0.9640625 0.55625 0.9921875 0.540625 0.9765625 0.5375
2 0.7796875 0.6515625 0.765625 0.653125 0.7578125 0.6625 0.7671875 0.66875 0.790625 0.6609375 0.7796875 0.6515625
0 0.946875 0.575 0.965625 0.5484375 0.9546875 0.5375 0.90625 0.5328125 0.825 0.603125 0.765625 0.6296875 0.7609375 0.6421875 0.7671875 0.665625 0.859375 0.6390625 0.946875 0.575