2 0.2373498837890625 0.54639774609375 0.2282941181640625 0.5397644345703125 0.2083963251953125 0.5384736962890625 0.2022439892578125 0.53918571875 0.1979238408203125 0.5418177802734375 0.1981316015625 0.5477672783203125 0.2027892939453125 0.5548012001953125 0.2141262734375 0.5635874599609375 0.2269044228515625 0.5631412373046875 0.234431357421875 0.5638711826171875 0.2400898623046875 0.5616879990234375 0.24333726171875 0.5536322587890625 0.2373498837890625 0.54639774609375
2 0.4008482763671875 0.5538400185546875 0.4026729697265625 0.5681710048828125 0.397964376953125 0.5723050380859375 0.397393744140625 0.581260095703125 0.4024744521484375 0.5877820673828125 0.4189603818359375 0.592418916015625 0.4424101064453125 0.5943298212890625 0.4494344853515625 0.5933387578125 0.4620930283203125 0.589422720703125 0.4685284208984375 0.58423559375 0.4709140087890625 0.576707126953125 0.4668264560546875 0.5733743125 0.4445262822265625 0.5664608662109375 0.445682888671875 0.561705103515625 0.443807349609375 0.5585436337890625 0.44112040625 0.5573976455078125 0.4260956162109375 0.55668094140625 0.4216456845703125 0.55559651953125 0.408416947265625 0.5558098876953125 0.40211032421875 0.552058951171875 0.4008482763671875 0.5538400185546875
2 0.388802650390625 0.537386318359375 0.3982121787109375 0.5415245146484375 0.4057202109375 0.5417579423828125 0.40823563671875 0.537947521484375 0.4067225849609375 0.532540783203125 0.3932255576171875 0.5250713349609375 0.386582458984375 0.5243105244140625 0.3808704248046875 0.525005607421875 0.38102621875 0.5294669501953125 0.388802650390625 0.537386318359375
2 0.3385594697265625 0.52623611328125 0.3557615927734375 0.526131015625 0.362345669921875 0.5251568916015625 0.36842013671875 0.522214978515625 0.369153671875 0.51796960546875 0.3650244921875 0.513399990234375 0.3588288037109375 0.51287058203125 0.3303243271484375 0.505181001953125 0.3250975087890625 0.507100521484375 0.31053903125 0.5071117373046875 0.307565962890625 0.5104425244140625 0.3082226962890625 0.5166233701171875 0.314151107421875 0.5221245107421875 0.319084693359375 0.5244334248046875 0.33099946875 0.524514529296875 0.3385594697265625 0.52623611328125
2 0.2432057841796875 0.511945828125 0.2525460576171875 0.514100857421875 0.26048583203125 0.51407218359375 0.26222286328125 0.513267322265625 0.262541998046875 0.509780623046875 0.255672291015625 0.5025753583984375 0.2472316318359375 0.5008860908203125 0.241209078125 0.50531459765625 0.240959142578125 0.5107829013671875 0.2432057841796875 0.511945828125
2 0.4354147734375 0.4950587939453125 0.446559771484375 0.4983921826171875 0.455390435546875 0.498579423828125 0.4597624970703125 0.497433955078125 0.473931462890625 0.4862686015625 0.473663119140625 0.47858422265625 0.4691871767578125 0.47675494140625 0.46416705078125 0.4719678505859375 0.45747909375 0.4699672255859375 0.4376245986328125 0.4699163564453125 0.423239255859375 0.4748854873046875 0.4104335888671875 0.4745884677734375 0.405189484375 0.4760129765625 0.40349575 0.4780577080078125 0.4143317353515625 0.485122904296875 0.4259619482421875 0.4896807294921875 0.4354147734375 0.4950587939453125
2 0.4207232568359375 0.4533836337890625 0.40868624609375 0.4371766591796875 0.40112624609375 0.4354550751953125 0.3931778017578125 0.435235462890625 0.3831370576171875 0.4383174453125 0.3784025087890625 0.441708181640625 0.377167978515625 0.4442324912109375 0.3773411123046875 0.44919040625 0.387277537109375 0.4557914013671875 0.3970841787109375 0.458675912109375 0.4103735 0.4601974228515625 0.4143468857421875 0.4603056953125 0.4177949921875 0.457952673828125 0.4207232568359375 0.4533836337890625
2 0.4671255966796875 0.5187681083984375 0.46834278515625 0.5157472265625 0.466865921875 0.511332015625 0.4548992333984375 0.5097643173828125 0.448419037109375 0.5137131904296875 0.4476075771484375 0.5157271123046875 0.45128778515625 0.5200653798828125 0.46364286328125 0.5201295458984375 0.4671255966796875 0.5187681083984375
2 0.600083888671875 0.561277263671875 0.605820263671875 0.561323970703125 0.607548625 0.560270822265625 0.6096567587890624 0.5574674169921875 0.609050376953125 0.5527732197265625 0.5993217138671875 0.5521217236328125 0.596272228515625 0.5532194423828125 0.595469439453125 0.555481650390625 0.5960223466796875 0.5586893076171875 0.600083888671875 0.561277263671875
2 0.6114301123046875 0.595624083984375 0.61302863671875 0.5908528896484375 0.610296833984375 0.588467087890625 0.60147634765625 0.5885265166015625 0.5979936689453125 0.589889515625 0.597208166015625 0.592646734375 0.5994807099609375 0.594551396484375 0.606600353515625 0.596288357421875 0.6114301123046875 0.595624083984375
2 0.7256768935546875 0.557138484375 0.7259527861328126 0.5524134775390624 0.718314916015625 0.54846200390625 0.7112818125 0.5492032197265625 0.707859716796875 0.5523010986328125 0.7084472509765625 0.5565003388671875 0.7147380947265625 0.5597546494140625 0.721788484375 0.5595084443359375 0.7256768935546875 0.557138484375
2 0.4924107861328125 0.4595652275390625 0.491866548828125 0.4566058564453125 0.488721908203125 0.454978673828125 0.479045158203125 0.455813771484375 0.4768850556640625 0.457129021484375 0.4765312939453125 0.4596241376953125 0.48104186328125 0.462445001953125 0.4889902529296875 0.462663052734375 0.4924107861328125 0.4595652275390625
2 0.5265780341796875 0.3767254697265625 0.517376212890625 0.3785352109375 0.512685015625 0.3831673779296875 0.5137128515625 0.3873496796875 0.516936978515625 0.391208259765625 0.52495462109375 0.3934094765625 0.532013681640625 0.3934115576171875 0.5363424462890625 0.391026220703125 0.541016412109375 0.3859006044921875 0.5425456826171875 0.379146244140625 0.54023845703125 0.3762484365234375 0.5265780341796875 0.3767254697265625
2 0.609868125 0.348751646484375 0.6058152529296875 0.3464119765625 0.5978928193359375 0.3469372236328125 0.59095492578125 0.35040490234375 0.590124619140625 0.3519238671875 0.590349666015625 0.3583683759765625 0.596373232421875 0.36659441796875 0.5995179287109375 0.368223162109375 0.6065509775390625 0.367480384765625 0.6108970830078125 0.3655916201171875 0.6155883349609375 0.360961013671875 0.6150094716796874 0.3570100595703125 0.609868125 0.348751646484375
2 0.5939329677734375 0.3220102353515625 0.5949969931640625 0.3271840654296875 0.601372869140625 0.3329181689453125 0.6093747880859375 0.3346243203125 0.61333955859375 0.3344858671875 0.6215481162109375 0.329483845703125 0.62434654296875 0.3211967587890625 0.619827302734375 0.3181276083984375 0.6087602294921876 0.317025671875 0.596949333984375 0.31991931640625 0.5939329677734375 0.3220102353515625
2 0.66635890625 0.3619178544921875 0.672665529296875 0.365668791015625 0.680554896484375 0.3641519072265625 0.685764375 0.3617358154296875 0.685522041015625 0.354796294921875 0.6765961123046875 0.351881029296875 0.6691486630859375 0.3533824814453125 0.6644487412109376 0.35776480078125 0.6640690224609375 0.3595166201171875 0.66635890625 0.3619178544921875
2 0.4704896455078125 0.2866139697265625 0.468778625 0.2881636904296875 0.47114637890625 0.2927948154296875 0.476537662109375 0.2955849248046875 0.482776591796875 0.297352640625 0.486301005859375 0.2972295654296875 0.4909489609375 0.2913590908203125 0.4898345302734375 0.28469705078125 0.4853413017578125 0.2823727587890625 0.478264955078125 0.2818756669921875 0.4704896455078125 0.2866139697265625
2 0.2855149853515625 0.333773220703125 0.2760703369140625 0.3412996064453125 0.276243470703125 0.3462575224609375 0.28656123046875 0.351108205078125 0.2909506328125 0.35045930859375 0.29781921875 0.34500690234375 0.29710033984375 0.3370912314453125 0.2855149853515625 0.333773220703125
2 0.6057375546875 0.6221279599609375 0.595577150390625 0.6217385654296875 0.5886825537109375 0.62644611328125 0.5905997734375 0.6308459462890625 0.6004079775390625 0.63373040234375 0.60587712890625 0.63875040234375 0.6120625849609375 0.6390315791015625 0.6137995615234375 0.6382251552734375 0.619709564453125 0.63057361328125 0.6204518251953125 0.6265780869140625 0.61728984375 0.6244543330078125 0.6057375546875 0.6221279599609375
2 0.6171703720703124 0.6589545185546875 0.6157540927734375 0.6562741884765625 0.6071992666015625 0.65136037890625 0.5970734892578125 0.651962568359375 0.5880361318359375 0.6584819384765624 0.5877689091796875 0.6634552314453125 0.5936611318359375 0.66796484375 0.6146565078125 0.662764884765625 0.6171703720703124 0.6589545185546875
2 0.5911347666015625 0.6082447568359375 0.587229017578125 0.61011814453125 0.5864348447265625 0.6126270771484374 0.5918001708984375 0.614673888671875 0.5939948447265625 0.61434866015625 0.5956885791015625 0.6123039296875 0.5946780283203125 0.608616638671875 0.5911347666015625 0.6082447568359375
2 0.3876850751953125 0.6317281044921875 0.3938287958984375 0.630769357421875 0.3967830166015625 0.6269436142578125 0.393206689453125 0.625580095703125 0.38487691015625 0.627110794921875 0.384566390625 0.63084421875 0.3876850751953125 0.6317281044921875
2 0.330480234375 0.6486160625 0.3226443408203125 0.6516194853515626 0.3218139794921875 0.6531368896484375 0.323646220703125 0.655058490234375 0.3302649248046875 0.65507594921875 0.3381008173828125 0.6520725263671875 0.3388445849609375 0.6480753837890625 0.330480234375 0.6486160625
2 0.2760900380859375 0.645055833984375 0.2726159755859375 0.6466655576171875 0.2723054560546875 0.6503989814453125 0.2758920146484375 0.6520107314453125 0.2829510751953125 0.6520128125 0.28641490625 0.650154857421875 0.284038427734375 0.645273884765625 0.2760900380859375 0.645055833984375
2 0.2831739326171875 0.633143541015625 0.2844186943359375 0.630867462890625 0.2830268095703125 0.6289304833984375 0.2785941640625 0.6283410712890625 0.2746899765625 0.630214404296875 0.2747679013671875 0.6324458564453125 0.2770404443359375 0.6343505185546875 0.280573529296875 0.6344757294921874 0.2831739326171875 0.633143541015625
2 0.6435926123046875 0.5312186455078125 0.6470233779296874 0.528369052734375 0.6434021923828125 0.52576571875 0.6394287509765625 0.5256558857421875 0.6377263466796875 0.527452330078125 0.639653798828125 0.53210039453125 0.6435926123046875 0.5312186455078125
2 0.697481240234375 0.50774553515625 0.696193236328125 0.5087833056640625 0.6958394189453125 0.5112768603515625 0.6976716611328125 0.5131984609375 0.705602763671875 0.5129215009765625 0.707253255859375 0.5096384619140625 0.704989328125 0.5079805244140625 0.697481240234375 0.50774553515625
2 0.625584388671875 0.49561449609375 0.6304054775390625 0.4947019375 0.6302236728515626 0.4894957353515625 0.626656015625 0.4883805029296875 0.6227156396484375 0.4892623076171875 0.622906060546875 0.4947152333984375 0.625584388671875 0.49561449609375
2 0.5258548095703125 0.419187513671875 0.52844659765625 0.417608599609375 0.5363446357421875 0.416340001953125 0.5406906865234375 0.41444967578125 0.5383229326171876 0.40981855078125 0.529837361328125 0.4068879072265625 0.5259662392578125 0.4097528779296875 0.5243606064453125 0.4142757314453125 0.5240744814453125 0.4187525068359375 0.5258548095703125 0.419187513671875
2 0.799263669921875 0.4029389091796875 0.799151173828125 0.399717435546875 0.7950825224609375 0.396881138671875 0.7884984453125 0.3978552626953125 0.7728337685546876 0.4041104501953125 0.77247128125 0.40635571875 0.776030322265625 0.4072242265625 0.796274822265625 0.4057730693359375 0.799263669921875 0.4029389091796875
2 0.4521342529296875 0.36741316015625 0.44954246484375 0.3689920732421875 0.4487467841796875 0.3715026220703125 0.450604982421875 0.37416751953125 0.462053390625 0.3735191435546875 0.4628042666015625 0.3697703427734375 0.4578360546875 0.3664698447265625 0.4521342529296875 0.36741316015625
2 0.615028833984375 0.2438451337890625 0.6135590791015625 0.2396782646484375 0.615511419921875 0.232413515625 0.61478537890625 0.2242479423828125 0.6014528154296875 0.221488123046875 0.5909905078125 0.2250788779296875 0.5876030390625 0.22916833984375 0.587129123046875 0.240848244140625 0.5885454580078125 0.2435301357421875 0.594896884765625 0.248519326171875 0.6024741708984375 0.2507359208984375 0.606449173828125 0.25084569921875 0.609930291015625 0.2494827548828125 0.615028833984375 0.2438451337890625
2 0.625989318359375 0.191347826171875 0.6201836357421875 0.1893163916015625 0.6162519306640625 0.190446482421875 0.6120183759765625 0.1955582822265625 0.6089862314453125 0.19715257421875 0.6095564248046875 0.2008552421875 0.61367855078125 0.205178078125 0.62034760546875 0.206682185546875 0.6285129208984375 0.2004418564453125 0.63012873046875 0.1961656728515625 0.62823590625 0.19250919140625 0.625989318359375 0.191347826171875
2 0.466226876953125 0.25301258203125 0.4742287958984375 0.2547187333984375 0.481702201171875 0.253960578125 0.508614689453125 0.2413574189453125 0.51031709375 0.2395609736328125 0.5101785869140625 0.2355946416015625 0.5083463447265625 0.2336730400390625 0.503923931640625 0.233331859375 0.4948692880859375 0.2393562197265625 0.466226876953125 0.25301258203125
0 0.1904131025390625 0.6299304521484375 0.192754955078125 0.633819841796875 0.203528849609375 0.6391517744140625 0.2076163486328125 0.6424830263671875 0.210916783203125 0.6485715517578124 0.2405545927734375 0.6634196904296875 0.2586893974609375 0.6647719931640625 0.26358835546875 0.66608932421875 0.2650581650390625 0.670257755859375 0.2703628525390625 0.6705681259765625 0.2771806474609375 0.6762867978515625 0.2997929013671875 0.679466765625 0.30476116796875 0.6827688251953125 0.3127788115234375 0.6849700419921875 0.4964525048828125 0.6889795517578124 0.5281005556640626 0.6856402041015625 0.5337692919921875 0.683705251953125 0.5434806689453126 0.6838617373046875 0.5742221044921875 0.67981141015625 0.5895141171875 0.6755548203125 0.600366375 0.670460478515625 0.61260895703125 0.6673031708984375 0.6297520595703126 0.665463138671875 0.63274090625 0.662628978515625 0.644059478515625 0.6582625556640626 0.6470397099609375 0.6551816708984375 0.6518434580078125 0.6537725390625 0.6544179052734375 0.651697052734375 0.6671283623046875 0.649267609375 0.6748604287109375 0.643290998046875 0.678653626953125 0.6381945751953125 0.697808091796875 0.6308247294921875 0.701081501953125 0.62351384765625 0.7084266865234375 0.619039154296875 0.7210749990234375 0.614874884765625 0.7583290126953125 0.582551923828125 0.7588910302734375 0.5733501416015625 0.777042546875 0.5498851806640624 0.780912107421875 0.5470202646484374 0.7819491083984375 0.5387946884765625 0.7879889482421875 0.5348611923828125 0.7882735107421875 0.5303844716796875 0.804497576171875 0.5022714462890625 0.80412540625 0.4916138798828125 0.8074766865234375 0.4865328896484375 0.8085483134765625 0.479298896484375 0.811883869140625 0.47372283984375 0.8161937861328125 0.470842546875 0.8174038662109375 0.46757332421875 0.8164885263671875 0.46661249609375 0.8084952783203125 0.465154630859375 0.807553982421875 0.463450505859375 0.8161066181640625 0.443050533203125 0.8171766845703125 0.4358165947265625 0.8036638779296875 0.42785051953125 0.8078281796875 0.420755552734375 0.8041637509765625 0.416913912109375 0.80846655859375 0.41378527734375 0.8115506171875 0.413677580078125 0.8160774052734375 0.4043373447265625 0.814937017578125 0.3969320078125 0.8127336728515625 0.3970089501953125 0.8118962568359375 0.3982795751953125 0.8069886279296875 0.39671395703125 0.8025992255859375 0.397362853515625 0.79674873828125 0.3940931650390625 0.797119841796875 0.39209462109375 0.7988741591796875 0.3917847705078125 0.801171646484375 0.3817781806640625 0.805309990234375 0.37393991796875 0.8041956142578125 0.3672794384765625 0.7987956611328125 0.3642410439453125 0.7926433251953126 0.3649530654296875 0.7881846689453125 0.363618794921875 0.786318294921875 0.3480494462890625 0.780796107421875 0.328885181640625 0.7731826328125 0.32567705859375 0.76263378515625 0.3267896357421875 0.7584857021484375 0.3217235029296875 0.7568616611328125 0.313093673828125 0.751373662109375 0.3075787177734375 0.7488154326171875 0.2974931044921875 0.7412554326171875 0.295771521484375 0.7250205615234375 0.2983240400390625 0.7209952080078125 0.29672761328125 0.7183157578125 0.2831706787109375 0.71013208984375 0.27625988671875 0.701768232421875 0.264144400390625 0.6927200693359375 0.245103265625 0.684184146484375 0.2406859736328125 0.6740756552734375 0.241783173828125 0.6703938857421875 0.2374449599609375 0.66879585546875 0.229559990234375 0.6621068310546875 0.2149032548828125 0.656781544921875 0.1761264208984375 0.649929177734375 0.1694177275390625 0.6437004794921874 0.1678982431640625 0.638439033203125 0.1688261806640625 0.635483251953125 0.172651978515625 0.6298766591796875 0.1763217568359375 0.626523818359375 0.1814028017578125 0.6153264130859375 0.189238984375 0.6115606787109376 0.195077087890625 0.60076900390625 0.2019063095703125 0.5982291826171875 0.20497337890625 0.430076873046875 0.2537777900390625 0.4261971357421875 0.2563960361328125 0.414006466796875 0.2610399384765625 0.398887587890625 0.2702544423828125 0.3813311533203125 0.2855092587890625 0.375575876953125 0.2849660341796875 0.3727244150390625 0.27910885546875 0.36260725390625 0.2799577685546875 0.3591867197265625 0.28305559375 0.3496122333984375 0.28686393359375 0.3440749501953125 0.2925184384765625 0.3362736298828125 0.2965118837890625 0.3289977529296875 0.3029713056640625 0.321999275390625 0.3047041044921875 0.318854634765625 0.303076921875 0.306568755859375 0.304994361328125 0.2984294521484375 0.311979548828125 0.2963819013671875 0.316517833984375 0.2908013203125 0.320932470703125 0.2891508291015625 0.324215509765625 0.2829567568359375 0.323687607421875 0.2806668720703125 0.321286373046875 0.272725537109375 0.3213151015625 0.2705568203125 0.322383626953125 0.2675939287109375 0.3259610849609375 0.257244171875 0.332774875 0.249260662109375 0.3442214052734375 0.2343224658203125 0.3459844404296875 0.2321623642578125 0.3472996904296875 0.2234366484375 0.36274330859375 0.2194367568359375 0.3745463427734375 0.2141580244140625 0.37497926953125 0.2118248427734375 0.371338166015625 0.207841169921875 0.3709801005859375 0.2043254267578125 0.3713514619140625 0.2048350361328125 0.3733192509765625 0.2027096162109375 0.3756276455078125 0.2000659150390625 0.3757199658203125 0.190580158203125 0.407320263671875 0.187116328125 0.40917821875 0.1783375771484375 0.410477572265625 0.1770581884765625 0.4117620673828125 0.17684287890625 0.4182219541015625 0.1808525078125 0.4193233154296875 0.1835827490234375 0.4217091728515625 0.1770852666015625 0.42516303515625 0.1748645810546875 0.4247434052734375 0.1692331005859375 0.44032599609375 0.1666240263671875 0.4414098994140625 0.1635124501953125 0.4407743544921875 0.1625808916015625 0.4519746259765625 0.15851180078125 0.4617960556640625 0.1555575263671875 0.46562023828125 0.1525065341796875 0.4667195732421875 0.149414927734375 0.47923665625 0.1438154443359375 0.483154775390625 0.1443872001953125 0.486857388671875 0.1418458173828125 0.4899245126953125 0.1415958818359375 0.49539281640625 0.1443607490234375 0.4987702568359375 0.1425295751953125 0.509504765625 0.143550357421875 0.5134402880859374 0.1377442353515625 0.5240665791015625 0.1420654521484375 0.5340906279296875 0.142203904296875 0.5380553984375 0.13967275390625 0.54137075390625 0.139871791015625 0.547070404296875 0.1442087861328125 0.557591080078125 0.1497314677734375 0.5640991806640625 0.14636128515625 0.5686836533203125 0.146508408203125 0.5728967099609374 0.1516410849609375 0.5809068369140625 0.154811736328125 0.5832788779296875 0.15629877734375 0.5879407587890625 0.1683704140625 0.60513931640625 0.168586845703125 0.6113371005859375 0.1845626162109375 0.6266607646484375 0.1904131025390625 0.6299304521484375
2 0.5920476279296875 0.9754991201171875 0.5847733125 0.9819584873046875 0.5780517958984375 0.9916223896484375 0.5764420390625 0.9960719052734375 0.643861880859375 0.9937175517578125 0.6438384873046875 0.9930476484375 0.638913572265625 0.99098701953125 0.6330111181640625 0.9862291767578125 0.615894466796875 0.9761563408203126 0.60378926953125 0.9706223095703125 0.600256240234375 0.97049866015625 0.5920476279296875 0.9754991201171875
2 0.5181231943359375 0.9810589951171875 0.5184348359375 0.9899832431640625 0.5207577861328125 0.993376115234375 0.5256583056640625 0.9946933916015624 0.530937037109375 0.9942604658203125 0.5382547041015625 0.989042529296875 0.5419613623046875 0.9814679296875 0.5363867685546875 0.973473234375 0.530028232421875 0.9682357041015625 0.52609652734375 0.9693657939453125 0.5181231943359375 0.9810589951171875
2 0.540895642578125 0.9383241533203125 0.544463298828125 0.9394393857421875 0.553673791015625 0.9378779296875 0.5583909990234375 0.93399062109375 0.5564478232421874 0.9288474912109375 0.550174265625 0.9260881923828125 0.5440305458984375 0.927046939453125 0.5388556396484375 0.930453052734375 0.5390374443359375 0.9356592548828125 0.540895642578125 0.9383241533203125
2 0.6764424111328124 0.94128294140625 0.6758722724609375 0.937581833984375 0.6731506474609374 0.9354427021484375 0.668718001953125 0.9348532900390625 0.663499853515625 0.9370210966796875 0.66322390625 0.9417445419921875 0.6672666015625 0.943837541015625 0.669927642578125 0.94424179296875 0.6764424111328124 0.94128294140625
2 0.9066364091796875 0.9761783564453125 0.9014604365234375 0.9669283603515625 0.89396101953125 0.9669416572265624 0.8886130341796875 0.9653914169921874 0.8803266064453125 0.9681635478515624 0.878606861328125 0.9694634208984375 0.879187287109375 0.9734143203125 0.8824444248046875 0.9782629765625 0.8864886806640625 0.980355921875 0.890056392578125 0.9814727158203125 0.897547138671875 0.9812111328125 0.904079248046875 0.978748853515625 0.9066364091796875 0.9761783564453125
2 0.8107632626953125 0.808042169921875 0.8093902802734375 0.8066017080078125 0.7966451962890625 0.808039568359375 0.784402615234375 0.811196876953125 0.7745700166015625 0.8075690703125 0.7644773046875 0.809162896484375 0.7490467841796875 0.8094531533203125 0.7477328232421875 0.809747626953125 0.749211248046875 0.8141627822265625 0.754257384765625 0.819694732421875 0.758759283203125 0.822267310546875 0.8028072705078125 0.8202319423828125 0.80888017578125 0.817290083984375 0.8107632626953125 0.808042169921875
0 1 0.951941724609375 0.999776384765625 0.9523273515625 0.9975817109375 0.952652580078125 0.996226013671875 0.9517071298828125 0.9939101728515625 0.9485625986328124 0.9944879150390625 0.9398558818359375 0.9905999462890624 0.929568115234375 0.9851465185546875 0.9250431806640625 0.9836610400390625 0.9203812451171876 0.9773008876953125 0.9151422080078125 0.97346488671875 0.9063425966796875 0.9652725478515625 0.89918351953125 0.962680814453125 0.900763994140625 0.956927044921875 0.9002191533203125 0.9501698876953125 0.896236923828125 0.945365017578125 0.884988384765625 0.950513966796875 0.8808389736328125 0.950107115234375 0.8691882626953125 0.947843681640625 0.8548741611328124 0.946417169921875 0.8519455986328125 0.94281332421875 0.849838837890625 0.9427181142578125 0.847112375 0.949655953125 0.8436431337890625 0.961952064453125 0.8419739267578125 0.9632298369140625 0.8406879248046875 0.960119822265625 0.8400523251953125 0.9556005830078125 0.8369831748046875 0.9432195478515625 0.836175712890625 0.940402712890625 0.8313101171875 0.941067048828125 0.825083138671875 0.939217466796875 0.82266496484375 0.9320718662109375 0.82018470703125 0.9077414287109375 0.818304556640625 0.9020223408203125 0.8187528603515625 0.893588736328125 0.817310373046875 0.88812819921875 0.81253709765625 0.870388947265625 0.8099311640625 0.8430609921875 0.8106368876953125 0.829469822265625 0.8130970869140625 0.82635980859375 0.8124614873046875 0.8213223427734375 0.80717782421875 0.8173386689453125 0.8068197587890625 0.813389677734375 0.8074548388671875 0.8108758134765625 0.811265205078125 0.807791755859375 0.81137290234375 0.8055364443359375 0.809961689453125 0.79718943359375 0.8109989404296875 0.794614931640625 0.813072865234375 0.7854564072265625 0.8161224755859375 0.774250826171875 0.81105420703125 0.76237940234375 0.812214533203125 0.753963083984375 0.811267056640625 0.7513453388671875 0.812102673828125 0.74331035546875 0.809404884765625 0.735360404296875 0.809186888671875 0.7150828388671875 0.809646408203125 0.7085074326171875 0.810868818359375 0.6967917470703126 0.81648892578125 0.66935080078125 0.8266293408203125 0.6646249765625 0.8302699248046875 0.6510510927734375 0.833225134765625 0.6419012392578125 0.83652303125 0.613718033203125 0.85065897265625 0.604576849609375 0.8542051552734375 0.590553939453125 0.8569274560546875 0.582277689453125 0.8599462568359375 0.5766695908203125 0.8636176513671875 0.555372365234375 0.8727993193359375 0.5466368564453125 0.8753369794921875 0.52276518359375 0.8865941337890625 0.511006201171875 0.890974373046875 0.4956607138671875 0.8937444228515625 0.4839017861328125 0.89812622265625 0.4522287919921875 0.9133768212890625 0.437410201171875 0.9186096708984375 0.426152212890625 0.92471097265625 0.416518705078125 0.9267843779296875 0.3934584921875 0.936027611328125 0.36455796875 0.942247826171875 0.3377049970703125 0.9439297568359375 0.3223248828125 0.94570822265625 0.3065563251953125 0.9489886611328125 0.28809371484375 0.9508747705078126 0.2710457685546875 0.9554397041015625 0.269404001953125 0.9589725908203125 0.260661439453125 0.9612634716796875 0.2554605771484375 0.9639262890625 0.25438894921875 0.9711602822265625 0.2510014814453125 0.9752497451171875 0.2560405087890625 0.980533353515625 0.2552274873046875 0.982547330078125 0.253050099609375 0.9833675693359375 0.2558928916015625 0.9889764619140625 0.25995443359375 0.9915644169921874 0.271049025390625 0.993409595703125 0.2728969921875 0.99582626171875 0.2746167373046875 0.9945263896484375 0.2799041396484375 0.9943417490234375 0.2818229208984375 0.99874152734375 0.28415390234375 1 0.4639561142578125 1 0.577764669921875 0.9960257177734375 0.580997400390625 0.9875499208984375 0.58395162109375 0.983724177734375 0.586993943359375 0.9823765556640625 0.5882111328125 0.979355673828125 0.59509711328125 0.9744014013671874 0.61434785546875 0.98241412890625 0.61439115234375 0.983653998046875 0.6197493701171874 0.9854524697265625 0.62025892578125 0.9874186962890625 0.622341103515625 0.983871994140625 0.6303414599609375 0.9855782001953125 0.6318025986328125 0.9894983447265625 0.63578465625 0.98985490234375 0.642507240234375 0.9928471103515625 0.643419962890625 0.993732984375 0.971704234375 0.982269044921875 0.9752052548828125 0.9814760654296875 0.9813576455078125 0.9807656044921875 0.989288748046875 0.98048864453125 0.9954991044921875 0.981438109375 1 0.9812809345703125 1 0.951941724609375
2 0.3324236376953125 0.984268333984375 0.421084865234375 0.926451380859375 0.275117294921875 0.955000466796875 0.270705302734375 0.9629717998046875 0.29009824609375 0.98105601171875 0.3028087529296875 0.9868659609375 0.3324236376953125 0.984268333984375
2 0.6031663310546875 0.857554859375 0.579797638671875 0.859934365234375 0.54135876953125 0.87847465625 0.538453794921875 0.88482991015625 0.58050653515625 0.8802344912109376 0.5958493642578125 0.8718814453125 0.6031663310546875 0.857554859375
2 0.678700642578125 0.826775 0.7005077861328125 0.824450025390625 0.7298500185546875 0.8140446572265625 0.7063177353515625 0.8117395185546875 0.680098599609375 0.8220358251953125 0.678700642578125 0.826775
0 0.1109911455078125 0.956041521484375 0.1268049140625 0.916402982421875 0.137408568359375 0.9066519794921875 0.166914392578125 0.9009312568359376 0.2069148095703125 0.8823364345703125 0.2140681845703125 0.8633252041015625 0.209909009765625 0.833764849609375 0.1879729697265625 0.78762730078125 0.1622247724609375 0.7666381142578125 0.0907554345703125 0.73473792578125 0.0183243837890625 0.720069296875 0.007393546875 0.720451009765625 0.015409525390625 0.9499985908203125 0.0249424052734375 0.954356052734375 0.0373257294921875 0.9507967119140625 0.0502543583984375 0.962852853515625 0.04940170703125 0.9832075107421875 0.0821396875 0.980500822265625 0.1109911455078125 0.956041521484375
0 0.823002513671875 0.43712657421875 0.821842513671875 0.493451369140625 0.872248298828125 0.504198779296875 0.8972330693359375 0.5033262919921875 0.9048226884765626 0.496807447265625 0.90298848828125 0.489054236328125 0.933946798828125 0.48015588671875 0.9365245908203125 0.46443134375 0.9734564423828125 0.447507130859375 0.9799207568359375 0.4535352021484375 0.9938110986328125 0.448359783203125 0.9845012490234375 0.092217740234375 0.9764208564453125 0.0846826513671875 0.887938080078125 0.0580669423828125 0.8677470146484375 0.0618989345703125 0.8534204287109375 0.05458196875 0.78923336328125 0.0521330732421875 0.7701676015625 0.0434181494140625 0.7491040498046875 0.02226537109375 0.727078783203125 0.0183441533203125 0.700606830078125 0.066172146484375 0.687950853515625 0.0619237451171875 0.657374255859375 0.0817529326171875 0.6432657919921875 0.0806821591796875 0.623783623046875 0.10481427734375 0.5988533828125 0.1072483125 0.5534247294921875 0.1494844794921875 0.5432573193359375 0.1717278671875 0.5525373818359375 0.2136170146484375 0.579083701171875 0.2126899970703125 0.6353341298828125 0.166949021484375 0.6628619970703125 0.1941298701171875 0.671923939453125 0.229772826171875 0.695837935546875 0.243008802734375 0.7256362470703125 0.2904352470703125 0.7651657255859375 0.3031259189453125 0.774862197265625 0.312168025390625 0.7919500009765625 0.353784521484375 0.807892666015625 0.362608505859375 0.810217640625 0.3844156494140625 0.8215847216796875 0.3965263212890625 0.8131424501953125 0.4233998232421875 0.823002513671875 0.43712657421875
0 0 0.216705884765625 0.016599177734375 0.2229516748046875 0.0248431630859375 0.235171408203125 0.038678974609375 0.22843444140625 0.1137968779296875 0.230501623046875 0.160970505859375 0.2382349990234375 0.2527945 0.27098783984375 0.3053071376953125 0.297296201171875 0.325607263671875 0.2965873056640625 0.348485181640625 0.2801538662109375 0.4025940634765625 0.262629818359375 0.414759265625 0.2528242861328125 0.46461974609375 0.24795621484375 0.5010955185546875 0.173200189453125 0.5006592744140625 0.1607078037109375 0.517291 0.1444924873046875 0.5151296162109374 0.12736998828125 0.5034898837890625 0.1074515751953125 0.4418607734375 0.0439387099609375 0.4341075634765625 0.04577291015625 0.410084505859375 0.0294138369140625 0.396030572265625 0.029904611328125 0.3877320576171875 0.016123330078125 0.370118783203125 0.0042307802734375 0 0.0171556123046875 0 0.216705884765625
0 0 0.4775683564453125 0.003467353515625 0.6080195419921876 0.01601426953125 0.6091448466796875 0.0762602822265625 0.588279580078125 0.13612458203125 0.5564834775390625 0.129967615234375 0.514485267578125 0.1614860908203125 0.4320850927734375 0.22875658203125 0.3437460732421875 0.2457700205078125 0.33846159375 0.2714983828125 0.314111353515625 0.2917985087890625 0.31340245703125 0.3022931025390625 0.3005283583984375 0.2370154267578125 0.2668485 0.1595180185546875 0.241412625 0.065388884765625 0.2321920673828125 0.053223681640625 0.2419976005859375 0.0189241533203125 0.2447588193359375 0 0.2361086240234375 0 0.4775683564453125
2 0.93778867578125 0.276772912109375 0.931324361328125 0.2707448408203125 0.8830254296875 0.2755583818359375 0.8768882978515625 0.278899599609375 0.87721548046875 0.288268888671875 0.89154206640625 0.29558585546875 0.93778867578125 0.276772912109375
2 0.7194941396484374 0.1593197314453125 0.7076561201171875 0.1784945537109375 0.7452423369140625 0.1803089189453125 0.742971892578125 0.1600633232421875 0.7194941396484374 0.1593197314453125
2 0.7876073994140625 0.274200095703125 0.79708575 0.2769960087890625 0.809032830078125 0.260944283203125 0.7948698359375 0.2583119609375 0.7857186689453125 0.2648853369140625 0.7876073994140625 0.274200095703125
2 0.9056455546875 0.1621998955078125 0.89600361328125 0.154719337890625 0.8852908984375 0.1613472431640625 0.882876697265625 0.1817564306640625 0.896985162109375 0.1828272041015625 0.906027267578125 0.173130732421875 0.9056455546875 0.1621998955078125
2 0.9900633564453125 0.2514956533203125 0.9866676083984375 0.2437969736328125 0.95872333203125 0.249463166015625 0.9542568095703124 0.2558729501953125 0.9607211240234375 0.261901021484375 0.979405171875 0.259685107421875 0.9900633564453125 0.2514956533203125
2 0.8564295556640625 0.4093805849609375 0.8628393388671876 0.413847107421875 0.8889494140625 0.4004277041015625 0.8698836533203125 0.39171278125 0.860732486328125 0.39828615625 0.8564295556640625 0.4093805849609375
2 0.730459671875 0.1151601396484375 0.73848553515625 0.1211336796875 0.749361841796875 0.11919041796875 0.7458570322265625 0.1083686416015625 0.733364646484375 0.1088048857421875 0.730459671875 0.1151601396484375
2 0.8885577509765625 0.1205833994140625 0.8906100732421875 0.134582802734375 0.9106920771484375 0.1276277138671875 0.9025571533203125 0.1185310771484375 0.8885577509765625 0.1205833994140625
2 0.6978109169921874 0.07565049609375 0.696467490234375 0.0819512197265625 0.70767098046875 0.0893772470703125 0.7086872236328124 0.0737072353515625 0.6978109169921874 0.07565049609375
2 0.794299720703125 0.062900318359375 0.796242982421875 0.073776625 0.8070102275390625 0.068710267578125 0.803669009765625 0.0625731357421875 0.794299720703125 0.062900318359375
2 0.5034750234375 0.1965688818359375 0.5123535380859375 0.1821877646484375 0.501313640625 0.1794463818359375 0.5034750234375 0.1965688818359375
2 0.081500181640625 0.8726449384765625 0.084841400390625 0.8787820703125 0.1003478212890625 0.8751136689453125 0.107719318359375 0.8623486318359375 0.081500181640625 0.8726449384765625
2 0.1207570078125 0.877527869140625 0.12711226171875 0.88043284375 0.1411661953125 0.8799420693359375 0.1518243798828125 0.871752615234375 0.12377104296875 0.8742957119140625 0.1207570078125 0.877527869140625
2 0.13372033203125 0.8458061318359374 0.130869888671875 0.85372293359375 0.1526770322265625 0.851397958984375 0.1587051025390625 0.84493364453125 0.13372033203125 0.8458061318359374
2 0.0982012978515625 0.76887386328125 0.0825858154296875 0.76941916796875 0.0641744208984375 0.779442822265625 0.0612694462890625 0.785798076171875 0.0738163623046875 0.786923380859375 0.095350853515625 0.7767906650390625 0.0982012978515625 0.76887386328125
2 0.0126086357421875 0.82502020703125 0.0114833310546875 0.837567123046875 0.0162225068359375 0.8389650791015625 0.0236485341796875 0.82776158984375 0.0126086357421875 0.82502020703125
2 0.0200941689453125 0.9498349990234375 0.015409525390625 0.9499985908203125 0.01579123828125 0.960929427734375 0.0234353876953125 0.955972130859375 0.0200941689453125 0.9498349990234375
2 0.03379604296875 0.267691267578125 0.030945599609375 0.2756080693359375 0.0439832890625 0.290787306640625 0.056530205078125 0.291912611328125 0.0732164609375 0.2772588427734375 0.0712186689453125 0.26482098828125 0.0583445703125 0.25432639453125 0.04897528125 0.2546535771484375 0.03379604296875 0.267691267578125
2 0.0792098359375 0.3145724072265625 0.0827146455078125 0.32539418359375 0.0982755966796875 0.3232873310546875 0.091756751953125 0.3156977119140625 0.0792098359375 0.3145724072265625
2 0.2015013671875 0.32437296484375 0.200267001953125 0.3337967841796875 0.2097998828125 0.33815424609375 0.2109797177734375 0.3271688779296875 0.2015013671875 0.32437296484375
2 0.1081059404296875 0.5152486943359375 0.1103218544921875 0.5339327421875 0.1293330849609375 0.5410861171875 0.1358320947265625 0.50333630859375 0.1126269931640625 0.510400458984375 0.1081059404296875 0.5152486943359375
2 0 0.444904791015625 0.0086179609375 0.44211372265625 0.000537568359375 0.434578634765625 0 0.4367434912109375 0 0.444904791015625
2 0 0.246445353515625 0.02347523828125 0.24824742578125 0 0.2347621376953125 0 0.246445353515625
2 0.2118224189453125 0.03790075390625 0.226367126953125 0.0514639130859375 0.2418190166015625 0.04623396484375 0.2350820498046875 0.03239815234375 0.2148364541015625 0.0346685966796875 0.2118224189453125 0.03790075390625
2 0.0983053173828125 0.1450527177734375 0.11101582421875 0.1508626669921875 0.1263586533203125 0.14250962109375 0.1152096943359375 0.1366451416015625 0.0996487431640625 0.1387519951171875 0.0983053173828125 0.1450527177734375
2 0.065730927734375 0.15244405078125 0.0706882236328125 0.1600882001953125 0.083071548828125 0.156528859375 0.079730330078125 0.150391728515625 0.065730927734375 0.15244405078125
2 0.048712513671875 0.0232717958984375 0.0500014091796875 0.015409525390625 0.039070572265625 0.01579123828125 0.0392341630859375 0.0204758828125 0.048712513671875 0.0232717958984375