2 0.495489685546875 0.4226453818359375 0.4913326494140625 0.422354693359375 0.4972467763671875 0.4348351435546875 0.502055986328125 0.4407396884765625 0.50789931640625 0.4392922099609375 0.495489685546875 0.4226453818359375
2 0.487521875 0.4768513056640625 0.4833648388671875 0.4765606171875 0.4830418876953125 0.48117902734375 0.4906415654296875 0.484495357421875 0.4908999912109375 0.4807996943359375 0.487521875 0.4768513056640625
2 0.4758506953125 0.5243011884765625 0.4798163515625 0.53478773828125 0.485857333984375 0.53799507421875 0.4889062275390625 0.531711197265625 0.48506983984375 0.5193760361328125 0.4772763701171875 0.5188310634765625 0.4758506953125 0.5243011884765625
2 0.4769487060546875 0.5085989072265625 0.479743251953125 0.5134337470703125 0.4853927900390625 0.5147576259765625 0.486300869140625 0.5092528740234376 0.482077005859375 0.5024588701171875 0.4779199697265625 0.502168181640625 0.4769487060546875 0.5085989072265625
2 0.4208124169921875 0.44526939453125 0.4234131708984375 0.4528755927734375 0.4269203359375 0.4549784873046875 0.43029384765625 0.4440747509765625 0.4268472373046875 0.43362449609375 0.4232108046875 0.4333702119140625 0.4208124169921875 0.44526939453125
2 0.454046130859375 0.5673287421875 0.4504727724609375 0.5661500439453125 0.4481366083984375 0.5697004169921875 0.44931012890625 0.582776630859375 0.454373685546875 0.57756245703125 0.454046130859375 0.5673287421875
2 0.42285279296875 0.6848829111328125 0.4188249150390625 0.682745169921875 0.415842849609375 0.69553236328125 0.429418984375 0.702978775390625 0.4309753759765625 0.6956617080078125 0.42285279296875 0.6848829111328125
2 0.40071044140625 0.52368786328125 0.394865552734375 0.525135232421875 0.3977915595703125 0.5355490830078125 0.4033111953125 0.531294060546875 0.40071044140625 0.52368786328125
2 0.5518671337890625 0.6094409111328125 0.5461514033203125 0.609041228515625 0.5445320458984375 0.61728115234375 0.5507668212890625 0.6177171298828125 0.5518671337890625 0.6094409111328125
2 0.5237888818359375 0.719787005859375 0.525153783203125 0.7226673583984375 0.5314531923828125 0.7221790302734375 0.5326865244140625 0.719481931640625 0.5287879140625 0.715495580078125 0.5262540966796875 0.7143911396484375 0.5237888818359375 0.719787005859375
2 0.4692820830078125 0.6704944169921875 0.4646705263671875 0.6692446875 0.463957798828125 0.6719781904296875 0.467919484375 0.6750401279296875 0.4692820830078125 0.6704944169921875
2 0.46476934765625 0.757428892578125 0.466325740234375 0.75011182421875 0.4606745341796875 0.7487893955078125 0.46476934765625 0.757428892578125
2 0.3926928427734375 0.615945505859375 0.388794232421875 0.611959154296875 0.38756465234375 0.622083984375 0.3936056357421875 0.6252913203125 0.3926928427734375 0.615945505859375
0 0.327783345703125 0.7079370478515625 0.330780041015625 0.7322803857421875 0.328579306640625 0.7488343828125 0.3318928974609375 0.753705517578125 0.334499705078125 0.7761655087890625 0.3383968662109375 0.7801501923828125 0.34178114453125 0.798950814453125 0.342728125 0.8974051396484375 0.3395500732421875 0.9055360693359376 0.33819363671875 0.924934013671875 0.3882446220703125 0.87367083203125 0.3939603525390625 0.8740705146484375 0.3970109130859375 0.8677851884765625 0.4140856396484375 0.8550577578125 0.421424697265625 0.85464212890625 0.4383057412109375 0.844684498046875 0.4613523212890625 0.8212350244140625 0.509850884765625 0.7847135234375 0.5141977431640625 0.7748082412109375 0.5270524677734375 0.7627129775390625 0.5309450244140625 0.7518455361328125 0.5368544375 0.749475419921875 0.5566443388671874 0.7053781630859375 0.5656542099609375 0.6586694423828126 0.5675942158203126 0.6383850458984375 0.5667436455078125 0.620690421875 0.5699878896484375 0.6116352958984375 0.573677970703125 0.581264033203125 0.5745651494140624 0.52377807421875 0.5696828408203125 0.4965195380859375 0.563897873046875 0.4821920361328125 0.5631142392578125 0.470999169921875 0.5566772060546875 0.4510562529296875 0.5512844267578125 0.44603816015625 0.55011090625 0.4329619462890625 0.53607178515625 0.4022781953125 0.5241796416015625 0.3856675537109375 0.5152795869140625 0.3785481240234375 0.490211328125 0.3786512646484375 0.4882627470703125 0.3766589228515625 0.487869 0.367349404296875 0.4806567978515625 0.3584919169921875 0.4452652216796875 0.3643702578125 0.435331791015625 0.3720288046875 0.4285133369140625 0.3724808369140625 0.39111797265625 0.4069922744140625 0.372815859375 0.43727215625 0.370352947265625 0.4500940849609375 0.3610738828125 0.4707941103515625 0.3510198681640625 0.502576447265625 0.33857362890625 0.5611102021484375 0.3322913681640625 0.606152005859375 0.3331395263671875 0.616422125 0.327951416015625 0.6383354755859375 0.3280245146484375 0.659689466796875 0.3245282255859375 0.687289373046875 0.3253802451171875 0.7049856640625 0.327783345703125 0.7079370478515625
2 0.4068626708984375 0.8164959111328125 0.4066711806640625 0.82669333203125 0.4121247333984375 0.823360947265625 0.4136164912109375 0.8169681845703125 0.4117970693359375 0.813128791015625 0.4097824052734375 0.8120590869140625 0.4068626708984375 0.8164959111328125
2 0.36966715234375 0.863089783203125 0.3671334443359375 0.8619837841796875 0.3634347890625 0.8700783095703125 0.36603543359375 0.87768606640625 0.3723970654296875 0.8688489287109376 0.36966715234375 0.863089783203125
2 0.4962342900390625 0.673307923828125 0.490584751953125 0.671984044921875 0.4896765634765625 0.6774903564453125 0.492927080078125 0.68328590625 0.4960444677734375 0.68350389453125 0.4962342900390625 0.673307923828125
2 0.3415788974609375 0.6077302783203125 0.3380055400390625 0.6065515791015625 0.3356048505859375 0.61102469921875 0.34093299609375 0.61696709765625 0.3415788974609375 0.6077302783203125
0 0.34242618359375 0.954003197265625 0.3383360830078125 0.9602142666015625 0.3389881474609375 0.9658296806640625 0.33295573828125 0.984899083984375 0.336898818359375 0.98824948828125 0.4034020498046875 0.9928998466796874 0.405497650390625 0.9853307158203125 0.4069785322265625 0.94923515234375 0.398515849609375 0.8985212890625 0.3983804189453125 0.885517666015625 0.3895449990234375 0.877473931640625 0.3817515302734375 0.876928958984375 0.3574730673828125 0.90307719921875 0.3509177529296875 0.9146841357421875 0.3478042255859375 0.921892318359375 0.34242618359375 0.954003197265625
0 0.3976007548828125 0.881749412109375 0.3817515302734375 0.876928958984375 0.3784443203125 0.8869069404296875 0.3624075751953125 0.89970851953125 0.3605259306640625 0.904217935546875 0.356889498046875 0.9039636513671875 0.3405967373046875 0.9278853974609375 0.331115416015625 0.9290784833984375 0.3312421630859375 0.9198069267578125 0.3338366455078125 0.91256244921875 0.3261078095703125 0.9110931708984376 0.31261334765625 0.94727748828125 0.29560930859375 0.97393440625 0.2935339814453125 0.98121362109375 0.3057249423828125 0.98606959765625 0.4028830048828125 0.9928635517578125 0.406660294921875 0.96870412890625 0.40535991796875 0.964901029296875 0.406849373046875 0.9510822041015625 0.4007313212890625 0.9190962646484375 0.3976007548828125 0.881749412109375
2 0.3319029111328125 0.9476975205078125 0.3250828984375 0.9481494443359375 0.3217110546875 0.9590517314453125 0.3261288193359375 0.9630728193359375 0.3308009306640625 0.955975189453125 0.3319029111328125 0.9476975205078125
2 0.32443941796875 0.793097169921875 0.336060810546875 0.7836990068359375 0.336319126953125 0.78000490234375 0.332485041015625 0.7750958046875 0.330857109375 0.761058990234375 0.326051869140625 0.76257905859375 0.3254082705078125 0.7792419404296875 0.3225554716796875 0.7901805234375 0.32443941796875 0.793097169921875
0 0.3205274013671875 0.9236986708984375 0.3379097060546875 0.861796345703125 0.33769030078125 0.7977359296875 0.3263063251953125 0.7514587822265625 0.328247890625 0.7311744951171875 0.3262891767578125 0.706905306640625 0.3232364228515625 0.70576301171875 0.319147880859375 0.711974189453125 0.3157869140625 0.75257927734375 0.3095653173828125 0.7892721630859375 0.2875708203125 0.8424972451171875 0.28803150390625 0.858308521484375 0.2813639609375 0.916319103515625 0.2750086015625 0.940006916015625 0.2826706103515625 0.9349728779296875 0.2880618310546875 0.939990861328125 0.28988511328125 0.9512564267578125 0.2874867265625 0.963155609375 0.2886578359375 0.9688073193359374 0.2862595576171875 0.980704943359375 0.2876889833984375 0.982662548828125 0.30450936328125 0.9810538359375 0.29950416796875 0.97049302734375 0.3115752578125 0.9472048984375 0.31832050390625 0.9254004326171875 0.3205274013671875 0.9236986708984375
2 0.0505965830078125 0.520552830078125 0.069823814453125 0.5293232314453125 0.072095345703125 0.5266971630859375 0.0731933564453125 0.5109948818359376 0.075787837890625 0.5037504033203125 0.0885111015625 0.4860761298828125 0.0901949833984375 0.4769134599609375 0.0783020966796875 0.4528768642578125 0.06069578125 0.4358666484375 0.04770332421875 0.4275322255859375 0.0402351083984375 0.42979490625 0.0352400458984375 0.4415109453125 0.0366803486328125 0.4731713515625 0.043836490234375 0.5052298818359375 0.0505965830078125 0.520552830078125
2 0.132000509765625 0.259855611328125 0.1143358330078125 0.258620376953125 0.1051797646484375 0.2626211142578125 0.1031043271484375 0.2699018876953125 0.10525286328125 0.28397510546875 0.116167689453125 0.2921626806640625 0.128701765625 0.2921118896484375 0.1327257822265625 0.2868234580078125 0.1345404912109375 0.2758122861328125 0.1352509169921875 0.2656527197265625 0.132000509765625 0.259855611328125
2 0.1230140595703125 0.3659684833984375 0.122239 0.37705235546875 0.1303615830078125 0.38783115234375 0.138600998046875 0.3670584287109375 0.13489762890625 0.36030238671875 0.1276877294921875 0.358870962890625 0.1230140595703125 0.3659684833984375
2 0.00596956640625 0.4942272421875 0.0062364580078125 0.5128098759765625 0.0116292373046875 0.5178279677734375 0.017928537109375 0.51734119921875 0.025263734375 0.5094993994140625 0.0301935283203125 0.4912801533203125 0.0271368046875 0.48271324609375 0.0236295302734375 0.48061191015625 0.0115498662109375 0.4816233017578125 0.00596956640625 0.4942272421875
2 0.22528857421875 0.5012103603515625 0.230812814453125 0.5118074638671875 0.2357473212890625 0.5084387841796875 0.237693490234375 0.5030066220703125 0.232623662109375 0.493370119140625 0.2257406826171875 0.4947448984375 0.22528857421875 0.5012103603515625
2 0.2319326962890625 0.383795626953125 0.242781330078125 0.3929073974609375 0.250249546875 0.3906447177734375 0.25095997265625 0.3804851513671875 0.2408888095703125 0.3677140126953125 0.23342059375 0.369976693359375 0.2319326962890625 0.383795626953125
2 0.15981958203125 0.3174928232421875 0.1635875849609375 0.32332455859375 0.173979396484375 0.324051224609375 0.1761862939453125 0.322349462890625 0.174689822265625 0.313891658203125 0.166635734375 0.3096147275390625 0.15981958203125 0.3174928232421875
2 0.18793684375 0.3111042470703125 0.18585910546875 0.31095895703125 0.1852132041015625 0.3201957763671875 0.1894347646484375 0.3195637177734375 0.18793684375 0.3111042470703125
2 0.1931288056640625 0.4683306650390625 0.193066474609375 0.476681033203125 0.1990429326171875 0.480811115234375 0.2020287509765625 0.47545165234375 0.2020248896484375 0.4680254814453125 0.194816658203125 0.466592607421875 0.1931288056640625 0.4683306650390625
2 0.2659118857421875 0.420514716796875 0.264488623046875 0.433409345703125 0.2715676962890625 0.436689271484375 0.273513974609375 0.43125555078125 0.2725365478515625 0.4228340419921875 0.26922306640625 0.41796134765625 0.2659118857421875 0.420514716796875
2 0.1171900712890625 0.4193970595703125 0.1136144111328125 0.410792298828125 0.1185488095703125 0.407425177734375 0.11770451171875 0.4045812294921875 0.1034824755859375 0.40637163671875 0.0932867578125 0.41029967578125 0.08913358203125 0.4174351591796875 0.0951808369140625 0.435493169921875 0.101092662109375 0.4405475576171875 0.1051812041015625 0.4343363798828125 0.115960599609375 0.4295203310546875 0.1171900712890625 0.4193970595703125
0 0 0.7259754482421875 0.0038543564453125 0.7335517373046875 0.015225896484375 0.750125974609375 0.028475111328125 0.75476618359375 0.0364040107421875 0.7683147802734375 0.04238046875 0.7724448623046875 0.0611493193359375 0.7728300498046875 0.071024388671875 0.7809464833984375 0.0803120263671875 0.7825231962890625 0.0875179560546875 0.7765300078125 0.112650849609375 0.7755025625 0.125441048828125 0.7643300458984374 0.136287271484375 0.7660173125 0.15115751171875 0.7624161484375 0.151480462890625 0.75779773828125 0.1553106875 0.7552806650390625 0.15965910546875 0.7453754912109375 0.183681552734375 0.73034741796875 0.1860838017578125 0.72587440625 0.1858837373046875 0.7137950888671875 0.1962693857421875 0.6996695205078125 0.1943814697265625 0.6893282607421874 0.1963277470703125 0.6838945400390625 0.193401849609375 0.673479130859375 0.1954102421875 0.6596981591796875 0.1967067578125 0.6560750869140625 0.2036559287109375 0.653776111328125 0.204893974609375 0.665929578125 0.207033935546875 0.65772605859375 0.2078713271484375 0.638291818359375 0.205402142578125 0.636263072265625 0.2019618046875 0.6406634931640625 0.196569025390625 0.635645400390625 0.194999455078125 0.60583360546875 0.197849951171875 0.5874689609375 0.2036302060546875 0.586945896484375 0.21200108203125 0.57175218359375 0.2135874345703125 0.5565476787109375 0.2177059365234375 0.5424490654296875 0.2306945322265625 0.54335731640625 0.2354329453125 0.535333931640625 0.238614857421875 0.534629173828125 0.23724368359375 0.516898146484375 0.248542125 0.512118392578125 0.2510027353515625 0.491870400390625 0.26684412890625 0.4818400693359375 0.2726828544921875 0.4655404658203125 0.2687148974609375 0.447627853515625 0.2712361708984375 0.419030943359375 0.267391208984375 0.3844190439453125 0.2611518291015625 0.3691309404296875 0.260361923828125 0.3430873994140625 0.252562291015625 0.3276901923828125 0.2490550166015625 0.3255888564453125 0.2412529736328125 0.3027671455078125 0.2167575166015625 0.272279474609375 0.1873275517578125 0.2451604833984375 0.1521234951171875 0.233416791015625 0.137636869140625 0.224050626953125 0.0793146923828125 0.214402525390625 0.0358027255859375 0.2169296904296875 0.019763677734375 0.22230520703125 0 0.5049389716796875 0 0.7259754482421875
0 0.7278291640625 0.6839327978515625 0.7339308115234375 0.67879121484375 0.8078696298828125 0.5920704912109375 0.828552873046875 0.5053395087890625 0.8282237587890625 0.4951056845703125 0.8321807314453125 0.4833170546875 0.8345121826171875 0.464916115234375 0.8396403740234375 0.45877763671875 0.8422994892578125 0.450608853515625 0.8459078974609375 0.3766068603515625 0.8364094267578125 0.3332464697265625 0.817954953125 0.305966134765625 0.79866078515625 0.2906939765625 0.79943354296875 0.2721840419921875 0.79663910546875 0.2673476435546875 0.7711770986328125 0.2581412646484375 0.7699412470703125 0.2534154189453125 0.7622124111328125 0.2519461416015625 0.7544874365234375 0.25790303515625 0.747163224609375 0.2954460771484375 0.6515793369140624 0.3333160439453125 0.638846755859375 0.3212876259765625 0.637284201171875 0.3137524599609375 0.6329995654296875 0.3153089326171875 0.6323559658203125 0.331971814453125 0.63646165625 0.37031411328125 0.651819751953125 0.449356107421875 0.6552772392578124 0.489509162109375 0.6539231044921875 0.516333169921875 0.6575635068359375 0.52401206640625 0.6591268056640625 0.5389731865234375 0.6628963662109375 0.54480503125 0.6744724658203125 0.5883122705078125 0.6879318779296875 0.6273086455078125 0.7026838359375 0.655257333984375 0.7231530830078124 0.683605814453125 0.7278291640625 0.6839327978515625
0 0.0353087724609375 0 0.0267393251953125 0.1225488017578125 0.070141474609375 0.173849787109375 0.088395994140625 0.1890492451171875 0.110027884765625 0.200771138671875 0.163677841796875 0.2175184287109375 0.2466139765625 0.22610123046875 0.2609005380859375 0.2233880771484375 0.27083396875 0.215729529296875 0.2818678212890625 0.199793205078125 0.2844015302734375 0.2008992041015625 0.2842614951171875 0.173043455078125 0.2808149931640625 0.1625916416015625 0.2806772607421875 0.1421619560546875 0.2778181904296875 0.1382498623046875 0.2755965556640625 0.1028226533203125 0.256931140625 0.03376019921875 0.25347992578125 0.0084578193359375 0.2503632685546875 0 0.0353087724609375 0
0 0.539321615234375 0.0720708359375 0.536268861328125 0.070928541015625 0.5306215166015625 0.077032283203125 0.5191986298828125 0.09850965625 0.5116028134765624 0.1026194970703125 0.511217640625 0.115586716796875 0.5163006484375 0.16235208203125 0.519422005859375 0.1699946845703125 0.5193013125 0.194120033203125 0.5219043681640625 0.2091522939453125 0.545114294921875 0.272964279296875 0.552780908203125 0.2827823662109375 0.5648567109375 0.2743448037109375 0.5719311796875 0.262772603515625 0.5811517734375 0.257849119140625 0.5897203017578125 0.2473102197265625 0.5938649033203125 0.217897998046875 0.58058610546875 0.1390014033203125 0.5677119306640624 0.0991171279296875 0.551339056640625 0.07940825390625 0.539321615234375 0.0720708359375
0 0.6178780341796875 0.173167232421875 0.61872233203125 0.1760111806640625 0.6241128095703125 0.1736032109375 0.62391515625 0.168948396484375 0.6328751298828125 0.1602929541015625 0.63449448828125 0.1520530302734375 0.642221021484375 0.1460962451171875 0.648781158203125 0.1493383173828125 0.6730657841796875 0.138042310546875 0.6919506142578125 0.09945158203125 0.7279819296875 0.0694841884765625 0.742853728515625 0.0658831328125 0.7544835859375 0.078763265625 0.7580577958984375 0.087366359375 0.7810981044921875 0.0490662109375 0.783625650390625 0.0353199755859375 0.7902457080078125 0.02278717578125 0.7905040244140625 0.0190930712890625 0.6278808212890625 0.0077213486328125 0.621519189453125 0.016558486328125 0.621783779296875 0.027715056640625 0.6186041689453124 0.0358458779296875 0.6188687578125 0.0470024482421875 0.61698711328125 0.0515118642578125 0.6178780341796875 0.173167232421875
0 0.563614814453125 0.0830515673828125 0.563098072265625 0.0904413349609375 0.5693352587890625 0.09830181640625 0.5742050234375 0.0958590009765625 0.5852365732421875 0.07249661328125 0.5926962158203125 0.0479571953125 0.5978889306640625 0.0408959697265625 0.5985994658203125 0.0307348447265625 0.5936564931640625 0.0118252275390625 0.590472169921875 0.0051054814453125 0.578002619140625 0.004233525390625 0.5678776982421875 0.0220894931640625 0.5454186572265625 0.0520771279296875 0.5425012255859375 0.063940015625 0.5541272216796875 0.0693939765625 0.5573800400390625 0.0826155888671875 0.563614814453125 0.0830515673828125
0 0.88727979296875 0.3822847744140625 0.8828598349609375 0.3708360654296875 0.840361904296875 0.30660415625 0.8264565458984375 0.288925478515625 0.813984693359375 0.2806274599609375 0.8087857060546875 0.272838009765625 0.8000171123046875 0.2712975908203125 0.7981354677734375 0.275807005859375 0.7984000576171875 0.2869635771484375 0.8243228564453124 0.3119796728515625 0.836667853515625 0.329550806640625 0.846493134765625 0.375718958984375 0.842867578125 0.4051674755859375 0.8445016728515625 0.4340565244140625 0.8433391376953125 0.450681552734375 0.825179470703125 0.5162416875 0.822978736328125 0.53279568359375 0.8240853212890625 0.539370140625 0.84389237109375 0.539826359375 0.85421724609375 0.5340512685546875 0.93114032421875 0.44197097265625 0.9314632744140625 0.4373525634765625 0.915937109375 0.4279121416015625 0.9105419189453124 0.415469544921875 0.9017711318359375 0.4065015048828125 0.88727979296875 0.3822847744140625
0 0.26965012890625 0.852382177734375 0.2743907353515625 0.8517864150390625 0.2875669599609375 0.83507107421875 0.2935347353515625 0.8169259765625 0.2969750732421875 0.8125255556640625 0.3025507685546875 0.785069490234375 0.306445626953125 0.781628111328125 0.30683080078125 0.768660892578125 0.29844351953125 0.7467270830078125 0.296613330078125 0.7131833291015625 0.29453173046875 0.7056118681640625 0.2969300087890625 0.693714244140625 0.295494310546875 0.676905962890625 0.292245353515625 0.6711105224609375 0.2823571064453125 0.6258652255859375 0.273913875 0.6271309013671875 0.2604793330078125 0.6475403466796875 0.2383393818359375 0.6654833994140625 0.228538970703125 0.67872106640625 0.223213126953125 0.68020473046875 0.21334808203125 0.694366703125 0.203608443359375 0.699253892578125 0.1915349423828125 0.7151175185546875 0.190178505859375 0.734515462890625 0.19538220703125 0.7571554794921875 0.213322349609375 0.7992500859375 0.2250939091796875 0.8399845185546875 0.23146014453125 0.8459995068359375 0.235296533203125 0.8583346669921875 0.2385516533203125 0.878982341796875 0.238691796875 0.9068365322265625 0.2479770244140625 0.9009887421875 0.260892412109375 0.880544560546875 0.268810435546875 0.86439035546875 0.26965012890625 0.852382177734375
0 0.526664212890625 1 0.5285053037109375 0.99578833203125 0.525314708984375 0.9742179111328125 0.51894847265625 0.9682029228515625 0.516866873046875 0.9606314609375 0.519981849609375 0.9534249462890625 0.51361561328125 0.9474099580078125 0.5117923310546875 0.936144392578125 0.514126083984375 0.9251695146484376 0.5126297216796875 0.91671015234375 0.5211982509765625 0.9061712529296875 0.5183353193359375 0.89483298828125 0.5077474130859375 0.8894516171875 0.5031335546875 0.88077582421875 0.4963820361328125 0.88772961328125 0.4902764189453125 0.8854465830078125 0.488063359375 0.872296111328125 0.4706508359375 0.8525145380859375 0.4664913876953125 0.8447993466796875 0.467398017578125 0.83929292578125 0.4637615849609375 0.8390386416015625 0.460121291015625 0.8313581865234375 0.4470703642578125 0.8388003037109375 0.4467474130859375 0.843418712890625 0.407205072265625 0.8638570400390625 0.3965586953125 0.874252208984375 0.398897162109375 0.8781278984375 0.40209622265625 0.9219766162109375 0.408601859375 0.9484198408203125 0.4063435068359375 0.9881747724609375 0.4075590859375 0.99319053515625 0.50493897265625 1 0.526664212890625 1
0 0.938608205078125 1 0.9381079541015624 0.9993694921875 0.93355245703125 0.97491871875 0.943339689453125 0.9245521884765625 0.94885535546875 0.9128725537109375 0.9469714091796875 0.90995590625 0.9266461669921875 0.916887787109375 0.8830050419921875 0.92126200390625 0.8712630654296875 0.9547839580078125 0.866664052734375 0.9832355791015625 0.8665394990234375 0.9999347568359375 0.8665508642578125 1 0.938608205078125 1
0 1 0.369115326171875 0.979826408203125 0.387827439453125 0.9763899306640625 0.39965403125 0.9712617392578125 0.405792509765625 0.962753875 0.4079824912109375 0.9038114091796875 0.474402982421875 0.855126177734375 0.5359709111328125 0.8467553017578126 0.5511646240234375 0.8344841484375 0.562373435546875 0.81377759375 0.58969870703125 0.791639091796875 0.6076434287109375 0.788524115234375 0.614849943359375 0.7760545654296875 0.6139779873046874 0.7686610068359375 0.6375947685546876 0.758727576171875 0.6452533154296874 0.746656376953125 0.66854300390625 0.7164685009765625 0.697061361328125 0.7060828515625 0.7111869287109375 0.7007632802734375 0.7275212685546875 0.6982956552734375 0.7254926318359375 0.6809609443359375 0.7419156162109375 0.671940197265625 0.758921537109375 0.679150095703125 0.7603529609375 0.690510759765625 0.7472243974609375 0.7014216171875 0.747987359375 0.70253050390625 0.7619878779296875 0.7058439853515625 0.766860572265625 0.7053272431640625 0.77425033984375 0.7272283271484375 0.8119809296875 0.7291185458984375 0.829748251953125 0.726922525390625 0.8611528154296875 0.729975279296875 0.862295109375 0.73491594921875 0.8737786640625 0.7401087734375 0.8667158798828125 0.7399756455078125 0.8611383193359375 0.7451015341796875 0.8475737783203126 0.744255677734375 0.8447297216796875 0.763588755859375 0.792247359375 0.8022846064453125 0.761537462890625 0.8102678974609375 0.75188646484375 0.8234432705078125 0.7277467294921875 0.835712865234375 0.71653780859375 0.8492096298828125 0.6877795537109375 0.8560256728515625 0.679903017578125 0.864718755859375 0.65266494140625 0.8733519189453125 0.641201736328125 0.8863903017578125 0.6040582685546875 0.9001555166015625 0.5938827568359375 0.9503978828125 0.532423712890625 0.980119021484375 0.473240287109375 0.9873910341796875 0.4663244609375 0.990437625 0.4526145205078125 1 0.4346832314453125 1 0.369115326171875
0 0.704246390625 0.6627925 0.6956654267578125 0.6436284892578125 0.6930040087890625 0.6443712099609376 0.676818763671875 0.607038744140625 0.678050537109375 0.6043415361328125 0.67245705859375 0.57981661328125 0.6627048759765625 0.555002451171875 0.662183529296875 0.54754009375 0.654125470703125 0.5358385498046875 0.651134939453125 0.5263474462890625 0.6478883935546875 0.527976509765625 0.646792685546875 0.551104853515625 0.6383058291015625 0.605274482421875 0.63915398828125 0.6155446025390625 0.63385542578125 0.68385858984375 0.637756337890625 0.69527100390625 0.6390614287109375 0.713924669921875 0.6442665791015625 0.7365663544921875 0.6499162255859375 0.7378886748046874 0.6562132236328125 0.7299758427734375 0.6656969560546875 0.73620726171875 0.68549929296875 0.7218129140625 0.6882244912109375 0.7127214931640625 0.69270678125 0.715819833984375 0.699589759765625 0.7144450556640625 0.7051700595703125 0.7018411142578125 0.7115339931640625 0.7004300400390625 0.7202317900390625 0.6880425302734375 0.7106127353515626 0.6688059296875 0.704246390625 0.6627925
2 0.160965068359375 0.428026357421875 0.15843280859375 0.426922025390625 0.152917142578125 0.43860166015625 0.1614257509765625 0.4438376328125 0.163957158203125 0.4375175693359375 0.160965068359375 0.428026357421875
2 0.0355614482421875 0.2651788291015625 0.0384205185546875 0.2690909228515625 0.0542657734375 0.2664867626953125 0.062896634765625 0.24759749609375 0.058410375 0.2370745419921875 0.0465260625 0.2353146845703125 0.0395122568359375 0.2385379658203125 0.0356198095703125 0.2494038486328125 0.0355614482421875 0.2651788291015625
2 0.1964884052734375 0 0.1956144619140625 0.007196380859375 0.2006804306640625 0.0094067119140625 0.202885025390625 0.00027888671875 0.2023597451171875 0 0.1964884052734375 0
2 0.1352042939453125 0.146841298828125 0.1316324951171875 0.145662708984375 0.1292318056640625 0.1501358291015625 0.130209123046875 0.158558896484375 0.1365085322265625 0.1580705693359375 0.1352042939453125 0.146841298828125
2 0.2511746455078125 0.7731221953125 0.25559230078125 0.777144841796875 0.2621500263671875 0.77296241015625 0.2631227392578125 0.7665333515625 0.260328302734375 0.761696953125 0.2514951845703125 0.76107928125 0.2511746455078125 0.7731221953125
2 0.241544158203125 0.044751130859375 0.2489501513671875 0.050837259765625 0.2532993125 0.0483580400390625 0.2573894130859375 0.0421469716796875 0.2564790322265625 0.0402256611328125 0.2527741044921875 0.0334695107421875 0.244916001953125 0.03384884375 0.242644470703125 0.036474912109375 0.241544158203125 0.044751130859375
2 0.159828037109375 0.511484716796875 0.15236148828125 0.513745947265625 0.1555458125 0.5204656943359375 0.161586794921875 0.523673029296875 0.1622972216796875 0.513513462890625 0.159828037109375 0.511484716796875
2 0.2691987734375 0.69455999609375 0.2653686572265625 0.6970755107421875 0.263093265625 0.6922754072265624 0.2569230146484375 0.6909166826171875 0.2539410576171875 0.7037023173828125 0.25861944140625 0.71145536328125 0.26803623828125 0.7111850244140625 0.271868021484375 0.7086680595703125 0.2705030107421875 0.7057892666015625 0.2723846552734375 0.7012798515625 0.2691987734375 0.69455999609375
2 0.1311912626953125 0.1818309716796875 0.1268381318359375 0.176885578125 0.1175504931640625 0.175308865234375 0.114436966796875 0.1825170478515625 0.1185964140625 0.1902322392578125 0.124831189453125 0.1906682177734375 0.1309328369140625 0.185526634765625 0.1311912626953125 0.1818309716796875
2 0.3893755 0.603646640625 0.3932095859375 0.60855573828125 0.4005470849609375 0.6081400009765625 0.400415515625 0.6025625498046875 0.397491919921875 0.599573203125 0.393399408203125 0.5983597685546875 0.3893755 0.603646640625
2 0.4805400751953125 0.39004187890625 0.4806070107421875 0.39654363671875 0.485156236328125 0.406143734375 0.4897653818359375 0.3999689609375 0.4882650498046875 0.3840849853515625 0.486835623046875 0.3821273798828125 0.4805400751953125 0.39004187890625
2 0.12143493359375 0.64988430859375 0.115848470703125 0.647636015625 0.1106595078125 0.662124970703125 0.1189074970703125 0.6636289853515625 0.1219579482421875 0.657345216796875 0.12143493359375 0.64988430859375
2 0.1914080859375 0.7243906328125 0.19277298828125 0.7272709853515625 0.200695615234375 0.7259689052734375 0.2037461767578125 0.719683578125 0.2021835126953125 0.712149970703125 0.190559818359375 0.714122072265625 0.1914080859375 0.7243906328125
2 0.67267261328125 0.464737259765625 0.6770218837890625 0.4622564814453125 0.6806560146484375 0.4550847021484375 0.6810434892578126 0.4495435458984375 0.677210962890625 0.444634556640625 0.668184052734375 0.4467882431640625 0.67267261328125 0.464737259765625
2 0.16963715234375 0.17709503515625 0.1791854091796875 0.18240370703125 0.185094931640625 0.1800320322265625 0.186326814453125 0.1773332646484375 0.1826234453125 0.1705772236328125 0.1716480634765625 0.1707370087890625 0.16963715234375 0.17709503515625
2 0.2860129990234375 0.506385451171875 0.2808786455078125 0.4976716953125 0.273539587890625 0.4980873232421875 0.2727038642578125 0.51752011328125 0.2777697236328125 0.5197320029296875 0.283937671875 0.5136646650390625 0.2832209736328125 0.508973556640625 0.2860129990234375 0.506385451171875
2 0.734055365234375 0.662092037109375 0.7350911533203125 0.6547385654296874 0.7342451884765625 0.6518960673828125 0.7232051728515625 0.652980158203125 0.7215235927734375 0.669568890625 0.725422203125 0.6735552421875 0.7298336953125 0.662725654296875 0.734055365234375 0.662092037109375
2 0.6615741181640625 0.6533114873046875 0.6592987255859375 0.6485113837890625 0.654751802734375 0.64633734765625 0.6509216865234375 0.6488528623046875 0.6480042548828125 0.66071575 0.6513823701171875 0.664664138671875 0.660082359375 0.65970425 0.6615741181640625 0.6533114873046875
2 0.2221767724609375 0.1798401376953125 0.2197052861328125 0.1703853291015625 0.2129514658203125 0.169913056640625 0.2060061552734375 0.179638203125 0.2121787080078125 0.188422990234375 0.218869453125 0.189819677734375 0.2217246630859375 0.186305599609375 0.2221767724609375 0.1798401376953125
2 0.70980337890625 0.5907828486328125 0.7115581669921875 0.5955465478515625 0.7185742744140625 0.599749330078125 0.7200015078125 0.594279314453125 0.7165548974609375 0.5838290595703125 0.711424404296875 0.5825414755859375 0.70980337890625 0.5907828486328125
2 0.7623664296875 0.481218505859375 0.75665069921875 0.4808188232421875 0.757240541015625 0.494783046875 0.76327922265625 0.4905643203125 0.7623664296875 0.481218505859375
2 0.7924360234375 0.484250001953125 0.795165935546875 0.4900091474609375 0.8019197568359375 0.4904814208984375 0.8065934267578125 0.483383900390625 0.8071748037109375 0.4750698271484375 0.80684944140625 0.4722637333984375 0.7974972783203125 0.4716097666015625 0.7970451689453125 0.478075228515625 0.7924360234375 0.484250001953125
2 0.8091333974609375 0.6710541728515625 0.809591669921875 0.6794409443359375 0.8193314169921875 0.6745521962890625 0.8217966318359375 0.6691563291015625 0.82159667578125 0.657075453125 0.8123130078125 0.6629233525390625 0.8091333974609375 0.6710541728515625
2 0.4680609580078125 0.8746111416015625 0.465266521484375 0.8697747431640624 0.4596816171875 0.8675265576171876 0.4553307890625 0.8700072275390625 0.45137370703125 0.881797416015625 0.457091740234375 0.8896231611328125 0.464885208984375 0.8901681337890625 0.4680609580078125 0.8746111416015625
2 0.454174416015625 0.901484490234375 0.450923900390625 0.8956889404296875 0.4458579326171875 0.893478609375 0.440146171875 0.9005035390625 0.43988774609375 0.9041992021484375 0.443136703125 0.9099946435546875 0.450346494140625 0.9114276259765625 0.454174416015625 0.901484490234375
2 0.676415875 0.067734421875 0.678239158203125 0.0789999873046875 0.68551358203125 0.0795086650390625 0.688889287109375 0.0760325498046875 0.6849882646484375 0.0646216943359375 0.6803768173828125 0.0633704052734375 0.676415875 0.067734421875
2 0.5817184228515625 0.0406924765625 0.5832148935546875 0.0491502802734375 0.5802936005859375 0.05358699609375 0.5875703271484375 0.061521736328125 0.5966555986328125 0.0435930693359375 0.5969785498046875 0.0389746591796875 0.5817184228515625 0.0406924765625
2 0.5753544892578125 0.04210355078125 0.5737895234375 0.027143880859375 0.5702822490234375 0.0250425439453125 0.564049884765625 0.0320310703125 0.564768884765625 0.0441482421875 0.5704869169921875 0.0519739873046875 0.57256465625 0.05211927734375 0.5753544892578125 0.04210355078125
2 0.652958103515625 0.70932816796875 0.6526289892578125 0.69909434375 0.6403531220703125 0.6954525888671875 0.6370420517578125 0.6980043994140624 0.6364606748046875 0.7063184716796875 0.640036443359375 0.7149216748046875 0.647181708984375 0.717277404296875 0.652958103515625 0.70932816796875
2 0.472999326171875 0.8786686337890625 0.475402318359375 0.881621576171875 0.48020755859375 0.8801015068359375 0.4810511123046875 0.875519501953125 0.479165607421875 0.8726027451171875 0.47397048046875 0.872239466796875 0.472999326171875 0.8786686337890625
2 0.4528374306640625 0.9728619736328125 0.44199120703125 0.97117470703125 0.4385570322265625 0.990427361328125 0.44029165625 0.995479419921875 0.4491247744140625 0.9960970908203125 0.4528374306640625 0.9728619736328125
2 0.879811123046875 1 0.8791382080078125 0.99895966015625 0.8717323232421875 0.99287197265625 0.8673185283203125 0.9962754970703125 0.8672485888671875 1 0.879811123046875 1
2 0.57212486328125 0.2600028046875 0.565696404296875 0.2623366259765625 0.565179662109375 0.2697263935546875 0.57206419921875 0.2683517236328125 0.5734898740234375 0.2628815986328125 0.57212486328125 0.2600028046875
2 0.8604481708984375 0.3553474775390625 0.86324501953125 0.3676083798828125 0.8674020556640625 0.367899068359375 0.87213880078125 0.3598771328125 0.8675249423828125 0.3512013408203125 0.8649912333984375 0.3500953408203125 0.8604481708984375 0.3553474775390625
2 0.8463040556640625 0.3933408837890625 0.85526633203125 0.3921115029296875 0.85910041796875 0.3970206015625 0.87260805859375 0.3979651474609375 0.8696820517578125 0.387551296875 0.8618885830078125 0.38700632421875 0.8463040556640625 0.3933408837890625
2 0.8889962373046875 0.96252105859375 0.898677623046875 0.973407291015625 0.90971366796875 0.964898587890625 0.90899466796875 0.952781416015625 0.90106973828125 0.94665743359375 0.8947058046875 0.9480685078125 0.8889962373046875 0.96252105859375
2 0.6380792890625 0.6906525947265625 0.6473022939453125 0.69315361328125 0.652559751953125 0.6851665244140624 0.6528142080078125 0.674046248046875 0.65093015234375 0.6711311591796875 0.6469023828125 0.6689918603515626 0.6378123974609375 0.6720699609375 0.6358038974609375 0.6858524912109375 0.6380792890625 0.6906525947265625
2 0.5760906376953125 0.0987741982421875 0.574725626953125 0.0958954052734375 0.56790572265625 0.09634576953125 0.568495564453125 0.110309994140625 0.5759660830078125 0.1154733759765625 0.5760906376953125 0.0987741982421875
2 0.3774849150390625 0.587036107421875 0.3708586943359375 0.584716673828125 0.368912525390625 0.5901488359375 0.374176037109375 0.5970155390625 0.377681009765625 0.5916908125 0.3774849150390625 0.587036107421875
2 0.890085673828125 0.9245420390625 0.8822922041015625 0.92399706640625 0.8743781513671876 0.947575884765625 0.8877543310546875 0.942941419921875 0.8904794208984375 0.9338515576171875 0.890085673828125 0.9245420390625
2 0.848346744140625 0.4686668642578125 0.838540060546875 0.46705385546875 0.835689564453125 0.4854185 0.8460798173828125 0.4861450576171875 0.8499722646484374 0.4752791748046875 0.848346744140625 0.4686668642578125
2 0.64541633984375 0.0108036357421875 0.644837375 0.026542212890625 0.64847766796875 0.03422266796875 0.653993443359375 0.022541474609375 0.653664220703125 0.012309208984375 0.6517802744140625 0.0093925615234375 0.64541633984375 0.0108036357421875
0 0.199638927734375 0.6813411708984375 0.206721861328125 0.6920472685546875 0.260673125 0.64476898828125 0.2909194716796875 0.600474091796875 0.3163557568359375 0.542850255859375 0.3224489384765625 0.515430376953125 0.327316509765625 0.505559939453125 0.33405704296875 0.468904908203125 0.35227978515625 0.402420359375 0.3525357998046875 0.3913001923828125 0.3586973671875 0.37038373828125 0.3602498984375 0.355640498046875 0.3436809296875 0.3312769189453125 0.3419221708984375 0.319088607421875 0.344449716796875 0.3053423720703125 0.3428202265625 0.29130544921875 0.331581814453125 0.2803087724609375 0.321773572265625 0.278695654296875 0.3052801142578125 0.2831105703125 0.276063283203125 0.3052013193359375 0.2595759873046875 0.3244684697265625 0.2644590390625 0.359152958984375 0.2633587265625 0.3674291787109375 0.27155065625 0.392134236328125 0.26911721875 0.4792141103515625 0.264443439453125 0.486313189453125 0.2506797841796875 0.496488810546875 0.2347784697265625 0.522294013671875 0.2301716259765625 0.535894849609375 0.2168623818359375 0.5470310712890625 0.2101793583984375 0.5604867265625 0.2020715126953125 0.58683690234375 0.1966165107421875 0.590167619140625 0.1953932021484375 0.6151431240234375 0.1981338818359375 0.65060662890625 0.195547974609375 0.6801278447265625 0.199638927734375 0.6813411708984375