2 0.6363670625 0.249147154296875 0.6328057177734375 0.252695119140625 0.6301421240234375 0.2574646552734375 0.6292249873046875 0.2642394248046875 0.6303755185546875 0.2756483125 0.6323592490234375 0.2816245400390625 0.6398297119140625 0.27937390625 0.643848365234375 0.267331896484375 0.6430739140625 0.258985943359375 0.639345087890625 0.2510027431640625 0.6363670625 0.249147154296875
2 0.636707564453125 0.0931821806640625 0.6320854404296875 0.0941936396484375 0.6295829423828125 0.10027519921875 0.630711376953125 0.1094655556640625 0.6370088046875 0.118021240234375 0.6402636552734375 0.118067103515625 0.643387078125 0.1150168427734375 0.64462659765625 0.11086766796875 0.6436055615234375 0.1025519921875 0.641376986328125 0.09660740234375 0.636707564453125 0.0931821806640625
2 0.752797216796875 0.1757703232421875 0.7474353359375 0.17687261328125 0.7446562021484375 0.1847654482421875 0.7463615556640625 0.1925515927734375 0.751737583984375 0.1976673642578125 0.757730083984375 0.195598201171875 0.759878408203125 0.1886706875 0.7595657177734375 0.182046921875 0.758449689453125 0.1790732666015625 0.752797216796875 0.1757703232421875
2 0.4921090693359375 0.4947490859375 0.4880088056640625 0.493920732421875 0.480283615234375 0.500199623046875 0.47892874609375 0.5074736474609375 0.479957734375 0.5117897919921875 0.4750081796875 0.5243916103515625 0.47545210546875 0.5341099482421875 0.4799330947265625 0.5482190205078125 0.489959349609375 0.5647579052734375 0.4961507412109375 0.5724371669921875 0.503965875 0.5750322099609375 0.5069502998046875 0.572888458984375 0.507419822265625 0.570609564453125 0.508994724609375 0.5508705 0.512189681640625 0.5402614287109375 0.511423181640625 0.5279159453125 0.509194607421875 0.52197135546875 0.4953005283203125 0.4983557783203125 0.4921090693359375 0.4947490859375
2 0.5791566826171874 0.5524724736328125 0.5742342744140625 0.5530768701171875 0.5684691650390625 0.5631136474609375 0.5663349873046875 0.5762592236328125 0.5701409716796875 0.5868965546875 0.57072253515625 0.595710125 0.574844896484375 0.5987570087890625 0.5814918544921875 0.597940865234375 0.584231435546875 0.5958287509765625 0.58958712109375 0.5845088671875 0.5905137607421875 0.573734376953125 0.5876623291015625 0.564755578125 0.5791566826171874 0.5524724736328125
2 0.646582232421875 0.4300270517578125 0.6400444130859375 0.4317192373046875 0.6372732314453124 0.4356125419921875 0.63610969921875 0.442419138671875 0.639776685546875 0.4539629794921875 0.6473275888671876 0.464586 0.652273646484375 0.4661999453125 0.65966676171875 0.4612936298828125 0.661998470703125 0.4578982197265625 0.6630464638671875 0.454214921875 0.661478556640625 0.445522458984375 0.6552666181640625 0.4356244765625 0.646582232421875 0.4300270517578125
2 0.6886802578125 0.56123711328125 0.68597246875 0.561569587890625 0.683547318359375 0.570306828125 0.683722560546875 0.577836912109375 0.6873437998046875 0.584943880859375 0.6927593798828126 0.5842789306640624 0.6931310068359375 0.5771256337890625 0.690779337890625 0.5640884912109375 0.6886802578125 0.56123711328125
2 0.6898668095703125 0.644160607421875 0.6793124755859375 0.64368078125 0.6754506552734375 0.646820130859375 0.6683702294921875 0.6583502119140625 0.6783522880859375 0.67045203515625 0.68465921875 0.675007998046875 0.688843421875 0.6744942421875 0.690930095703125 0.6711289189453125 0.6929789736328125 0.6593271923828125 0.6924592509765625 0.646952982421875 0.6898668095703125 0.644160607421875
2 0.6442757998046875 0.6350992119140625 0.6428135341796875 0.6414985546875 0.6422269208984375 0.6469009384765625 0.6432700556640625 0.6574351455078125 0.647414515625 0.6627005595703125 0.6520302392578124 0.66568844140625 0.653820892578125 0.6721307353515625 0.6527870458984375 0.6820320947265625 0.6475909052734375 0.6946641904296875 0.647242736328125 0.70403427734375 0.649256515625 0.7082295048828126 0.653141984375 0.7073084951171875 0.6568803134765625 0.711291974609375 0.6611765576171875 0.7218706845703124 0.660675244140625 0.7259292177734376 0.662619232421875 0.7376846162109375 0.6663259609375 0.7434492861328125 0.6699869423828125 0.744777083984375 0.673911962890625 0.738075353515625 0.6762074267578125 0.7262433505859375 0.6828086376953125 0.7209903349609375 0.6850645498046875 0.714939052734375 0.6834826865234375 0.7000300791015625 0.678846416015625 0.6948234765625 0.6812936640625 0.688304767578125 0.680196830078125 0.677333220703125 0.6791362421875 0.674798265625 0.6713528984375 0.670423583984375 0.668424119140625 0.658789103515625 0.6484836513671876 0.636803796875 0.6442757998046875 0.6350992119140625
2 0.69574367578125 0.795810712890625 0.68909671875 0.7966268564453125 0.6879426884765625 0.7994337314453125 0.6889398857421875 0.805529515625 0.6938287470703125 0.8209218837890625 0.699128787109375 0.823380232421875 0.702821369140625 0.8229268408203125 0.7058552294921875 0.811005748046875 0.702681224609375 0.799399802734375 0.69574367578125 0.795810712890625
2 0.57936530859375 0.820760892578125 0.571626162109375 0.8208232724609374 0.570225546875 0.8236604248046875 0.5706016279296875 0.8267233603515625 0.57289823828125 0.8393249033203125 0.5758349697265625 0.846959853515625 0.58041890234375 0.8517273740234375 0.588102798828125 0.85122784375 0.59254677734375 0.8324698779296875 0.5918702216796875 0.8289983271484375 0.57936530859375 0.820760892578125
2 0.3727658681640625 0.4996297431640625 0.3691269853515625 0.5005204755859375 0.367919255859375 0.502890009765625 0.3697542958984375 0.5137709169921875 0.3720999609375 0.5165920185546875 0.3724998818359375 0.5218748447265625 0.3754271103515625 0.5335095166015625 0.379339130859375 0.54502326953125 0.3781755986328125 0.5518298671875 0.380410177734375 0.5679904990234375 0.380514267578125 0.583082494140625 0.38494601171875 0.6069704580078125 0.38949834375 0.6135191689453126 0.407388787109375 0.622872654296875 0.4124879892578125 0.62979815234375 0.41406384765625 0.634491083984375 0.4198555087890625 0.6368890693359375 0.420146291015625 0.6412958544921875 0.424282798828125 0.65056080078125 0.4268876455078125 0.659569876953125 0.4281994638671875 0.672292337890625 0.4360787548828125 0.69575699609375 0.438177833984375 0.698608373046875 0.4386078046875 0.7021102001953125 0.4404602978515625 0.70499185546875 0.443629658203125 0.7063800166015625 0.445098119140625 0.710198267578125 0.4449288818359375 0.7128842255859374 0.4482893876953125 0.7138034091796875 0.4503268173828125 0.7202169775390626 0.4546420654296875 0.7227962431640625 0.4575809345703125 0.7162171708984375 0.45789886328125 0.708626533203125 0.4561396201171875 0.700401498046875 0.453087349609375 0.6958898466796875 0.4548721884765625 0.692117650390625 0.4251848330078125 0.6131359736328125 0.4204175166015625 0.604836349609375 0.4201127783203125 0.594213052734375 0.4149773310546875 0.578850962890625 0.401862751953125 0.5493653837890625 0.3972249296875 0.5441589716796875 0.3918411416015625 0.5430442822265625 0.3875654443359375 0.5346842939453125 0.3841987431640625 0.523547517578125 0.3844532802734375 0.5195177099609375 0.3812715146484375 0.5119128466796875 0.3813331640625 0.50835065625 0.3786651171875 0.5029039609375 0.3727658681640625 0.4996297431640625
2 0.3401854619140625 0.305504880859375 0.33660027734375 0.3068329541015625 0.3345374423828125 0.3124181689453125 0.3310280546875 0.3164021142578125 0.3302501064453125 0.3222719248046875 0.335132962890625 0.3274482509765625 0.3355627421875 0.3309485263671875 0.3345479013671875 0.332850443359375 0.338754201171875 0.3345552197265625 0.341414296875 0.3440014462890625 0.34405888671875 0.3472313515625 0.3442783251953125 0.359198498046875 0.341053318359375 0.371588568359375 0.3403511669921875 0.3801142509765625 0.3349340361328125 0.380779390625 0.33322073046875 0.3769927783203125 0.332522076171875 0.371302697265625 0.328543357421875 0.3775670869140625 0.3287089072265625 0.389095341796875 0.331637876953125 0.400731373046875 0.3382892880859375 0.4101314619140625 0.345084341796875 0.4288428251953125 0.3470046806640625 0.4383798818359375 0.357613859375 0.4637305966796875 0.359906015625 0.4661159072265625 0.3732439365234375 0.468919130859375 0.375253263671875 0.4628981259765625 0.37482329296875 0.459396298828125 0.3739319423828125 0.45417538671875 0.3721331474609375 0.451731072265625 0.3719800029296875 0.44641951953125 0.36775355078125 0.428280640625 0.3612366845703125 0.4077578095703125 0.35626951953125 0.365277765625 0.3507409423828125 0.33041825390625 0.347119703125 0.32331128515625 0.3419842568359375 0.3079491943359375 0.3401854619140625 0.305504880859375
2 0.33493864453125 0.4540767392578125 0.3330766494140625 0.4551948056640625 0.3282976923828125 0.4651089248046875 0.330823244140625 0.485677892578125 0.332729626953125 0.488998439453125 0.33892916015625 0.492679720703125 0.347277017578125 0.48943348828125 0.3484882431640625 0.4728481904296875 0.3391685947265625 0.45799985546875 0.33493864453125 0.4540767392578125
2 0.4108817646484375 0.175106259765625 0.40953484765625 0.1783807529296875 0.4099392216796875 0.1938798115234375 0.4121361962890625 0.2016055927734375 0.418711810546875 0.2083498095703125 0.42368946875 0.2081825634765625 0.4259217314453125 0.19991294140625 0.424516662109375 0.192533861328125 0.419373263671875 0.1811713017578125 0.4108817646484375 0.175106259765625
2 0.4647813642578125 0.0361077265625 0.4582418037109375 0.0377985517578125 0.4534077880859375 0.0472770712890625 0.4532651015625 0.06239779296875 0.456960380859375 0.0863777578125 0.45929654296875 0.093198580078125 0.4639642236328125 0.09662244140625 0.4674957099609375 0.09485702734375 0.477802501953125 0.070935134765625 0.4811982978515625 0.055858916015625 0.4792700068359375 0.0503213896484375 0.4672109677734375 0.0375867197265625 0.4647813642578125 0.0361077265625
2 0.56055022265625 0 0.559266728515625 0.005848560546875 0.560350966796875 0.01060185546875 0.563896408203125 0.0150529521484375 0.5692045908203125 0.0135133212890625 0.572668041015625 0.0050909541015625 0.5721308642578125 0.0007159970703125 0.5716038466796876 0 0.56055022265625 0
2 0.833321251953125 0.090807990234375 0.829350484375 0.093072849609375 0.8264734560546875 0.0960912822265625 0.822454994140625 0.1081348427734375 0.8217291923828125 0.1144421845703125 0.823605525390625 0.1195437314453125 0.829428787109375 0.1201605263671875 0.832659798828125 0.117986498046875 0.8413558251953125 0.1053701787109375 0.8411724404296875 0.1018380751953125 0.8373899150390625 0.093417533203125 0.833321251953125 0.090807990234375
2 0.7469867998046875 0.0938569267578125 0.74280259765625 0.0943706826171875 0.742054888671875 0.0984610439453125 0.743214923828125 0.1058702109375 0.7447149853515626 0.1079072705078125 0.7486526015625 0.1074237919921875 0.750353501953125 0.104993703125 0.7498793349609375 0.097054814453125 0.7469867998046875 0.0938569267578125
2 0.8912100126953125 0.31603191015625 0.8853565107421875 0.3171945634765625 0.878092890625 0.3251940908203125 0.877591767578125 0.32925417578125 0.8869810185546875 0.3365407900390625 0.8910909755859375 0.3333709716796875 0.8939538564453124 0.3241344775390625 0.892602486328125 0.3171927373046875 0.8912100126953125 0.31603191015625
2 0.75828462109375 0.342569875 0.7566690205078125 0.3436561142578125 0.7544448994140625 0.347927755859375 0.7533887646484375 0.3556090341796875 0.7500422138671875 0.360906361328125 0.7567554658203125 0.366745810546875 0.76111045703125 0.3635459072265625 0.763119783203125 0.35752490234375 0.7636525068359376 0.351683626953125 0.760962361328125 0.344018400390625 0.75828462109375 0.342569875
2 0.93214364453125 0.279020603515625 0.930528234375 0.2801083935546875 0.9303950498046875 0.2912293935546875 0.933039638671875 0.294459298828125 0.9412388056640625 0.29611774609375 0.94124830859375 0.292118025390625 0.939565052734375 0.286550412109375 0.93214364453125 0.279020603515625
2 0.9073523427734375 0.5126190478515625 0.9026212705078125 0.5127560166015624 0.8973572841796875 0.5187327099609375 0.8961716533203125 0.523320775390625 0.897608513671875 0.5289202158203125 0.9016692255859375 0.5355292900390625 0.9036925078125 0.5357247958984375 0.90750062890625 0.53214810546875 0.913864755859375 0.5229256455078125 0.91543616015625 0.5174023447265625 0.9073523427734375 0.5126190478515625
2 0.920560802734375 0.449249494140625 0.91722239453125 0.450548841796875 0.910303255859375 0.4633924951171875 0.91003107421875 0.47542000390625 0.9076280224609375 0.486375775390625 0.908442025390625 0.4889410068359375 0.9121266552734375 0.4924871455078125 0.9190864931640625 0.4982963173828125 0.9226935849609375 0.499185224609375 0.9265032568359375 0.49560834375 0.926381712890625 0.488515599609375 0.92016008203125 0.482615787109375 0.9183376376953125 0.4779531328125 0.9219860234375 0.4730626787109375 0.9271331103515625 0.470211025390625 0.930425771484375 0.464474806640625 0.926581595703125 0.4596164560546875 0.9236448642578124 0.451981505859375 0.920560802734375 0.449249494140625
2 0.82726344921875 0.0475739912109375 0.823463279296875 0.0471511513671875 0.821484193359375 0.05139270703125 0.8214444501953125 0.057171876953125 0.8262515107421875 0.0596923310546875 0.8293227861328125 0.0562045390625 0.830508416015625 0.0516164736328125 0.82726344921875 0.0475739912109375
2 0.769839798828125 0.072393109375 0.766147216796875 0.0728465009765625 0.76469290234375 0.0752463125 0.7654055126953125 0.087152904296875 0.7708352392578125 0.092706017578125 0.7738276162109375 0.086562734375 0.7720464658203126 0.07612071875 0.769839798828125 0.072393109375
2 0.8030797880859375 0.4530136357421875 0.8017644716796875 0.4545069384765625 0.8002248583984375 0.458250599609375 0.8015004326171875 0.4625364677734375 0.805001677734375 0.4625505029296875 0.80694761328125 0.460090328125 0.8053180556640624 0.4549600556640625 0.8030797880859375 0.4530136357421875
2 0.8216869765625 0.6981639287109375 0.818786298828125 0.6989640205078125 0.81032290234375 0.7053335517578125 0.8056059765625 0.71168858203125 0.7997745732421875 0.7150697666015625 0.796533869140625 0.7212419658203125 0.7972009228515625 0.7287132373046875 0.80214698046875 0.7303271826171875 0.810910470703125 0.7243631640625 0.8206810419921875 0.720498310546875 0.830021833984375 0.7131331806640625 0.8339689521484375 0.70864998046875 0.83520828125 0.704499255859375 0.8348322001953125 0.7014363203125 0.8333321396484376 0.6993992607421875 0.8290626376953125 0.701256865234375 0.8216869765625 0.6981639287109375
2 0.87155312890625 0.42947777734375 0.8731667548828125 0.442619708984375 0.8784148427734375 0.44197532421875 0.876801216796875 0.428833392578125 0.87155312890625 0.42947777734375
2 0.9552474052734375 0.42783766015625 0.956913587890625 0.441407626953125 0.967904486328125 0.440058115234375 0.9662383037109376 0.4264881474609375 0.9552474052734375 0.42783766015625
2 0.61957452734375 0.6141754521484375 0.621676583984375 0.631295322265625 0.628235142578125 0.630490033203125 0.6261330869140626 0.613370162109375 0.61957452734375 0.6141754521484375
2 0.322222908203125 0.429390830078125 0.3235678505859375 0.4403445068359375 0.330174486328125 0.439533314453125 0.3288295439453125 0.42857963671875 0.322222908203125 0.429390830078125
2 0.2842724736328125 0.1790813046875 0.28655466796875 0.1976682822265625 0.2923284951171875 0.196959345703125 0.29004630078125 0.1783723681640625 0.2842724736328125 0.1790813046875
0 0.49771961328125 0 0.490013765625 0.001469796875 0.4137862236328125 0.009495986328125 0.396276505859375 0.0134232197265625 0.32270460546875 0.02067940234375 0.315727314453125 0.022869482421875 0.3128045390625 0.0214510439453125 0.3082029619140625 0.024681224609375 0.3065794091796875 0.0297669951171875 0.305983294921875 0.039169099609375 0.3069504423828125 0.0470458837890625 0.29030758984375 0.1557043740234375 0.28686623828125 0.1663452724609375 0.2860566884765625 0.1739962734375 0.287014333984375 0.185872779296875 0.2890296650390625 0.19006781640625 0.2894594443359375 0.193568091796875 0.2890878173828125 0.2007213896484375 0.290355439453125 0.2090067880859375 0.2930234873046875 0.2144534833984375 0.29859066015625 0.21910027734375 0.2995895986328125 0.225197421875 0.296165701171875 0.227839068359375 0.2957182763671875 0.232336494140625 0.297025451171875 0.2348411708984375 0.2961164560546875 0.2376179599609375 0.2925630625 0.2371663935546875 0.2919543515625 0.2403502470703125 0.2924380205078125 0.2442894140625 0.290389142578125 0.256091140625 0.291670720703125 0.27059305078125 0.2914064912109375 0.2786210283203125 0.2927278115234375 0.2873437685546875 0.2943337197265625 0.2902557001953125 0.3003475166015625 0.3290541875 0.299154890625 0.3620737802734375 0.3009676416015625 0.37073460546875 0.3065631083984375 0.3878175234375 0.3134215537109375 0.402968056640625 0.3130603837890625 0.4305536279296875 0.3144003056640625 0.455710662109375 0.3180085439453125 0.481033115234375 0.3252791240234375 0.5076816259765625 0.328438982421875 0.5130695087890625 0.3305032607421875 0.519701748046875 0.3327949296875 0.5343016005859375 0.3353871806640625 0.5370924248046876 0.3376917421875 0.5456944375 0.34259010546875 0.557087083984375 0.3643398271484375 0.601948978515625 0.369952748046875 0.6110326435546874 0.3792818994140625 0.6218812578125 0.3873199697265625 0.6222276826171875 0.39077546875 0.6178048466796875 0.3943288623046875 0.618256412109375 0.4017361240234375 0.6195681591796875 0.403236185546875 0.6216052197265625 0.4089741474609375 0.6235658642578125 0.410965830078125 0.6255425615234375 0.4117181826171875 0.631669982421875 0.4170042666015625 0.6279118212890625 0.42396855859375 0.6439372255859375 0.423552734375 0.6466534609375 0.42406800390625 0.6488114375 0.4256518134765625 0.6495048388671875 0.4272860146484375 0.66485289453125 0.4293313955078125 0.667266931640625 0.43090725390625 0.67195986328125 0.4299998095703125 0.6747364609375 0.43108249609375 0.6794899462890625 0.430505576171875 0.68089416015625 0.4219663828125 0.6846078193359375 0.4239801630859375 0.688803046875 0.4238646240234375 0.691926345703125 0.427955384765625 0.696754419921875 0.4353721494140625 0.6940664453125 0.4394233583984375 0.7046752412109375 0.4457207861328125 0.71323092578125 0.44800325 0.7196144072265624 0.4519866142578125 0.72356780078125 0.4501304326171875 0.7349003583984375 0.447860564453125 0.73473512890625 0.4461075166015625 0.7367276865234375 0.4473293916015625 0.7405762138671875 0.44702096484375 0.7441671298828125 0.449826650390625 0.7487090576171875 0.45220410546875 0.74975051953125 0.464343396484375 0.77535729296875 0.46974133203125 0.782690044921875 0.4707895146484375 0.7790082978515624 0.471083794921875 0.7691993203125 0.4761990908203125 0.768127306640625 0.4774744736328125 0.772411623046875 0.483196533203125 0.782371330078125 0.4825562216796875 0.7873363740234375 0.4842175693359375 0.790687005859375 0.4888315517578125 0.79367352734375 0.491499599609375 0.79912022265625 0.5068574951171875 0.8163362666015626 0.5098781650390625 0.8226291083984375 0.5147088740234375 0.82736790234375 0.5194207509765625 0.8352288251953125 0.527804853515625 0.8404191865234375 0.5326751142578126 0.839377259765625 0.53495293359375 0.8355429580078125 0.539469021484375 0.8336550751953125 0.54184492578125 0.8346967275390625 0.54287546484375 0.839012681640625 0.545090083984375 0.8387407607421875 0.5470517158203125 0.84249845703125 0.5605096298828125 0.8523946142578125 0.565487478515625 0.852228919921875 0.5722323310546875 0.8562871787109375 0.5813323505859375 0.8591668173828125 0.5827411083984375 0.8523316845703125 0.58518021484375 0.8498109560546875 0.592427740234375 0.849808939453125 0.5990651953125 0.852992517578125 0.6003723701171875 0.8554971953125 0.6061956318359375 0.856113990234375 0.6098250126953125 0.859222978515625 0.6138715771484375 0.8596139912109375 0.6210243017578125 0.8649555458984375 0.623194724609375 0.8602465634765625 0.62031169140625 0.8530489541015625 0.620158546875 0.8477374013671874 0.6208746552734375 0.8454282294921875 0.623474857421875 0.8442195224609375 0.6348133349609375 0.8490471318359375 0.6389217412109375 0.8458775048828125 0.6470590673828125 0.851096591796875 0.66337365234375 0.8557571455078125 0.6820199462890625 0.8570222890625 0.6855275927734376 0.8530369833984375 0.7600205322265625 0.8003565302734374 0.7632294443359375 0.795963970703125 0.7630005029296875 0.787996546875 0.7617249296875 0.7837106787109375 0.7585018701171875 0.78188517578125 0.755696185546875 0.777343248046875 0.7590743359375 0.77026473046875 0.7749686435546875 0.767425287109375 0.801079205078125 0.7562222041015625 0.8036117529296875 0.7483596455078125 0.8011048017578125 0.7442249716796875 0.7993457490234375 0.7360014873046875 0.7972464794921875 0.73314855859375 0.79955608984375 0.7275346171875 0.8044784990234375 0.7269302216796875 0.81113359765625 0.72211609765625 0.821150564453125 0.718219416015625 0.82142894140625 0.7164095 0.8278056640625 0.7134052919921875 0.8314540498046875 0.708514837890625 0.8329481064453125 0.7003358564453125 0.829290623046875 0.6847922939453125 0.8295230625 0.678543955078125 0.834284375 0.6766275380859375 0.8363171591796875 0.672823322265625 0.842309849609375 0.6707557109375 0.86350614453125 0.65615904296875 0.8659547529296875 0.6496385927734375 0.865716119140625 0.6456693388671875 0.8600987451171875 0.62636944140625 0.8589387099609375 0.6189602744140625 0.8596327197265625 0.614432572265625 0.8668866474609375 0.61043121484375 0.8814993759765625 0.593089861328125 0.8912794501953125 0.585225287109375 0.900542703125 0.5752029248046875 0.9012906025390625 0.5711141142578126 0.9002695654296875 0.5627984384765625 0.892758404296875 0.5463962470703125 0.8978074052734375 0.538668640625 0.9035851103515625 0.534850115234375 0.910987728515625 0.5259440791015625 0.9210605302734375 0.5082707158203125 0.9251423837890626 0.4926663251953125 0.9195911142578125 0.4800204697265625 0.920947533203125 0.4727462548828125 0.9265860498046875 0.4698326884765625 0.9293035322265625 0.46550204296875 0.939328640625 0.457607380859375 0.94869133984375 0.4524592314453125 0.9605072919921875 0.4510084150390625 0.9710160693359375 0.447052921875 0.9753268642578125 0.439415955078125 0.97339237890625 0.4236608359375 0.9651193623046875 0.4051309443359375 0.940338357421875 0.270462818359375 0.943555412109375 0.2620722783203125 0.94337202734375 0.2585401748046875 0.9392671201171875 0.2474940380859375 0.9387836416015625 0.243556421875 0.9338154853515624 0.2397239462890625 0.929456041015625 0.2327076171875 0.9289186728515625 0.228331109375 0.927225724609375 0.2267616669921875 0.9257890546875 0.22116377734375 0.9217835927734375 0.2149918525390625 0.917471841796875 0.1981968232421875 0.9140432998046875 0.190620685546875 0.918567529296875 0.18473482421875 0.9230299169921875 0.1824096005859375 0.9276615439453125 0.177398419921875 0.9271654697265626 0.16724255078125 0.9193980302734375 0.154868806640625 0.91872321484375 0.1513986171875 0.9139463955078125 0.14709871484375 0.911126564453125 0.136338724609375 0.9091348818359375 0.1343620283203125 0.9075053251953125 0.129231755859375 0.9028676943359375 0.12402689453125 0.8979390908203125 0.114413697265625 0.89277823828125 0.1110503896484375 0.8913950771484375 0.1058882900390625 0.88534268359375 0.09730251953125 0.8842378984375 0.0903305029296875 0.886953830078125 0.0860000478515625 0.8882881513671875 0.076507302734375 0.8911967802734375 0.0717076796875 0.8912584306640625 0.0681454892578125 0.8873464091796875 0.0566317353515625 0.8837251708984375 0.0495247666015625 0.8729733056640625 0.0392947734375 0.8612065986328125 0.0309666982421875 0.8559697587890625 0.02494596875 0.8511613388671875 0.022427255859375 0.8482482568359375 0.017010646484375 0.8431093125 0.0158643193359375 0.841310517578125 0.0134200048828125 0.839519673828125 0.00697616015625 0.8397742109375 0.0029463525390625 0.844537251953125 0 0.49771961328125 0